102 196 72 196 69 199 35 199 100
104 211 69 213 67 217 27 216 90
107 194 73 192 73 195 27 196 130
110 243 75 243 73 249 35 249 95
109 275 67 277 71 283 31 283 101
118 225 83 224 81 229 44 229 129
114 228 79 228 77 233 40 233 109
118 236 82 236 81 241 43 241 151
116 243 80 244 79 249 41 249 144
116 241 80 240 79 247 41 246 111
118 245 82 245 81 251 44 250 152
116 251 80 250 79 257 41 256 131
114 269 72 268 77 277 39 276 192
143 76 80 76 87 67 18 67 196
143 88 80 88 87 81 18 81 185
123 228 87 228 87 233 51 233 166
121 238 86 237 85 243 49 242 125
122 271 84 271 83 279 46 278 128
121 277 86 277 85 285 48 284 181
144 66 82 66 89 57 21 58 164
145 79 83 79 89 71 20 71 140
127 173 94 174 93 175 46 175 120
125 201 93 200 91 203 58 203 90
125 211 94 211 93 215 60 213 68
123 223 91 222 89 227 52 227 214
125 241 90 241 89 247 52 246 102
125 245 89 245 89 251 52 250 104
152 73 90 74 97 65 31 66 148
151 81 90 81 97 73 29 74 155
133 188 100 189 99 191 65 191 95
129 188 97 188 95 191 61 191 135
137 268 98 265 97 275 60 274 300
137 201 106 198 105 201 71 201 101
137 205 105 206 105 209 70 209 70
135 214 104 214 103 217 72 217 86
133 232 102 232 101 237 65 236 90
138 247 106 247 105 253 71 253 86
142 267 102 267 101 275 57 276 228
142 271 104 271 103 279 63 279 266
143 275 105 275 105 283 65 283 308
141 283 97 282 101 291 55 290 331
141 187 107 186 107 189 73 189 139
144 197 111 196 111 199 77 199 106
142 204 109 204 109 207 75 207 82
149 281 109 280 111 289 68 288 215
149 192 116 191 115 191 82 192 166
146 201 116 202 115 205 84 207 119
150 225 117 224 117 229 80 229 112
155 273 115 274 117 281 74 282 308
152 210 121 209 121 213 88 212 82
154 217 123 217 123 221 90 221 95
153 233 120 234 121 237 86 237 162
154 253 121 252 121 259 81 259 114
153 263 119 264 121 269 86 268 134
160 293 117 292 121 303 75 302 154
162 295 119 294 123 305 77 304 169
177 94 117 94 127 87 62 88 227
175 116 119 117 127 113 64 113 124
179 133 119 134 129 131 64 131 87
177 150 117 149 127 149 62 150 178
157 200 127 200 127 203 94 203 93
157 234 124 233 125 239 90 238 122
161 249 128 249 129 255 95 254 70
157 251 124 251 125 257 91 257 60
162 271 123 272 125 279 83 280 288
165 275 127 275 129 283 88 283 330
166 284 122 283 127 293 80 292 230
166 292 122 291 127 301 80 299 172
182 136 122 136 133 133 68 133 79
162 208 131 207 131 211 99 210 91
164 206 133 205 133 209 100 209 153
164 221 131 221 133 225 97 225 129
169 224 132 225 133 229 101 228 246
162 242 130 242 131 247 97 246 113
172 282 131 281 135 291 91 290 271
169 286 126 285 131 295 85 294 294
173 291 130 291 135 301 89 300 161
188 113 130 114 141 109 77 109 60
188 136 128 135 139 133 75 134 88
189 151 130 151 141 151 76 151 133
188 150 128 150 139 149 74 149 197
170 208 138 208 139 211 106 211 118
169 215 138 215 139 219 106 219 111
168 217 136 217 137 221 103 221 144
169 229 138 229 139 233 107 233 140
168 250 136 249 137 255 103 255 72
174 292 132 291 137 301 92 300 202
192 148 132 148 143 147 78 147 147
193 152 134 152 145 151 80 151 140
191 159 132 160 143 159 80 160 153
175 217 144 217 145 221 112 220 120
177 223 145 223 147 227 114 227 93
179 271 139 271 143 279 100 278 76
180 297 137 296 143 307 97 306 176
183 301 139 300 145 311 98 310 206
198 108 138 109 151 103 86 104 57
200 136 139 136 153 133 87 133 145
196 155 137 155 149 155 83 155 173
196 169 139 168 151 169 87 170 185
179 236 150 236 151 241 121 241 50
176 244 149 244 149 249 119 248 39
185 288 144 287 149 297 106 296 128
204 89 145 90 157 83 91 85 93
206 110 146 110 159 105 95 105 66
201 111 142 112 155 107 91 108 112
206 123 146 123 159 119 96 119 103
203 143 144 143 157 141 93 141 112
185 201 155 200 155 205 120 203 105
186 210 154 210 157 213 124 213 69
183 233 154 233 155 237 125 237 50
185 235 156 234 157 239 127 239 64
193 275 153 274 159 283 121 284 191
190 277 150 276 155 285 112 284 111
192 299 148 299 155 309 107 308 147
194 305 149 304 157 315 109 314 128
212 90 152 90 165 83 102 84 81
211 105 152 105 165 99 101 100 85
207 101 149 102 161 95 98 96 57
207 128 148 129 161 125 96 125 90
210 135 152 136 165 133 101 134 91
207 139 147 139 161 137 96 137 101
207 143 147 143 161 141 96 141 109
208 186 151 186 163 189 99 188 199
190 215 162 215 163 219 134 218 64
193 223 163 223 165 227 136 226 102
192 229 164 229 165 233 136 232 62
211 47 155 47 167 37 101 36 78
215 45 158 45 171 35 110 36 42
211 54 154 55 167 45 105 46 45
215 53 158 53 171 43 109 44 67
214 66 156 66 169 57 106 58 62
213 71 155 72 169 63 105 61 83
215 113 158 114 171 109 108 109 61
214 132 155 132 169 129 105 129 87
213 143 154 144 167 141 102 141 89
216 159 157 159 171 157 107 157 131
215 155 157 157 171 155 107 155 119
196 225 168 225 169 229 141 227 64
219 43 163 42 177 31 116 31 60
220 49 164 49 177 39 116 40 50
219 52 162 53 175 43 113 43 58
220 61 163 62 177 53 116 54 75
220 66 162 66 175 57 112 57 81
218 68 160 68 173 59 110 59 63
220 116 163 116 177 111 115 112 46
219 129 159 128 173 125 109 125 77
217 136 160 137 173 135 110 136 125
218 154 160 155 175 153 111 153 147
217 174 160 173 173 175 111 176 155
200 208 174 207 175 211 147 211 78
204 212 175 212 177 215 147 215 46
204 220 175 219 177 223 148 223 44
200 234 171 234 173 239 143 238 35
207 264 173 262 177 269 133 271 113
210 288 170 288 177 297 135 296 168
212 299 171 299 177 309 130 308 213
226 108 168 108 183 103 120 103 77
222 109 164 110 179 105 117 106 65
224 111 166 112 181 107 118 107 62
222 150 165 151 179 149 116 150 114
224 156 166 156 181 155 117 155 122
207 210 180 210 181 213 151 213 55
210 227 181 227 183 231 153 231 49
209 251 176 251 181 257 144 256 68
214 292 174 291 181 301 138 300 147
217 299 174 298 183 309 137 308 152
232 72 175 73 189 65 129 65 97
230 90 169 91 189 83 120 85 199
231 126 174 126 189 123 126 122 65
212 218 185 217 187 221 155 221 47
211 229 183 229 185 233 156 233 43
213 251 179 249 185 257 149 255 45
215 263 183 262 187 269 153 268 71
223 303 180 302 189 313 144 312 124
235 47 176 48 191 37 128 38 98
235 52 179 52 193 41 129 42 141
239 51 181 52 195 41 130 42 92
236 58 181 58 195 49 136 50 68
234 82 177 81 193 75 131 73 114
237 95 181 95 195 89 134 90 76
238 101 182 102 195 95 135 96 84
233 123 175 123 193 121 132 122 68
222 185 192 185 195 187 165 187 168
217 202 188 202 191 205 161 205 87
217 221 188 221 191 225 162 224 46
217 227 188 225 191 231 160 229 50
218 238 191 238 193 243 163 242 38
219 257 187 257 191 263 157 262 129
223 267 190 266 195 273 161 273 157
221 269 188 268 193 275 159 274 196
229 305 186 304 195 315 149 314 82
238 54 183 55 197 45 139 46 88
239 63 184 64 197 55 139 56 54
242 93 186 93 201 87 141 87 118
240 96 185 97 199 91 139 91 96
242 100 187 101 201 95 141 96 92
241 105 185 105 199 99 139 100 95
240 116 186 116 199 113 139 112 50
239 123 182 123 197 119 135 119 44
240 143 185 143 199 141 138 140 151
223 210 194 210 197 213 166 213 63
224 221 196 221 199 225 170 226 56
226 229 198 229 201 233 170 232 57
226 250 196 250 201 255 169 255 237
229 281 192 281 199 289 159 288 233
231 281 194 281 201 289 161 288 222
230 285 191 285 199 293 159 292 195
233 290 193 290 201 299 157 298 288
230 301 186 300 197 311 151 310 151
236 310 190 310 201 321 153 320 120
246 29 189 30 205 17 142 18 280
247 34 189 35 205 23 142 24 221
243 65 187 65 203 57 144 58 57
233 233 203 232 207 237 176 236 70
230 254 202 254 205 259 175 259 210
236 285 198 284 205 293 165 292 197
241 305 199 304 205 315 163 314 193
256 44 197 45 213 31 149 33 183
249 79 195 78 211 71 150 69 84
241 198 208 197 213 199 179 199 108
238 201 204 201 211 203 176 204 67
241 206 207 206 213 209 178 208 57
238 239 208 238 213 243 182 243 50
236 256 207 256 211 261 180 261 256
236 259 204 259 209 265 175 265 257
241 296 200 295 209 305 166 304 160
258 76 202 77 219 69 155 69 104
242 204 209 204 215 207 179 207 67
241 223 211 225 215 227 184 227 60
241 236 210 236 215 241 183 242 46
243 261 212 262 217 267 185 267 144
244 281 207 281 215 289 176 288 223
245 285 206 285 215 293 176 292 239
250 303 206 302 217 313 172 312 68
249 312 203 311 215 323 166 322 119
262 62 204 63 221 53 157 54 115
265 75 206 75 225 67 161 68 151
251 212 219 214 225 217 191 217 63
248 218 215 217 221 221 187 221 46
249 263 217 263 223 269 189 268 97
250 274 214 274 221 281 185 280 331
252 287 214 286 223 295 181 295 180
257 309 213 308 225 319 178 318 87
269 74 211 74 229 65 165 66 179
265 78 210 78 227 71 165 71 144
268 135 211 135 229 133 168 133 246
266 148 208 148 227 147 164 147 292
270 146 214 146 231 145 165 144 272
270 152 214 152 231 151 167 152 251
254 196 221 196 227 199 192 199 91
255 216 223 215 229 219 195 219 49
253 227 224 228 227 233 199 232 44
256 228 227 228 231 233 195 231 50
255 278 217 278 229 285 187 285 358
255 274 222 274 229 281 195 280 261
258 282 222 281 231 289 187 289 222
276 53 219 54 237 43 175 44 118
270 70 215 71 233 63 172 63 283
276 82 214 81 237 75 172 75 392
276 97 218 97 237 91 175 91 112
273 149 217 150 235 149 171 148 294
275 163 218 163 237 163 179 161 202
263 209 230 210 237 213 203 213 109
261 206 228 206 235 209 201 209 88
259 217 227 217 233 221 200 220 46
258 225 228 225 233 229 200 229 56
262 231 231 230 237 235 205 235 50
260 243 229 243 235 247 203 247 29
260 258 228 257 235 263 201 263 45
261 263 228 263 235 269 201 269 56
265 283 227 283 237 291 197 290 142
265 289 227 289 237 297 197 297 120
266 307 222 306 235 317 189 316 87
279 45 221 45 239 33 177 35 181
279 58 222 58 241 49 178 50 193
281 71 223 72 243 63 180 63 223
279 73 221 73 241 65 178 65 218
279 78 222 79 241 71 179 71 199
277 99 220 100 239 93 177 93 95
279 111 227 111 243 107 187 107 82
268 215 236 215 243 219 209 219 70
264 261 232 261 239 267 205 267 92
266 265 233 265 241 271 206 271 107
268 263 236 263 243 269 209 268 109
267 274 234 274 241 281 206 280 156
270 295 230 294 241 303 198 303 76
285 38 227 38 247 27 187 28 184
283 56 225 57 245 47 181 46 235
285 74 227 73 247 65 185 66 285
284 82 227 83 247 75 184 75 281
282 151 226 151 245 151 184 151 188
286 155 231 155 249 155 206 154 251
271 239 240 238 247 243 215 243 78
271 244 240 244 247 249 215 248 50
273 248 242 248 249 253 216 253 66
274 254 241 254 249 259 215 259 98
272 263 240 263 247 269 213 268 123
272 267 239 267 247 273 213 273 85
273 278 238 277 247 285 210 284 131
273 285 235 285 245 293 206 292 103
276 310 231 310 245 321 196 321 87
290 67 233 68 253 57 191 58 351
288 80 232 81 251 73 189 73 189
276 233 244 232 251 237 220 235 93
275 237 244 236 251 241 219 241 65
277 250 246 250 253 255 220 255 91
276 274 243 274 251 281 216 280 150
282 289 244 289 255 297 219 296 122
283 297 243 296 255 305 213 304 87
289 28 240 30 261 17 199 19 450
296 32 237 33 259 21 195 22 319
296 55 237 54 257 45 193 46 323
290 123 240 122 257 119 200 119 63
293 133 241 133 259 131 202 131 49
292 143 238 142 257 141 199 141 96
295 148 243 148 261 147 204 147 126
281 208 250 208 257 211 225 211 85
281 248 250 248 257 253 224 253 141
283 250 251 250 259 255 225 255 85
282 265 249 265 257 271 223 271 101
284 277 249 276 259 283 222 282 123
285 282 249 281 259 289 222 288 184
301 48 243 48 265 37 202 38 282
300 55 241 56 263 45 198 46 269
302 57 243 57 265 47 200 47 297
300 60 241 61 263 51 201 53 329
300 85 244 84 265 79 205 78 65
297 88 244 89 263 83 206 83 65
298 94 245 94 263 89 206 89 40
300 98 245 99 265 93 208 93 60
299 106 246 106 265 101 208 102 34
299 115 246 115 265 111 208 111 38
291 210 259 209 267 213 233 213 108
289 223 256 223 265 227 231 227 75
290 238 259 238 267 243 235 243 67
287 245 255 244 263 249 230 249 141
287 256 255 255 263 261 230 261 100
291 252 259 251 267 257 235 257 76
287 271 256 270 263 277 230 276 115
291 275 258 274 267 281 232 280 137
291 282 257 281 267 289 230 288 132
291 300 248 299 263 309 218 308 80
307 42 249 41 271 31 210 32 395
305 46 247 46 269 35 206 36 245
307 59 248 60 269 51 204 50 260
304 71 249 71 269 63 210 63 190
305 131 255 132 273 129 215 129 247
295 223 262 223 271 227 237 227 88
297 227 264 227 273 231 239 231 93
294 244 264 245 271 249 239 249 159
293 266 261 265 269 271 236 271 66
295 271 264 271 271 277 238 277 148
295 277 262 276 271 283 237 283 170
298 286 260 285 271 293 232 292 118
303 338 249 338 269 353 211 352 101
311 50 254 50 277 39 215 40 222
313 52 257 53 279 43 218 44 267
310 70 257 71 277 63 219 63 170
309 84 255 84 275 77 216 77 34
309 91 254 91 275 85 216 85 55
301 203 268 200 277 203 243 202 383
299 206 266 206 275 209 240 209 157
299 221 266 221 275 225 241 225 111
298 243 267 242 275 247 243 247 161
302 258 270 257 279 263 246 263 70
298 262 266 261 275 267 241 267 74
299 265 266 265 275 271 241 271 89
302 273 271 272 279 279 243 279 141
303 278 269 278 279 285 243 284 186
314 69 261 69 281 61 224 62 122
318 93 264 94 285 87 226 89 96
315 95 260 95 281 89 221 89 89
316 98 262 99 283 93 224 94 113
313 105 260 106 281 101 223 102 86
316 112 262 111 283 107 226 108 108
308 216 276 215 285 219 251 219 168
309 221 276 221 285 225 251 225 133
307 239 277 239 285 243 254 243 141
305 254 274 253 283 259 250 259 154
308 277 275 276 285 283 248 283 206
309 282 273 282 285 289 247 289 234
309 286 271 285 283 293 244 292 181
311 291 272 291 285 299 244 299 123
312 300 271 299 285 309 240 309 114
322 42 267 42 289 31 230 33 250
313 204 283 204 291 207 259 207 209
311 212 281 212 289 215 258 215 163
313 214 283 214 291 217 260 217 208
309 237 279 237 287 241 257 240 104
311 252 280 252 289 257 256 257 84
310 258 277 257 287 263 254 263 71
310 273 277 272 287 279 252 278 175
314 269 281 269 291 275 257 275 100
312 269 280 269 289 275 255 275 110
312 275 279 274 289 281 254 280 170
321 344 266 343 289 359 229 358 109
328 44 271 44 295 33 234 34 249
328 50 271 49 297 41 237 43 264
327 63 274 63 295 55 237 55 165
328 111 274 112 295 107 235 107 174
317 225 287 225 295 229 264 229 154
314 223 285 223 293 227 262 227 112
318 223 289 223 297 227 266 227 145
318 229 289 229 297 233 267 233 131
316 241 287 240 295 245 264 244 147
315 246 284 246 293 251 260 251 125
317 248 286 248 295 253 262 253 101
319 269 286 269 297 275 262 275 90
320 277 286 276 297 283 261 282 176
317 280 282 280 293 287 257 287 218
318 296 278 296 293 305 250 304 177
321 298 280 298 295 307 253 306 161
324 337 271 336 293 351 235 350 114
332 37 280 38 301 27 245 28 227
334 35 282 35 303 25 248 25 168
332 48 275 48 299 37 238 38 337
331 56 278 56 299 47 244 48 252
335 93 281 93 303 87 245 87 128
323 201 292 200 301 203 279 204 264
322 225 293 225 301 229 270 229 166
324 229 295 229 303 233 273 233 189
321 263 289 263 299 269 262 270 344
326 286 290 285 303 293 263 293 130
339 38 288 39 309 29 253 29 134
339 78 288 81 309 73 253 74 199
336 83 283 84 305 77 248 78 188
338 104 284 104 307 99 249 100 127
329 210 300 210 309 213 279 213 158
325 221 297 221 305 225 275 224 151
329 226 301 225 309 229 280 229 353
326 229 297 229 305 233 275 233 282
331 269 302 268 309 275 278 274 114
331 275 298 275 309 281 274 281 114
330 289 292 289 305 297 267 296 136
333 295 293 295 309 303 270 304 101
330 305 288 305 305 315 258 314 141
344 35 294 35 315 25 261 25 129
341 33 290 33 311 23 256 23 174
343 40 292 41 313 31 258 31 155
345 44 293 45 315 35 258 36 138
344 59 294 59 315 51 261 51 215
344 66 294 67 315 59 261 60 252
343 94 290 95 313 89 256 90 249
344 103 292 104 315 99 258 99 213
335 260 305 260 315 265 284 264 233
335 264 306 263 315 269 284 268 183
337 278 310 278 315 285 286 284 303
337 297 298 296 313 305 269 305 77
341 309 297 309 315 319 268 318 99
340 314 294 314 313 325 264 324 103
341 335 288 335 311 349 255 348 113
349 30 300 32 321 21 267 23 144
349 52 296 53 319 43 261 44 155
347 50 294 51 317 41 258 42 135
349 92 293 92 317 87 256 86 235
351 97 292 99 321 91 259 92 325
337 256 309 256 317 261 289 260 193
339 268 310 268 319 273 287 273 109
344 303 301 303 317 313 271 312 63
346 307 303 307 321 317 274 317 76
350 342 296 342 321 357 262 357 136
351 49 302 49 323 41 265 42 149
355 79 306 77 327 71 274 71 164
346 245 319 245 327 249 299 249 135
343 260 313 260 323 265 292 265 191
344 271 312 271 323 277 290 276 126
347 297 307 296 323 305 282 305 67
353 321 301 321 323 333 270 333 112
357 31 308 31 329 21 276 21 141
360 55 311 55 333 47 281 48 102
360 72 311 72 333 65 280 66 144
360 80 310 79 331 73 279 74 181
359 102 304 102 329 97 270 97 225
351 251 324 250 333 255 304 255 98
353 273 321 273 333 279 299 279 148
351 269 320 269 331 275 298 275 81
354 277 320 276 333 283 298 282 91
356 296 316 296 331 305 287 304 34
358 307 315 307 333 317 287 317 69
360 318 312 317 333 329 284 329 141
357 337 305 336 329 351 272 350 103
359 343 306 342 331 357 273 356 83
364 38 315 38 337 29 285 29 127
362 51 313 52 335 43 283 44 83
362 57 313 57 335 49 283 49 118
364 70 315 71 337 63 284 64 139
353 223 333 220 337 223 317 225 148
353 229 333 229 337 233 317 231 114
354 245 326 245 335 249 307 249 141
354 249 326 248 335 253 307 253 143
356 252 328 252 337 257 308 257 135
354 254 326 254 335 259 306 259 119
358 266 329 265 339 271 308 270 138
354 281 323 280 335 287 297 287 62
359 288 323 285 337 295 291 294 62
360 310 317 309 337 319 289 319 95
362 314 317 314 337 325 289 324 91
363 323 315 323 337 335 284 334 78
367 348 313 347 339 363 279 363 136
367 36 317 37 341 27 289 28 174
357 212 338 212 341 215 323 213 152
358 223 340 224 343 225 324 224 115
360 256 332 256 341 261 312 261 120
366 293 328 293 345 301 303 301 42
365 298 324 299 343 307 300 307 93
370 303 328 303 345 313 301 312 63
361 303 321 303 341 313 291 312 63
373 333 320 334 345 347 291 346 74
375 53 326 52 349 45 295 43 184
377 79 327 77 351 73 299 73 162
373 81 324 81 347 75 294 75 101
375 92 326 92 349 87 296 87 207
377 99 328 100 351 95 299 95 193
373 101 324 101 347 97 295 98 301
362 212 344 213 347 215 329 214 138
362 218 343 218 347 221 328 221 110
362 229 343 229 351 231 332 231 309
365 241 338 242 347 245 319 245 123
369 253 342 252 351 257 323 257 229
370 273 338 273 351 279 316 279 82
373 291 335 291 351 299 312 299 24
369 304 329 303 347 313 302 312 60
373 308 330 307 349 317 303 317 160
379 49 330 49 353 41 302 41 235
381 51 332 51 355 43 303 42 246
379 64 328 63 353 57 298 55 160
383 75 332 76 357 69 302 69 232
380 89 332 89 355 83 302 84 189
374 241 348 241 357 245 329 245 378
371 250 343 251 353 255 325 255 267
373 277 339 277 353 283 317 283 68
376 282 345 283 355 289 318 289 49
376 289 338 289 355 297 314 297 31
377 303 333 303 355 313 307 312 65
378 304 331 303 353 313 306 312 60
376 309 331 309 353 319 307 319 96
377 315 331 314 353 325 304 324 82
383 335 332 335 357 349 302 349 84
388 34 336 33 361 23 306 23 250
387 81 337 81 361 75 307 75 223
385 85 335 85 359 79 306 79 188
384 96 333 95 359 91 305 91 187
385 101 335 102 359 97 307 97 214
373 220 356 221 359 223 341 222 446
380 271 348 271 361 277 319 278 272
385 293 344 294 363 303 324 301 55
393 35 346 35 367 25 318 26 253
393 47 343 48 367 39 313 38 197
394 52 344 52 369 43 314 43 242
393 59 341 59 367 51 312 52 190
392 92 339 95 367 87 310 85 266
382 155 365 156 367 155 351 156 255
381 221 363 221 367 223 349 224 352
389 310 346 309 367 319 321 319 125
388 315 343 314 365 325 316 325 76
389 323 341 323 365 335 314 334 70
393 327 344 326 369 339 316 339 62
392 341 340 341 367 355 310 355 108
399 36 350 37 375 27 322 27 236
397 71 346 71 373 65 316 63 296
396 96 343 99 371 91 315 90 243
387 290 351 290 371 297 330 296 27
392 296 351 295 371 303 328 302 54
393 304 353 303 373 313 326 312 80
397 308 354 307 375 317 329 317 77
398 343 345 342 373 357 316 356 104
396 345 343 344 371 359 313 359 103
400 348 346 348 375 363 317 362 82
404 28 354 28 379 17 326 18 271
405 93 357 91 381 89 337 88 274
401 106 354 105 377 101 327 101 206
395 158 378 158 381 159 364 159 349
389 183 373 183 377 185 359 183 140
392 187 375 187 379 191 362 189 85
394 193 377 193 381 195 364 193 170
392 217 375 217 379 219 360 217 429
399 256 360 256 379 261 337 261 220
398 259 358 259 377 265 335 265 280
399 276 361 276 379 283 340 284 99
400 284 364 285 381 291 343 292 22
403 313 359 311 381 323 333 323 104
404 329 355 329 381 341 329 341 66
405 32 360 34 387 25 334 25 260
408 60 359 59 385 53 332 51 330
408 79 359 79 385 73 332 73 268
407 96 362 96 385 91 335 91 214
406 145 391 146 385 143 363 145 448
400 193 384 193 387 195 371 195 183
407 238 367 238 387 243 345 243 228
406 281 371 284 387 289 348 289 21
406 327 358 328 383 339 332 339 100
406 333 357 332 383 345 331 344 112
409 35 367 35 389 27 343 27 214
411 73 359 74 389 67 334 66 242
416 71 366 72 393 65 337 65 262
412 74 364 73 391 69 336 67 286
405 194 391 195 393 195 378 197 240
402 189 386 190 389 191 373 191 199
413 248 373 248 393 253 351 253 37
409 251 369 251 389 257 347 257 93
414 304 371 303 393 313 349 313 147
414 345 362 344 391 359 334 358 70
419 35 376 36 399 27 352 28 221
416 77 372 77 395 71 348 71 324
420 80 375 80 399 75 350 75 217
415 242 375 242 395 247 354 247 66
418 248 379 247 399 253 357 253 31
417 252 377 251 397 257 355 257 32
415 257 380 258 395 263 355 263 42
418 278 382 278 399 285 361 285 19
416 299 377 298 397 307 353 307 102
419 306 376 305 399 315 355 315 143
415 310 371 309 395 319 350 319 128
419 312 377 311 399 321 354 321 131
415 321 368 321 395 331 346 331 115
422 344 369 343 399 357 341 357 96
420 348 366 348 397 363 338 362 106
426 95 382 96 405 91 358 91 159
415 163 400 166 403 165 388 167 338
417 190 402 189 405 191 390 191 280
423 225 387 225 405 229 365 229 235
421 239 381 239 401 243 357 242 46
422 244 383 244 403 249 361 249 37
417 255 380 255 401 261 361 261 33
421 276 384 276 403 283 365 283 19
421 308 379 307 401 317 356 317 125
425 312 382 311 405 321 360 321 188
423 319 379 318 403 329 356 328 123
426 337 374 338 403 351 348 351 126
431 46 386 47 411 39 361 37 213
427 50 383 50 407 43 358 43 187
431 76 388 77 411 71 365 72 183
428 105 382 105 407 101 357 100 244
432 118 385 119 411 115 361 115 290
428 129 382 130 407 127 357 127 358
423 190 408 189 411 191 396 191 352
429 217 395 217 409 223 373 222 278
429 225 392 225 411 229 371 229 146
426 231 388 231 409 235 368 235 71
428 249 388 250 409 255 367 254 36
430 310 388 309 411 319 366 319 133
435 28 391 29 417 21 368 20 248
436 44 397 44 417 33 369 35 284
435 67 390 66 413 61 366 59 190
433 78 390 79 413 73 367 73 161
437 99 394 99 417 95 369 93 172
435 252 396 252 417 257 375 257 43
431 303 393 302 415 311 372 311 112
433 321 388 321 413 333 364 332 143
437 336 385 336 415 349 362 348 121
440 341 386 341 417 355 359 355 154
436 347 383 347 415 361 357 361 104
442 39 402 37 423 31 381 30 288
441 71 395 71 421 65 372 65 248
434 180 420 179 423 181 410 181 157
430 178 418 178 419 179 408 180 327
437 266 402 265 421 273 380 272 19
442 280 404 281 423 287 382 287 15
439 301 396 300 421 309 381 309 61
439 306 398 306 421 315 379 314 102
439 312 396 312 421 321 375 321 102
443 340 390 340 421 353 365 353 137
446 25 406 25 427 17 387 19 283
445 29 401 28 427 21 385 22 369
448 35 407 34 429 27 386 28 251
446 41 403 40 427 33 383 33 223
448 77 400 77 429 71 378 72 300
445 81 398 79 425 75 376 75 173
448 90 403 91 429 85 380 86 306
448 101 407 100 429 97 386 95 245
449 110 403 111 429 105 379 106 238
448 124 400 122 427 119 376 119 232
444 139 399 139 425 137 380 137 321
448 142 399 144 429 141 376 143 374
440 186 427 186 429 187 416 187 156
436 188 423 188 425 189 412 189 161
447 252 407 252 429 257 387 257 56
454 35 412 35 435 27 390 27 358
449 33 409 32 431 25 385 27 287
453 70 412 71 435 65 390 65 216
451 85 412 83 433 81 392 81 262
453 97 411 97 435 93 392 95 214
452 100 410 99 433 95 389 95 222
451 120 404 121 431 117 380 118 241
454 131 412 131 435 129 390 129 365
446 182 433 182 435 183 422 183 185
444 182 431 182 433 183 420 183 166
446 188 433 188 435 189 422 189 147
447 197 414 197 431 199 400 199 270
447 195 433 196 435 197 421 198 210
449 219 414 219 435 223 401 223 108
448 224 410 223 431 227 391 227 93
449 225 412 225 433 229 393 229 78
452 231 412 231 435 235 393 235 35
451 235 411 235 433 239 391 239 36
451 244 411 244 435 249 391 249 40
453 254 413 253 435 259 393 259 42
447 257 407 257 431 263 388 263 37
451 338 397 338 431 351 373 351 233
452 184 439 184 441 185 428 185 114
458 210 424 209 441 213 408 214 87
459 206 425 208 441 209 409 210 48
456 233 416 233 439 237 397 237 39
454 237 415 237 437 241 395 241 33
454 278 419 278 439 285 398 285 12
455 310 412 310 437 319 392 319 108
461 348 407 348 441 363 384 362 114
461 141 416 140 443 139 392 137 418
456 168 445 167 445 169 434 169 144
456 180 443 180 445 181 432 181 111
453 193 441 194 443 195 431 196 222
459 246 420 246 443 251 401 251 36
459 282 420 282 443 289 405 289 9
461 304 419 304 443 313 398 313 74
464 308 423 308 447 317 402 317 86
460 310 417 310 443 319 398 319 119
463 325 410 323 445 335 396 335 201
463 338 408 338 445 351 386 351 150
465 337 415 336 447 349 392 349 161
466 77 423 76 449 71 403 71 380
461 176 449 176 451 177 438 177 116
463 172 451 172 453 173 440 173 110
462 184 449 184 451 185 438 185 117
460 186 447 186 449 187 436 187 80
468 233 429 233 451 237 413 237 36
468 257 428 257 451 263 409 263 33
468 303 427 303 453 311 409 311 95
468 308 426 308 451 317 406 317 183
468 348 414 348 449 363 390 363 76
472 345 418 345 453 359 394 359 82
468 170 455 169 459 169 445 170 104
465 168 453 167 457 169 442 167 92
469 176 457 176 459 177 446 177 84
475 207 443 207 459 209 429 210 87
469 221 431 221 455 225 415 225 39
471 221 435 221 457 225 418 225 44
474 228 437 227 459 231 419 231 49
475 248 435 248 459 253 417 253 49
475 253 435 254 459 259 417 259 38
475 260 433 259 459 265 416 265 47
474 295 437 295 459 303 418 302 84
472 315 428 315 455 325 408 325 155
474 325 427 324 457 335 405 337 115
475 342 422 342 457 355 400 355 103
477 347 423 346 459 361 400 361 69
475 168 463 168 465 169 452 169 110
475 180 462 180 465 181 452 181 101
471 184 458 184 461 185 448 185 75
480 246 442 246 465 251 423 251 45
479 252 439 252 463 257 421 257 39
481 272 442 273 465 279 423 279 18
481 278 442 278 465 285 423 285 21
477 305 436 305 461 313 418 313 81
478 317 434 317 461 327 414 327 101
479 327 431 327 461 339 411 338 115
484 331 434 331 465 343 412 343 94
481 334 430 334 463 347 408 347 164
481 338 429 338 463 351 407 351 75
483 347 427 345 465 361 406 361 71
482 78 470 78 471 77 460 77 321
481 94 470 93 471 93 460 93 416
479 108 468 109 469 109 458 109 377
482 127 470 128 471 129 460 128 331
481 172 469 172 471 173 459 173 136
479 188 466 188 469 189 456 189 220
478 199 443 200 467 201 428 202 151
480 210 449 209 467 211 433 212 124
482 222 443 221 467 225 429 225 50
485 223 450 224 471 227 432 227 57
487 238 445 238 469 243 426 243 46
483 306 439 306 467 315 421 314 93
483 314 440 313 467 323 421 323 102
489 333 439 333 471 345 418 345 127
481 343 426 344 467 355 410 355 93
487 84 476 84 477 83 466 83 307
486 89 475 89 477 89 466 89 164
487 125 476 125 477 125 466 125 250
487 168 475 168 477 169 464 169 160
483 172 471 172 473 173 460 173 81
487 180 474 180 477 181 464 181 107
483 188 470 188 473 189 460 189 112
492 217 456 217 477 221 439 222 95
488 241 449 240 473 245 431 245 84
493 326 446 325 477 337 426 337 111
492 342 440 341 475 355 418 355 63
493 31 486 30 481 31 477 30 235
492 63 481 63 483 63 471 62 218
491 68 482 70 483 69 472 69 211
493 76 482 75 483 75 473 75 298
491 82 480 81 481 81 470 81 110
491 88 481 88 481 87 470 87 96
493 84 481 83 483 83 472 83 171
493 93 482 93 483 93 472 93 84
491 100 480 99 481 99 471 99 106
489 95 479 95 479 95 468 95 355
491 107 480 109 481 109 470 109 147
489 150 477 150 479 151 467 151 462
493 186 480 186 483 187 470 187 230
491 186 478 186 481 187 468 187 183
489 190 476 190 479 191 466 191 215
495 205 461 205 481 207 443 207 343
497 209 461 209 483 211 445 211 128
496 233 457 233 481 237 439 237 133
494 237 454 237 479 241 437 241 122
498 235 458 235 483 239 441 239 182
494 239 455 240 479 243 437 243 137
497 249 458 248 483 253 441 253 99
497 259 458 259 483 265 441 265 91
496 261 456 261 481 267 439 267 82
495 267 456 267 481 273 439 273 89
497 291 461 290 483 297 445 297 137
494 307 453 306 479 315 436 315 85
498 310 456 310 483 319 438 319 101
500 338 448 338 483 351 427 351 80
496 340 444 340 479 353 423 353 86
497 51 486 51 487 51 476 49 212
497 74 486 74 487 73 476 73 183
494 80 484 80 485 79 474 79 149
495 89 484 89 485 89 474 89 185
495 97 484 97 485 97 474 97 72
499 111 488 111 489 111 478 111 275
499 143 488 143 489 143 478 143 270
497 144 486 145 487 145 476 145 395
498 149 488 149 489 149 478 149 288
495 184 482 183 485 185 472 184 168
499 207 463 207 485 209 447 209 174
503 227 466 228 489 231 450 231 188
503 239 467 238 489 243 452 242 259
502 241 462 241 487 245 445 245 136
501 250 462 250 487 255 445 255 193
503 258 464 258 489 263 448 263 125
502 267 462 267 487 273 445 273 165
500 263 460 263 485 269 443 269 120
503 267 464 267 489 273 448 273 188
501 283 462 282 487 289 445 289 111
503 297 465 297 485 305 444 305 124
500 306 459 306 485 315 442 315 89
501 317 456 317 485 327 429 327 109
499 314 456 314 485 323 439 323 61
502 326 455 326 487 337 436 337 80
503 331 453 331 487 343 433 343 107
503 336 452 336 487 349 431 349 95
503 342 446 344 487 355 432 354 112
505 26 494 26 495 25 484 24 229
505 32 494 32 495 31 484 31 355
501 76 490 76 491 75 480 75 345
505 111 494 111 495 111 484 111 185
501 115 490 115 491 115 480 115 271
503 139 492 139 493 139 482 139 253
502 169 492 168 493 169 482 168 254
507 204 474 203 495 205 459 205 584
505 223 468 225 491 227 452 229 220
509 230 472 230 495 233 456 233 240
507 233 469 233 493 237 454 237 207
505 275 466 275 491 281 450 281 204
511 26 500 27 501 25 490 25 166
511 40 500 40 501 39 490 39 286
508 50 498 50 499 49 488 49 305
511 64 500 63 501 63 490 63 204
510 84 500 84 501 83 490 83 79
509 95 498 95 499 95 488 95 49
510 109 499 109 501 109 490 109 209
506 170 496 173 497 171 486 169 92
510 182 500 182 501 183 490 183 163
512 206 478 209 499 209 463 211 388
514 221 479 220 501 225 464 223 324
511 237 475 237 497 241 461 240 181
514 241 479 240 501 245 464 244 135
514 251 477 250 501 255 464 253 225
513 254 477 253 501 257 461 259 175
510 290 474 290 497 297 459 297 186
512 294 476 294 499 301 460 301 137
511 304 471 303 497 311 455 311 105
511 311 469 310 497 319 451 320 56
515 312 472 312 501 321 455 320 55
515 342 463 342 499 355 441 357 116
515 347 460 347 499 361 440 361 77
517 41 506 40 507 39 496 39 172
512 44 502 44 503 43 492 43 252
517 48 506 48 507 47 496 47 204
513 51 502 50 503 49 492 49 169
516 84 505 85 507 83 496 83 91
513 112 502 112 503 111 492 111 134
516 114 505 114 507 115 496 115 157
516 121 505 121 507 121 496 121 147
516 137 505 137 507 137 496 137 103
516 145 506 144 507 145 496 144 95
516 150 505 149 507 151 496 149 95
515 192 505 192 507 193 495 192 153
512 198 500 198 503 199 491 199 282
519 226 484 226 507 229 471 229 223
516 239 480 238 503 243 466 242 149
520 250 484 251 507 255 470 255 258
522 333 471 333 507 345 453 345 99
518 336 467 336 503 349 448 348 89
515 340 464 340 503 353 447 353 116
518 58 508 58 509 57 498 57 175
520 68 510 68 511 67 500 67 168
520 74 509 74 511 73 500 73 172
519 75 507 76 509 75 498 75 147
520 97 509 97 511 97 500 97 104
523 101 512 101 513 101 502 101 118
520 119 509 119 511 119 500 119 105
518 127 507 126 509 127 498 127 147
518 143 507 143 509 143 498 143 122
518 158 507 158 509 159 498 159 151
520 176 509 176 511 177 500 177 134
518 192 508 191 509 193 497 193 136
520 196 508 196 511 197 499 197 200
520 203 508 205 511 207 499 207 402
524 211 511 212 513 213 501 213 447
522 254 486 255 509 259 472 259 345
522 261 491 261 509 267 478 265 632
523 270 494 270 511 275 481 275 350
523 282 490 282 511 287 477 287 212
523 324 476 324 509 335 459 334 108
525 325 478 324 511 335 461 334 68
525 331 476 331 511 343 458 343 94
525 335 475 335 511 347 457 346 111
526 76 516 76 517 75 506 75 192
528 77 518 78 519 77 508 77 201
524 82 514 82 515 81 504 81 120
524 90 513 90 515 89 504 89 189
523 102 514 101 515 101 504 101 142
524 105 514 105 515 105 504 105 148
528 109 517 110 519 109 508 109 147
528 117 517 117 519 117 507 117 209
526 129 514 128 517 129 505 128 183
526 152 515 152 517 153 505 152 211
528 160 517 160 519 161 507 161 240
528 166 518 166 519 167 509 167 180
524 178 513 178 515 179 503 179 135
528 182 517 182 519 183 507 184 263
524 194 512 193 515 195 503 195 203
524 208 512 208 515 209 503 209 357
527 217 497 218 515 219 483 220 380
530 241 501 240 519 243 488 245 220
530 269 501 268 519 273 489 272 200
523 275 492 275 515 279 484 279 266
531 290 495 290 519 297 482 297 43
529 296 492 296 517 303 477 303 55
530 312 487 312 517 321 472 321 69
531 324 484 324 517 335 468 334 87
528 339 478 338 515 351 465 350 193
531 340 479 340 517 353 462 353 147
532 105 522 105 523 105 512 105 226
530 121 519 121 521 121 509 122 147
530 158 519 157 521 159 510 158 354
533 160 525 160 525 161 516 161 293
532 168 521 168 523 169 511 169 300
534 166 526 167 525 167 517 168 307
532 180 521 180 523 181 512 181 333
531 184 520 184 521 185 511 185 539
530 194 518 194 521 195 509 195 244
536 200 521 200 523 201 512 201 216
534 196 523 196 525 197 514 197 204
534 200 523 200 525 201 514 201 198
534 206 523 206 525 207 514 207 236
535 218 505 218 525 221 493 221 308
536 225 505 226 525 227 492 228 188
532 230 502 229 521 233 491 234 251
534 243 505 243 523 247 493 247 232
534 270 505 270 523 275 493 275 198
537 298 499 298 525 305 484 305 54
536 337 486 336 523 349 468 349 125
539 85 531 85 531 85 523 85 180
535 93 526 93 527 93 518 93 136
536 109 526 109 527 109 517 109 221
540 111 531 112 531 111 521 111 437
540 118 525 119 531 117 521 119 667
540 131 530 130 531 131 520 131 336
536 133 525 133 527 133 516 133 158
537 141 527 141 529 141 518 141 142
540 148 529 149 531 149 520 149 272
539 194 529 194 531 195 520 195 160
538 204 527 204 529 205 518 205 111
540 206 529 206 531 207 520 207 106
540 221 509 220 529 223 497 224 310
541 236 523 236 531 239 512 239 173
540 247 511 249 529 251 499 253 357
540 283 506 285 529 291 493 291 51
542 287 507 287 531 293 494 293 48
542 296 505 295 531 303 491 302 62
539 294 502 294 527 301 488 301 50
539 300 500 299 527 307 486 307 60
543 305 502 305 531 313 488 312 70
540 319 494 319 527 329 479 329 96
543 333 493 333 529 345 475 345 157
543 340 491 340 529 353 473 353 138
546 27 539 27 537 27 530 27 150
545 32 539 32 537 31 530 31 287
543 45 537 46 535 45 528 45 105
545 47 539 48 537 47 530 47 89
544 61 537 61 535 61 528 61 117
541 65 535 65 533 65 526 65 189
545 71 539 71 537 71 530 71 196
541 74 535 75 533 75 526 74 227
545 73 539 73 537 73 530 73 221
543 87 537 87 535 87 529 87 357
545 85 539 85 537 85 531 85 193
545 91 537 91 537 91 529 91 230
541 95 532 95 533 95 524 95 70
541 153 532 152 533 153 522 153 220
544 156 534 156 535 157 526 155 205
543 204 533 204 535 205 524 205 159
542 218 529 217 533 219 520 219 206
544 243 522 245 535 245 513 245 140
547 248 524 248 537 251 514 251 146
547 263 521 263 537 267 509 267 92
546 268 517 268 535 273 503 272 66
547 307 506 306 535 315 492 315 76
548 303 508 303 537 311 494 311 55
549 310 506 311 537 319 492 319 69
548 328 499 328 535 339 483 339 74
549 332 500 331 537 343 483 343 118
549 30 543 29 541 29 534 29 214
549 40 543 39 541 39 534 39 219
547 36 540 36 539 35 532 35 218
549 45 543 45 541 45 534 44 122
552 55 545 56 543 55 537 54 203
548 63 541 63 539 63 533 63 130
549 62 543 61 541 61 534 61 113
549 89 544 91 541 89 534 90 188
549 93 541 93 541 93 533 93 71
547 97 539 97 539 97 531 97 95
551 101 543 101 543 101 535 101 88
550 111 541 111 541 111 533 112 84
551 188 543 188 543 189 534 189 209
548 192 537 192 539 193 529 193 128
552 196 541 195 543 197 533 197 187
548 204 537 204 539 205 529 205 167
547 208 537 208 539 209 528 209 144
548 241 527 241 541 243 519 243 100
550 259 525 258 541 263 514 263 61
551 267 524 265 541 271 512 270 46
553 265 525 265 543 269 516 268 55
551 326 503 326 539 337 487 337 82
554 26 547 25 545 25 538 25 147
557 27 551 27 549 27 542 27 302
555 49 549 49 547 49 540 49 183
554 65 547 65 545 65 538 65 176
557 74 551 75 549 75 543 75 29
555 87 549 87 547 87 541 87 120
553 85 547 85 545 85 539 85 116
557 97 549 97 549 97 541 97 52
553 105 545 105 545 105 537 105 60
557 131 551 130 549 131 543 130 63
555 146 547 147 547 145 539 147 339
555 160 547 160 547 161 539 160 212
555 168 547 168 547 169 539 169 152
557 166 549 166 549 167 541 167 114
553 172 545 172 545 173 536 173 121
555 198 546 197 547 199 537 199 277
554 217 541 218 545 219 532 219 132
558 221 545 221 547 223 531 223 133
557 226 544 225 549 227 534 227 81
555 234 537 234 547 237 529 236 62
558 241 537 241 549 243 529 243 50
556 287 521 286 545 293 509 293 67
556 293 520 292 545 299 507 299 61
560 322 514 322 549 333 499 333 89
556 341 505 341 545 353 489 353 44
562 18 555 18 553 17 546 17 161
560 23 553 23 551 23 544 23 231
563 28 557 28 555 27 548 27 349
559 32 553 32 551 31 544 31 220
561 67 555 67 553 67 546 67 70
564 71 557 71 555 71 548 71 82
563 105 557 105 555 105 549 104 105
559 101 551 101 551 101 543 101 134
561 107 555 106 553 107 546 107 90
561 119 554 117 553 119 546 119 98
561 129 555 129 553 129 547 129 100
559 135 553 135 551 135 545 135 167
561 131 555 131 553 131 547 131 90
563 137 557 136 555 137 549 137 101
563 144 557 144 555 145 549 145 111
563 186 554 186 555 187 546 187 212
559 190 550 190 551 191 542 191 295
559 202 550 202 551 203 541 203 197
559 214 550 213 551 215 539 215 210
561 220 549 219 553 221 539 221 152
565 271 535 270 555 275 524 275 64
563 274 532 274 553 279 521 279 61
562 330 514 329 551 341 498 341 98
564 335 514 335 553 347 499 347 64
564 339 515 339 555 351 497 351 71
565 32 559 31 557 31 550 31 104
569 40 563 39 561 39 554 39 285
565 41 559 41 557 41 551 40 346
563 59 556 59 559 59 547 59 635
569 73 563 73 561 73 554 72 81
569 93 563 93 561 93 555 93 40
567 101 561 101 559 101 552 101 63
568 122 561 121 559 119 552 119 44
569 147 563 146 561 147 555 147 33
569 152 562 153 561 153 555 152 21
567 204 556 204 559 205 548 205 331
569 202 558 202 561 203 550 203 194
569 208 559 208 561 209 550 209 363
569 304 529 303 559 311 517 310 45
572 328 524 328 561 339 509 339 179
568 324 526 323 557 335 507 335 152
571 333 521 333 561 345 507 345 87
570 337 517 337 559 349 513 349 225
571 25 565 26 563 25 557 25 259
571 44 565 43 563 43 556 43 96
571 50 565 49 563 49 557 48 138
571 57 565 57 563 57 556 57 133
575 61 569 62 567 61 560 61 255
571 63 565 64 563 63 557 63 95
573 73 567 73 565 73 558 73 47
575 77 569 77 567 77 561 77 36
573 95 567 95 565 95 559 94 29
571 95 565 95 563 95 557 94 42
571 133 564 133 563 133 556 133 16
575 131 568 130 567 131 560 130 15
573 143 567 143 565 143 559 143 23
575 147 568 147 567 147 560 147 22
575 153 569 152 567 153 560 153 22
575 182 565 182 567 183 556 183 231
573 188 562 188 565 189 554 189 141
575 192 564 192 567 193 557 193 187
573 208 563 207 565 209 554 209 247
572 263 544 263 563 267 536 265 45
576 265 549 265 567 269 539 268 68
574 275 544 275 565 281 533 281 74
573 278 541 278 563 283 530 283 64
576 282 544 281 567 287 533 287 51
577 290 540 291 567 297 529 297 39
573 298 535 298 563 305 522 305 44
573 317 529 317 563 327 515 327 59
577 17 566 16 569 17 569 15 517
577 19 571 20 569 19 562 19 85
577 47 570 47 569 47 565 49 110
581 61 575 61 573 61 567 61 102
579 87 573 89 571 87 565 89 20
577 123 570 123 569 123 562 123 24
580 133 573 132 573 135 566 134 55
577 137 571 136 569 137 563 137 23
577 143 571 143 569 143 563 143 17
581 160 574 160 573 161 566 161 44
581 167 574 166 573 167 566 167 25
579 192 569 192 571 193 560 193 133
579 198 568 198 571 199 560 199 111
581 208 569 208 573 209 563 209 267
581 214 570 214 573 215 562 215 188
574 239 557 239 569 241 549 241 39
582 252 554 251 573 255 549 254 39
578 269 549 269 569 273 539 273 59
583 294 545 294 573 301 534 301 36
578 302 539 302 569 309 527 309 45
581 305 540 305 571 313 528 313 54
583 318 538 318 573 327 526 327 62
583 324 533 321 573 335 522 335 145
579 340 527 340 569 353 513 352 62
582 345 526 345 571 359 513 359 71
585 39 579 39 577 39 570 38 56
587 48 580 47 579 47 572 47 214
587 65 581 65 579 65 573 65 93
587 71 581 72 579 71 572 70 45
585 81 578 81 577 81 570 80 35
583 85 577 86 575 85 569 86 19
584 91 578 90 577 91 570 90 28
587 97 581 95 579 97 573 96 33
585 111 579 111 577 111 571 110 19
587 115 579 114 579 115 572 115 18
585 117 579 117 577 117 570 116 17
583 137 576 135 575 137 569 137 43
583 142 577 143 575 143 569 143 38
587 149 580 148 579 149 572 149 32
587 158 580 158 579 159 572 159 21
585 162 578 162 577 163 570 163 45
583 169 576 169 575 169 569 169 47
585 188 573 188 579 189 566 189 185
583 196 573 196 575 197 565 197 186
585 210 574 210 577 211 566 211 212
580 222 566 222 575 223 561 223 216
588 239 568 239 579 241 559 241 36
584 254 560 254 575 257 550 257 47
587 267 559 267 579 271 550 271 48
586 278 553 278 577 283 543 283 35
584 282 551 282 575 287 544 289 38
584 300 545 300 575 307 534 307 53
589 310 546 310 579 319 534 319 56
584 313 541 313 575 323 529 321 92
586 312 543 313 577 323 531 321 41
589 340 533 340 579 353 523 353 93
593 20 587 19 585 19 578 19 105
589 24 582 24 581 23 574 23 74
593 41 587 42 585 41 579 41 129
589 43 582 43 581 43 574 43 88
591 67 585 67 583 67 577 67 238
593 69 586 69 585 69 578 69 263
589 88 582 87 581 87 574 87 25
589 95 583 94 581 95 575 94 24
591 101 585 100 583 101 576 101 14
592 107 585 106 585 107 577 106 20
591 119 584 119 583 119 576 119 15
593 124 586 123 585 123 578 123 19
589 138 585 137 581 139 575 137 19
593 135 585 136 583 137 577 136 14
592 170 587 170 585 171 578 171 41
589 198 578 198 581 199 570 199 113
591 216 584 215 585 217 572 217 185
595 221 580 221 581 223 566 223 80
593 242 569 244 585 245 547 243 61
593 264 567 263 585 267 556 269 44
589 282 557 281 581 287 546 287 38
594 309 552 309 585 317 540 317 48
590 316 550 316 581 325 534 325 90
592 319 547 319 583 329 535 329 176
593 335 543 335 583 347 529 347 88
597 22 591 21 589 21 582 21 139
597 30 590 30 589 29 582 29 111
601 36 593 35 591 35 585 34 212
599 52 592 51 591 51 585 51 59
599 57 592 57 591 57 584 57 61
597 61 590 61 589 61 582 61 68
595 59 589 59 587 59 579 59 83
595 65 588 65 587 65 580 65 80
599 71 593 71 591 71 585 71 86
599 83 592 82 591 83 584 82 82
599 97 593 97 591 97 585 97 14
599 99 593 99 591 99 585 99 20
599 114 592 113 591 115 585 115 27
597 120 590 121 589 121 582 121 12
595 129 588 129 587 129 580 129 21
599 133 593 133 591 133 584 133 12
597 137 594 136 589 137 583 137 30
599 145 592 145 591 145 585 145 13
595 149 588 148 587 149 580 149 27
597 159 590 158 589 159 582 159 13
597 180 587 180 589 181 577 181 228
597 186 586 186 589 187 578 187 230
595 194 584 194 587 195 576 195 194
599 194 588 194 591 195 580 195 180
595 190 584 190 587 191 576 191 165
600 221 588 221 587 223 581 222 114
603 231 587 231 591 235 571 233 59
598 239 578 239 589 241 569 241 43
599 268 571 269 591 273 561 273 45
596 272 566 272 587 277 556 277 29
600 280 567 280 591 285 557 285 49
600 287 565 287 591 293 555 292 39
598 309 555 309 589 317 544 317 53
598 330 548 330 589 341 536 341 160
603 30 597 29 595 29 589 28 124
601 42 595 41 593 41 587 41 128
601 59 594 59 593 59 586 59 57
601 65 595 65 593 65 586 65 73
601 87 594 87 593 87 587 87 30
601 93 594 93 593 93 586 93 27
602 99 597 98 595 99 588 98 16
601 111 594 110 593 111 587 111 13
603 121 599 123 595 121 589 121 11
603 128 596 129 595 129 588 129 30
601 135 594 135 593 135 587 135 36
601 140 594 140 593 141 586 140 11
603 143 596 143 595 143 588 142 11
603 153 596 152 595 153 588 152 15
600 158 594 158 593 159 585 159 14
601 170 594 170 593 171 587 170 83
602 175 596 175 595 175 588 175 91
605 183 595 183 597 183 587 183 195
601 190 590 190 593 191 582 191 228
605 194 594 194 597 195 586 195 346
603 196 592 196 595 197 584 197 192
601 200 590 200 593 201 582 201 150
601 208 590 208 593 209 582 209 270
605 208 594 208 597 209 586 209 247
603 254 579 254 595 257 570 257 56
605 262 578 262 597 265 570 265 35
603 285 569 285 595 291 559 291 35
603 289 567 289 595 295 557 295 40
602 295 564 295 593 301 555 301 46
611 22 604 22 603 21 596 21 171
607 20 600 19 599 19 592 19 156
607 26 596 27 599 25 592 25 302
611 36 604 36 603 35 596 35 88
611 46 604 45 603 45 596 44 58
607 48 603 49 599 47 595 49 60
611 61 604 61 603 61 596 61 68
610 67 604 67 603 67 596 67 56
608 67 602 67 601 67 594 67 56
609 75 602 76 601 75 594 75 58
607 71 601 72 599 71 593 71 183
610 129 604 128 603 129 597 128 20
610 160 604 160 603 161 597 161 69
611 169 604 168 603 169 596 168 33
613 219 599 219 599 221 584 221 102
607 228 590 229 599 231 583 230 186
609 241 591 241 601 243 583 243 45
609 248 586 248 601 251 577 251 48
607 274 577 274 599 279 567 279 59
611 276 579 276 603 281 570 281 37
611 291 574 290 603 297 565 296 44
609 303 569 303 601 311 558 311 50
607 307 566 307 599 315 557 316 71
611 303 571 303 603 311 560 311 62
611 309 568 309 603 317 558 317 70
609 319 564 319 601 329 553 329 98
611 334 561 334 601 345 548 345 133
615 26 608 25 607 25 600 25 104
613 26 606 26 605 25 598 25 164
617 37 610 37 609 37 602 37 145
615 42 608 41 607 41 601 42 145
617 44 610 44 609 43 603 43 66
613 58 606 55 605 57 598 55 63
615 65 608 65 607 65 600 65 80
613 73 606 73 605 73 598 73 58
617 95 610 95 609 95 602 95 46
613 103 606 103 605 103 598 102 54
615 111 608 111 607 111 600 111 28
615 107 608 107 607 107 600 107 29
613 109 606 109 605 109 598 109 45
613 117 606 117 605 117 598 116 20
616 121 610 121 609 121 602 121 16
612 127 606 127 605 127 598 127 17
614 130 608 131 607 131 600 131 30
613 146 606 146 605 147 598 147 35
612 164 606 164 605 165 598 165 43
614 174 608 174 607 175 601 175 62
612 192 603 192 605 193 595 193 143
612 198 602 198 605 199 595 199 248
614 202 605 201 607 203 597 203 248
616 208 606 208 609 209 599 209 304
613 235 596 234 605 237 588 236 24
617 246 599 247 609 249 585 251 42
615 262 588 261 607 265 579 265 35
612 263 585 262 605 267 578 265 39
614 273 581 273 607 277 571 276 58
617 275 584 273 609 279 577 279 31
613 280 580 280 605 285 571 285 37
615 305 574 305 607 313 564 313 42
613 323 567 323 605 333 555 333 135
613 334 563 334 605 345 551 345 118
617 330 567 330 609 341 556 341 215
619 22 612 21 611 21 604 21 130
621 24 614 24 613 23 606 23 109
621 49 614 49 613 49 606 49 70
622 73 616 73 615 73 609 73 80
619 75 613 75 611 75 605 75 70
623 77 616 77 615 77 609 76 89
621 81 614 81 613 81 606 80 81
621 85 614 85 613 85 607 85 176
621 91 614 91 613 91 606 90 117
623 93 616 93 615 93 609 93 137
619 103 612 103 611 103 604 103 77
621 125 614 125 613 125 606 125 24
619 129 612 128 611 129 604 128 50
618 173 612 172 611 173 604 173 89
620 177 614 179 613 181 607 181 163
622 186 616 186 615 187 609 187 214
622 194 616 194 615 195 609 195 218
629 220 615 220 613 221 599 221 73
618 258 593 258 611 261 585 261 41
620 265 593 265 613 269 584 269 33
621 282 587 282 613 287 578 287 34
622 289 587 289 615 295 578 295 36
620 291 584 291 613 297 575 297 37
629 18 622 17 621 17 614 17 151
629 24 622 23 621 23 614 23 102
625 26 618 26 617 25 610 25 88
625 38 618 37 617 37 610 37 113
625 55 618 55 617 55 610 55 189
627 67 620 67 619 67 612 66 221
627 79 620 79 619 79 612 79 111
625 84 618 83 617 83 611 83 87
629 103 622 103 621 103 615 103 129
624 105 619 104 617 105 611 104 101
626 107 620 107 619 107 613 107 44
624 111 618 111 617 111 610 111 97
625 129 618 129 617 129 610 129 50
627 137 620 137 619 137 613 137 171
626 143 620 142 619 143 612 143 210
624 151 618 151 617 151 610 151 137
629 163 622 162 621 163 615 163 298
624 161 618 160 617 161 610 161 311
627 167 619 166 619 167 613 167 130
624 170 618 170 617 171 611 171 283
625 184 619 184 617 185 611 185 140
628 241 609 241 621 243 601 243 38
624 269 596 269 617 273 588 273 31
626 267 598 267 619 271 590 271 26
627 325 579 325 621 335 570 335 140
626 330 577 330 619 341 566 341 157
627 336 576 336 619 347 565 347 132
635 25 628 25 627 25 620 24 174
635 29 628 29 627 29 620 29 118
635 43 628 43 627 43 620 43 255
631 41 625 41 623 41 616 41 96
633 78 626 77 625 77 619 77 75
635 93 628 93 627 93 620 93 122
631 91 625 90 623 91 617 90 68
635 104 629 103 627 105 622 103 68
630 105 624 105 623 105 617 105 57
631 111 624 111 623 111 617 111 65
635 109 628 109 627 109 621 108 74
632 125 626 124 625 125 618 124 64
632 147 626 147 625 147 618 147 219
635 143 628 143 627 143 621 143 117
631 159 624 158 623 159 617 159 131
633 161 626 160 625 161 619 161 150
634 170 629 170 627 171 617 169 293
635 188 629 188 627 189 621 189 186
633 206 627 206 623 207 615 207 353
641 225 623 227 627 227 610 229 46
632 291 596 291 625 297 587 297 39
634 302 594 301 627 309 585 309 46
632 315 587 316 625 325 577 325 211
632 322 586 322 623 331 574 331 334
630 342 575 343 623 355 566 355 76
629 349 574 349 623 363 563 363 30
637 28 630 27 629 27 622 27 128
637 33 630 33 629 33 622 33 229
640 36 634 35 633 35 627 34 135
636 53 630 53 629 53 622 52 279
641 57 634 57 633 57 626 57 213
637 61 630 61 629 61 622 61 245
640 69 634 69 633 69 626 69 117
639 91 632 91 631 91 625 91 56
639 97 633 97 631 97 625 97 63
638 103 632 102 631 103 625 102 65
636 111 630 110 629 111 623 111 63
641 123 634 123 633 123 627 123 43
639 119 632 119 631 119 625 119 83
636 126 630 127 629 127 622 126 39
640 128 634 129 633 129 626 128 38
640 133 634 133 633 133 626 133 83
636 151 630 150 629 151 622 151 234
640 159 634 158 633 159 627 159 266
640 173 634 172 633 173 626 173 207
637 188 631 188 629 189 623 189 345
645 237 627 237 633 239 620 239 28
637 241 619 241 629 243 608 243 43
636 257 611 253 629 261 603 261 54
640 275 609 275 633 279 601 279 56
639 344 586 344 633 357 576 357 46
644 38 636 39 635 39 628 39 184
646 42 640 41 639 41 633 40 178
643 53 636 53 635 53 628 53 149
645 61 638 61 637 61 630 61 314
647 69 640 69 639 69 632 69 124
645 76 638 77 637 77 630 77 101
646 108 640 107 639 107 632 107 130
643 121 636 121 635 121 629 121 56
644 128 638 129 637 129 630 128 36
642 136 636 137 635 137 628 136 62
642 145 636 144 635 145 628 145 144
644 163 638 163 637 163 631 163 90
642 176 637 176 635 177 629 177 144
646 192 640 192 639 193 633 193 186
645 241 625 241 639 243 620 243 29
645 262 619 262 639 265 611 265 45
643 309 601 309 637 317 592 317 63
645 328 597 328 639 339 587 339 149
644 334 595 334 639 345 586 345 114
641 330 592 330 635 341 583 341 153
643 342 590 342 637 355 580 355 118
652 52 646 51 645 51 638 51 286
649 61 642 61 641 61 634 61 267
651 67 644 67 643 67 637 66 240
649 73 642 73 641 73 634 73 125
653 74 646 75 645 75 639 74 139
650 125 644 125 643 125 636 125 57
648 133 642 133 641 133 634 133 44
652 159 646 159 645 159 639 159 85
652 180 647 180 645 181 640 181 118
650 188 644 188 643 189 636 189 256
652 186 646 186 645 187 639 187 273
647 208 637 208 641 209 630 209 239
653 218 640 218 645 219 634 219 118
648 214 637 214 641 215 630 215 201
651 230 633 229 645 231 626 229 18
648 252 624 252 641 255 616 255 43
649 263 623 264 643 267 615 267 54
647 267 619 267 641 271 612 271 47
651 280 619 280 645 285 611 285 49
647 282 614 282 641 287 606 286 59
647 316 602 316 641 325 594 325 105
649 322 604 322 643 331 595 331 131
647 339 595 339 641 351 586 351 104
658 78 652 77 651 77 645 76 279
657 85 650 85 649 85 643 84 129
655 106 648 107 647 107 641 106 123
656 157 650 157 649 157 643 157 180
656 183 651 182 649 183 643 183 281
654 221 636 220 647 223 632 223 84
656 237 632 235 649 239 620 238 41
655 278 623 279 649 283 616 283 53
653 284 620 283 647 289 613 289 59
653 291 617 291 647 297 609 297 77
657 293 620 293 651 299 613 299 75
654 320 609 320 649 329 601 329 111
656 336 605 336 651 347 596 347 47
661 102 657 102 653 101 649 102 259
663 107 658 106 655 107 650 107 154
664 111 659 110 657 111 652 110 218
662 115 657 114 655 115 650 114 192
660 127 654 127 653 127 647 126 154
660 139 654 139 653 139 647 139 185
664 159 658 158 657 159 651 159 165
660 182 655 182 653 183 648 183 319
660 188 655 188 653 189 647 189 304
663 241 645 241 657 243 637 243 51
659 244 637 244 653 247 632 246 50
663 248 641 249 657 251 634 249 41
661 250 637 250 655 253 630 253 76
663 258 638 258 657 261 637 261 119
661 256 637 256 655 259 630 259 66
663 279 631 279 657 283 624 284 47
660 294 623 295 655 301 616 302 51
662 316 618 316 657 325 610 325 106
662 327 615 327 657 337 607 337 71
661 336 610 336 657 347 601 348 47
659 350 604 349 655 363 596 361 16
670 105 666 105 663 105 659 105 100
668 109 663 108 661 109 655 108 157
666 129 660 129 659 129 652 129 161
670 135 665 135 663 135 658 135 132
668 137 664 135 661 137 656 136 172
670 151 664 150 663 151 657 151 158
668 163 662 163 661 163 655 163 146
670 194 653 195 663 195 647 195 322
670 200 656 200 663 201 649 201 193
666 202 652 203 659 203 646 203 152
665 214 652 214 659 215 645 215 103
668 218 654 218 661 219 647 219 73
670 228 652 228 663 229 646 229 35
664 243 645 243 659 245 639 245 61
665 250 645 250 663 253 639 253 90
665 254 641 254 659 257 634 257 113
669 256 645 256 663 259 638 259 74
664 271 633 269 659 275 627 273 40
664 286 630 286 659 291 623 291 53
664 293 628 293 659 299 622 298 58
668 300 629 300 663 307 622 307 74
666 313 622 312 661 321 615 320 90
667 323 621 323 663 333 614 333 84
664 320 619 320 659 329 612 329 96
664 345 609 346 659 359 601 359 21
676 111 672 111 669 111 664 111 187
672 113 667 112 665 113 660 112 197
676 129 670 129 669 129 663 129 348
674 135 669 135 667 135 662 135 176
672 139 667 138 665 139 660 138 188
676 143 671 142 669 143 664 143 165
672 149 666 148 665 149 659 149 176
674 161 669 162 667 161 662 162 157
672 171 665 171 665 171 659 171 461
672 208 658 208 665 209 651 209 123
672 214 659 214 665 215 652 215 102
675 222 663 222 669 223 656 223 70
671 233 655 234 665 235 649 235 25
672 271 644 270 667 275 637 274 35
673 300 635 300 669 307 629 307 72
673 327 626 327 669 337 618 337 78
673 334 624 334 669 345 616 345 39
669 332 620 332 665 343 613 342 38
678 109 674 109 671 109 667 109 120
682 117 677 116 675 117 670 117 167
678 115 673 115 671 115 666 115 203
683 162 675 162 673 163 672 163 365
680 171 675 170 673 171 668 171 292
681 183 669 183 675 183 663 183 551
678 194 664 194 671 195 657 195 166
679 208 665 208 673 209 658 209 70
678 230 661 230 671 231 653 231 40
682 233 663 233 675 235 658 235 37
679 243 659 243 673 245 652 245 61
679 294 641 294 675 301 635 300 36
676 299 637 299 671 305 631 305 63
674 313 632 313 671 321 625 321 88
677 313 635 312 673 321 628 321 99
679 320 634 320 675 329 627 329 130
677 329 629 329 673 339 622 339 55
675 349 620 349 673 361 614 361 17
688 117 685 117 681 117 677 117 307
687 122 684 122 681 123 676 122 259
684 127 680 127 677 127 673 127 264
686 129 681 128 679 129 675 129 119
684 133 680 133 677 133 672 133 261
688 136 683 137 681 135 676 136 120
684 137 680 136 677 137 672 137 218
686 146 682 143 679 145 674 146 165
686 171 681 170 679 171 674 171 281
686 175 682 175 679 175 674 175 242
681 187 671 186 677 187 663 187 246
685 192 672 192 679 193 665 193 102
689 200 673 200 681 201 665 201 103
684 204 670 204 677 205 663 205 82
689 208 675 208 681 209 666 209 82
686 231 670 232 681 233 664 233 38
686 250 662 250 681 253 656 253 91
686 256 662 256 681 259 656 259 81
683 298 645 298 679 305 639 304 58
683 310 641 310 679 319 633 319 90
683 323 637 323 681 333 632 333 116
680 325 633 325 677 335 627 335 91
684 327 637 327 681 337 631 337 130
693 110 690 110 685 111 683 109 209
693 108 689 110 685 109 682 109 121
693 121 689 121 685 121 682 121 132
688 123 687 125 683 125 677 123 252
692 135 688 135 685 135 680 135 223
694 133 690 133 687 133 683 133 95
694 163 690 163 687 163 682 164 81
690 173 686 173 683 173 678 173 269
691 181 679 181 685 181 673 181 266
693 195 680 194 687 195 673 195 106
689 196 676 196 683 197 669 197 73
693 237 669 237 687 239 666 239 67
690 250 666 250 685 253 655 253 166
692 250 670 250 687 253 664 253 64
688 254 664 254 683 257 658 257 108
690 258 662 258 685 261 659 261 75
692 256 668 256 687 259 663 259 63
693 267 667 267 687 271 658 271 71
689 290 653 289 685 295 643 296 41
690 307 649 307 687 315 643 315 66
687 314 643 315 683 323 637 323 146
690 333 641 332 687 343 634 343 66
698 101 695 101 691 101 687 101 66
700 105 697 104 693 105 690 104 126
697 112 694 112 689 113 687 111 248
697 119 692 118 689 119 686 119 143
700 145 697 144 693 145 689 145 77
696 143 692 142 689 143 685 143 140
696 151 692 150 689 151 685 151 103
696 165 693 164 689 165 685 165 242
698 169 695 169 691 169 688 169 176
698 187 685 187 691 187 678 187 201
697 206 683 206 691 207 677 207 65
700 208 685 208 693 209 678 209 77
697 226 681 226 691 227 674 227 71
698 247 676 246 693 249 671 249 63
698 254 674 254 693 257 668 257 48
693 282 660 283 689 287 655 287 26
694 306 654 305 691 313 649 312 86
697 309 656 309 693 317 650 317 116
691 318 647 318 689 327 641 327 174
692 315 649 315 689 323 643 323 132
696 317 652 317 693 325 647 325 118
693 322 647 322 691 331 642 331 131
695 331 647 330 693 341 641 341 29
691 348 637 348 689 361 629 360 14
706 105 703 104 699 105 696 104 70
703 102 699 102 695 103 692 102 95
704 107 701 106 697 107 693 107 218
702 143 699 142 695 143 691 143 98
706 151 702 151 699 151 695 151 174
703 161 697 159 695 161 689 161 107
704 171 700 171 697 171 693 171 163
705 196 692 196 699 197 685 197 251
701 198 687 198 695 199 681 199 224
703 204 689 204 697 205 683 205 77
701 224 686 224 695 225 679 225 53
700 251 678 251 695 253 671 253 63
703 275 674 275 699 279 667 278 46
703 279 672 279 699 283 666 283 25
700 342 649 342 699 355 643 354 23
712 97 709 96 705 97 701 97 165
712 103 709 103 705 103 701 103 181
712 143 709 142 705 143 701 143 121
712 151 709 151 705 151 701 151 78
712 163 709 162 705 163 701 163 109
712 171 709 170 705 171 701 171 215
707 188 695 187 701 189 688 187 321
711 186 705 188 705 187 698 189 347
709 193 697 192 703 193 690 193 243
711 197 704 196 705 197 691 195 521
709 198 695 198 703 199 689 199 211
709 212 695 212 703 213 690 212 80
705 220 691 220 701 221 685 221 40
710 241 690 241 705 243 684 243 69
706 243 685 243 701 245 680 245 86
710 247 689 247 705 249 683 249 85
705 273 676 274 701 277 677 278 53
708 286 675 286 705 291 669 291 30
708 304 668 304 705 311 663 311 90
705 336 661 333 703 347 655 349 56
702 341 651 341 701 353 645 353 24
718 99 715 99 711 99 708 99 125
718 97 715 97 711 97 708 97 131
714 101 711 100 707 101 703 101 88
718 103 715 102 711 103 707 102 114
718 125 715 125 711 125 707 125 159
714 147 711 145 707 147 703 147 155
718 155 714 155 711 155 707 155 146
714 157 710 157 707 157 703 157 55
716 167 713 167 709 167 705 167 110
717 177 713 176 711 177 705 177 226
714 181 706 180 707 181 699 180 345
716 185 708 185 709 185 701 185 344
717 213 706 212 711 213 699 213 53
715 208 703 208 709 209 697 209 100
715 237 696 237 711 239 691 239 51
714 241 694 241 709 243 688 243 96
714 245 693 245 709 247 687 247 90
716 249 694 249 711 251 688 251 111
712 253 689 252 707 255 684 255 112
715 262 689 262 711 265 684 265 100
713 264 686 264 709 267 682 267 103
713 269 685 269 709 273 680 273 78
714 306 673 306 711 313 669 313 193
710 310 667 310 707 317 663 317 93
708 318 664 318 707 327 660 327 172
713 324 667 324 711 333 662 333 75
708 325 662 325 707 335 657 335 61
720 135 716 134 713 135 708 135 84
722 133 717 133 715 133 710 133 107
722 145 718 145 715 145 710 145 177
722 159 718 158 715 159 711 159 63
720 163 716 163 713 163 709 163 69
724 163 720 163 717 163 713 163 75
724 197 716 196 717 197 709 195 228
722 241 701 241 717 243 696 243 71
719 258 694 258 715 261 689 261 117
717 268 689 267 713 271 684 271 63
721 272 693 272 717 275 688 275 58
718 280 686 280 715 285 682 285 58
716 299 678 298 713 305 674 305 91
718 322 671 319 717 331 668 331 110
730 103 727 102 723 103 720 102 102
730 121 724 121 723 121 717 121 193
726 175 721 174 719 175 714 174 237
730 177 725 177 723 177 718 177 220
725 192 717 192 719 193 711 193 169
729 190 720 190 723 191 714 191 209
729 197 721 197 723 197 714 197 183
724 241 703 241 719 243 698 243 99
722 271 694 271 719 275 689 275 87
725 284 692 284 723 289 689 289 33
723 304 683 304 721 311 679 311 109
723 311 681 311 721 319 677 319 194
722 324 676 324 721 333 671 333 118
732 107 728 106 725 107 721 106 139
734 125 727 125 727 125 722 125 159
736 153 730 153 729 153 723 152 126
733 203 722 202 727 203 715 203 89
734 241 713 241 729 243 708 243 65
734 237 713 237 727 239 705 239 58
731 249 708 249 727 251 704 251 104
731 263 706 264 729 267 702 267 213
728 272 700 272 725 275 695 275 138
731 279 701 279 729 283 697 283 61
731 288 697 288 729 293 693 293 41
730 310 689 310 729 317 685 317 91
730 317 687 317 729 325 683 325 99
726 327 680 327 725 337 675 337 72
738 99 735 98 731 99 729 98 134
738 105 735 105 731 105 727 105 141
738 115 736 115 731 115 731 116 211
739 125 732 125 733 125 725 125 191
739 157 733 156 733 157 726 157 116
741 169 734 169 735 169 727 169 125
741 181 730 182 735 181 724 182 246
741 191 730 191 735 191 724 191 73
740 216 726 216 735 217 720 216 29
736 268 709 267 733 271 705 271 135
737 297 699 297 735 303 696 303 55
733 299 695 299 731 305 692 305 59
735 306 695 306 733 313 691 313 65
735 304 695 304 733 311 699 313 211
734 313 692 313 733 321 688 321 78
735 317 693 317 735 325 690 325 153
731 329 684 329 731 339 681 339 45
735 325 689 326 735 335 685 335 82
744 107 741 106 737 107 733 107 118
746 131 738 131 739 131 731 131 133
743 175 734 175 737 175 728 173 126
745 193 734 193 739 193 728 193 39
747 222 729 222 741 223 724 222 23
750 235 727 235 741 237 719 237 50
743 243 722 243 739 245 717 245 52
744 258 719 258 741 261 715 261 163
742 256 717 256 739 259 713 259 117
742 262 716 262 739 265 712 265 167
740 266 713 266 737 269 709 269 266
740 272 711 272 737 275 708 275 204
741 284 708 285 739 289 705 288 81
739 292 703 292 737 297 699 298 49
739 329 693 329 739 339 689 339 50
752 93 749 92 745 93 741 92 127
753 128 746 130 747 129 739 128 136
749 151 741 150 743 151 734 150 29
753 163 741 163 747 163 735 163 37
753 170 740 171 747 171 735 170 43
748 183 737 183 743 183 731 182 78
752 209 737 208 747 209 732 208 32
750 218 736 219 745 219 730 219 31
747 239 727 239 743 241 722 241 126
751 247 729 247 747 249 724 249 36
745 254 721 254 743 257 716 256 139
745 269 717 269 743 273 715 274 137
744 274 716 275 743 279 713 280 162
749 282 717 282 747 287 714 287 195
744 306 704 306 743 313 701 313 99
747 313 705 313 747 321 702 321 90
747 319 703 319 747 327 700 327 49
758 99 755 98 751 99 747 98 99
756 119 749 117 749 119 743 117 390
755 127 748 127 749 127 741 126 187
760 129 752 128 753 129 745 129 135
755 135 748 135 749 135 741 135 51
757 139 749 139 751 139 743 139 59
757 199 740 198 753 199 735 199 43
753 207 739 206 749 207 733 207 29
756 208 741 208 751 209 736 209 44
754 212 739 213 749 213 733 213 32
753 235 735 235 749 237 729 237 56
755 254 729 251 753 257 727 257 69
754 266 726 266 751 269 722 269 134
747 340 696 340 749 351 694 351 27
747 344 695 344 749 355 692 356 18
764 113 756 113 757 113 750 111 239
760 159 755 158 755 159 742 158 35
762 216 747 215 757 217 741 217 35
758 235 736 235 757 237 732 237 49
758 251 735 251 755 253 731 253 39
760 295 723 295 759 301 721 301 93
759 315 715 315 759 323 713 323 93
767 151 758 151 761 151 752 150 28
769 197 753 197 765 197 748 197 13
769 213 752 214 765 213 748 215 26
767 217 751 217 763 217 746 218 32
765 218 750 218 761 219 745 219 19
769 226 751 226 765 227 747 227 45
767 239 744 240 761 241 740 241 48
765 306 724 306 765 313 723 313 127
761 309 720 310 761 317 718 317 126
761 315 718 315 761 323 716 323 87
762 319 719 319 763 327 717 327 62
764 322 718 322 765 331 717 331 57
763 343 710 343 765 355 709 355 20
773 153 764 153 767 153 758 153 28
775 157 765 157 769 157 759 156 44
773 159 763 159 767 159 757 159 30
774 183 755 182 769 183 752 181 15
773 224 756 224 769 225 751 225 33
771 220 754 220 767 221 750 220 17
770 243 749 243 767 245 745 245 67
773 255 749 255 771 257 746 257 51
773 260 747 261 771 263 744 263 60
773 266 745 266 771 269 742 269 77
767 290 733 290 769 297 733 297 162
772 294 737 294 771 299 734 299 129
769 299 732 299 769 305 730 305 139
768 304 728 304 769 311 727 311 161
766 313 724 313 767 321 722 321 159
766 317 723 317 767 325 721 325 67
766 346 713 345 769 357 712 358 16
766 341 715 342 769 353 714 353 22
768 344 715 344 771 355 715 355 23
777 171 758 173 773 171 755 171 54
780 184 761 185 777 185 757 184 17
777 194 760 195 773 193 755 191 13
779 226 761 226 775 227 757 228 43
776 235 756 235 773 237 753 237 82
778 237 759 238 775 239 753 238 92
776 241 755 241 773 243 752 243 67
777 262 750 262 775 265 747 265 74
777 268 748 268 775 271 745 271 87
776 280 744 281 775 285 742 285 139
778 288 743 287 775 291 740 291 135
773 304 735 304 777 311 735 311 278
776 313 733 313 777 321 732 321 229
771 317 729 317 773 325 729 325 98
785 118 775 117 779 117 769 117 539
785 153 775 153 779 153 769 153 96
789 171 779 171 783 173 772 171 75
783 224 766 224 779 225 761 225 8
781 247 759 247 779 249 755 249 99
784 243 762 243 781 245 759 245 110
785 245 763 245 783 247 760 247 89
783 249 761 249 781 251 757 251 74
785 256 759 256 783 259 756 259 61
784 264 757 264 783 267 754 267 75
781 308 741 308 783 315 741 315 207
782 312 740 312 783 319 739 319 182
780 315 740 316 783 323 738 323 115
779 320 734 321 781 329 733 329 93
793 141 783 141 787 141 779 143 411
791 147 780 148 785 149 774 151 124
789 219 772 220 787 221 769 221 11
792 225 774 225 789 227 770 227 15
787 241 768 242 785 243 763 243 77
788 266 760 266 787 269 757 269 43
788 277 756 277 787 281 754 281 63
789 296 752 296 789 301 750 301 146
788 304 747 304 789 311 749 311 160
787 316 744 316 789 323 744 323 104
785 322 741 323 789 331 741 331 63
785 338 744 341 789 349 746 351 25
798 147 787 149 793 149 781 147 83
799 173 784 171 795 173 780 171 142
799 224 781 224 795 225 779 225 12
792 262 765 262 791 265 762 265 59
793 279 762 279 793 283 759 283 48
792 284 759 285 793 289 757 289 66
793 292 757 292 793 297 756 297 125
793 308 753 308 795 315 753 315 142
803 169 790 169 799 169 785 169 118
805 219 787 219 801 219 783 219 9
799 249 775 249 797 251 771 250 73
801 255 774 255 797 257 771 258 120
800 270 770 270 799 273 768 273 47
800 303 760 303 801 309 760 309 122
799 308 760 309 801 315 759 315 143
798 321 753 321 801 329 754 329 69
796 324 750 324 799 333 750 333 54
797 337 746 337 801 347 748 347 25
805 69 762 69 807 63 761 63 407
805 79 763 77 807 73 765 71 305
812 145 799 145 807 145 794 145 163
807 181 789 182 803 181 785 181 45
807 220 788 219 803 221 785 221 12
809 235 789 236 807 237 785 237 11
803 252 781 253 803 255 781 256 89
803 271 773 271 803 275 772 275 37
807 281 771 280 807 285 772 285 36
806 286 772 286 807 291 771 291 75
803 299 765 299 805 305 765 305 96
799 324 753 324 803 333 754 333 39
813 180 795 179 809 179 791 179 52
814 218 795 218 809 219 791 219 9
815 215 799 215 813 217 795 216 6
811 227 795 226 809 227 789 228 10
816 230 797 230 813 231 793 231 14
815 251 788 250 813 253 785 252 90
815 257 789 257 813 259 786 259 86
810 277 778 277 811 281 778 281 36
808 283 774 281 809 287 774 287 35
810 290 774 290 811 295 774 295 96
810 306 771 307 813 313 771 313 96
809 304 770 305 811 311 770 311 78
810 315 767 315 813 323 768 323 113
809 319 766 319 813 327 767 327 88
808 331 759 331 813 341 761 341 53
817 74 777 73 819 69 775 69 223
822 130 808 129 817 129 800 129 242
822 148 808 147 817 147 803 149 91
822 226 804 226 819 227 801 226 10
817 235 799 233 815 237 793 237 14
815 297 777 297 817 303 777 303 61
817 295 778 296 819 301 778 302 68
813 317 770 317 817 325 772 325 87
815 330 767 330 819 339 770 339 95
813 326 766 326 817 335 768 335 61
812 333 763 333 817 343 765 343 73
811 338 761 339 817 349 761 349 47
810 337 761 337 815 347 763 348 44
811 344 759 344 817 355 761 355 39
809 346 757 346 815 357 759 358 38
819 67 778 67 821 61 778 61 249
827 140 815 138 823 139 808 140 198
825 167 807 168 821 167 804 167 89
825 201 806 200 821 201 803 200 14
825 256 799 256 825 259 798 259 98
821 260 794 260 821 263 792 262 90
825 262 799 263 825 265 797 265 99
823 286 788 286 825 291 788 291 85
819 289 783 290 821 295 783 295 68
820 299 782 299 823 305 783 305 70
819 301 780 301 821 307 781 307 79
820 308 779 308 823 315 780 315 99
821 314 779 314 825 321 781 321 81
820 326 774 326 825 335 776 335 65
816 331 767 331 821 341 770 341 73
816 337 766 337 821 347 768 348 35
828 75 787 74 831 69 788 68 87
831 159 816 159 827 161 812 159 74
833 205 815 205 831 205 812 205 9
831 205 813 206 829 207 810 207 8
829 218 807 217 827 219 809 219 12
832 249 808 249 831 251 806 251 55
831 254 805 254 831 257 804 257 78
831 268 801 268 831 271 800 271 96
825 273 796 273 827 277 794 277 84
828 277 796 277 829 281 795 281 38
826 281 793 281 827 285 793 285 53
824 295 787 295 827 301 787 301 67
828 295 790 295 831 301 791 301 58
828 301 789 301 831 307 790 307 82
825 325 779 325 829 333 780 333 86
826 320 780 321 831 329 783 329 51
823 331 776 332 829 341 778 341 54
825 335 776 335 831 345 778 345 38
822 338 774 339 829 349 776 349 50
832 64 788 62 835 57 790 57 129
839 195 821 195 837 195 819 195 12
837 197 820 197 835 197 817 196 9
839 203 820 203 835 203 817 203 9
835 241 813 241 833 243 810 243 13
836 245 812 245 835 247 811 245 14
837 252 810 253 835 255 808 255 71
833 260 805 260 833 263 805 263 122
830 299 792 299 833 305 793 305 74
839 67 797 67 843 61 798 61 109
839 73 797 71 843 67 799 66 108
837 109 795 108 841 105 797 104 91
839 111 799 112 843 107 801 108 123
844 157 829 155 841 155 825 155 50
841 199 822 199 839 199 820 199 13
846 210 828 210 843 211 825 213 7
841 236 821 238 841 239 818 238 9
843 245 820 245 843 247 818 246 15
839 249 815 249 839 251 814 251 13
839 268 809 268 839 271 809 271 115
838 271 807 272 839 275 809 275 140
841 279 808 279 843 283 808 284 107
839 280 805 280 841 285 805 284 51
837 284 799 284 839 289 803 289 190
831 351 779 349 839 363 782 361 15
843 80 801 80 847 75 803 74 137
846 116 808 116 849 113 809 112 106
852 185 834 184 849 185 830 185 24
849 193 831 193 847 193 828 193 11
846 288 810 288 849 293 812 293 148
842 303 801 303 847 309 805 309 67
841 305 801 305 847 311 804 311 135
837 327 789 327 845 337 793 337 38
849 32 805 31 853 23 807 23 73
849 36 808 35 855 27 809 26 73
845 34 799 34 851 25 807 23 93
847 42 804 41 851 35 806 34 79
847 48 804 48 851 41 806 40 124
849 56 806 55 853 49 808 48 144
851 96 810 99 853 91 813 89 168
856 195 837 195 853 195 834 195 14
851 242 829 239 851 243 831 243 12
851 281 818 281 855 285 819 285 170
848 303 808 303 853 309 811 309 82
854 49 811 49 859 41 814 40 84
864 201 845 202 861 203 843 202 26
854 286 817 286 857 291 819 291 161
853 295 814 296 857 301 816 301 126
856 299 817 299 861 305 820 305 132
854 307 813 307 859 313 815 313 65
850 326 800 325 857 335 807 335 47
851 348 798 349 861 361 803 361 30
848 347 795 347 857 359 800 360 28
855 35 807 33 863 25 810 27 55
867 159 849 159 865 161 846 159 99
867 168 849 167 865 167 847 169 123
867 179 850 180 865 179 847 180 101
869 181 851 181 867 181 849 181 57
869 193 851 193 867 191 849 189 37
869 207 851 205 867 205 848 207 33
869 214 851 214 867 215 849 214 52
867 217 849 217 865 217 847 217 51
864 255 837 255 865 257 837 257 19
861 271 833 272 865 275 832 275 93
860 275 828 275 863 279 829 279 120
860 281 825 280 863 285 827 285 183
861 297 822 297 865 303 824 303 140
861 301 822 301 867 307 825 307 100
855 318 809 318 863 327 813 327 28
856 345 803 345 865 357 809 357 30
866 46 819 45 873 37 823 35 49
864 135 822 135 869 133 825 132 229
868 139 828 138 873 137 831 135 186
871 218 853 218 869 219 850 219 25
873 216 855 216 871 217 852 217 25
875 226 857 227 873 227 854 227 34
872 231 846 233 871 233 847 231 19
872 256 844 253 873 259 844 259 16
867 263 839 264 869 267 839 267 72
867 267 836 266 869 271 837 271 72
869 273 837 273 873 277 840 277 106
866 277 833 277 869 281 835 281 95
865 288 829 288 869 293 831 293 160
870 288 835 288 873 293 836 293 317
864 301 824 301 869 307 827 307 109
867 305 826 305 873 311 831 311 163
864 306 822 307 869 313 826 313 104
866 312 823 312 873 319 827 319 118
866 321 818 321 871 329 819 330 35
865 328 816 328 873 337 821 337 19
860 329 812 330 869 339 817 339 19
866 331 819 332 873 341 823 343 19
864 352 811 353 873 363 816 365 32
870 27 821 26 877 17 826 16 64
867 35 819 33 877 23 824 23 75
874 132 832 132 879 129 839 127 157
872 135 833 137 877 133 837 135 203
878 242 849 239 875 245 850 247 12
874 257 846 256 875 259 846 259 18
873 262 845 263 875 265 845 265 24
872 270 842 269 875 273 843 273 69
871 273 839 273 875 277 841 277 91
874 297 834 297 879 303 838 303 170
873 301 832 301 879 307 836 307 95
871 332 821 332 877 341 826 341 17
872 31 823 31 881 21 827 20 55
875 27 826 27 883 17 833 16 45
873 35 823 35 881 25 827 24 57
885 165 866 163 883 163 864 163 41
882 204 865 201 881 203 861 201 14
884 208 865 208 883 209 863 208 23
880 272 849 270 883 275 850 274 48
880 276 844 275 881 279 847 279 118
879 294 848 294 885 299 849 299 358
877 297 838 297 883 303 841 303 146
876 305 839 304 883 311 840 311 204
883 28 837 30 889 19 841 20 77
884 29 834 28 891 19 837 18 35
878 33 828 33 887 23 834 22 40
883 119 843 119 889 115 848 115 54
884 126 844 125 891 123 846 123 74
891 201 871 202 889 203 869 202 23
892 207 872 208 889 209 870 207 25
885 283 850 283 889 287 853 287 170
876 344 821 343 887 355 827 354 12
888 48 837 48 897 39 844 39 22
883 80 859 79 893 73 864 72 59
888 130 846 130 893 127 850 126 113
892 128 850 128 897 125 854 125 71
891 143 850 142 897 141 854 140 217
890 251 854 255 895 253 858 254 48
889 301 848 301 895 307 852 307 71
886 306 843 307 893 313 847 314 37
885 313 841 313 893 321 846 321 51
887 326 840 327 897 335 847 335 43
892 36 842 36 901 27 848 26 36
890 52 842 51 899 43 848 42 19
896 145 855 146 903 143 859 144 215
898 229 865 227 903 231 868 229 83
899 240 865 240 903 243 868 242 87
895 238 860 239 899 241 864 240 70
894 277 860 277 899 281 863 281 71
895 294 858 293 903 299 862 299 169
892 299 852 300 899 305 857 305 73
897 299 857 299 903 305 861 305 69
894 317 845 318 901 327 851 326 49
891 318 839 319 899 327 847 328 32
890 327 839 326 901 335 852 335 38
892 339 837 340 903 351 846 351 23
897 33 849 32 907 23 855 22 32
897 55 848 55 907 47 854 46 33
901 74 854 74 909 67 860 67 41
898 143 856 143 905 141 861 141 190
906 185 885 186 905 187 884 185 87
904 235 869 235 909 237 872 237 52
902 256 867 256 907 259 870 259 42
904 263 869 263 909 267 873 266 33
903 275 868 275 907 277 870 276 30
904 277 869 277 909 281 873 281 46
901 286 863 286 907 291 868 291 160
902 292 864 292 909 297 867 297 139
898 326 852 325 907 335 856 335 34
895 339 839 340 905 351 847 351 17
895 343 839 344 907 355 848 355 19
891 348 836 348 905 359 845 360 14
901 44 855 43 911 35 861 34 26
905 59 859 59 915 51 865 51 68
903 73 856 73 911 65 861 66 51
902 89 860 88 911 83 868 83 42
906 128 865 128 913 125 869 126 113
913 205 892 204 913 205 891 204 48
910 254 875 253 915 257 878 258 32
908 256 873 256 913 259 876 259 37
908 273 874 274 913 277 876 276 19
907 280 871 279 911 283 876 284 57
907 286 869 286 913 291 874 291 169
909 288 871 288 915 293 876 293 156
907 292 869 292 913 297 873 297 207
898 339 844 339 913 351 855 351 18
907 45 861 45 917 35 867 36 24
907 52 858 51 917 43 865 42 24
911 55 863 54 921 47 869 46 39
909 120 867 120 917 117 871 115 135
915 238 880 238 919 241 881 241 48
913 242 877 242 917 245 882 244 34
917 242 878 243 921 245 882 245 31
915 283 879 284 921 287 879 286 120
916 100 871 98 927 93 879 92 70
918 141 883 141 923 139 887 138 145
922 145 887 145 927 143 891 143 216
916 290 877 290 923 295 883 295 130
913 314 868 315 927 323 875 322 11
913 339 859 339 927 351 871 350 33
913 38 863 35 931 25 873 25 24
922 261 883 263 931 265 888 265 23
917 338 863 338 931 349 874 349 32
917 343 861 343 931 355 871 355 19
919 348 863 349 929 359 873 361 45
925 31 871 31 939 21 883 20 15
932 135 895 136 937 133 900 133 137
929 157 897 156 935 155 900 154 172
930 162 895 162 935 161 900 160 140
928 231 891 230 937 233 898 232 93
927 237 887 237 935 239 893 239 40
927 252 886 252 935 255 892 254 21
926 258 887 259 935 263 893 263 18
930 286 890 283 939 291 896 289 25
926 299 884 299 935 305 890 307 61
924 314 876 314 937 323 887 324 12
920 324 875 323 935 335 886 333 38
919 347 865 347 935 359 874 360 21
926 29 873 28 941 17 881 17 17
937 141 902 141 943 139 906 139 118
938 151 904 150 943 149 908 148 108
936 233 899 233 945 235 901 235 55
934 254 893 254 943 257 899 256 17
935 303 890 303 945 309 898 310 24
931 307 884 309 941 315 893 315 10
927 334 874 334 943 345 886 345 43
935 42 882 41 951 31 891 31 21
941 132 903 132 947 129 910 129 165
941 143 906 143 947 141 910 141 98
942 209 908 208 949 209 914 207 132
943 229 906 229 949 231 912 231 65
937 231 897 231 947 233 904 233 76
941 274 899 273 951 279 907 278 14
938 305 894 305 949 311 902 312 13
938 310 892 310 949 317 901 317 10
931 333 880 333 947 343 891 343 43
932 336 878 336 947 347 889 347 32
948 61 907 59 957 55 912 53 151
949 143 914 143 955 141 919 141 93
951 210 917 210 957 211 922 211 219
947 210 913 209 953 211 918 209 166
946 225 911 225 953 227 916 227 134
938 334 885 334 953 345 896 345 43
938 340 882 341 953 351 897 350 38
954 69 913 68 961 63 913 62 238
952 132 916 132 959 129 921 127 120
956 135 921 135 963 133 926 132 111
954 159 918 158 961 157 924 157 163
955 230 916 230 959 233 922 232 162
949 256 906 256 959 259 915 259 13
951 294 911 294 959 299 924 299 14
951 297 907 297 961 303 915 303 10
948 295 906 296 959 301 914 302 21
947 340 892 340 963 351 904 351 21
958 149 923 149 965 147 928 147 167
960 215 926 214 965 217 931 215 187
963 219 929 219 969 221 934 220 195
954 283 912 283 967 287 921 285 13
969 66 929 67 975 61 935 61 165
961 108 919 108 971 103 927 104 98
967 218 935 219 973 219 937 218 245
961 266 917 265 975 271 927 271 12
959 284 913 284 971 291 921 290 10
971 137 935 137 979 135 942 135 200
973 206 938 206 981 207 943 206 212
975 239 933 239 977 243 944 243 73
966 259 920 259 979 263 931 261 8
969 290 927 291 981 297 934 295 12
966 296 922 295 977 301 931 301 13
969 297 925 297 981 303 933 302 11
977 210 941 210 985 211 947 211 142
971 255 924 251 985 259 935 260 14
973 259 925 261 987 265 938 265 13
971 267 921 268 983 273 932 275 11
971 271 927 269 987 275 937 276 9
977 300 932 300 987 305 941 305 16
983 161 938 159 993 157 950 159 241
983 212 947 212 991 213 953 213 140
976 328 921 327 993 339 936 338 4
984 151 942 150 995 149 951 150 261
989 201 953 199 995 203 959 203 140
983 256 937 255 999 261 948 261 25
980 255 932 255 995 259 944 259 4
981 263 933 261 995 267 943 265 18
981 259 933 259 995 263 944 263 12
977 275 932 276 995 281 941 279 9
989 149 946 149 1001 147 956 145 169
992 163 948 162 1003 161 959 161 154
983 249 935 249 1001 253 947 252 14
998 111 956 109 1011 107 965 106 22
995 160 954 161 1007 159 963 158 87
999 194 955 193 1011 193 965 194 66
999 233 959 233 1011 235 969 235 44
991 251 942 251 1007 255 954 254 13
991 281 942 279 1007 287 954 285 10
993 285 943 286 1009 291 956 291 10
1004 158 958 155 1017 155 972 155 25
1002 191 959 191 1015 191 970 191 36
1000 195 957 196 1013 195 968 196 41
1004 193 961 193 1017 193 971 192 24
1004 198 961 197 1017 199 972 199 37
1001 261 950 260 1017 265 965 264 10
1000 284 949 283 1017 289 963 290 14
1006 99 962 98 1019 93 973 94 15
1007 171 963 170 1021 169 974 169 24
1010 178 966 176 1023 177 976 177 22
1010 212 967 212 1023 213 978 213 36
1009 228 965 228 1023 231 976 230 28
1007 233 965 234 1019 235 975 235 32
1011 241 967 241 1021 243 976 243 31
1001 253 951 251 1019 255 965 255 16
1004 257 952 258 1021 263 967 262 12
1005 267 954 268 1023 273 968 272 14
1003 264 951 264 1019 269 965 268 11
1005 278 955 277 1023 283 969 282 15
1001 305 951 301 1019 309 964 308 7
1005 304 956 303 1023 311 969 310 12
1003 324 950 324 1021 333 955 334 5
1015 123 972 120 1029 117 981 117 10
1016 128 972 128 1029 125 984 124 9
1011 163 967 163 1025 161 978 160 18
1013 173 968 173 1027 171 980 171 18
1014 183 970 184 1029 183 981 183 23
1013 179 971 179 1029 181 981 181 15
1011 229 967 229 1025 233 981 234 26
1009 292 959 293 1029 299 974 299 9
1007 304 961 306 1027 313 973 313 11
1008 335 956 333 1025 343 979 343 31
1021 126 976 126 1035 123 988 122 5
1019 151 974 151 1031 151 985 149 7
1019 164 974 164 1033 163 986 162 9
1016 175 972 173 1031 173 984 172 12
1021 205 976 205 1035 205 988 205 11
1018 211 974 214 1033 215 985 213 26
1017 225 973 225 1031 229 984 228 34
1021 231 976 231 1035 233 988 233 27
1015 246 967 245 1033 249 987 250 23
1016 263 962 266 1033 271 977 272 11
1016 273 965 274 1035 279 981 280 15
1014 277 963 277 1033 283 977 281 12
1017 297 966 298 1035 305 980 305 12
1016 313 966 311 1035 321 981 321 7
1015 315 964 315 1033 323 979 323 10
1023 167 978 166 1037 165 990 165 21
1024 186 980 189 1039 185 993 185 18
1023 192 977 191 1039 193 992 193 11
1026 218 981 217 1041 219 994 218 14
1025 229 980 229 1041 231 992 231 23
1021 291 969 289 1039 299 985 297 13
1018 319 968 320 1037 327 984 328 10
1028 173 983 172 1043 171 997 170 29
1028 217 982 217 1043 219 995 218 14
1031 216 981 215 1047 217 999 217 19
1027 233 981 232 1043 235 995 234 18
1031 242 984 242 1045 245 996 244 19
1027 247 977 247 1047 251 993 250 15
1026 254 973 254 1045 259 988 259 9
1023 268 971 268 1043 273 987 273 12
1022 284 970 284 1043 291 986 291 15
1035 163 991 163 1049 161 997 161 100
1036 180 992 179 1051 179 1006 179 88
1034 188 989 187 1049 187 1001 186 53
1036 212 991 211 1051 213 1004 211 16
1032 236 986 236 1049 239 1000 239 18
1035 249 984 250 1051 253 1001 253 19
1033 262 979 262 1053 267 1000 265 15
1032 298 981 297 1053 305 996 303 13
1031 303 979 305 1049 313 995 312 7
1029 339 972 339 1053 351 991 351 48
1041 153 1001 155 1057 151 1017 152 140
1042 168 998 168 1057 167 1010 167 149
1040 222 994 222 1057 223 1008 223 9
1039 223 991 221 1055 225 1007 224 15
1042 223 997 223 1059 225 1010 225 17
1042 227 996 227 1059 229 1010 228 11
1041 235 995 234 1059 235 1009 233 12
1038 236 993 235 1057 239 1007 237 17
1041 237 994 238 1059 241 1007 240 14
1039 246 990 245 1055 249 1007 250 20
1036 295 984 296 1057 303 1001 303 11
1036 291 984 292 1057 299 1002 299 14
1034 293 981 294 1055 301 999 301 10
1034 300 983 300 1055 307 998 308 9
1038 317 988 317 1059 325 1003 325 10
1035 321 983 321 1055 329 1000 329 8
1045 217 1000 217 1061 219 1013 219 14
1045 232 999 231 1063 233 1015 233 14
1044 258 990 256 1063 261 1007 261 13
1042 267 990 268 1063 273 1009 274 10
1040 314 987 311 1061 321 1005 320 11
1042 318 990 318 1063 327 1007 327 10
1041 340 983 340 1065 351 1003 351 63
1053 213 1007 213 1069 213 1024 214 22
1047 227 1002 227 1067 229 1017 231 15
1051 234 1004 234 1069 237 1019 237 12
1054 239 1007 240 1071 243 1022 243 18
1049 236 1002 235 1067 239 1016 239 14
1049 249 1001 248 1069 253 1015 253 16
1047 258 994 258 1067 263 1012 263 12
1045 305 996 306 1069 315 1013 315 8
1044 303 993 304 1067 311 1012 312 9
1044 334 987 334 1067 345 1007 345 50
1044 345 986 346 1069 357 1007 358 64
1054 228 1007 229 1073 229 1022 230 15
1058 244 1011 244 1077 247 1027 247 17
1055 272 1004 272 1077 277 1022 276 10
1053 276 1001 276 1075 283 1020 283 9
1055 327 1001 328 1077 337 1021 338 68
1049 331 994 331 1073 341 1013 341 106
1048 347 987 347 1073 359 1007 359 141
1064 208 1014 208 1083 209 1031 209 14
1060 226 1011 227 1079 229 1028 229 18
1056 277 1006 280 1079 285 1023 287 8
1057 286 1005 283 1079 291 1021 292 14
1057 288 1006 288 1079 295 1019 293 12
1063 286 1010 288 1083 293 1028 294 8
1062 317 1011 317 1083 325 1028 326 13
1057 313 1005 315 1079 323 1023 321 13
1055 322 999 321 1079 331 1020 330 24
1061 332 1001 333 1083 343 1024 343 112
1056 334 996 335 1079 345 1019 345 142
1068 145 1019 142 1089 141 1034 139 10
1067 161 1017 159 1089 159 1035 157 23
1067 180 1019 180 1089 179 1034 177 22
1066 223 1016 223 1085 225 1033 225 13
1067 225 1018 225 1087 227 1035 227 16
1065 250 1019 249 1087 253 1036 253 15
1065 303 1013 302 1087 309 1033 307 9
1062 326 1005 323 1085 335 1026 335 38
1061 342 1002 342 1087 353 1024 353 264
1071 159 1021 158 1091 157 1038 156 12
1073 201 1023 201 1093 203 1039 202 14
1072 218 1023 217 1093 219 1040 219 20
1072 268 1019 267 1095 273 1039 272 11
1070 261 1018 261 1091 269 1037 267 9
1069 263 1015 266 1091 271 1036 271 14
1071 276 1018 276 1095 283 1037 282 12
1071 296 1022 297 1095 303 1044 303 13
1073 326 1017 325 1095 335 1036 333 118
1069 332 1013 333 1093 343 1031 343 113
1078 144 1029 144 1101 141 1046 141 13
1082 225 1032 225 1101 227 1051 226 12
1080 229 1030 229 1099 231 1047 230 15
1077 233 1027 235 1099 235 1044 236 10
1074 282 1021 282 1097 287 1040 288 7
1076 335 1018 335 1101 345 1038 345 231
1085 208 1036 207 1105 209 1054 208 9
1083 218 1033 219 1105 221 1051 220 16
1083 240 1035 241 1105 245 1054 243 17
1085 252 1033 252 1107 255 1051 255 26
1079 277 1029 278 1105 283 1049 283 9
1080 309 1026 309 1103 315 1045 314 10
1081 323 1029 323 1103 331 1050 332 11
1089 147 1038 147 1111 143 1058 144 7
1087 165 1035 164 1109 163 1053 162 20
1088 185 1037 186 1111 185 1058 183 7
1090 194 1040 194 1113 195 1060 193 9
1089 249 1037 249 1113 253 1058 253 17
1085 271 1032 270 1109 275 1052 274 9
1095 198 1049 197 1117 199 1065 199 14
1094 214 1043 214 1115 217 1063 218 13
1094 228 1047 228 1115 231 1061 230 11
1089 255 1039 255 1115 259 1057 259 24
1089 275 1039 276 1117 281 1061 282 10
1094 293 1040 292 1117 299 1060 298 8
1094 299 1043 299 1119 305 1063 306 8
1092 307 1040 307 1115 315 1060 314 11
1096 311 1041 310 1117 319 1060 319 11
1100 177 1049 177 1121 179 1071 177 17
1100 244 1051 245 1125 249 1071 248 24
1097 250 1045 250 1121 253 1066 253 46
1097 255 1045 255 1121 259 1066 259 27
1100 283 1048 283 1125 289 1069 289 19
1100 310 1045 309 1123 317 1067 317 15
1113 145 1069 147 1137 143 1085 141 12
1112 223 1065 223 1135 225 1085 223 16
1119 149 1075 149 1139 147 1091 145 19
1116 187 1068 188 1141 189 1089 188 14
1119 211 1061 209 1141 211 1080 209 19
1113 247 1063 248 1139 251 1084 251 18
1121 191 1067 191 1145 193 1089 191 28
1128 218 1078 217 1149 219 1101 218 34
1122 220 1075 220 1145 223 1093 222 18
1126 223 1077 223 1147 225 1096 225 20
1131 168 1082 168 1153 167 1103 166 80
1131 173 1083 172 1153 171 1102 170 77
1129 170 1081 169 1151 169 1100 168 63
1128 176 1080 175 1151 175 1100 174 64
1130 186 1085 184 1153 185 1105 183 68
1121 289 1059 289 1155 297 1086 297 19
1117 313 1055 315 1151 323 1083 324 62
1135 171 1087 170 1157 169 1106 168 68
1135 177 1087 177 1157 175 1107 175 67
1133 223 1084 223 1157 225 1109 224 20
1124 311 1060 312 1157 321 1088 321 41
1144 158 1097 157 1167 155 1117 154 41
1140 163 1093 163 1163 161 1112 161 50
1132 269 1068 269 1167 275 1099 275 29
1132 274 1068 275 1167 281 1098 281 25
1127 290 1063 290 1163 299 1093 299 27
1128 309 1064 309 1163 319 1094 319 33
1148 113 1101 111 1171 107 1120 105 58
1146 117 1097 115 1169 111 1118 109 57
1147 151 1099 151 1171 147 1119 147 54
1147 214 1094 213 1171 215 1119 215 45
1145 247 1090 247 1171 251 1117 252 21
1136 276 1070 277 1173 283 1102 284 42
1136 289 1071 287 1173 297 1100 297 21
1133 307 1068 307 1169 317 1098 316 25
1135 309 1069 309 1171 319 1101 319 75
1151 251 1100 251 1177 255 1120 255 15
1140 269 1077 269 1175 275 1106 275 34
1139 274 1076 275 1175 281 1107 281 23
1142 293 1076 294 1179 301 1106 301 18
1140 298 1076 298 1177 307 1109 307 14
1146 289 1081 289 1185 299 1112 299 21
1145 295 1078 295 1183 305 1111 305 16
1144 326 1081 327 1181 337 1110 337 311
1148 329 1086 327 1185 341 1115 341 313
1148 304 1080 305 1187 315 1114 315 69
1150 303 1082 303 1189 313 1116 313 54
1171 131 1125 132 1197 125 1143 124 74
1157 278 1089 278 1197 285 1123 285 53
1161 283 1093 282 1201 289 1127 290 35
1197 174 1154 174 1217 173 1174 172 63
1178 277 1110 278 1221 285 1146 285 60
1176 274 1105 273 1219 281 1145 281 73
1177 279 1109 279 1219 287 1145 287 51
