86 221 53 221 51 225 17 224 91
97 285 57 285 57 293 17 294 213
96 194 62 195 61 197 21 195 105
95 205 62 204 61 207 25 206 79
95 227 62 226 61 231 21 231 132
103 279 63 279 63 287 21 287 244
100 214 67 214 67 217 31 218 103
105 283 63 283 65 291 17 292 308
109 178 75 178 75 179 38 180 172
105 210 71 210 71 213 35 213 125
105 239 70 241 75 243 37 243 120
105 235 71 234 71 239 35 239 90
112 289 68 288 71 297 24 296 254
113 200 78 200 79 203 43 203 124
120 201 88 201 87 203 53 203 151
115 217 83 218 83 221 49 221 179
118 223 80 223 83 227 44 227 98
119 259 84 259 85 265 50 264 114
125 279 85 279 87 287 45 287 371
146 114 83 115 91 107 21 108 50
145 143 82 144 91 141 20 141 134
146 151 81 151 91 149 20 149 134
125 234 90 237 91 239 55 241 84
125 240 90 240 91 245 55 245 140
124 246 90 246 91 251 55 251 116
129 283 88 283 91 291 46 291 348
131 281 89 281 93 289 47 289 365
151 83 89 86 95 77 29 76 156
153 111 89 112 99 105 29 106 64
129 195 96 194 97 197 64 197 162
126 203 94 202 95 205 61 205 128
130 211 98 210 99 213 65 212 114
129 221 91 219 95 225 56 224 222
132 225 97 225 99 229 61 229 183
131 229 98 229 99 233 63 233 103
128 242 94 242 95 247 59 247 94
158 104 94 104 105 97 35 97 89
155 108 91 108 101 101 30 102 63
159 110 94 110 105 103 34 103 159
157 143 93 143 103 139 31 139 104
133 210 100 210 101 213 66 213 118
137 221 104 221 105 225 69 224 88
134 230 102 229 103 233 69 232 99
160 120 96 120 107 115 36 115 84
162 122 98 122 109 117 39 118 90
161 124 96 124 107 119 35 119 100
163 144 99 144 109 141 38 141 100
161 140 96 141 107 137 37 137 188
139 211 105 212 107 215 72 215 81
140 219 108 219 109 223 76 222 126
140 232 107 233 109 237 75 237 104
140 247 108 246 109 251 74 251 81
168 76 103 77 115 67 43 68 101
166 83 102 84 113 75 43 76 87
168 111 105 111 117 105 48 106 80
167 117 103 116 115 111 45 112 83
166 133 102 133 113 129 42 130 110
167 143 102 142 113 139 42 140 132
169 156 105 157 115 149 44 150 199
146 221 113 221 115 225 81 224 97
146 227 113 227 115 231 80 231 91
154 284 112 284 117 293 73 293 266
152 301 108 300 113 311 66 310 172
174 91 109 91 121 83 54 84 97
172 109 109 109 121 103 53 104 40
173 112 111 113 121 105 53 106 62
172 124 109 126 121 121 50 121 69
171 138 108 139 119 135 49 135 101
175 135 111 136 123 133 54 135 99
148 245 119 244 119 249 88 248 74
148 259 118 258 119 263 87 263 30
163 278 121 277 123 285 85 284 189
176 57 113 57 125 45 57 46 63
178 53 117 54 127 43 61 43 66
177 59 115 60 127 49 58 50 69
157 200 122 200 125 201 87 199 168
158 212 125 212 127 215 94 214 72
155 239 125 238 127 243 96 243 69
165 279 125 279 127 287 91 286 195
166 286 124 286 129 295 81 293 220
163 300 120 299 127 309 81 308 219
180 58 119 58 131 47 63 47 77
181 69 119 70 131 59 62 60 85
180 105 118 107 131 101 63 102 61
180 154 117 154 131 153 62 153 155
159 224 131 223 133 227 95 227 90
189 103 128 104 141 97 74 97 88
186 110 124 110 137 103 70 104 61
186 121 125 121 139 117 71 117 49
164 228 134 227 137 231 106 230 72
165 234 136 233 137 237 107 236 60
165 244 135 244 137 249 106 249 36
176 292 135 292 141 301 96 301 200
177 298 135 297 141 307 96 306 164
194 35 131 35 145 21 74 22 115
195 76 134 77 147 67 81 68 55
193 122 131 121 145 117 78 117 43
190 123 128 123 143 119 75 119 65
178 184 143 185 147 187 110 187 199
174 195 142 195 145 197 110 197 182
174 203 139 200 143 203 107 202 123
175 212 144 212 147 215 113 214 61
171 222 143 221 145 225 117 224 70
173 226 144 225 147 229 118 229 69
172 239 143 238 145 243 115 242 35
181 301 137 301 145 311 99 310 168
197 118 135 118 149 113 81 114 36
176 222 146 221 149 225 117 224 124
178 222 148 221 151 225 119 224 110
181 258 145 257 149 263 115 263 80
187 303 143 302 151 313 103 312 179
191 337 137 336 151 351 91 350 177
187 257 152 257 157 263 121 262 78
188 269 154 268 159 275 123 274 144
206 67 146 67 161 57 91 58 120
213 130 151 130 165 127 100 126 152
192 207 161 206 165 209 133 209 89
188 220 156 220 165 223 131 223 130
191 226 160 226 165 229 132 230 51
190 251 159 252 165 255 131 255 87
190 263 156 263 161 269 125 268 154
192 275 158 274 163 281 127 280 196
211 79 152 80 167 71 99 71 60
217 86 156 86 171 77 106 78 67
216 126 155 127 171 123 104 123 112
214 124 152 123 167 119 100 120 89
197 207 167 206 171 209 139 209 61
196 214 165 214 169 217 137 217 81
193 243 163 242 167 247 136 247 34
196 273 161 272 167 279 131 278 157
199 289 159 288 167 297 125 296 225
201 289 161 288 169 297 126 296 208
199 293 159 292 167 301 125 300 216
204 307 160 307 169 317 122 316 212
224 35 159 35 177 21 104 22 167
221 52 157 53 175 41 104 41 124
222 63 158 65 175 53 103 51 123
221 68 156 69 175 59 105 60 115
203 227 173 227 177 231 144 231 73
201 226 169 226 173 229 141 231 78
200 233 170 232 175 237 142 236 81
201 256 170 256 175 261 143 261 203
209 283 169 283 177 291 135 291 306
209 299 165 299 175 309 129 308 211
209 305 166 304 175 315 129 314 124
225 67 161 68 179 57 108 58 139
227 63 161 63 181 53 107 52 190
211 202 176 203 183 205 147 205 58
209 237 177 237 183 241 148 241 60
209 256 179 255 183 261 153 262 202
209 262 177 262 181 267 149 267 340
205 258 174 258 179 263 148 263 190
208 262 178 262 183 267 151 267 160
210 275 177 274 183 281 148 280 291
218 320 177 319 183 331 139 330 183
219 339 165 338 179 353 122 352 106
212 191 176 191 185 193 147 194 210
213 200 179 200 185 201 150 201 108
215 206 180 206 187 209 149 209 54
213 209 178 208 185 211 148 211 75
214 227 183 227 189 231 156 231 60
216 289 176 289 185 297 143 296 285
216 293 177 292 185 301 143 300 197
221 296 179 296 189 305 145 304 144
223 337 170 336 185 351 127 350 76
236 91 174 91 193 83 125 84 180
220 199 187 199 193 201 157 201 108
219 220 184 219 191 223 155 222 43
223 219 188 219 195 223 160 222 54
218 267 185 267 191 273 157 273 144
222 269 188 269 195 275 159 274 134
224 295 183 294 193 303 149 303 196
234 340 179 339 195 355 136 354 93
229 339 175 338 191 353 133 352 93
240 31 177 32 197 19 126 17 192
243 46 180 48 201 35 129 36 186
241 65 179 66 199 55 129 55 228
227 199 192 199 199 201 162 201 117
225 218 191 217 199 221 163 221 65
226 247 192 246 197 251 165 251 36
228 282 191 282 201 289 157 288 334
229 289 190 289 199 297 159 296 189
228 300 187 299 197 309 153 308 261
231 305 188 304 199 315 153 314 94
239 338 185 338 201 353 143 352 83
246 75 183 75 203 65 134 66 316
243 110 185 111 203 105 142 106 78
233 220 200 219 207 223 172 222 71
228 233 197 231 203 237 169 235 44
232 260 198 259 205 265 168 265 43
233 265 199 265 207 271 171 271 55
233 293 193 292 203 301 160 300 162
237 291 197 290 207 299 165 298 183
242 347 185 346 203 363 141 362 83
253 57 190 57 211 45 143 46 407
254 83 195 84 213 75 146 77 130
235 210 201 210 209 213 174 213 72
237 213 204 212 211 215 176 215 101
234 247 202 247 209 251 176 251 35
235 269 201 269 209 275 173 275 67
239 284 204 283 213 291 176 290 197
240 291 200 291 211 299 168 299 145
241 302 199 301 211 311 167 310 96
247 342 193 341 209 357 148 356 99
249 345 193 345 211 361 150 360 90
256 114 199 114 217 109 155 109 49
258 151 200 151 219 149 156 149 144
241 216 207 216 215 219 180 219 55
240 238 208 238 215 243 182 243 25
241 271 207 270 215 277 179 277 111
243 269 209 269 217 275 181 274 76
244 293 205 292 215 301 174 300 124
266 37 203 37 225 23 156 24 282
263 90 206 90 225 83 162 83 36
263 121 206 122 225 117 163 117 25
261 123 204 123 223 119 160 119 43
261 147 204 147 223 145 160 145 99
249 206 215 207 223 209 187 209 141
247 239 216 238 223 243 189 242 44
250 241 217 240 225 245 191 244 76
246 250 213 250 221 255 187 254 63
250 258 216 258 225 263 190 262 85
248 269 214 269 223 275 187 274 123
247 273 212 273 221 279 185 279 83
249 282 214 282 223 289 186 289 198
254 296 215 296 225 305 182 304 87
270 35 206 35 229 21 159 21 245
268 44 204 45 227 31 157 32 281
270 63 211 63 231 53 168 53 134
269 76 211 76 231 67 167 68 56
264 79 206 80 227 71 163 72 32
265 94 207 94 227 87 165 88 50
265 100 207 99 227 93 163 91 53
268 143 210 143 231 141 167 141 108
253 221 219 223 227 227 195 226 101
252 237 219 236 227 241 193 239 93
255 244 223 244 231 249 197 249 63
255 252 223 252 231 257 196 257 104
252 256 218 256 227 261 192 260 102
254 262 220 262 229 267 193 267 111
256 306 214 305 227 315 180 314 81
275 85 216 85 237 77 173 78 59
272 123 214 122 235 119 172 119 99
272 128 215 129 235 125 172 126 130
273 132 217 132 237 129 175 129 185
272 130 215 131 235 127 174 127 148
273 145 214 145 235 143 171 143 198
259 208 227 208 235 211 202 211 170
259 213 226 212 235 215 199 214 105
258 213 225 212 233 215 198 214 143
261 248 229 248 235 253 200 253 206
260 254 225 254 235 259 199 259 86
258 271 224 270 233 277 198 276 69
261 288 224 287 235 295 196 294 177
266 306 223 305 237 315 191 314 64
278 63 220 63 241 53 178 53 142
277 66 218 66 239 57 176 57 68
277 78 218 78 239 69 175 69 53
281 91 221 90 243 83 178 83 90
280 99 223 101 243 93 178 94 95
267 258 234 258 243 263 209 263 89
266 289 228 289 239 297 199 296 139
268 309 231 307 239 319 203 318 244
269 316 233 318 239 327 203 325 228
278 338 224 338 243 353 185 352 57
278 346 222 345 243 361 182 360 60
281 61 224 61 245 51 182 51 111
282 65 223 65 245 55 182 56 120
286 84 228 85 249 77 186 77 120
285 86 226 86 247 79 181 78 109
282 94 223 94 245 87 180 87 108
284 98 225 98 247 91 183 91 104
272 228 237 227 247 231 211 231 72
274 231 239 231 249 235 213 235 69
272 243 241 242 249 247 215 246 100
270 248 238 248 247 253 213 253 79
269 271 236 271 245 277 209 276 71
271 279 235 278 245 285 208 284 209
274 328 239 325 247 339 204 337 126
275 211 241 210 251 213 215 213 159
275 225 241 225 251 229 215 229 91
279 226 245 225 255 229 219 229 95
275 246 242 246 251 251 217 251 94
279 264 245 263 255 269 220 269 74
275 267 241 267 251 273 216 272 65
275 271 241 271 251 277 216 276 145
278 286 241 286 253 293 214 293 258
279 291 241 291 253 299 213 298 126
287 346 231 345 253 361 192 360 72
294 38 237 41 259 27 193 29 273
294 54 237 54 259 43 195 43 212
297 61 238 61 261 51 198 51 179
284 226 251 225 261 229 225 229 102
282 239 250 238 259 243 225 243 131
279 242 248 242 257 247 223 246 148
284 260 250 260 261 265 226 265 85
286 298 242 301 259 307 215 307 135
294 337 240 336 261 351 204 350 73
300 65 243 65 265 55 203 56 129
301 79 244 80 267 71 204 72 184
289 205 257 204 267 207 234 207 218
289 216 258 216 267 219 234 219 165
286 220 253 220 263 223 239 221 305
286 218 253 218 263 221 230 221 191
285 243 254 243 263 247 231 246 104
287 241 256 241 265 245 232 245 96
286 254 253 254 263 259 228 258 86
287 258 254 258 265 263 230 263 109
286 279 252 278 263 285 227 284 175
290 275 256 275 267 281 231 281 106
288 275 254 275 265 281 229 281 108
291 316 255 316 263 327 223 327 239
295 341 241 340 263 355 204 354 81
303 44 247 45 269 33 209 34 154
305 77 248 77 271 69 208 69 188
304 87 246 87 269 79 206 79 188
306 94 249 94 273 87 211 87 159
294 226 263 225 273 229 240 229 140
294 230 263 229 273 233 241 233 169
291 250 258 250 269 255 233 255 125
295 256 262 256 273 261 239 260 103
293 266 260 265 271 271 236 271 98
296 282 260 282 273 289 235 289 157
293 286 256 286 269 293 231 292 184
310 29 254 29 277 17 217 18 140
312 33 256 33 279 21 219 21 186
310 101 252 101 277 95 214 95 127
300 230 270 229 279 233 247 233 238
298 232 267 231 277 235 245 235 179
297 254 264 254 275 259 241 259 117
299 269 262 270 277 275 238 276 278
300 273 266 273 277 279 241 279 89
297 275 263 275 275 281 239 281 102
304 293 264 293 279 301 238 300 94
313 31 258 31 281 19 222 18 193
316 35 259 36 283 23 220 23 225
317 40 258 41 283 29 220 30 175
315 58 260 59 283 49 223 50 237
314 62 261 63 283 53 224 53 229
305 211 273 210 283 213 249 213 164
305 224 276 224 285 227 254 227 187
305 232 275 232 285 235 254 234 246
303 233 273 233 283 237 251 237 188
303 238 274 237 283 241 252 241 203
308 295 268 295 283 303 240 303 95
306 297 265 297 281 305 240 304 136
311 302 269 302 285 311 242 310 99
320 44 262 45 287 33 224 34 177
321 40 265 42 289 29 224 29 157
321 117 264 118 289 113 227 114 300
308 194 279 194 289 195 259 195 256
309 212 279 212 289 215 258 215 155
309 228 279 228 289 231 258 231 353
307 232 277 232 287 235 256 234 335
309 275 278 274 287 281 254 280 87
313 294 277 293 291 301 252 300 90
313 258 283 258 293 263 263 262 192
313 266 282 266 293 271 260 270 216
315 273 281 273 293 279 259 279 93
317 297 277 296 293 305 250 305 61
330 30 278 31 301 19 245 19 115
332 47 280 48 303 37 246 38 90
334 94 274 94 301 87 237 88 252
320 201 289 201 301 203 275 201 250
320 210 292 210 301 213 275 211 141
318 220 286 221 299 223 265 223 376
317 245 293 245 299 249 271 250 400
318 261 289 260 299 265 269 264 193
319 272 288 271 299 277 266 276 127
337 30 286 31 309 19 253 20 153
334 43 281 44 305 33 249 34 76
336 49 284 48 307 39 250 39 118
336 62 283 62 307 53 249 53 105
338 64 285 64 309 55 251 55 112
338 94 279 95 305 87 241 87 259
327 249 299 249 309 253 280 253 141
328 289 293 288 309 295 269 295 106
333 303 287 303 307 313 263 312 32
337 312 291 312 309 323 264 322 71
332 317 287 316 307 327 258 326 72
335 329 285 328 307 341 254 341 95
327 244 302 243 311 247 283 247 154
333 255 304 255 315 259 285 259 133
332 279 298 279 311 285 276 285 148
331 275 298 275 311 281 276 281 91
332 283 297 282 311 289 274 288 111
341 313 291 312 315 323 264 322 62
339 318 291 318 313 329 262 328 95
338 325 289 324 311 337 259 336 94
344 348 291 346 315 363 256 362 73
347 69 295 69 319 61 263 61 145
347 75 294 75 319 67 262 67 173
349 91 296 91 321 85 264 85 184
336 243 308 243 317 247 288 247 143
337 247 309 247 319 251 289 251 289
337 257 308 257 319 261 289 261 124
335 253 306 252 317 257 287 257 85
335 259 307 258 317 263 286 263 132
343 307 300 308 319 317 273 317 47
346 312 301 312 321 323 275 322 52
347 346 293 345 319 361 260 360 81
355 48 300 49 327 39 267 40 160
353 58 299 59 325 49 265 50 166
351 73 298 72 323 65 266 65 174
351 88 298 88 323 81 266 82 143
351 95 298 95 323 89 266 89 193
342 261 313 261 325 265 294 265 141
349 317 304 316 325 327 276 326 83
349 312 302 312 323 323 275 322 54
356 339 298 340 325 355 266 354 82
355 348 300 348 327 363 268 362 165
360 75 306 75 333 67 274 67 257
359 91 308 92 333 85 273 83 187
360 119 307 119 333 115 277 115 195
346 246 318 246 329 249 300 249 262
350 279 316 279 331 285 294 285 81
351 291 313 291 331 299 290 298 71
357 312 309 312 333 323 281 322 65
354 313 305 312 329 323 279 322 71
354 325 306 325 329 337 277 336 88
366 40 312 39 339 29 281 29 188
354 255 325 255 337 259 307 259 530
354 283 319 283 335 289 297 289 68
356 296 316 295 335 305 293 303 16
364 325 315 325 339 337 286 337 134
371 30 319 31 345 19 288 20 251
368 43 314 44 341 33 282 33 242
371 117 317 118 345 113 287 114 202
362 277 320 278 343 283 299 284 291
369 312 323 312 345 323 295 322 53
366 318 320 318 343 329 293 328 106
369 339 316 339 343 353 283 352 53
374 121 319 122 347 117 287 118 220
377 126 323 127 351 121 292 121 215
374 313 326 312 351 323 303 322 57
373 346 320 346 347 361 290 360 96
377 113 325 113 355 107 297 109 244
378 261 336 261 357 267 312 267 294
377 264 334 265 355 271 310 271 444
375 317 330 316 353 327 303 327 66
377 315 332 314 355 325 306 324 254
376 326 328 325 353 337 302 336 87
380 324 332 323 357 335 306 334 137
386 72 333 73 361 65 304 65 268
382 88 333 89 359 83 305 82 294
384 249 341 249 363 255 318 255 272
382 291 344 292 363 299 322 299 21
383 340 332 340 359 353 302 354 92
384 345 331 345 359 359 302 358 98
389 90 340 91 365 83 311 83 252
388 243 345 243 367 247 322 247 246
385 259 342 259 365 265 320 265 166
389 257 347 257 369 263 324 262 74
385 287 345 284 365 293 323 292 49
389 317 343 317 367 327 318 326 102
393 254 351 254 373 259 328 259 30
395 263 355 263 375 269 331 269 21
393 313 348 313 371 323 322 322 73
396 319 350 318 375 329 327 329 128
400 51 347 51 379 43 320 43 257
399 76 350 76 377 69 324 69 201
402 71 356 73 381 65 331 66 193
397 248 355 248 377 253 332 253 36
397 257 354 257 377 263 332 263 19
403 304 358 304 381 313 337 312 75
402 317 356 316 381 327 333 327 104
398 315 351 314 377 325 327 324 114
398 321 352 320 377 331 329 331 131
399 338 348 338 377 351 322 350 115
406 90 359 91 385 85 335 87 173
411 97 360 96 387 93 341 94 242
400 261 361 261 383 267 338 267 27
401 267 359 267 385 273 339 273 14
397 278 352 277 383 285 339 284 26
402 284 365 284 385 291 344 291 15
400 286 363 285 383 293 343 292 19
412 40 362 38 391 31 339 31 214
413 79 368 81 393 73 341 74 154
412 229 372 229 393 233 350 234 145
410 250 368 250 391 255 346 255 39
408 256 366 255 389 261 344 261 23
408 301 367 301 389 309 345 309 24
409 310 367 310 391 319 346 320 53
411 324 365 324 391 335 341 335 128
413 334 364 333 393 345 340 345 87
420 64 371 67 399 57 347 57 260
419 102 370 101 399 97 346 96 171
416 223 380 223 399 227 362 227 215
414 250 373 249 397 255 352 255 69
417 257 376 257 399 263 354 263 30
417 306 376 306 395 317 349 317 48
415 312 372 312 395 321 350 321 43
411 192 397 192 401 193 386 193 352
421 284 379 284 405 291 359 291 20
421 287 384 288 405 295 361 297 19
422 315 378 314 403 325 356 325 61
422 321 378 320 403 331 355 331 71
423 326 376 325 403 337 353 337 167
418 177 408 179 409 179 399 180 203
428 228 389 227 411 231 369 231 58
427 257 385 257 409 263 364 263 42
427 315 383 314 407 325 361 324 63
426 322 380 322 407 333 359 332 76
429 319 384 319 411 329 363 329 83
424 178 414 178 417 179 405 179 205
427 186 413 186 417 187 403 187 178
430 225 390 225 413 229 371 229 215
434 230 393 230 417 233 375 233 98
433 239 391 239 415 243 370 243 34
435 250 392 250 417 255 373 255 35
433 282 394 283 415 289 370 288 15
432 287 390 287 415 295 373 295 19
432 315 391 314 415 325 371 324 90
433 182 419 182 423 183 410 183 166
432 192 419 192 423 193 409 193 114
439 237 396 237 421 241 377 241 36
437 235 395 235 419 239 374 239 42
437 241 395 241 419 245 374 245 40
438 284 397 283 419 291 376 291 17
437 319 392 319 419 329 370 329 106
442 319 397 319 423 329 376 329 106
437 323 392 324 419 335 369 333 127
438 329 390 329 419 341 368 340 121
442 333 393 333 423 345 370 345 141
435 156 425 157 427 157 416 157 339
436 184 423 184 427 185 413 185 190
441 205 405 205 425 207 391 207 115
442 232 398 232 427 237 383 237 172
447 317 402 317 429 327 381 327 109
444 313 399 313 425 323 377 323 94
443 331 394 331 425 343 372 343 127
448 348 393 348 427 363 369 362 144
441 113 429 109 433 111 415 109 424
442 174 430 175 433 175 420 176 153
444 180 431 180 435 181 422 181 95
440 186 427 186 431 187 418 187 131
448 222 408 223 433 227 393 227 38
449 316 405 316 433 325 386 325 237
448 321 403 321 431 331 383 331 109
455 345 401 345 435 359 378 359 161
449 163 437 161 439 161 428 162 168
450 176 437 176 441 177 428 177 82
450 186 437 186 441 187 428 187 111
460 265 416 265 441 271 396 271 36
450 282 405 281 437 289 393 289 16
454 310 406 311 439 319 393 319 110
459 168 443 168 447 169 434 169 77
454 173 441 172 445 173 432 173 94
456 180 443 180 447 181 434 181 70
456 225 418 225 443 229 401 229 44
461 239 422 239 445 243 403 243 36
459 254 417 253 443 259 398 259 33
463 257 421 257 447 263 402 263 25
459 259 417 259 443 265 398 265 33
461 312 418 312 445 321 400 321 146
460 169 445 170 449 171 436 171 107
460 184 447 184 451 185 437 185 90
462 188 449 188 453 189 440 189 130
465 211 429 213 449 213 415 213 64
468 226 429 225 453 229 412 229 52
467 252 425 252 451 257 409 257 45
464 271 422 270 449 277 405 278 19
464 280 423 279 451 287 406 287 26
467 323 421 322 451 333 401 332 98
465 344 414 343 449 357 391 357 97
468 348 415 348 451 363 392 363 81
466 168 453 168 457 169 444 169 67
464 172 451 172 455 173 442 173 56
466 180 453 180 457 181 444 181 67
468 190 455 190 459 191 445 191 121
471 227 432 227 457 231 416 231 46
474 246 432 246 459 251 414 251 131
471 307 430 307 457 315 414 315 101
473 345 419 345 457 359 399 359 140
471 78 460 78 463 77 452 77 181
471 93 460 94 463 93 452 93 271
473 105 462 105 465 105 454 106 355
469 109 458 110 461 109 450 109 377
473 129 462 129 465 129 454 129 507
470 173 457 172 461 173 448 173 80
474 173 461 172 465 173 452 173 94
474 188 460 188 465 189 451 189 164
477 220 439 220 463 223 423 224 118
479 242 437 242 465 247 421 247 201
478 315 434 315 463 325 417 324 125
477 84 466 84 469 83 458 83 151
479 96 469 95 471 95 460 95 161
478 125 466 126 469 125 458 125 229
475 131 464 131 467 131 455 130 359
479 150 467 151 471 151 459 151 416
479 158 468 157 471 157 459 159 328
475 168 463 169 467 169 455 170 275
478 180 465 180 469 181 456 181 98
479 186 467 186 471 187 458 187 183
477 190 465 190 469 191 456 191 200
478 194 464 194 469 195 456 195 287
481 207 443 207 467 209 427 209 135
482 211 445 211 469 213 429 213 169
484 209 447 209 471 211 431 211 166
483 265 441 265 469 271 425 271 73
481 267 439 267 467 273 422 273 54
485 269 443 269 471 275 426 275 58
480 272 439 272 467 279 423 279 50
484 296 446 296 471 303 430 303 192
483 301 442 301 469 309 425 309 105
485 305 444 305 471 313 428 313 74
485 315 442 315 471 325 421 323 125
482 319 437 319 467 329 419 329 72
486 321 440 325 471 331 423 331 82
483 62 471 62 475 61 463 61 195
483 68 472 68 475 67 464 67 201
481 76 470 76 473 75 462 75 295
485 78 474 78 477 77 466 77 142
481 82 470 82 473 81 462 81 236
482 86 471 86 473 85 462 85 210
483 94 472 93 475 93 464 93 113
485 90 474 90 477 89 466 89 98
481 100 471 100 473 99 462 99 148
485 96 474 96 477 95 466 95 160
481 110 470 109 473 109 462 109 194
483 139 472 141 475 141 464 141 347
485 145 474 145 477 145 466 145 393
485 186 472 185 477 187 464 187 189
483 188 470 188 475 189 462 189 217
490 229 451 231 477 233 436 233 300
490 243 452 242 477 247 437 246 259
488 244 447 244 473 249 429 249 107
487 248 445 248 473 253 431 252 322
487 254 445 254 473 259 429 258 202
489 263 447 263 475 269 431 269 83
486 273 447 272 473 279 429 279 105
488 273 447 273 475 279 431 279 133
490 283 450 282 477 289 434 289 234
486 290 445 290 473 297 430 297 98
491 317 447 317 477 327 430 326 76
487 67 477 66 481 65 470 65 419
487 72 476 72 479 71 467 70 147
489 76 478 76 481 75 470 75 323
489 104 478 104 481 103 470 103 108
487 111 477 111 479 111 468 111 344
491 115 480 115 483 115 472 115 242
491 135 480 134 483 135 472 134 153
491 147 480 147 483 147 472 147 228
487 149 476 149 479 149 468 149 363
492 227 454 227 479 231 438 232 230
496 233 457 233 483 237 442 237 171
494 237 455 237 481 241 439 241 164
495 251 452 251 483 255 439 256 149
495 303 455 303 481 311 439 311 137
497 318 451 320 483 329 434 330 67
494 333 445 332 479 345 426 345 87
495 31 484 31 487 29 476 29 355
497 33 486 33 489 31 478 31 348
493 48 482 48 485 47 474 47 216
495 101 484 101 487 101 476 101 92
495 111 484 111 487 111 476 111 173
495 117 484 117 487 117 476 117 137
493 139 482 139 485 139 474 139 172
493 153 482 153 485 153 474 153 307
495 155 484 155 487 155 476 155 135
493 169 482 168 485 169 474 168 222
499 231 462 231 487 235 447 235 193
498 235 459 235 485 239 444 239 173
498 241 460 241 485 245 447 244 214
496 247 454 247 485 251 442 251 146
501 256 462 257 489 261 449 260 126
497 298 459 297 485 305 444 305 172
499 300 462 299 487 307 447 306 168
501 349 447 348 485 363 426 363 117
499 29 488 29 491 27 480 28 213
503 43 492 43 495 41 484 41 202
499 48 488 49 491 47 480 47 153
503 51 492 51 495 49 484 49 172
503 78 492 78 495 77 484 77 94
499 96 488 96 491 95 480 95 55
500 109 489 109 493 109 482 109 142
499 138 488 139 491 139 480 139 104
503 140 492 140 495 141 484 140 93
499 168 488 168 491 169 480 169 98
500 182 490 182 493 183 482 182 109
503 198 490 198 495 199 482 199 218
503 243 466 242 491 247 451 247 147
507 256 470 256 495 261 455 261 206
505 303 466 303 493 311 451 310 106
506 321 461 320 493 331 444 331 71
509 335 459 334 495 347 441 347 98
507 345 453 345 493 359 435 359 126
507 39 496 38 499 37 488 37 117
507 46 496 46 499 45 488 45 112
509 56 498 56 501 55 490 55 117
509 60 498 60 501 59 490 59 125
509 70 498 70 501 69 490 69 256
505 71 493 71 497 71 485 70 132
507 82 496 82 499 81 488 81 75
505 98 494 98 497 97 486 97 78
505 112 494 112 497 111 486 111 229
507 116 496 116 499 115 488 115 104
509 121 498 121 501 121 490 121 189
507 137 495 137 499 137 487 137 96
509 142 497 144 501 143 490 143 156
509 144 498 144 501 145 490 145 115
505 168 494 168 497 169 486 169 81
505 185 494 184 497 185 487 185 102
507 194 495 194 499 195 488 194 113
508 192 498 191 501 193 490 192 110
509 228 472 228 497 231 464 230 241
511 274 481 274 501 279 470 279 350
514 275 479 276 499 281 462 281 396
511 282 479 282 501 287 466 287 291
512 288 478 289 499 293 465 293 200
511 299 473 299 499 307 459 306 72
510 323 464 322 497 333 448 333 69
510 331 461 331 497 343 445 341 88
515 338 464 338 501 351 446 351 117
511 335 461 334 497 347 443 347 95
515 63 504 62 507 61 496 61 161
513 72 502 72 505 71 494 71 251
511 86 500 86 503 85 492 85 88
514 90 503 90 507 89 496 89 120
513 101 502 101 505 101 494 101 248
514 106 504 105 507 105 496 105 158
512 108 502 107 505 107 494 107 164
513 124 501 123 505 123 494 123 67
511 119 500 119 503 119 492 119 102
510 159 499 158 503 159 492 159 145
510 176 500 176 503 177 481 177 305
514 178 503 178 507 179 495 179 106
511 198 499 198 503 199 491 199 129
515 210 503 210 507 211 495 211 239
513 214 498 214 503 215 490 215 406
514 214 501 214 505 215 493 215 318
515 218 484 220 505 221 472 222 435
514 280 482 280 503 285 470 285 179
517 303 477 303 505 311 463 311 59
517 321 472 321 505 331 457 331 67
517 327 467 328 505 337 455 337 102
516 335 467 334 503 347 449 347 105
517 74 506 74 509 73 498 73 145
518 77 508 78 511 77 500 77 162
519 117 507 117 511 117 499 117 219
521 129 509 129 513 129 501 129 122
517 126 505 125 509 125 497 124 94
517 129 505 129 509 129 497 129 112
516 153 505 151 509 153 497 153 202
518 161 507 160 511 161 499 161 240
520 167 511 166 513 167 503 167 250
518 181 507 183 511 183 499 183 194
520 186 511 186 513 187 503 187 383
520 188 509 188 513 189 502 190 198
520 194 509 194 513 195 501 195 198
519 214 507 214 511 215 499 215 258
521 225 489 224 511 227 477 227 334
521 232 490 231 511 235 478 234 215
519 242 487 243 509 245 477 245 226
523 248 493 248 513 251 481 249 361
519 251 488 251 509 255 477 254 364
523 253 492 255 513 257 481 258 283
521 259 490 260 511 263 479 262 166
523 276 493 276 513 281 481 281 153
524 287 490 287 513 293 477 293 118
520 296 482 296 509 303 469 303 50
523 301 483 301 511 309 469 309 45
525 303 484 304 513 313 470 313 67
524 308 483 308 513 317 469 317 81
526 335 475 334 513 347 458 346 89
523 349 467 348 509 363 450 363 129
525 105 514 105 517 105 506 105 234
526 110 517 109 519 109 511 109 249
522 165 512 164 515 165 504 165 232
526 167 517 165 519 167 511 168 236
522 180 511 180 515 181 505 179 396
525 191 513 191 519 191 508 191 418
524 196 513 196 517 197 506 197 149
526 200 515 200 519 201 508 201 156
524 220 492 220 515 223 481 223 334
525 227 492 228 515 229 481 231 237
527 244 497 244 517 247 486 247 262
527 251 497 253 517 255 487 254 357
529 290 493 291 519 297 481 297 48
528 292 491 293 517 299 479 299 53
528 307 487 307 517 315 474 316 60
528 330 479 330 515 341 463 341 92
529 331 480 331 517 343 464 343 105
531 86 521 85 523 85 515 85 194
526 93 517 93 521 93 512 93 134
530 112 521 112 523 111 513 111 437
530 131 520 131 523 131 512 131 336
530 141 520 141 523 141 512 141 181
530 149 519 150 523 149 512 149 272
528 204 517 204 521 205 510 205 122
530 206 519 206 523 207 512 207 117
529 215 520 214 521 217 508 217 217
531 223 518 223 523 225 502 225 306
529 233 512 233 521 235 503 235 288
534 269 506 269 525 273 495 272 121
531 301 492 301 521 309 479 308 56
536 312 493 312 525 321 479 321 55
532 312 489 312 521 321 475 321 88
534 316 490 316 523 325 476 325 77
536 325 489 325 525 335 475 335 115
535 338 483 338 523 351 467 351 109
535 344 483 343 523 357 465 357 118
538 32 531 32 531 31 524 31 248
538 38 531 38 531 37 524 37 170
538 46 531 46 531 45 524 45 172
536 44 529 44 529 43 522 43 195
533 60 527 59 527 59 519 58 298
536 70 529 69 529 69 522 69 250
534 65 527 65 527 65 520 65 151
533 74 527 75 527 75 520 75 144
538 72 531 71 531 71 524 71 278
536 87 529 87 529 87 522 87 210
538 85 532 85 531 85 525 85 182
537 91 530 92 531 91 523 91 105
536 181 527 180 529 181 521 181 226
538 204 527 204 531 205 520 205 166
533 239 512 239 527 241 507 241 181
533 245 512 245 527 247 505 247 132
538 252 514 252 529 255 505 255 120
539 254 516 254 531 257 507 257 60
536 267 508 268 527 271 498 271 74
539 291 503 290 529 297 492 297 53
539 308 498 308 529 317 485 316 62
538 317 494 317 527 327 479 327 84
539 336 488 336 527 349 472 349 87
541 340 489 340 529 353 472 353 128
542 18 535 17 535 17 528 17 156
540 34 533 34 533 33 526 33 183
542 40 535 40 535 39 528 39 210
544 38 537 38 537 37 530 37 232
542 52 535 51 535 51 528 50 161
542 53 535 54 535 53 529 53 281
542 61 535 62 535 61 528 61 234
544 65 537 66 537 65 530 65 171
540 89 533 90 533 89 526 90 206
541 93 533 93 535 93 527 93 70
544 162 535 162 537 163 529 162 180
544 188 535 188 537 189 528 189 124
544 196 534 196 537 197 527 197 153
540 210 529 210 533 211 521 211 203
542 269 515 268 533 273 506 272 63
546 280 514 280 537 285 504 285 64
546 287 513 286 537 293 501 293 88
545 294 507 294 535 301 496 300 75
545 300 507 299 535 307 494 307 50
546 319 500 320 535 329 487 329 58
550 22 543 22 543 21 536 21 301
546 24 539 24 539 23 532 23 281
548 26 541 26 541 25 534 25 309
550 32 543 32 543 31 536 31 251
546 50 539 49 539 49 532 49 155
550 75 543 75 543 75 536 75 66
547 87 541 87 541 87 535 87 120
549 97 542 98 543 97 535 97 174
548 131 539 133 541 131 533 133 250
546 160 537 161 539 161 531 160 174
550 163 541 162 543 163 537 165 84
546 169 537 168 539 169 531 169 150
546 181 537 181 539 181 530 181 176
548 198 538 198 541 199 531 199 277
550 202 540 202 543 203 533 202 276
546 218 533 218 539 219 526 219 208
550 216 537 216 543 217 530 217 167
548 228 531 228 541 229 526 229 74
549 237 526 237 541 239 522 239 44
549 243 527 243 541 245 520 245 46
549 296 511 296 539 303 499 303 66
550 335 500 335 539 347 485 347 127
552 342 499 342 541 355 484 355 130
554 28 547 28 547 27 540 27 324
554 48 547 48 547 47 541 47 113
553 68 547 67 547 67 540 67 72
555 72 548 72 549 71 542 71 52
551 102 543 101 545 101 537 101 47
554 107 547 107 547 107 541 107 48
553 128 547 129 547 129 541 129 126
551 135 545 135 545 135 539 135 154
553 130 547 131 547 131 540 130 116
555 137 549 137 549 137 543 137 99
555 145 549 145 549 145 543 145 111
551 149 545 148 545 149 539 148 188
551 155 545 155 545 155 538 155 240
556 189 547 189 549 189 540 189 196
554 199 544 200 547 201 537 201 233
553 222 539 222 547 223 533 223 152
555 235 535 233 549 237 528 238 88
550 237 531 237 545 239 522 239 58
555 241 535 241 549 243 528 243 46
554 260 530 259 547 263 520 263 63
558 296 520 296 549 303 509 303 51
554 299 516 300 545 307 504 307 86
557 317 512 317 547 327 500 326 54
561 24 555 24 555 23 548 23 304
558 24 551 24 551 23 545 23 296
557 30 551 30 551 29 545 29 251
557 42 551 42 551 41 545 40 212
559 54 553 53 553 53 546 53 149
558 64 551 64 551 63 541 62 306
560 60 553 60 553 59 547 59 129
557 90 551 89 551 89 544 89 33
559 93 553 93 553 93 546 93 44
560 101 553 101 553 101 547 101 63
559 118 553 121 553 119 546 119 13
558 135 551 135 551 135 545 134 47
559 147 553 147 553 147 547 146 33
559 143 553 143 553 143 547 143 19
561 153 555 152 555 153 548 153 12
560 206 549 206 553 207 542 207 215
560 204 549 204 553 205 542 205 228
562 210 551 210 555 211 544 211 255
557 230 542 231 551 233 532 233 60
559 245 538 245 551 247 523 248 99
558 254 537 253 551 257 526 257 47
563 283 531 284 555 289 520 289 67
563 299 525 300 555 307 514 307 38
562 305 521 304 553 313 510 312 47
560 315 516 315 551 325 503 325 66
562 326 515 325 553 337 502 336 57
565 338 513 338 555 351 499 351 168
561 340 509 340 551 353 495 353 124
561 345 507 345 551 359 493 359 89
564 20 557 20 557 19 550 19 155
563 36 557 35 557 35 551 34 273
564 47 557 48 557 47 551 47 335
563 58 557 57 557 57 550 57 291
563 64 557 64 557 63 551 63 96
567 72 561 71 561 71 554 71 130
563 84 557 84 557 83 551 83 21
564 95 557 95 557 95 551 94 34
565 119 558 119 559 119 552 119 13
563 134 557 132 557 133 550 134 18
567 130 561 132 561 131 554 130 15
567 143 561 143 561 143 555 143 40
567 147 562 146 561 147 554 147 22
565 157 559 157 559 157 553 157 26
567 155 561 154 561 155 554 154 44
566 182 556 181 559 183 547 184 200
568 195 557 194 561 195 550 195 187
564 190 553 190 557 191 546 191 187
564 210 553 210 557 211 546 211 229
565 218 552 218 559 219 546 219 211
566 249 544 250 559 253 536 252 38
569 261 543 261 561 265 534 265 58
567 269 538 269 559 273 529 273 47
569 273 539 273 561 277 530 277 54
567 285 533 285 559 291 523 291 46
565 281 533 279 557 287 523 287 81
565 298 527 298 557 305 516 305 37
570 312 526 312 561 321 515 321 54
568 309 526 309 559 317 514 317 39
574 20 567 20 567 19 561 19 158
569 19 563 20 563 19 556 19 118
571 47 565 48 565 47 558 46 310
573 62 567 62 567 61 561 62 281
573 83 567 84 567 83 560 83 21
571 86 565 89 565 87 558 87 22
569 123 562 123 563 123 556 123 23
573 161 567 160 567 161 560 161 34
573 166 566 166 567 167 560 167 25
571 192 561 192 565 193 554 193 98
571 198 560 198 565 199 554 199 124
570 208 559 208 563 209 552 209 182
573 210 563 210 567 211 555 211 196
571 216 559 216 565 217 553 217 184
569 220 555 220 563 221 550 221 151
571 241 547 241 565 243 544 243 45
575 255 549 256 567 259 537 258 32
574 265 547 265 567 269 538 269 51
573 300 535 299 565 307 524 306 42
575 307 534 307 567 315 523 315 53
576 324 529 324 567 335 516 335 65
574 326 526 326 565 337 514 337 96
574 335 523 335 565 347 510 347 152
580 30 572 29 573 29 566 29 106
577 37 571 38 571 37 564 37 137
577 40 571 40 571 39 565 39 175
580 72 573 72 573 71 566 71 74
577 81 571 81 571 81 564 81 31
575 85 569 87 569 85 562 85 33
575 92 569 91 569 91 562 91 33
579 97 573 97 573 97 565 99 33
579 96 573 95 573 95 566 95 25
577 111 571 110 571 111 565 110 19
579 115 572 114 573 115 565 114 18
577 117 571 117 571 117 565 117 17
575 137 569 137 569 137 563 137 41
575 143 569 143 569 143 563 143 37
579 149 572 149 573 149 566 149 32
579 161 572 160 573 161 566 161 30
575 165 568 165 569 165 562 165 52
575 169 569 168 569 169 562 169 26
579 167 573 167 573 167 566 167 24
575 180 569 180 569 181 563 180 138
577 196 566 196 571 197 559 197 192
576 212 564 212 569 213 558 213 160
580 241 560 241 573 243 552 243 42
577 258 548 255 571 261 545 261 52
578 271 549 271 571 275 541 274 42
577 276 546 276 569 281 537 281 67
577 284 543 284 569 289 534 289 33
577 321 531 321 569 333 520 331 66
581 324 534 324 573 335 522 335 75
585 18 579 17 579 17 572 17 105
581 22 575 22 575 21 568 21 81
583 40 577 40 577 39 570 39 64
585 41 579 42 579 41 572 40 63
583 45 577 46 577 45 570 44 98
585 63 579 64 579 63 572 63 268
581 67 575 68 575 67 569 67 258
585 69 579 69 579 69 572 69 91
585 79 578 79 579 79 572 79 117
582 86 575 86 575 85 568 86 41
583 101 576 101 577 101 570 101 15
585 107 579 107 579 107 572 107 22
583 119 577 119 577 119 570 118 17
581 139 575 138 575 139 571 137 19
584 135 577 136 577 137 571 135 14
584 172 577 173 577 173 570 173 56
585 194 574 194 579 195 567 195 168
581 198 570 198 575 199 564 199 88
582 208 570 208 575 209 564 209 194
585 216 572 216 579 217 566 217 336
583 234 565 233 577 237 558 236 50
586 309 544 308 579 317 534 317 39
586 316 542 316 579 325 527 324 73
583 330 534 330 575 341 522 341 70
583 337 531 337 575 349 520 349 120
587 22 580 22 581 21 574 21 158
591 28 585 27 585 27 578 27 160
587 57 579 57 581 57 574 56 168
589 61 583 62 583 61 576 61 69
591 83 584 82 585 83 577 81 59
591 99 584 99 585 99 578 98 20
591 115 585 116 585 115 579 116 26
589 121 582 121 583 121 576 121 16
591 133 584 133 585 133 578 132 14
589 136 582 137 583 137 577 136 28
591 151 585 151 585 151 578 151 20
591 157 584 156 585 157 578 156 27
589 159 582 158 583 159 576 159 12
589 162 582 163 583 163 576 164 13
589 180 581 180 583 181 571 181 96
589 183 579 182 583 183 572 183 106
591 194 580 194 585 195 574 195 148
586 190 576 190 581 191 569 191 123
590 233 574 234 585 237 564 236 37
588 241 568 241 581 243 562 243 40
590 241 573 241 583 243 563 243 46
592 293 555 292 585 299 546 299 39
588 303 548 303 581 311 538 311 41
589 317 543 318 581 327 533 327 45
594 345 540 345 585 359 527 359 100
595 30 589 29 589 29 583 28 78
595 44 588 44 589 43 582 43 64
593 42 587 42 587 41 581 41 54
593 57 586 57 587 57 580 57 163
595 53 588 53 589 53 582 53 115
597 69 591 70 591 69 585 69 217
593 66 587 65 587 65 580 65 73
593 77 587 78 587 77 580 77 62
593 91 586 91 587 91 581 90 22
597 89 590 89 591 89 584 89 33
597 100 590 99 591 99 584 99 37
593 111 588 113 587 111 580 111 14
595 121 588 121 589 121 582 121 13
593 141 586 140 587 141 580 142 15
593 145 586 145 587 145 580 145 22
593 159 586 159 587 159 579 158 11
597 161 590 161 591 161 584 161 33
595 175 588 173 589 175 582 174 92
595 182 585 182 589 183 579 183 190
593 184 582 184 587 185 576 185 129
593 190 582 190 587 191 576 191 183
597 194 587 194 591 195 580 195 289
595 196 584 196 589 197 578 197 179
593 200 582 200 587 201 576 201 270
593 210 582 210 587 211 576 211 213
597 208 586 207 591 209 580 209 243
595 214 584 214 589 215 578 215 391
597 258 573 257 591 261 565 261 42
598 265 570 265 591 269 562 269 34
596 296 558 296 589 303 549 303 47
601 22 594 22 595 21 588 21 135
603 36 597 35 597 35 590 35 138
603 44 597 44 597 43 590 42 112
603 62 596 61 597 61 590 61 68
601 67 594 67 595 67 588 67 62
601 74 594 75 595 73 588 74 109
603 115 597 116 597 115 590 115 18
603 129 596 129 597 129 590 129 20
601 136 595 135 595 135 589 135 37
602 150 593 153 597 151 583 150 67
603 161 596 161 597 161 590 161 25
603 169 597 169 597 169 591 169 31
600 220 585 220 595 221 581 221 168
602 227 588 225 597 227 581 229 76
603 237 585 237 593 239 574 239 34
602 237 582 236 595 239 576 239 36
600 243 583 243 593 245 574 245 45
599 278 567 279 593 283 560 283 40
603 282 570 282 597 287 562 287 27
599 283 562 283 593 289 559 289 61
604 312 560 312 597 321 552 321 55
600 314 556 313 593 323 546 322 69
602 316 558 315 595 325 548 325 77
603 333 553 333 595 345 542 345 189
599 330 550 329 593 341 540 341 126
600 344 546 344 593 357 535 357 136
604 346 549 346 597 359 539 359 121
605 20 598 20 599 19 592 19 140
607 24 600 24 601 23 594 23 125
605 26 598 26 599 25 592 25 141
609 38 603 38 603 37 596 37 84
609 44 603 44 603 43 596 44 73
607 49 600 49 601 49 594 49 147
609 54 603 53 603 53 596 53 265
607 66 600 66 601 65 594 65 80
605 74 598 73 599 73 592 73 58
609 95 602 96 603 95 596 95 46
605 103 598 103 599 103 592 103 54
605 109 598 109 599 109 592 109 38
605 117 598 116 599 117 592 117 27
605 127 598 127 599 127 592 127 19
609 131 602 131 603 131 596 131 61
607 147 600 147 601 147 594 147 100
605 165 598 164 599 165 593 165 41
607 177 601 177 601 177 595 177 57
605 192 595 192 599 193 589 193 142
605 198 595 198 599 199 588 199 152
609 206 600 206 603 207 594 207 180
607 202 597 202 601 203 591 203 177
607 265 578 265 601 269 572 269 32
605 267 578 265 599 271 569 269 35
609 275 579 275 603 279 571 279 32
609 280 577 280 603 285 570 285 37
605 313 562 312 599 321 554 321 50
609 340 557 340 603 353 546 353 163
611 22 604 22 605 21 598 21 120
613 24 606 24 607 23 600 23 192
613 44 607 43 607 43 600 43 69
615 46 609 45 609 45 602 45 90
611 58 604 57 605 57 598 57 103
615 77 609 77 609 77 603 76 93
613 86 607 85 607 85 601 85 189
613 91 606 91 607 91 600 90 65
615 93 609 93 609 93 602 93 61
611 103 605 103 605 103 599 103 95
611 121 604 121 605 121 598 122 28
613 125 606 125 607 125 600 125 21
611 129 604 128 605 129 598 129 25
613 137 606 137 607 137 600 137 86
613 169 606 169 607 169 600 169 75
613 173 606 173 607 173 600 173 194
613 183 607 183 607 181 601 182 46
615 187 609 187 609 187 603 187 84
614 194 608 194 609 195 603 195 135
611 261 584 262 605 265 577 265 31
613 269 584 269 607 273 577 273 34
613 296 575 296 607 303 567 303 40
615 307 573 307 609 315 565 315 40
613 309 571 308 607 317 563 317 45
612 337 560 336 605 349 549 348 122
611 344 557 343 605 357 548 357 200
617 36 610 36 611 35 604 35 99
619 52 612 51 613 51 606 51 226
617 56 610 55 611 55 604 55 189
619 68 612 66 613 67 606 66 102
615 73 609 73 613 73 606 73 368
617 84 610 83 611 83 605 84 83
619 93 612 93 613 93 606 92 54
621 103 615 103 615 103 608 102 129
617 105 610 105 611 105 605 104 43
619 107 612 107 613 107 606 107 49
617 111 610 111 611 111 604 111 45
619 118 612 117 613 117 606 117 77
617 129 610 129 611 129 604 129 56
619 137 612 137 613 137 606 137 161
619 143 612 143 613 143 606 143 199
617 151 610 151 611 151 604 151 148
621 163 614 162 615 163 609 163 298
617 160 610 161 611 161 604 161 129
617 171 610 170 611 171 605 171 283
617 184 611 184 611 185 605 184 94
621 243 601 243 615 245 594 245 37
620 253 603 251 615 255 591 255 44
617 258 592 258 611 261 585 261 36
617 273 588 273 611 277 580 277 38
617 289 582 289 611 295 574 295 39
620 337 570 336 615 349 559 349 298
619 342 566 342 613 355 556 355 218
617 346 563 346 611 359 553 359 161
627 24 620 24 621 23 614 22 162
627 44 620 44 621 43 614 43 188
627 93 620 93 621 93 614 93 140
625 91 619 91 619 91 613 90 158
627 105 622 103 621 105 615 104 68
623 105 617 105 617 105 611 105 57
623 111 617 111 617 111 611 111 65
627 109 620 109 621 109 615 109 75
625 147 618 147 619 147 612 147 143
623 159 616 158 617 159 611 159 383
625 161 617 160 619 161 613 161 140
627 177 621 177 621 177 615 177 88
627 182 621 182 621 183 615 183 124
627 184 622 183 621 185 615 185 202
626 189 621 188 621 189 615 189 124
623 265 595 265 617 269 589 269 32
626 296 589 296 621 303 581 303 38
626 305 586 305 621 313 578 312 54
626 319 581 319 621 329 573 328 73
624 326 577 326 619 337 568 337 148
631 26 624 25 625 25 618 25 187
629 32 622 32 623 31 616 31 177
631 32 625 31 625 31 618 31 134
631 42 624 41 625 41 618 40 236
629 54 622 53 623 53 616 52 133
633 58 626 57 627 57 620 57 200
633 68 626 67 627 67 620 67 198
631 83 624 83 625 83 618 83 69
629 89 623 89 623 89 617 89 184
633 104 627 104 627 103 621 103 116
631 111 624 111 625 111 619 111 140
633 123 626 123 627 123 620 123 43
631 119 624 119 625 119 618 119 56
630 126 624 127 625 127 618 126 75
633 129 626 129 627 129 620 128 42
629 151 622 151 623 151 616 151 234
633 159 627 158 627 159 621 159 126
633 175 626 174 627 175 621 175 289
629 173 619 170 623 173 617 173 341
628 189 623 188 623 189 617 189 123
625 194 621 194 623 195 617 195 266
629 243 608 243 623 245 601 245 54
630 260 605 260 625 263 599 263 43
628 308 582 308 623 317 575 316 52
628 328 579 328 623 339 571 339 121
632 326 584 326 627 337 576 337 153
632 332 583 332 627 343 574 343 143
630 340 577 340 625 353 569 353 172
639 54 632 53 633 53 626 53 354
635 54 628 53 629 53 622 53 160
639 70 632 69 633 69 626 69 119
637 77 630 77 631 77 624 77 101
635 80 628 79 629 79 622 79 76
639 107 632 107 633 107 626 107 130
635 121 628 121 629 121 622 121 58
639 129 632 129 633 129 626 129 73
635 137 628 136 629 137 622 136 62
635 145 628 145 629 145 622 145 144
637 148 630 149 631 149 624 150 77
637 163 630 163 631 163 625 163 93
639 186 632 186 633 187 626 187 127
638 192 632 192 633 193 627 193 125
637 198 630 198 631 199 623 199 204
638 243 621 243 633 245 612 245 29
638 266 610 265 633 269 604 269 45
638 275 607 275 633 279 601 279 55
637 298 600 298 633 305 593 305 40
638 310 596 310 633 319 589 319 54
634 337 583 336 629 349 574 349 135
635 342 583 342 631 355 574 355 227
638 340 587 339 633 353 577 353 275
637 346 583 346 633 359 575 359 152
645 49 638 49 639 49 632 49 208
641 61 634 61 635 61 628 61 191
645 63 638 63 639 63 632 63 137
643 65 636 65 637 65 630 65 273
645 70 638 69 639 69 632 69 126
645 75 638 75 639 75 632 75 146
641 133 634 133 635 133 628 133 47
645 137 638 137 639 137 632 137 52
642 151 636 151 637 151 630 151 74
645 159 638 158 639 159 633 159 205
645 181 639 180 639 181 634 181 83
642 190 636 190 637 191 631 193 258
640 196 634 196 635 197 629 197 180
641 210 629 210 635 211 623 211 329
640 216 629 216 635 217 623 217 241
644 220 633 220 639 221 625 221 128
642 260 616 260 637 263 610 263 49
640 262 614 262 635 265 608 265 53
642 267 614 267 637 271 607 271 61
640 271 611 271 635 275 605 275 49
642 278 610 278 637 283 604 283 79
641 325 595 324 637 335 587 335 99
643 330 595 330 639 341 587 341 143
641 344 588 344 637 357 580 357 129
651 75 644 75 645 75 638 75 292
648 78 642 77 643 77 636 77 155
651 83 645 83 645 83 639 83 171
649 107 643 107 643 107 638 107 209
647 121 640 121 641 121 634 121 85
651 169 644 169 645 169 638 169 215
649 173 641 172 643 173 637 173 222
648 183 643 182 643 183 637 183 103
647 189 640 188 641 189 635 189 171
647 187 640 186 641 187 635 187 273
651 231 634 233 645 235 629 233 23
646 267 621 265 641 271 615 272 98
645 285 612 286 641 291 605 290 53
647 282 614 282 643 287 608 287 64
649 289 615 289 645 295 608 295 75
647 297 610 296 643 303 603 303 81
647 329 599 329 643 339 592 339 132
653 93 647 92 647 93 641 92 103
654 100 650 101 649 101 644 101 225
655 107 650 107 649 107 644 107 135
657 111 652 110 651 111 646 110 225
655 115 649 114 649 115 644 114 298
653 127 646 127 647 127 641 126 161
655 138 649 138 649 139 643 139 185
655 161 649 160 649 161 643 160 117
654 173 648 172 649 173 643 173 252
652 182 647 182 647 183 641 182 319
651 247 630 246 647 249 629 250 79
658 243 635 243 651 245 630 245 45
655 254 630 254 651 257 624 257 179
653 264 627 263 649 267 622 267 67
655 260 630 260 651 263 625 263 78
653 267 624 267 649 271 620 271 65
655 286 621 285 651 291 616 291 46
651 298 613 298 647 305 607 305 75
651 307 608 308 647 315 602 315 56
655 321 609 321 651 331 602 331 75
652 325 606 325 649 335 599 335 138
650 348 595 347 647 361 588 361 50
662 105 658 105 657 105 653 105 117
661 109 656 109 655 109 650 109 156
659 129 652 129 653 129 646 129 86
663 134 658 134 657 135 652 134 92
661 137 654 135 655 137 649 135 107
662 151 657 150 657 151 650 151 103
660 163 654 163 655 163 649 163 135
662 201 648 201 657 201 643 201 168
658 202 643 203 653 203 640 203 148
662 212 648 212 657 213 643 213 169
658 214 645 214 653 215 640 215 87
662 218 648 218 657 219 643 219 75
657 245 638 245 653 247 631 247 63
659 256 635 256 655 259 630 259 88
661 258 637 258 657 261 632 261 98
661 254 637 254 657 257 632 257 197
657 260 634 260 653 263 626 263 120
659 271 630 271 655 275 625 275 44
659 275 627 273 655 279 624 278 40
660 328 613 328 657 339 606 339 145
656 325 609 325 653 335 602 335 84
658 330 610 330 655 341 603 341 159
660 337 609 337 657 349 602 349 93
656 337 605 337 653 349 598 349 92
664 105 660 105 659 105 651 104 156
669 111 664 111 663 111 658 111 142
665 115 660 114 659 113 654 112 171
669 129 662 129 663 129 657 129 179
668 135 663 135 663 135 658 135 191
667 137 662 137 661 139 656 139 188
669 143 664 142 663 143 658 143 193
664 149 658 149 659 149 652 149 120
666 161 661 162 661 161 656 162 130
666 171 660 171 661 171 655 171 461
668 175 663 175 663 175 658 175 509
664 194 647 193 659 195 641 194 379
668 192 654 192 663 193 649 193 273
666 210 652 210 661 211 647 211 148
666 214 652 214 661 215 647 215 85
665 235 651 237 661 237 641 237 24
661 239 646 239 659 241 639 241 24
664 296 627 296 661 303 622 303 45
663 302 623 302 659 309 617 309 51
662 307 621 307 659 315 616 315 56
665 306 623 307 661 315 618 315 44
668 318 621 319 663 329 615 329 139
662 321 616 321 659 331 610 330 73
663 333 614 333 661 345 608 345 163
661 349 606 349 659 363 600 363 38
672 109 668 109 667 109 663 109 182
673 115 668 114 667 115 662 115 276
673 139 668 138 667 139 662 138 196
674 142 670 143 669 143 664 142 135
672 161 668 161 667 161 662 161 164
673 171 668 171 667 171 662 171 242
670 189 657 188 665 189 651 189 340
672 194 659 194 667 195 653 195 157
669 231 651 231 667 233 651 233 35
673 245 653 245 669 247 648 247 61
672 245 651 245 667 247 646 247 55
673 299 633 299 669 305 629 305 41
672 306 631 305 669 313 626 313 42
669 307 629 308 667 315 624 315 49
669 332 619 332 667 343 614 343 248
669 337 618 337 667 349 613 349 92
667 342 614 342 665 355 608 355 71
668 346 613 347 667 359 609 359 59
677 117 672 117 671 117 666 117 360
682 124 677 123 675 123 670 122 149
676 127 672 127 671 127 666 126 142
678 129 674 129 673 129 669 129 129
676 133 672 133 671 133 666 133 110
676 138 672 136 671 137 666 137 218
679 143 674 144 673 145 668 145 170
678 161 674 161 673 161 668 161 187
678 170 674 170 673 171 668 170 233
679 175 674 175 673 175 669 175 228
680 192 666 192 675 193 661 193 120
677 198 663 198 671 199 658 199 90
679 198 666 198 675 199 660 199 78
676 206 662 206 671 207 657 207 105
684 217 671 217 673 219 659 219 64
680 232 663 232 675 233 657 233 35
676 236 657 235 671 237 651 237 37
677 262 651 262 673 265 643 265 64
676 271 643 273 673 275 637 277 45
674 275 644 275 671 279 640 279 37
678 279 647 278 675 283 642 282 35
674 302 634 302 671 309 629 309 40
673 321 628 321 671 331 622 331 82
675 325 628 325 673 335 623 335 144
676 330 627 330 675 341 623 341 201
672 339 621 339 671 351 615 351 97
676 345 623 344 675 357 618 357 57
674 344 621 344 673 357 616 357 37
685 110 682 110 679 111 676 111 222
685 121 680 120 679 121 676 121 118
683 125 677 123 677 125 671 123 131
685 135 680 135 679 135 674 135 86
682 136 678 135 677 135 672 135 252
687 142 683 142 681 143 677 143 208
686 163 682 163 681 163 677 163 62
683 173 678 172 677 173 672 173 296
686 181 672 181 681 181 668 181 266
681 198 668 198 677 199 663 199 138
680 209 668 208 679 209 665 209 65
681 249 658 249 677 251 654 251 73
683 256 658 256 679 259 654 259 101
681 258 656 258 677 261 651 261 85
683 309 641 309 681 317 637 317 76
680 319 633 320 677 329 629 329 97
683 323 637 323 681 333 632 333 115
681 332 632 332 679 343 627 343 153
678 335 628 335 677 347 623 347 102
680 337 630 337 679 349 625 349 94
692 106 689 105 687 105 683 105 106
689 112 686 112 683 113 680 112 126
689 119 686 119 683 119 680 119 219
689 153 685 153 683 153 679 153 272
690 155 687 155 685 155 681 155 45
690 169 687 168 685 169 681 169 178
692 187 678 187 687 187 674 187 223
689 204 675 204 685 205 671 205 53
692 228 675 228 687 229 670 229 28
691 231 675 233 685 231 666 229 110
687 239 666 237 683 241 663 241 56
686 252 659 252 683 255 653 255 138
686 260 661 260 683 263 657 263 76
687 287 653 287 685 293 649 292 30
685 295 650 294 683 301 645 301 33
686 316 642 316 685 325 638 325 147
698 105 696 104 693 105 690 104 70
699 107 696 106 693 107 690 106 218
696 147 693 148 691 147 677 149 390
694 143 691 143 689 143 685 143 56
696 161 692 161 691 161 687 161 105
696 171 693 171 691 171 687 171 156
696 181 684 180 691 181 680 181 368
697 185 686 184 693 185 682 184 283
695 198 681 198 691 199 677 199 106
696 226 679 226 691 227 675 227 32
693 249 670 248 689 251 667 251 63
694 258 669 258 691 261 665 261 65
696 260 670 260 693 263 667 263 56
696 265 669 265 693 269 665 269 52
691 280 660 280 689 285 657 285 33
690 318 646 318 689 327 642 327 191
690 314 647 314 689 323 644 322 130
694 316 651 316 693 325 647 325 168
690 323 644 323 689 333 640 333 119
691 327 638 328 691 337 641 337 261
689 332 641 332 689 343 636 343 185
691 336 641 336 691 347 638 347 93
693 341 641 341 693 353 637 353 34
689 342 637 342 689 355 637 357 26
704 97 701 97 699 97 695 97 76
704 103 701 103 699 103 695 103 92
701 117 697 117 697 119 695 117 134
700 131 697 131 695 131 691 131 60
700 145 697 145 695 145 691 145 52
704 143 701 142 699 143 695 143 53
704 151 701 151 699 151 695 151 53
704 163 700 162 699 163 695 163 56
704 174 700 175 699 175 695 175 274
704 193 692 192 699 193 687 193 245
699 197 685 197 695 197 681 197 164
703 212 690 212 699 213 686 213 51
698 208 681 208 695 209 681 209 157
699 222 685 223 695 223 681 223 58
702 245 681 245 699 247 677 247 86
699 274 669 273 697 279 666 278 49
695 344 647 344 695 357 639 357 32
711 97 707 97 705 97 702 97 70
711 103 707 102 705 103 701 102 89
711 128 707 128 705 129 701 128 72
711 125 707 125 705 125 701 125 64
710 141 706 140 705 141 701 141 76
708 149 705 145 703 147 699 149 155
710 155 706 155 705 155 701 155 55
708 157 704 157 703 157 699 157 103
710 163 706 162 705 163 700 162 55
708 167 705 167 703 167 699 167 61
706 171 703 170 701 171 697 171 220
706 181 698 180 701 181 693 180 365
706 187 699 188 701 187 693 187 357
705 207 692 206 701 207 687 207 111
707 208 695 208 703 209 690 209 100
708 247 687 247 705 249 683 249 68
706 249 684 249 703 251 680 251 111
704 256 679 256 701 259 676 259 99
708 260 682 259 705 263 679 263 85
703 276 676 276 701 281 666 280 53
703 289 669 290 701 295 665 295 28
704 311 664 309 703 319 659 319 99
713 99 709 98 707 99 703 97 125
712 135 708 135 707 135 702 135 84
716 133 711 133 711 133 706 133 115
714 145 710 145 709 145 705 145 82
714 159 710 159 709 159 705 159 51
717 157 712 156 711 157 707 157 71
714 163 710 163 709 163 705 163 94
716 163 712 163 711 163 707 163 61
712 177 708 176 707 177 701 177 233
716 197 708 195 711 197 703 195 228
711 214 699 214 707 215 694 215 63
714 231 694 231 711 233 690 232 27
712 239 692 239 709 241 688 241 51
710 243 690 243 707 245 686 245 96
711 263 684 263 709 267 681 267 124
709 267 682 267 707 271 678 271 61
713 271 684 271 711 275 681 275 52
709 303 670 304 709 311 667 311 49
712 313 669 313 711 321 667 321 99
706 316 664 317 707 325 661 325 88
707 327 659 326 707 337 657 337 126
710 332 661 332 711 343 659 343 119
706 334 657 334 707 345 654 345 83
723 103 718 103 717 103 714 102 102
722 121 716 121 717 121 712 121 182
719 175 713 174 713 175 708 174 230
720 181 713 180 715 181 707 180 639
720 193 711 193 715 193 707 193 276
722 197 713 197 717 197 708 197 183
721 243 699 243 717 245 695 245 99
716 243 695 243 713 245 691 245 64
719 275 689 275 717 279 687 279 86
728 105 725 105 723 105 719 104 126
724 107 720 106 719 107 715 106 119
727 125 722 125 721 125 717 125 159
726 151 721 151 721 151 716 151 98
724 177 719 177 719 177 714 177 220
725 206 713 206 721 207 709 207 56
726 251 702 251 723 253 699 253 125
722 271 694 271 721 275 691 275 203
724 275 695 275 723 279 692 279 115
720 275 691 275 719 279 689 279 81
722 289 687 290 721 295 685 295 34
721 293 685 292 721 299 683 298 36
719 312 676 312 719 321 674 321 93
720 311 679 311 721 319 677 319 77
719 324 673 324 719 333 670 333 130
720 320 676 320 721 329 674 329 158
720 334 670 334 721 345 668 345 138
718 330 670 330 719 341 668 341 121
717 337 667 338 719 349 665 349 64
731 99 729 98 725 99 722 98 134
730 115 730 116 725 115 725 116 321
732 125 725 126 727 125 719 125 191
730 135 722 134 725 135 718 134 151
730 153 723 152 725 153 718 153 102
732 157 726 156 727 157 720 157 96
733 193 717 193 729 193 718 193 349
729 210 716 211 725 211 713 211 23
726 239 707 239 725 241 702 241 58
729 243 709 243 727 245 705 245 65
729 268 701 267 727 271 699 271 165
726 271 698 271 725 275 695 275 137
725 336 675 336 727 347 674 347 127
737 107 733 107 731 107 728 106 111
740 123 732 123 735 123 727 123 259
736 132 728 131 731 131 723 130 102
740 131 732 131 735 131 727 130 72
738 175 728 175 733 175 724 175 123
735 181 724 182 731 181 720 181 316
739 193 728 192 735 193 724 193 39
734 216 719 216 733 217 717 217 31
736 225 715 223 735 225 721 225 48
736 243 715 243 733 245 704 247 103
733 266 703 263 731 269 701 267 207
734 271 706 271 733 275 704 275 161
731 289 697 289 731 295 695 295 54
733 295 697 295 733 301 696 301 50
734 312 692 312 735 321 691 320 71
730 317 686 317 731 325 685 325 95
730 318 685 318 731 327 684 327 145
732 320 687 320 733 329 685 329 126
730 324 684 324 731 333 682 333 174
733 340 682 340 735 351 681 351 69
744 94 741 92 739 93 735 93 146
745 127 738 129 741 129 733 129 137
743 155 736 154 739 155 729 154 35
745 218 730 217 741 219 726 218 26
741 237 718 237 737 239 717 239 50
743 241 722 241 741 243 719 243 46
739 245 718 245 737 247 715 247 52
741 249 719 249 739 251 716 251 58
742 257 716 256 739 259 713 259 123
742 262 716 262 741 265 713 265 163
738 260 712 260 737 263 710 263 210
739 270 708 267 737 273 708 273 167
741 266 712 265 739 269 711 269 173
738 275 708 275 737 279 706 279 166
738 297 701 297 739 303 699 303 62
740 300 697 300 741 307 695 308 60
736 304 696 304 737 311 695 311 53
734 326 689 326 737 335 688 335 81
736 335 686 335 739 347 685 347 88
734 339 683 339 737 351 682 351 54
752 95 749 94 747 95 743 94 248
750 99 747 98 745 99 741 98 169
750 119 743 117 745 119 738 117 390
750 127 742 127 745 127 737 126 207
752 129 744 128 747 129 739 128 171
749 135 742 135 745 135 737 135 47
752 139 743 139 747 139 740 138 31
747 163 735 163 743 163 731 163 37
751 200 733 197 747 201 729 199 43
746 210 731 210 743 211 727 211 29
750 212 735 213 747 213 731 213 30
752 237 729 237 747 239 725 239 47
747 249 724 249 745 251 722 251 42
748 256 723 256 747 259 721 259 47
747 288 713 288 747 293 712 293 195
743 292 708 292 743 297 706 297 79
743 314 700 314 745 323 700 323 112
743 344 690 344 747 357 689 355 36
758 103 754 103 753 103 749 103 93
758 113 751 112 753 113 746 111 302
753 193 732 192 749 193 727 194 49
756 197 739 197 753 197 737 199 20
752 210 737 210 749 211 733 211 47
751 237 731 237 749 239 729 239 53
751 243 729 244 749 245 727 245 39
755 253 731 253 753 255 728 255 33
754 258 728 258 753 261 723 260 66
751 269 722 269 751 273 721 273 126
748 272 717 271 749 277 717 276 147
749 313 707 312 751 321 706 321 86
747 322 701 322 749 331 701 331 127
747 326 701 326 749 335 701 335 115
761 140 752 140 757 139 747 139 103
761 151 752 151 757 151 748 151 35
758 187 741 187 755 189 738 187 25
761 217 745 217 759 217 742 218 36
760 220 744 220 757 221 740 221 27
757 229 740 230 755 231 737 231 28
761 241 739 241 759 243 737 243 47
758 258 732 258 757 261 730 261 55
759 265 731 265 759 269 729 268 60
759 273 729 273 759 277 728 277 157
757 311 715 311 759 319 715 320 79
756 317 713 317 759 325 713 325 226
767 153 758 153 763 153 754 153 28
769 157 758 157 765 157 754 157 36
767 189 750 190 765 189 747 189 12
765 196 748 197 763 197 745 197 19
767 222 750 221 765 223 746 223 20
766 225 748 226 763 227 745 227 73
767 228 749 227 765 229 746 228 55
760 297 723 296 761 303 722 303 181
759 301 721 301 761 307 721 307 106
761 318 717 318 763 327 716 327 238
761 322 717 322 765 331 717 331 166
761 328 717 327 765 337 717 337 129
776 119 766 119 771 119 762 119 797
771 179 751 178 769 179 757 178 29
768 182 751 183 767 183 747 182 15
772 192 755 194 771 195 751 194 10
772 237 752 237 771 239 750 239 92
768 245 746 244 767 247 744 247 81
772 243 750 243 771 245 749 245 113
771 258 745 258 771 261 744 261 61
771 264 744 264 771 267 743 267 44
771 269 741 269 771 273 740 273 56
768 304 729 304 771 311 729 310 167
766 313 723 313 769 321 724 321 105
768 311 725 311 771 319 726 319 163
768 315 725 315 771 323 726 323 157
777 153 767 152 773 153 763 152 95
778 185 757 185 773 185 757 184 17
774 206 759 207 775 209 758 210 14
779 223 761 223 777 225 759 224 12
778 231 760 231 777 233 757 232 53
776 239 754 238 775 241 754 241 74
773 266 743 263 773 269 744 268 56
776 271 746 271 777 275 746 275 52
772 284 738 284 773 289 738 289 195
776 286 742 286 777 291 742 291 124
771 299 734 299 773 305 734 305 153
769 322 725 322 773 331 725 331 195
771 324 726 324 775 333 727 333 177
768 326 722 326 773 335 724 335 173
787 149 776 149 783 149 772 149 113
783 157 772 157 779 157 768 157 77
786 171 776 167 783 171 772 171 113
780 189 762 188 779 189 760 188 12
783 192 764 191 781 193 762 193 10
785 219 769 220 781 221 763 221 15
782 241 760 241 781 243 761 244 54
780 245 758 245 779 247 756 247 110
782 247 759 247 781 249 758 249 89
780 249 756 249 779 251 755 251 99
783 251 759 251 783 253 758 253 115
782 263 753 264 781 267 753 267 41
783 267 753 267 783 271 753 271 40
777 282 744 282 779 287 744 287 100
777 311 735 311 781 319 736 319 190
778 322 733 322 783 331 735 331 226
792 149 781 149 789 149 777 147 56
786 243 764 243 785 245 763 245 94
784 260 757 260 785 263 753 265 76
787 282 754 282 789 287 755 287 78
785 315 742 315 789 323 744 323 198
782 318 738 318 787 327 740 327 168
782 324 737 324 787 333 739 333 157
782 329 735 329 787 339 736 339 94
779 336 730 336 785 347 732 347 30
797 169 783 168 795 169 781 169 107
795 173 780 171 793 173 778 171 125
792 214 772 212 791 215 772 215 7
797 224 780 224 795 225 777 225 16
795 240 775 239 795 241 773 241 82
792 254 767 254 793 257 767 257 213
794 262 771 262 795 265 771 265 156
790 266 761 266 791 269 761 269 67
789 269 758 269 791 273 760 273 72
788 311 747 311 793 319 750 319 198
787 317 744 317 791 325 745 325 186
788 322 743 323 793 331 746 331 69
806 129 791 128 801 129 784 127 188
800 136 787 135 797 135 785 134 205
804 141 791 141 801 141 789 139 144
801 195 784 195 801 197 781 195 10
801 220 783 219 799 221 781 220 11
802 221 784 221 801 223 782 222 14
798 228 780 228 797 229 785 228 16
799 252 775 252 801 255 777 256 94
799 258 771 258 799 261 772 261 120
799 273 768 273 801 277 769 277 44
799 282 765 282 801 287 766 287 48
794 315 753 315 799 323 755 323 127
806 175 789 175 805 175 787 173 75
808 179 791 178 807 179 789 179 68
806 199 788 199 805 201 786 199 9
807 237 785 237 807 239 784 239 13
803 255 777 254 803 257 777 257 89
803 265 775 265 805 269 775 269 99
803 275 772 275 805 279 772 279 38
804 290 768 290 807 295 770 295 53
799 301 760 300 803 307 762 307 149
802 309 761 310 807 317 763 317 116
802 315 760 315 807 323 762 323 107
800 333 751 332 807 343 755 343 26
799 342 745 343 805 355 749 355 33
798 350 744 350 807 363 748 363 18
812 216 795 215 811 217 797 215 9
809 219 792 220 809 221 791 221 7
815 224 796 224 813 225 795 225 10
811 229 791 229 809 231 791 229 16
811 252 786 252 813 255 787 255 75
809 282 776 282 813 287 777 287 62
807 286 770 285 811 291 771 290 40
807 292 771 292 811 297 773 297 42
804 304 765 304 809 311 767 311 145
802 329 755 329 809 339 759 339 52
804 342 753 341 813 355 757 355 30
801 346 747 346 809 359 751 359 18
804 348 751 348 813 361 756 361 27
819 127 803 127 815 127 802 125 161
821 132 808 131 819 131 804 131 180
821 142 806 142 819 141 804 141 156
821 163 800 161 819 163 797 161 158
820 205 800 207 819 205 800 205 9
815 214 798 214 815 215 795 214 7
822 219 801 220 817 221 800 219 12
817 226 800 226 817 227 798 227 9
816 243 793 243 817 245 793 245 28
813 260 786 260 815 263 787 263 126
815 271 784 271 817 275 785 275 72
811 295 773 295 815 301 776 301 92
813 313 771 314 819 321 774 321 121
812 311 770 312 817 319 773 319 150
812 322 767 322 819 331 771 331 118
812 328 765 328 819 337 770 337 84
810 329 764 329 817 339 767 339 47
819 68 776 67 825 61 777 62 119
822 202 805 203 821 203 803 203 12
821 264 793 264 823 267 794 267 96
817 282 784 282 821 287 786 287 48
818 302 778 302 823 309 781 309 87
816 324 771 324 823 333 775 333 100
815 331 769 331 823 341 773 341 113
814 341 762 341 823 353 768 353 57
814 347 761 347 823 359 767 359 32
820 46 775 45 827 37 781 35 226
833 153 817 151 831 151 815 150 77
832 169 814 170 831 169 812 169 110
832 204 814 204 831 205 813 204 11
829 205 809 206 827 207 808 205 10
828 245 804 245 829 247 805 247 13
829 250 804 251 831 253 804 253 40
830 249 803 248 831 251 803 250 57
825 260 795 258 827 263 800 264 90
826 277 794 277 829 281 796 281 81
828 281 794 281 831 285 796 285 55
823 282 789 282 827 287 791 287 52
827 286 792 286 831 291 794 291 68
826 291 786 289 831 297 792 297 54
822 295 785 295 827 301 787 299 66
821 308 781 308 827 315 784 315 117
822 315 779 315 829 323 783 323 99
824 320 779 320 831 329 784 329 79
819 340 767 339 829 351 774 351 72
819 336 770 336 827 347 774 347 91
818 343 766 343 827 355 771 355 48
821 341 770 341 831 353 776 353 58
822 347 769 347 831 359 774 359 30
831 69 788 69 837 63 792 62 64
835 148 819 147 833 147 818 147 99
839 151 823 151 837 151 821 150 43
838 193 815 195 837 195 815 195 9
834 196 815 195 833 197 814 196 10
838 207 819 207 837 207 818 207 8
833 202 815 202 833 203 814 203 9
837 208 815 208 833 209 814 209 5
837 218 819 217 835 217 815 215 14
838 222 820 222 837 223 820 222 7
832 243 810 243 833 245 809 245 14
831 258 804 258 833 261 805 261 85
835 264 804 263 837 267 805 266 122
832 271 801 271 835 275 803 275 77
831 279 798 279 835 283 801 283 64
833 284 798 284 837 289 801 289 90
829 302 789 302 835 309 793 309 128
831 300 791 300 837 307 795 307 73
831 306 791 306 837 313 794 313 131
829 317 786 317 837 325 791 325 65
830 322 784 323 837 331 790 331 75
824 334 776 335 833 345 781 345 66
829 333 780 333 837 343 785 343 76
828 338 779 338 837 349 784 349 73
827 349 775 349 837 361 780 361 44
833 56 789 56 841 49 794 49 139
835 82 790 81 843 77 795 75 99
842 154 826 155 841 153 824 155 56
844 171 826 171 843 171 825 170 33
840 199 822 198 839 199 820 199 9
841 213 823 211 841 213 822 213 8
839 217 820 217 839 219 819 219 7
837 251 812 251 839 253 813 253 17
836 268 805 267 839 271 808 271 101
841 266 809 265 843 269 812 269 68
839 275 808 275 843 279 811 279 105
835 277 803 277 839 281 805 281 137
839 286 803 286 843 291 806 291 94
838 290 803 290 843 295 805 295 92
833 306 792 306 839 313 796 313 118
832 329 784 329 841 339 789 339 52
831 333 782 333 839 343 787 343 77
830 341 779 341 839 353 785 353 42
829 349 777 349 839 361 780 360 50
837 42 792 41 845 33 796 33 152
839 53 796 51 847 45 800 44 149
842 77 797 77 849 71 802 70 137
850 184 830 184 849 185 830 184 14
845 189 827 189 845 189 826 189 6
847 193 828 193 847 193 827 193 11
843 267 813 267 847 271 816 271 100
844 275 813 275 849 279 816 279 164
845 271 814 271 849 275 817 275 82
844 282 809 283 849 287 813 287 86
837 317 793 317 845 325 798 325 74
839 324 793 324 847 333 799 333 56
842 61 798 60 851 53 803 53 171
847 76 803 75 855 69 807 67 139
848 112 815 111 855 109 825 108 187
854 170 836 169 853 169 836 168 44
853 194 834 194 853 195 834 194 25
851 201 833 200 851 201 832 201 27
853 217 835 216 853 217 834 217 16
853 256 825 257 855 259 828 259 20
847 273 815 273 851 277 819 277 159
848 288 815 288 853 293 812 292 195
844 308 802 308 851 315 807 315 97
846 311 804 311 853 319 808 319 102
844 322 799 322 853 331 805 331 46
845 336 792 335 855 347 799 347 34
842 351 792 353 853 359 796 359 110
851 42 805 42 859 33 810 33 124
852 50 807 49 861 41 813 41 119
849 128 817 125 857 125 817 123 189
861 203 843 202 861 203 842 202 47
858 220 838 221 857 223 837 225 20
853 266 825 263 857 269 826 269 104
856 271 825 271 861 275 828 275 71
851 293 813 293 857 299 817 299 91
849 300 809 300 857 307 814 307 162
853 309 810 310 861 317 816 317 88
851 327 806 326 861 337 808 335 31
850 339 798 340 861 351 805 352 28
853 28 812 26 863 17 819 16 44
854 45 809 45 863 37 814 36 95
858 115 829 114 865 111 833 111 243
865 177 847 179 865 179 846 178 101
867 181 849 181 867 181 848 181 96
867 191 849 189 867 191 848 192 76
867 206 848 207 867 205 848 205 43
867 214 849 213 867 215 848 213 52
865 218 847 218 865 219 846 219 51
865 223 847 221 865 223 846 223 19
861 238 840 237 867 239 845 239 15
862 261 834 261 865 263 836 262 21
859 268 829 268 863 271 830 271 58
858 273 829 274 863 277 830 277 84
856 291 818 291 863 297 823 297 77
860 295 822 295 867 301 827 301 123
858 297 819 297 865 303 824 303 99
857 300 818 300 865 307 823 307 204
859 313 815 314 867 321 821 321 65
858 320 812 320 867 329 818 329 48
854 340 801 341 867 353 809 353 30
869 161 850 163 869 161 850 160 91
871 216 852 216 871 217 852 217 56
869 220 850 221 869 221 850 221 19
872 233 852 233 873 235 846 234 16
863 274 834 275 871 279 837 279 74
869 271 838 271 873 275 841 275 87
863 303 821 303 873 309 830 309 350
863 299 820 300 871 305 830 305 281
864 304 822 304 871 311 828 311 228
863 317 818 317 873 325 825 325 64
862 327 814 327 873 337 821 338 28
859 335 810 335 873 345 819 347 40
859 331 809 331 871 341 818 341 28
873 258 845 257 877 261 847 261 13
869 281 835 281 875 285 839 285 87
874 277 841 277 879 281 844 281 116
869 289 830 289 875 295 836 295 243
869 293 833 293 875 299 836 299 108
869 307 827 307 877 315 832 315 109
868 306 826 306 877 313 832 314 156
869 313 827 313 877 321 832 321 57
870 55 823 55 881 47 830 47 53
872 82 839 79 883 75 841 76 63
883 163 864 163 885 163 864 162 32
882 205 864 201 883 203 862 205 12
877 251 847 248 881 253 853 253 29
877 260 848 260 881 263 851 263 18
877 278 840 277 885 283 849 283 97
874 286 839 285 881 291 844 290 246
871 312 832 311 881 319 836 319 147
872 319 827 318 883 327 834 327 38
868 331 816 331 883 345 827 345 14
870 339 818 340 883 351 826 351 19
877 42 827 43 889 33 836 31 45
877 71 841 73 889 65 851 65 50
879 134 851 132 887 131 851 132 249
886 207 867 206 887 207 867 206 19
889 203 869 202 889 203 869 203 30
888 208 868 209 889 209 869 210 27
887 231 865 231 891 233 871 233 90
886 259 856 259 891 263 861 263 65
886 265 855 265 891 269 854 270 36
880 284 844 284 887 289 850 289 251
880 303 838 302 889 309 845 309 165
877 305 836 306 887 313 842 313 161
889 288 853 288 897 293 859 293 112
886 293 849 292 895 299 853 299 284
884 299 847 299 893 305 851 305 153
885 304 843 304 895 311 850 311 226
884 310 841 310 895 317 850 317 104
879 334 824 334 893 345 835 345 19
877 340 826 340 893 351 837 351 29
891 70 857 71 903 63 868 62 53
891 322 845 320 903 331 855 331 32
895 39 842 39 909 29 852 29 17
903 222 882 222 905 223 884 221 91
899 242 864 242 907 245 869 247 81
899 256 863 255 907 259 870 257 36
898 306 856 306 909 313 864 313 179
894 313 849 313 905 321 858 321 42
897 38 844 38 911 27 855 27 21
899 43 847 43 913 33 857 33 16
910 145 888 144 915 145 893 143 272
913 157 891 157 915 157 893 157 157
913 206 891 206 915 207 893 207 25
905 230 865 230 913 233 876 231 102
903 242 867 242 911 245 874 244 105
906 259 870 259 915 263 876 263 34
907 277 869 275 915 281 877 282 34
903 298 863 298 913 305 870 305 94
904 304 863 304 915 311 871 311 95
901 313 858 313 913 321 863 322 57
900 327 848 327 915 337 859 337 33
917 148 892 147 919 147 896 147 192
916 205 894 204 919 203 896 203 13
917 211 895 211 919 209 897 210 21
910 236 874 235 919 239 880 239 63
910 256 873 256 919 259 881 258 63
912 260 876 259 921 263 882 263 28
909 281 873 281 917 285 879 285 65
912 276 875 275 921 281 882 280 20
909 282 874 283 919 287 882 288 70
908 291 868 291 917 297 876 297 56
909 297 867 297 919 303 875 303 128
909 302 867 303 921 309 875 309 164
907 315 867 314 919 323 878 322 35
902 327 851 327 917 337 863 337 29
905 329 854 329 921 339 867 339 21
902 334 851 334 917 345 862 345 23
905 330 853 330 919 341 864 341 28
907 334 854 335 921 345 866 345 22
912 33 861 33 925 25 870 23 34
910 62 873 61 923 53 883 54 90
914 124 885 125 925 121 896 121 254
918 246 881 246 927 249 891 248 33
915 256 877 258 923 261 885 260 31
918 265 881 265 927 269 888 270 24
913 291 873 291 923 297 881 297 49
915 293 875 293 925 299 883 299 65
915 297 875 297 925 303 883 303 116
913 326 863 326 927 335 874 336 17
919 34 865 34 933 25 880 23 34
916 39 864 39 931 29 875 29 34
924 139 888 139 933 137 895 137 128
918 241 883 240 931 243 892 243 43
921 246 883 246 931 249 892 249 30
923 249 886 249 933 253 894 253 37
921 252 885 251 931 255 892 255 40
919 286 882 286 929 291 891 289 131
924 45 890 43 939 35 903 35 45
926 143 890 143 935 141 897 141 141
928 145 892 145 937 143 899 143 146
924 295 880 294 935 301 889 300 104
931 227 899 227 941 229 902 229 73
933 231 897 231 943 233 904 233 81
935 232 898 232 945 235 905 234 83
931 62 893 63 947 53 905 54 45
937 132 901 132 947 129 909 129 140
937 255 894 255 949 259 904 259 20
934 262 892 262 947 267 901 266 21
934 303 889 305 947 311 901 311 61
943 132 908 131 953 129 915 129 290
947 130 909 130 957 127 918 127 153
946 137 908 137 955 135 916 135 100
947 141 911 141 957 139 919 139 125
944 149 909 148 953 147 916 146 112
949 232 906 232 957 235 917 235 79
937 293 896 291 953 297 905 297 24
942 316 894 316 957 325 905 325 13
936 348 879 348 957 361 895 361 29
952 212 919 209 963 213 926 211 231
948 222 912 221 959 225 917 225 112
952 227 915 227 963 229 924 229 140
951 237 907 237 959 239 920 240 70
949 276 906 276 963 281 916 281 16
945 309 896 310 961 317 912 316 19
942 344 885 344 963 357 901 357 38
942 349 884 350 963 363 900 363 61
955 141 919 141 965 139 927 138 83
960 160 920 159 969 159 929 157 166
956 231 913 231 967 233 922 233 169
954 258 909 257 969 261 921 261 16
953 252 907 252 967 257 920 257 8
952 270 908 271 965 277 919 277 9
955 281 910 281 969 287 922 288 7
951 295 908 295 965 301 919 300 13
949 310 902 311 965 319 915 319 13
947 348 889 348 967 361 905 361 33
964 132 927 131 975 129 937 128 136
960 157 922 156 971 155 932 155 179
959 255 913 254 973 257 924 257 9
959 295 914 294 975 301 926 301 10
961 301 915 301 975 309 927 308 15
954 344 895 344 973 357 911 357 42
971 143 932 142 981 141 942 140 269
969 150 932 149 979 149 942 147 211
961 303 914 303 977 311 927 310 7
960 321 916 322 977 331 921 332 9
975 214 938 214 987 215 948 215 177
967 247 923 251 985 255 936 255 12
968 257 920 255 985 263 935 262 8
967 285 921 286 983 293 937 291 13
972 290 922 289 985 297 935 295 11
979 135 941 135 991 133 952 133 160
981 208 943 207 993 209 946 209 232
976 269 929 271 993 277 943 277 14
984 212 946 212 997 213 957 213 117
987 218 950 218 999 219 960 219 94
982 284 933 283 999 291 950 289 8
978 302 932 301 995 309 946 309 12
979 303 935 303 999 311 951 311 12
990 214 953 214 1003 215 965 214 66
989 222 953 223 1001 223 963 224 76
983 257 935 258 1003 263 951 262 14
982 274 932 274 1001 279 950 279 14
985 307 935 307 1001 315 951 315 14
996 202 959 202 1009 203 971 202 76
997 235 958 234 1009 237 970 237 38
992 236 948 236 1009 239 962 238 83
989 241 944 242 1007 245 958 244 52
990 256 940 257 1009 261 955 261 13
987 266 936 266 1007 271 953 270 14
989 271 942 272 1011 277 956 277 6
989 306 943 306 1007 313 956 313 8
990 307 942 307 1009 315 958 315 9
995 148 951 149 1013 147 965 147 127
993 247 944 248 1013 251 959 251 22
992 254 944 254 1013 259 958 257 15
994 257 944 259 1015 263 961 264 15
993 262 944 264 1015 269 961 269 15
991 334 937 333 1013 345 953 345 5
1002 134 958 134 1019 131 972 130 105
1002 161 959 162 1019 159 972 159 109
1006 170 960 171 1023 167 974 167 69
1003 179 960 175 1021 177 973 177 54
1002 255 949 255 1023 259 967 259 17
999 262 947 262 1019 267 965 267 11
1000 306 953 306 1019 313 968 313 11
1011 178 967 177 1029 177 982 176 36
1011 187 965 188 1029 187 981 187 32
1007 185 962 185 1025 185 977 185 33
1011 193 965 193 1029 193 980 193 30
1012 228 969 227 1025 231 979 230 44
1007 248 954 249 1029 253 973 253 34
1003 264 952 264 1025 269 970 270 12
1003 268 953 268 1025 275 969 274 9
1003 284 953 283 1025 291 970 290 13
1007 288 954 285 1029 295 973 296 9
1003 295 955 295 1025 303 971 303 13
1014 116 970 115 1033 111 986 111 14
1017 121 969 123 1035 119 985 117 15
1015 153 970 154 1035 153 986 153 20
1016 175 969 175 1035 175 985 175 25
1015 191 970 191 1033 191 985 191 29
1012 195 967 196 1031 195 982 195 28
1017 193 971 192 1035 193 987 193 24
1014 208 968 207 1033 209 984 209 31
1016 213 970 213 1035 215 988 215 47
1021 230 975 230 1035 233 993 233 59
1017 238 972 237 1035 241 988 241 28
1012 241 966 241 1031 245 984 245 28
1009 283 956 283 1031 291 974 290 11
1010 301 956 301 1031 309 975 310 11
1019 130 974 133 1041 127 992 127 9
1021 137 974 136 1041 133 990 134 6
1022 142 976 141 1041 139 992 138 11
1023 152 977 152 1039 149 991 147 20
1022 168 975 167 1041 167 992 166 25
1020 170 973 170 1039 169 990 169 34
1020 182 974 183 1039 181 991 183 34
1018 215 972 215 1037 217 989 217 30
1018 265 963 265 1041 271 983 271 8
1018 290 964 290 1041 297 984 298 13
1028 135 980 136 1047 133 998 132 9
1024 201 976 201 1043 203 994 202 31
1020 255 966 255 1045 259 986 261 24
1022 252 966 255 1045 257 988 257 26
1021 263 967 262 1045 269 987 268 8
1023 266 968 266 1047 273 989 273 10
1023 271 967 273 1047 281 987 279 13
1020 287 965 285 1045 295 987 295 11
1019 289 965 289 1043 297 985 297 15
1023 311 970 310 1047 319 990 319 14
1030 124 983 125 1049 121 1000 119 8
1032 145 984 145 1051 139 1001 141 9
1033 209 985 208 1053 211 1003 209 14
1033 228 986 227 1053 231 1001 231 26
1031 230 984 229 1051 233 1001 232 34
1027 254 973 254 1053 259 994 259 16
1026 314 975 314 1051 323 994 323 11
1035 123 988 122 1055 119 1005 119 6
1034 163 987 162 1055 161 1005 161 14
1036 164 989 165 1057 163 1006 162 19
1037 170 988 169 1055 169 1005 167 12
1037 180 988 181 1057 181 1005 181 13
1037 234 989 234 1057 237 1008 237 21
1033 285 977 284 1059 291 1000 292 12
1027 281 972 279 1055 287 997 285 12
1035 289 978 289 1057 297 1001 297 18
1032 315 978 315 1057 325 999 325 13
1032 323 978 323 1057 333 999 333 10
1044 132 998 132 1065 129 1015 128 33
1041 152 991 150 1061 149 1010 148 24
1042 172 997 171 1063 171 1014 170 31
1039 193 992 192 1061 193 1013 191 11
1043 203 995 204 1065 205 1014 205 13
1040 218 992 217 1061 221 1009 220 10
1040 233 992 233 1063 235 1012 235 12
1041 239 992 239 1063 243 1011 244 12
1039 249 987 249 1061 253 1001 252 20
1034 270 978 271 1061 277 1001 277 14
1037 269 983 270 1065 277 1005 278 9
1039 279 983 279 1065 287 1005 287 11
1035 307 981 306 1061 315 1002 315 12
1035 302 980 303 1061 311 1002 311 12
1040 307 985 306 1065 317 1007 316 12
1036 322 982 320 1061 331 1003 332 10
1038 327 981 327 1061 337 1003 337 8
1046 134 1000 134 1067 131 1017 129 36
1050 178 1004 177 1071 177 1022 177 96
1045 219 997 220 1067 221 1011 219 18
1045 235 997 235 1067 239 1015 239 19
1044 245 996 245 1067 249 1015 249 13
1041 261 984 261 1067 267 1008 266 10
1043 259 987 260 1071 265 1011 265 11
1043 274 986 274 1069 281 1009 281 12
1041 297 985 299 1067 307 1007 308 14
1051 187 1005 186 1073 187 1024 186 84
1051 198 1004 198 1073 199 1023 199 29
1051 214 1005 211 1073 215 1023 215 12
1054 223 1006 223 1077 227 1025 225 11
1045 269 989 270 1073 277 1015 276 11
1045 281 990 283 1073 289 1012 289 12
1060 115 1016 115 1081 109 1031 109 100
1056 222 1008 222 1079 225 1027 225 10
1057 229 1009 228 1081 231 1029 231 11
1058 239 1008 237 1081 243 1028 241 11
1059 235 1011 237 1083 239 1030 237 10
1060 242 1009 241 1083 245 1029 244 11
1053 294 997 294 1081 301 1019 300 9
1052 296 993 296 1079 305 1019 303 12
1055 306 998 306 1081 315 1022 315 10
1055 303 1000 303 1083 311 1023 312 11
1061 232 1012 232 1085 235 1033 235 13
1061 237 1011 235 1085 241 1032 240 11
1063 234 1014 236 1087 239 1034 238 11
1058 299 1003 300 1085 307 1026 308 10
1057 302 1000 302 1085 311 1025 312 12
1061 316 1008 313 1089 325 1030 323 10
1058 343 997 342 1087 355 1022 355 53
1055 349 993 349 1087 363 1019 363 87
1067 240 1016 239 1091 243 1038 243 14
1068 238 1019 238 1093 241 1040 241 14
1069 245 1023 241 1095 249 1041 249 15
1068 249 1016 249 1093 253 1037 253 12
1065 261 1009 261 1093 267 1034 265 14
1062 272 1006 272 1091 279 1030 278 8
1065 295 1011 295 1095 303 1036 303 8
1064 316 1009 317 1093 327 1033 326 17
1074 224 1019 222 1099 225 1044 227 19
1075 232 1025 232 1101 235 1048 235 15
1073 230 1022 231 1097 233 1044 234 13
1076 247 1025 247 1101 251 1047 251 15
1067 262 1012 263 1097 269 1036 270 13
1073 289 1020 287 1101 297 1043 298 17
1069 285 1012 285 1099 293 1039 293 11
1068 314 1013 314 1097 323 1038 321 15
1067 346 1006 346 1099 359 1034 359 59
1077 120 1026 119 1105 115 1049 114 30
1078 208 1024 206 1103 209 1051 208 21
1077 235 1027 236 1103 239 1049 239 14
1077 259 1019 259 1107 267 1047 265 12
1078 276 1022 276 1107 283 1047 282 9
1076 283 1021 284 1105 291 1045 292 12
1074 294 1019 295 1103 303 1049 304 13
1073 340 1013 341 1105 353 1041 354 122
1085 112 1029 113 1111 107 1055 106 7
1085 142 1033 142 1113 139 1056 138 14
1086 198 1033 198 1113 199 1057 199 12
1084 209 1031 209 1111 211 1055 211 11
1086 212 1033 212 1113 213 1057 213 12
1083 223 1032 225 1111 227 1055 227 18
1081 227 1030 227 1109 229 1054 229 20
1081 320 1024 320 1111 331 1050 330 16
1076 338 1017 339 1109 351 1045 352 68
1087 109 1033 108 1115 103 1059 102 18
1092 118 1037 117 1117 113 1061 112 13
1086 132 1034 131 1115 127 1058 126 12
1090 141 1037 141 1117 137 1061 136 10
1090 159 1036 159 1117 157 1060 157 23
1091 157 1038 157 1119 155 1063 155 10
1088 226 1035 227 1115 229 1059 230 12
1083 263 1028 262 1115 269 1055 267 9
1089 264 1030 266 1117 271 1057 269 15
1085 284 1030 285 1115 291 1056 290 9
1084 307 1031 307 1115 315 1055 313 7
1085 309 1029 310 1115 319 1057 317 14
1082 344 1022 344 1117 357 1053 357 103
1091 105 1039 105 1121 99 1064 97 7
1094 135 1040 135 1123 131 1064 131 15
1093 151 1044 151 1123 149 1069 148 14
1092 161 1040 161 1121 159 1065 158 8
1094 180 1041 179 1123 179 1066 179 12
1093 219 1041 219 1121 221 1064 220 17
1095 225 1041 225 1121 229 1065 229 14
1098 235 1047 234 1125 239 1071 237 12
1093 272 1039 271 1125 279 1065 279 11
1091 268 1036 270 1123 275 1065 274 8
1094 277 1035 276 1123 283 1062 282 10
1096 286 1037 287 1125 295 1063 293 11
1100 125 1045 125 1129 121 1071 120 13
1101 172 1050 172 1131 171 1073 170 12
1100 306 1045 305 1131 317 1068 318 11
1109 128 1052 130 1137 125 1078 125 15
1105 209 1054 208 1133 211 1077 211 16
1104 221 1051 220 1133 223 1076 223 17
1105 237 1051 240 1133 243 1076 243 11
1109 235 1055 235 1137 239 1083 239 10
1104 246 1053 244 1133 249 1078 249 15
1106 266 1051 267 1137 273 1078 273 13
1101 267 1045 267 1133 275 1071 273 8
1103 316 1046 314 1133 325 1074 325 8
1114 96 1060 96 1141 91 1083 90 41
1113 196 1060 194 1143 197 1085 195 11
1107 257 1052 255 1139 261 1078 262 20
1108 269 1053 269 1139 275 1080 275 13
1107 274 1053 274 1139 281 1079 283 10
1114 125 1061 124 1145 121 1086 120 22
1116 129 1062 127 1145 125 1088 123 22
1115 133 1063 135 1147 129 1089 128 21
1116 142 1065 141 1149 139 1089 138 13
1120 180 1067 179 1149 179 1093 178 17
1113 252 1058 252 1145 257 1086 257 26
1115 258 1057 258 1147 263 1087 263 30
1116 319 1059 319 1145 329 1088 329 11
1125 182 1069 183 1153 181 1098 180 18
1124 251 1069 250 1155 255 1096 255 34
1121 252 1067 252 1153 257 1094 257 27
1122 260 1066 260 1155 265 1093 266 28
1131 161 1078 159 1159 159 1106 157 9
1126 244 1073 244 1159 247 1105 246 23
1129 263 1073 263 1161 269 1104 269 23
1123 289 1067 289 1157 297 1096 297 8
1126 296 1067 294 1157 303 1096 304 9
1135 150 1081 149 1163 149 1107 148 16
1134 289 1077 290 1167 297 1107 297 15
1140 251 1085 250 1171 255 1114 255 25
1136 254 1080 254 1169 259 1109 259 28
1139 258 1082 259 1173 263 1116 262 23
1147 129 1094 130 1177 125 1121 124 13
1145 149 1098 149 1175 145 1130 143 23
1144 221 1093 222 1175 225 1119 225 17
1147 227 1097 226 1179 229 1122 228 18
1149 234 1098 234 1177 237 1125 237 18
1146 232 1096 231 1177 235 1122 233 15
1150 241 1101 240 1179 245 1129 243 20
1155 173 1104 172 1185 171 1131 170 86
1151 168 1100 167 1181 167 1127 165 57
1150 174 1100 174 1181 173 1127 173 72
1152 214 1111 213 1183 215 1131 214 36
1159 150 1108 149 1191 147 1136 146 31
1156 168 1105 168 1187 167 1133 166 85
1160 178 1110 177 1191 177 1138 177 89
1157 175 1107 175 1187 173 1134 174 92
1157 187 1108 185 1187 187 1134 185 61
1153 225 1105 223 1187 227 1135 225 14
1151 261 1098 261 1187 267 1132 267 23
1165 133 1113 134 1197 129 1143 128 62
1163 152 1113 151 1195 149 1141 148 57
1163 174 1113 174 1193 173 1140 172 93
1147 299 1080 295 1195 307 1121 308 21
1151 325 1081 321 1197 337 1125 337 14
1169 107 1119 106 1201 101 1147 99 58
1167 107 1117 107 1199 103 1143 101 38
1167 115 1116 115 1199 109 1144 109 38
1167 257 1110 259 1201 263 1139 261 13
1152 297 1083 298 1199 307 1123 308 26
1151 317 1083 317 1201 329 1123 329 18
1170 128 1119 127 1205 123 1147 123 92
1183 208 1142 208 1207 209 1164 207 40
1159 293 1090 293 1205 303 1130 303 22
1162 297 1095 300 1211 309 1134 309 18
1164 319 1095 319 1213 331 1136 333 21
1173 282 1103 282 1223 291 1143 292 44
