89 210 56 211 55 215 17 215 69
90 218 55 217 55 221 18 221 42
90 235 57 234 57 239 23 238 74
88 246 56 246 55 251 19 252 60
87 258 54 257 53 263 18 262 47
87 269 55 269 55 275 19 275 21
84 274 53 274 53 281 18 281 20
96 202 61 202 61 205 25 205 98
94 210 59 210 59 213 21 213 52
98 211 63 212 63 215 28 214 46
92 227 54 227 59 231 23 230 132
95 239 63 238 63 243 27 242 82
93 240 60 240 59 245 25 244 105
93 272 61 273 61 279 27 278 17
110 229 73 229 79 233 45 232 76
114 237 80 236 81 241 45 240 78
118 259 85 259 87 265 53 264 46
122 222 90 221 91 225 56 225 62
126 278 88 277 91 285 50 284 43
130 285 92 284 95 293 54 292 148
134 213 100 211 103 215 68 215 76
134 218 100 217 103 221 67 221 81
136 227 99 227 103 231 65 231 103
133 223 99 223 103 227 65 227 117
135 233 103 232 105 237 58 236 150
141 208 108 208 111 211 75 210 98
137 210 104 210 107 213 72 213 99
140 212 106 212 109 215 74 215 93
139 231 106 230 109 235 75 235 61
138 254 108 254 109 261 77 260 57
143 287 105 286 109 295 69 294 172
171 105 102 105 117 97 40 97 48
143 250 112 249 115 255 82 255 77
146 289 109 288 113 297 73 296 248
145 293 107 292 115 301 71 300 328
149 271 118 271 121 277 87 277 191
158 302 114 302 121 313 74 312 311
162 319 115 318 123 331 72 330 142
160 241 124 239 129 245 92 245 36
159 253 125 253 129 259 93 258 50
153 263 122 264 127 271 87 270 217
153 267 123 267 125 275 92 273 156
161 285 126 285 129 293 88 292 190
161 291 124 290 129 299 89 298 263
162 301 119 300 125 311 78 310 247
165 305 122 304 129 315 83 314 290
185 126 118 126 133 121 55 121 88
185 153 117 153 131 151 56 151 87
186 175 116 175 131 175 53 175 100
189 179 120 179 135 181 57 180 123
167 228 126 229 135 231 93 231 103
163 278 128 278 133 285 93 285 156
171 318 125 317 133 329 83 329 117
193 122 126 122 141 117 66 117 118
193 128 125 128 141 123 66 124 200
195 137 126 137 141 133 63 133 179
193 145 121 145 139 143 60 143 136
190 148 121 149 137 147 60 149 107
193 164 125 164 139 163 62 163 118
168 241 133 242 139 247 99 246 30
171 255 137 256 141 261 104 261 32
197 37 129 37 145 19 67 20 149
199 48 131 48 147 33 70 34 70
195 49 127 50 143 35 66 36 66
201 55 130 56 147 41 68 42 69
201 123 132 123 147 117 71 118 190
195 126 127 126 143 121 68 121 163
199 128 131 128 147 123 72 124 159
176 223 139 223 145 227 105 227 54
182 314 136 313 145 325 96 324 117
203 38 134 39 151 23 74 24 132
205 41 136 41 153 25 75 26 122
201 49 132 50 149 35 72 36 85
204 82 133 82 151 71 72 71 101
204 144 135 144 151 141 75 141 207
204 165 136 166 153 165 78 165 199
201 171 132 171 149 171 75 171 256
204 175 137 175 153 175 78 175 182
202 173 135 173 151 173 76 173 228
200 178 132 178 149 179 74 179 207
182 216 144 216 151 219 111 219 109
184 219 147 219 153 223 113 223 75
182 229 145 229 151 233 111 232 70
181 236 145 236 151 241 113 240 48
180 275 142 275 149 283 109 282 62
181 274 146 273 151 281 111 280 60
209 102 138 103 155 95 78 96 110
207 108 137 109 155 101 75 101 119
208 139 140 137 157 133 83 133 212
206 152 137 151 155 149 76 150 197
207 160 140 161 157 159 81 159 185
208 173 141 173 157 173 82 173 192
208 178 140 178 157 179 83 179 288
186 223 148 223 155 227 115 227 50
185 250 151 251 155 255 118 254 28
187 252 151 251 159 259 121 258 46
184 255 149 255 155 261 117 260 35
186 266 148 266 155 273 115 272 44
189 269 152 268 159 275 120 274 49
194 308 150 307 159 319 112 318 111
194 324 147 324 157 337 105 336 106
214 96 142 96 161 87 79 87 174
199 246 165 245 171 251 132 250 79
197 252 162 251 169 257 131 256 95
196 259 160 258 167 265 129 264 61
200 261 164 260 171 267 133 266 78
198 269 161 268 169 275 130 274 75
196 282 159 281 167 289 127 288 93
201 291 164 290 171 299 130 298 121
201 309 157 308 167 319 120 318 90
227 153 158 155 177 153 100 153 140
200 233 165 233 173 237 134 236 49
201 250 166 249 173 255 135 254 45
205 246 170 245 177 251 140 251 75
206 284 169 283 177 291 137 291 74
203 287 165 286 173 295 133 294 99
206 303 163 302 173 313 128 312 134
229 110 157 110 179 103 97 102 232
209 244 175 244 181 249 144 248 96
209 253 173 253 181 259 144 258 85
210 257 172 257 181 263 142 262 66
212 264 175 264 183 271 144 271 64
207 269 169 269 181 275 137 275 210
208 287 171 286 179 295 140 294 84
210 285 173 285 181 293 142 292 112
212 291 175 290 183 299 143 298 142
211 305 169 304 179 315 134 314 138
236 90 166 91 187 81 110 82 165
214 229 176 229 185 233 144 233 72
218 242 180 242 189 247 149 247 91
216 259 181 259 189 265 150 265 88
217 284 180 283 189 291 150 290 63
241 117 169 117 191 111 111 111 223
221 184 181 184 191 185 149 183 199
220 193 181 193 191 195 149 195 230
222 189 183 189 193 191 151 191 162
224 200 186 198 195 201 154 202 171
222 212 183 212 193 215 152 214 123
220 227 182 226 191 231 150 231 118
222 235 184 234 193 239 152 238 170
220 253 185 253 193 259 155 258 137
222 257 187 257 195 263 157 262 72
219 261 182 261 191 267 153 267 108
223 267 186 266 195 273 155 273 71
219 287 181 286 191 295 151 294 180
247 61 176 62 199 49 119 49 243
246 65 174 67 197 53 115 55 308
244 103 176 103 197 95 121 95 276
249 144 176 144 199 141 118 141 256
228 215 189 216 199 219 159 219 159
227 222 189 221 199 225 158 225 175
226 233 188 232 197 237 157 237 175
223 252 188 251 197 257 160 256 108
226 284 189 283 199 291 160 290 122
231 292 191 292 201 301 161 300 159
229 304 188 303 199 313 155 312 157
229 316 184 315 197 327 148 326 191
251 86 179 86 203 75 120 75 314
251 149 186 149 207 147 133 147 290
233 203 195 202 205 205 165 205 145
233 208 195 208 205 211 164 210 143
231 217 193 217 203 221 162 221 136
233 225 195 225 205 229 164 228 89
235 229 197 229 207 233 167 233 183
231 232 193 233 203 237 162 237 168
231 240 196 240 205 245 169 244 165
231 274 194 274 203 281 164 281 103
235 302 195 301 207 311 163 310 175
240 319 193 319 207 331 156 331 172
240 327 193 325 207 339 154 338 154
252 36 188 36 209 21 139 22 161
259 145 188 145 211 143 132 143 334
255 162 189 162 211 161 139 162 222
240 199 203 199 213 201 173 200 249
238 210 201 210 211 213 173 212 263
236 212 199 212 209 215 169 215 254
237 261 201 261 211 267 172 267 100
235 271 200 270 209 277 169 276 88
246 317 199 317 213 329 164 328 108
263 77 192 78 217 67 138 68 260
262 83 191 84 215 73 135 72 286
265 81 194 82 219 71 139 72 248
266 124 196 125 219 119 144 118 414
259 158 193 158 215 157 139 157 292
262 181 196 181 219 183 145 181 196
244 210 209 210 219 213 155 211 282
244 221 210 221 219 225 183 225 117
243 257 207 257 217 263 179 263 53
243 268 207 268 217 275 179 274 113
243 272 206 272 217 279 179 278 105
241 274 205 274 215 281 176 281 121
246 293 208 292 219 301 178 300 167
242 295 204 294 215 303 174 302 169
267 178 200 178 223 179 150 179 201
245 197 211 196 221 199 184 198 219
250 245 215 244 225 249 189 249 140
251 267 214 267 225 273 187 272 70
247 278 210 277 221 285 182 284 113
258 320 209 320 225 333 174 332 51
252 205 216 205 227 207 188 208 155
256 207 220 206 231 209 192 209 174
252 233 217 233 227 237 191 237 56
253 229 219 229 229 233 193 233 69
253 237 219 236 229 241 194 241 68
256 274 220 274 231 281 193 280 114
254 286 218 285 229 293 189 293 87
255 303 214 303 227 313 182 312 159
259 325 211 324 227 337 175 336 86
275 43 212 43 235 29 166 30 125
279 77 214 78 237 67 166 68 197
260 216 224 216 235 219 196 220 127
260 220 225 219 235 223 200 223 98
258 217 223 218 233 221 198 220 149
258 237 225 237 235 241 200 241 118
257 239 223 238 233 243 198 243 133
260 250 227 250 237 255 202 254 192
261 259 225 258 237 265 199 264 146
257 263 222 262 233 269 196 268 93
263 295 224 294 237 303 196 302 127
265 305 223 304 237 315 192 314 102
266 309 220 309 237 319 188 319 100
268 313 221 314 237 325 189 324 75
261 317 217 317 233 329 185 327 27
280 33 218 34 241 19 173 19 108
283 63 219 64 243 51 159 51 196
266 231 233 231 243 235 209 235 112
266 239 233 238 243 243 208 242 158
262 244 229 244 239 249 204 249 146
264 248 231 248 241 253 206 253 148
266 273 231 272 243 279 210 281 232
267 286 231 285 243 293 205 292 135
268 298 228 298 241 307 199 306 190
283 31 221 31 245 17 173 15 121
270 212 237 212 247 215 213 215 162
269 218 238 218 247 221 209 220 204
271 235 239 235 249 239 215 239 254
269 256 236 256 247 261 213 261 263
271 286 235 285 247 293 209 293 137
271 295 233 294 245 303 205 303 115
272 291 235 290 247 299 207 298 178
275 306 234 305 249 315 205 314 77
276 320 228 320 245 333 194 332 15
283 342 228 341 249 357 190 356 96
275 275 241 274 255 281 216 281 291
277 284 242 283 253 291 214 291 200
289 347 233 347 255 363 195 362 97
297 45 232 43 259 31 186 30 236
283 269 251 269 261 275 228 274 159
280 269 249 269 259 275 226 274 185
289 320 243 319 261 331 210 330 16
302 47 235 47 263 33 190 34 303
287 277 253 276 265 283 229 282 116
290 288 254 287 267 295 228 295 121
297 334 245 334 267 349 209 348 65
295 334 244 333 265 349 208 348 57
298 338 245 338 267 353 210 352 65
292 279 259 278 271 285 235 285 100
303 334 250 334 271 349 216 348 62
299 262 268 261 279 267 246 266 167
300 267 268 267 279 273 246 272 180
299 273 266 273 279 279 244 279 202
300 282 265 282 279 289 243 288 234
303 286 268 285 281 293 242 293 171
311 339 259 338 281 353 224 352 102
310 288 274 287 289 295 249 295 457
311 291 273 291 289 299 249 298 318
311 303 270 303 287 313 242 312 53
317 295 276 295 295 303 251 303 239
323 310 277 309 297 321 252 323 11
323 326 272 325 295 339 252 338 86
319 322 271 323 293 337 234 338 31
317 329 272 329 293 343 253 344 100
316 335 267 334 293 349 237 348 117
332 342 277 342 303 357 245 356 104
329 312 285 312 305 323 259 322 10
334 328 286 329 309 341 256 342 40
336 339 284 338 309 353 251 352 73
340 262 292 261 315 269 262 269 201
341 344 288 343 313 359 255 358 132
346 252 298 252 321 259 269 259 174
345 285 303 283 321 295 272 297 34
343 297 298 296 319 307 270 307 66
345 303 300 301 321 311 273 310 25
344 333 293 332 319 347 261 346 101
344 339 292 338 317 353 260 352 97
348 251 308 251 323 257 275 257 254
350 260 302 260 325 267 273 267 50
348 289 304 287 325 299 279 297 18
353 258 309 258 329 265 278 265 35
357 263 309 262 333 269 281 268 32
357 267 309 267 333 275 281 275 22
352 286 313 288 329 295 286 293 14
356 297 315 297 333 307 286 307 21
353 323 306 323 333 335 279 335 20
356 336 305 336 331 351 274 350 159
357 342 305 342 331 357 275 356 203
362 258 315 258 339 265 287 265 38
359 265 311 265 335 273 283 273 23
363 269 315 269 339 277 287 277 25
361 277 316 277 337 285 283 285 28
357 303 314 301 335 311 285 310 13
359 311 316 311 337 321 290 321 15
359 325 309 325 335 337 281 337 27
363 328 314 328 339 341 285 341 25
363 301 321 302 343 311 295 313 13
366 323 318 322 343 335 290 335 16
367 339 316 338 343 353 288 352 164
366 348 313 347 341 363 283 362 156
371 234 326 234 349 239 301 239 218
373 236 328 236 351 241 303 241 242
371 243 327 243 351 249 300 249 77
370 268 322 267 347 275 295 275 29
368 299 325 299 347 309 301 309 18
372 329 324 328 349 341 295 341 71
374 348 320 348 349 363 290 363 123
365 197 349 197 355 199 338 198 326
374 229 331 232 353 235 309 235 483
374 239 327 239 355 245 300 245 115
380 262 331 261 357 269 305 269 41
379 269 331 269 357 277 305 277 27
381 344 329 344 357 359 301 358 138
369 183 353 183 359 187 342 185 133
385 267 337 267 363 275 311 275 27
382 337 332 336 359 351 305 350 78
386 341 335 340 363 355 307 355 64
387 209 345 211 367 215 323 217 892
389 252 341 251 369 259 316 258 35
389 295 343 295 369 305 318 304 13
388 337 337 336 365 351 311 350 68
391 341 340 341 369 355 314 355 64
389 343 335 344 365 359 308 358 70
381 158 367 158 373 159 357 157 264
393 236 348 236 373 241 325 241 150
394 245 346 245 373 251 321 251 61
394 267 346 267 373 275 321 275 33
395 275 347 275 373 283 323 283 18
396 275 345 274 375 283 324 283 17
389 183 373 182 379 183 363 183 105
387 181 371 180 377 181 361 182 318
389 190 373 189 379 191 363 190 121
387 194 371 193 377 195 361 195 152
398 230 353 230 379 235 332 235 176
397 234 352 234 377 239 329 239 113
399 237 354 236 379 241 331 241 143
398 253 350 252 377 259 325 259 33
399 250 351 250 379 257 327 257 38
398 260 353 260 377 267 329 267 56
401 264 353 263 381 271 329 271 40
400 267 352 267 379 275 327 275 32
398 271 351 270 377 279 329 278 33
402 270 354 269 381 277 329 277 34
399 304 353 303 379 313 328 312 24
401 341 349 341 379 355 322 355 62
403 341 351 341 381 355 325 355 66
399 347 346 347 377 363 319 362 122
403 346 350 345 381 361 324 360 120
393 180 382 180 385 181 374 181 319
396 194 382 194 387 195 372 195 222
393 194 377 194 383 195 367 195 165
403 241 357 241 385 247 336 247 40
403 245 356 245 383 251 331 251 43
403 265 355 265 383 273 331 273 29
403 273 355 273 383 281 331 280 23
405 290 357 291 387 299 339 297 13
401 293 355 293 383 303 333 303 14
409 333 357 333 387 347 331 347 76
406 344 354 344 385 359 327 359 150
408 348 355 347 387 363 327 363 144
400 197 386 197 391 199 376 200 147
412 251 367 250 391 257 345 255 34
409 258 366 258 389 265 337 265 69
412 266 365 265 393 273 341 273 32
413 277 363 276 393 285 341 285 23
411 333 360 333 389 347 337 346 94
414 343 364 342 393 357 336 357 156
402 153 391 153 395 153 384 155 218
404 182 390 182 395 183 381 183 156
413 241 367 241 395 247 348 247 40
415 247 365 247 395 253 345 253 41
418 275 370 275 399 283 347 283 37
419 348 366 347 399 363 340 362 176
412 111 404 112 403 111 397 113 396
412 115 403 117 403 117 398 117 312
411 182 398 182 403 183 389 183 145
410 188 396 188 401 189 386 189 102
414 194 399 193 405 195 391 195 228
411 197 397 197 403 199 389 199 158
421 232 375 232 403 237 351 236 60
423 236 378 236 405 241 357 241 56
419 247 371 247 403 253 353 253 34
420 273 372 273 401 281 349 281 37
425 276 377 276 405 285 353 285 33
419 110 409 111 411 111 402 112 300
415 113 407 113 407 113 400 113 403
417 154 406 154 409 155 398 155 209
419 158 408 158 411 159 400 159 190
417 184 404 184 409 185 395 185 149
416 184 402 184 407 185 393 185 151
418 192 404 192 409 193 395 193 77
427 273 379 273 409 281 357 281 26
427 327 380 327 409 339 360 338 129
429 331 380 331 411 343 358 343 105
432 345 378 344 411 359 354 358 141
422 120 411 120 415 121 404 120 236
424 151 415 153 415 151 404 151 133
422 160 412 160 415 161 404 161 175
423 186 410 186 415 187 401 187 128
423 184 409 184 415 185 401 185 161
425 190 412 190 417 191 403 191 156
435 262 387 262 417 269 369 267 41
431 269 384 269 413 277 362 277 26
435 335 384 334 415 347 362 346 125
434 346 381 345 415 361 357 360 135
426 163 415 163 419 165 407 163 99
429 182 416 182 421 183 407 183 138
440 232 396 232 423 237 377 237 87
438 252 392 252 423 259 371 259 39
440 264 394 264 423 271 372 271 28
436 295 389 295 419 305 371 305 30
434 301 387 301 419 311 367 311 38
440 321 393 321 421 333 371 333 158
439 327 393 326 421 339 372 338 170
437 332 388 332 419 345 367 344 190
431 21 421 23 425 17 413 19 445
432 103 421 103 425 103 413 104 281
437 107 425 107 429 107 417 107 195
437 174 423 174 429 175 415 175 112
433 188 419 188 425 189 411 189 59
439 206 397 206 429 209 383 209 146
440 210 399 210 427 213 385 213 109
446 245 399 245 429 251 379 251 117
446 258 398 259 429 265 378 267 103
439 79 426 81 431 79 419 79 216
443 170 430 169 435 171 422 170 55
441 178 427 178 433 179 419 179 96
441 182 427 182 433 183 419 183 49
439 186 425 186 431 187 417 187 56
451 247 404 247 435 253 384 253 174
450 251 402 251 433 257 382 257 155
452 254 404 253 435 259 384 259 198
450 270 402 271 433 279 382 278 42
444 66 433 66 437 65 426 66 161
444 78 433 78 437 77 425 77 154
446 113 435 113 439 113 427 113 147
448 117 437 117 441 117 429 117 274
449 170 435 170 441 171 427 171 95
445 170 431 170 437 171 423 171 55
445 186 431 186 437 187 423 187 59
447 184 433 184 439 185 425 185 79
453 234 409 234 439 239 391 238 125
455 250 408 251 439 257 388 257 264
453 266 406 265 437 273 386 273 101
457 273 409 273 441 281 390 281 125
458 282 410 282 441 291 389 291 119
454 280 406 280 437 289 385 289 184
452 323 406 323 441 333 392 333 133
452 70 441 70 445 69 433 69 80
454 78 443 78 447 77 435 77 161
454 90 443 89 447 89 435 89 186
452 103 440 101 445 103 433 101 227
454 107 442 105 447 107 435 107 237
454 115 442 113 447 115 435 114 180
454 123 443 124 447 123 435 123 297
454 131 442 131 447 131 434 131 402
451 174 437 174 443 175 429 175 70
461 208 420 208 447 211 403 211 233
458 216 415 216 443 219 398 219 166
461 219 419 218 447 221 402 220 169
462 237 418 235 447 239 400 240 172
459 255 412 255 443 261 392 261 121
459 266 412 265 443 273 392 273 111
460 281 414 280 445 289 394 289 139
458 311 415 311 443 321 396 321 108
459 308 418 311 447 319 400 321 82
458 317 412 317 447 327 398 327 119
456 76 445 76 449 75 438 75 121
456 92 445 92 449 91 437 91 230
458 101 446 99 451 101 439 99 223
458 104 447 105 451 103 439 103 264
458 111 447 109 451 111 439 112 256
458 119 447 120 451 119 439 119 337
458 123 447 123 451 123 439 123 246
460 131 448 131 453 131 441 132 310
460 185 447 186 453 187 439 187 124
457 184 443 184 449 185 435 185 85
458 190 445 190 451 191 437 191 132
457 196 443 196 449 197 435 197 220
461 196 447 196 453 197 439 197 182
465 238 422 236 451 241 404 242 255
467 270 420 273 451 279 401 278 136
466 275 420 275 451 283 402 283 201
469 278 419 279 451 287 401 287 264
464 299 419 299 449 309 401 308 179
467 343 415 342 451 357 394 357 125
466 80 455 80 459 79 448 79 280
462 82 451 82 455 81 443 81 127
467 84 455 84 459 83 447 83 199
462 112 451 112 455 111 443 110 314
465 121 455 121 459 121 448 121 245
462 125 451 125 455 125 443 125 201
462 142 450 144 455 143 443 144 309
466 149 454 148 459 149 447 149 342
464 165 452 164 457 165 445 165 268
464 166 452 166 457 167 444 167 221
462 176 449 176 455 177 442 177 183
462 182 449 182 455 183 441 183 115
464 188 451 188 457 189 443 189 100
462 192 449 192 455 193 441 193 143
466 194 453 194 459 195 445 195 247
472 234 430 234 459 239 414 238 209
473 244 429 243 459 249 411 247 176
468 246 427 245 455 251 407 251 324
470 261 424 261 457 267 407 267 110
473 281 429 281 459 289 412 289 377
472 313 429 313 459 323 412 323 110
467 319 423 319 455 329 407 329 134
469 38 462 39 463 37 455 37 377
472 58 460 58 465 57 453 57 196
470 62 459 63 463 61 451 61 312
468 60 456 60 461 59 449 59 248
472 70 460 70 465 69 453 69 157
468 66 456 66 461 65 449 65 161
470 76 458 76 463 75 452 75 154
468 72 457 72 461 71 450 71 189
470 91 458 91 463 91 451 91 141
468 98 457 98 461 97 450 97 169
470 96 459 96 463 95 452 95 137
472 147 460 146 465 147 453 146 391
470 152 459 152 463 153 451 153 348
468 160 457 159 461 163 450 161 268
470 171 459 171 463 171 452 171 214
472 188 459 188 465 189 451 189 201
468 190 455 190 461 191 447 191 153
476 244 433 244 463 249 417 249 157
475 259 429 259 461 265 413 265 120
478 267 435 266 465 273 419 272 226
476 339 425 339 461 353 405 352 81
477 29 462 28 471 27 456 28 586
475 60 464 60 469 59 457 59 239
476 66 464 66 469 65 457 65 205
476 74 464 74 469 73 457 73 158
476 101 464 101 469 101 457 101 167
478 113 466 113 471 113 460 113 173
474 118 463 117 467 117 456 116 174
474 129 462 129 467 129 455 129 99
477 138 466 139 471 139 460 140 232
474 139 462 139 467 139 456 139 149
475 145 464 145 469 145 457 145 369
477 147 466 147 471 147 459 147 247
474 149 462 148 467 149 455 149 303
477 153 466 152 471 153 460 152 225
475 155 464 154 469 155 458 155 259
476 198 463 198 469 199 455 199 228
482 257 440 257 469 263 419 264 279
484 266 442 266 471 273 426 273 197
480 269 437 268 467 275 421 274 195
480 319 436 320 467 331 419 331 99
484 339 433 339 469 353 413 353 71
482 345 429 345 467 359 409 360 74
482 21 470 21 475 19 463 19 119
484 27 472 25 477 23 465 23 332
479 27 468 27 473 25 461 25 259
483 29 472 29 477 27 465 27 237
484 55 472 54 477 53 465 52 125
480 57 468 56 473 55 461 55 159
483 77 472 78 477 77 465 77 99
484 114 472 113 477 113 466 114 190
480 117 468 117 473 117 461 117 168
483 137 472 139 477 139 466 140 172
482 154 471 154 475 155 464 154 111
479 170 468 170 473 171 462 172 162
483 172 473 173 477 173 466 173 103
484 198 471 197 477 199 463 199 167
482 202 468 201 475 203 461 203 202
485 232 446 230 473 235 432 235 282
490 266 451 266 477 273 437 272 259
486 270 445 270 473 277 429 277 208
486 312 443 311 473 321 432 320 122
487 21 476 21 481 19 469 19 118
490 29 478 31 483 29 471 29 115
489 38 478 39 483 37 471 37 125
489 46 478 47 483 45 471 45 176
488 60 476 60 481 59 469 59 107
487 75 476 76 481 75 469 75 80
487 73 476 74 481 73 469 73 85
485 84 474 84 479 83 467 83 67
486 94 474 94 479 93 467 93 38
489 103 478 104 483 103 471 103 57
487 107 477 108 481 107 469 107 79
489 124 478 125 483 125 471 124 138
489 141 478 141 483 141 472 142 81
485 170 474 170 479 171 467 171 97
489 174 479 175 483 175 472 175 87
485 182 474 181 479 183 468 181 101
487 184 476 183 481 185 470 185 134
490 200 476 200 483 201 469 201 125
487 198 474 198 481 199 467 199 141
486 204 472 203 479 205 465 205 172
490 209 476 209 483 211 469 211 197
490 285 456 285 479 291 444 291 257
495 329 447 329 481 341 429 341 72
491 45 480 44 485 43 473 43 241
495 46 484 46 489 45 477 44 159
493 54 482 54 487 53 476 53 216
491 54 480 54 485 53 473 53 100
495 68 484 68 489 67 477 67 128
493 80 482 80 487 79 475 79 78
491 95 480 95 485 95 473 94 50
495 100 484 99 489 99 477 99 73
493 115 482 115 487 115 475 115 72
493 121 482 121 487 121 475 121 191
495 125 484 125 489 125 477 125 51
493 134 481 133 487 135 475 135 56
493 137 481 137 487 137 475 137 108
495 143 483 144 489 143 477 143 81
493 168 482 168 487 169 476 168 66
491 170 480 170 485 171 474 171 82
491 176 481 178 485 177 475 179 71
491 186 481 186 485 187 474 188 102
492 188 481 188 485 189 474 190 71
493 196 481 195 487 197 476 196 93
492 205 478 206 485 207 471 207 156
495 203 482 203 489 205 476 205 117
494 213 481 213 487 215 474 215 229
496 224 461 225 485 227 447 227 454
499 311 457 311 487 321 442 321 58
497 319 453 319 485 329 437 329 63
499 329 452 328 487 341 437 340 89
499 60 488 60 493 59 482 58 182
497 66 486 66 491 65 479 66 184
501 74 490 74 495 73 484 73 118
501 88 489 88 495 87 483 87 80
497 84 486 84 491 83 480 83 129
500 100 490 99 495 99 483 99 93
497 95 486 95 491 95 479 95 157
499 107 488 107 493 107 482 107 98
497 117 486 117 491 117 479 117 64
499 123 487 123 493 123 481 123 48
501 135 489 134 495 135 483 135 64
497 149 486 149 491 149 479 149 126
501 180 489 180 495 181 483 181 81
497 178 486 178 491 179 480 179 81
501 194 489 193 495 195 483 195 132
497 200 485 200 491 201 478 201 134
497 216 485 215 491 217 478 217 234
500 216 487 215 493 217 480 217 203
505 226 468 225 493 229 456 229 371
501 230 466 230 491 233 453 233 332
501 282 467 283 491 289 456 288 127
504 306 473 309 493 315 450 315 86
502 310 461 309 491 319 447 318 61
505 76 494 76 499 75 487 74 181
503 80 492 80 497 79 485 79 103
503 103 492 103 497 103 486 103 130
505 107 494 107 499 107 487 107 134
505 117 493 117 499 117 487 117 252
507 129 495 129 501 129 489 129 86
503 123 491 125 497 125 484 123 56
503 153 491 152 497 153 484 153 211
505 162 493 163 499 163 487 164 290
505 168 493 168 499 169 491 168 256
505 177 493 176 499 177 487 177 111
507 184 495 184 501 185 489 185 248
507 190 495 189 501 191 489 191 222
507 196 495 196 501 197 489 197 163
505 206 493 205 499 207 486 207 157
505 215 493 215 499 217 487 217 279
509 322 463 322 497 333 448 333 75
511 338 461 337 499 351 444 351 110
511 123 500 123 505 123 494 123 203
513 125 502 125 507 125 496 127 214
511 164 501 164 505 165 494 165 325
513 162 503 162 507 163 498 162 268
509 170 497 170 503 171 491 171 258
512 168 504 169 507 169 498 170 284
511 188 500 188 505 189 494 189 188
511 198 499 198 505 199 493 199 137
511 206 499 206 505 207 493 207 62
513 209 501 209 507 211 495 211 60
514 231 497 231 507 233 490 233 169
511 233 495 233 505 235 487 235 179
513 239 496 238 507 241 486 242 129
517 306 478 305 507 315 465 314 62
518 77 511 77 513 77 506 77 213
518 85 509 85 513 85 504 85 153
519 105 509 105 513 105 504 105 211
517 115 507 115 511 115 501 115 350
517 131 506 131 511 131 500 131 197
517 141 506 141 511 141 500 141 157
515 137 504 137 509 137 498 137 160
519 148 508 148 513 149 502 148 248
517 150 506 149 511 151 500 150 219
517 206 506 206 511 207 499 206 137
518 217 505 217 511 219 498 219 78
519 221 505 221 513 223 499 223 72
517 225 503 225 511 227 496 227 76
518 229 503 229 513 231 496 231 60
521 250 498 250 513 253 490 253 153
519 258 494 259 511 263 485 263 88
518 274 488 274 509 279 478 279 95
520 280 488 279 511 285 478 285 49
518 283 485 282 509 289 475 288 61
520 285 487 284 511 291 476 291 61
519 303 480 302 509 311 467 311 53
521 315 474 318 511 325 465 325 80
524 43 517 43 519 43 512 43 163
522 63 515 63 517 63 510 63 213
522 59 515 59 517 59 510 59 136
524 69 517 69 519 69 512 69 159
522 73 515 73 517 73 510 73 162
520 81 514 81 515 81 508 81 230
524 77 518 77 519 77 512 77 164
519 93 511 93 515 93 506 93 181
520 153 510 152 515 153 504 153 383
522 182 514 182 517 183 508 183 243
523 207 512 207 517 209 506 209 149
521 233 504 233 515 235 498 235 72
525 255 501 255 517 259 492 259 58
529 311 486 312 519 321 474 321 64
525 311 483 311 515 321 470 321 72
527 308 485 308 517 317 473 317 72
527 315 484 315 517 325 471 325 60
527 320 482 320 517 331 468 331 67
530 20 523 20 525 19 518 19 156
530 28 524 27 525 27 518 27 179
526 26 519 26 521 25 514 25 168
526 36 519 36 521 35 514 35 169
526 46 519 46 521 45 514 45 135
528 44 521 44 523 43 516 43 156
530 53 524 53 525 53 518 53 185
526 57 519 57 521 57 514 57 156
526 61 519 61 521 61 514 61 151
530 60 523 60 525 59 518 59 175
526 71 519 71 521 71 514 71 162
526 83 520 83 521 83 514 83 172
526 95 517 95 521 95 512 95 100
530 123 522 127 525 125 516 124 160
530 178 522 178 525 179 516 180 175
530 190 521 190 525 191 516 191 206
530 205 520 205 525 207 514 207 140
527 206 516 206 521 207 510 207 137
526 212 515 212 521 213 509 213 105
529 216 517 215 523 217 511 217 273
527 251 505 251 521 255 497 255 141
532 268 505 268 525 273 496 273 43
532 304 493 303 523 313 481 312 76
533 322 487 322 523 333 476 332 72
535 335 503 336 525 349 490 349 73
534 22 527 22 529 21 522 21 287
536 24 529 23 531 23 524 23 356
532 36 525 36 527 35 520 35 204
534 47 528 47 529 47 522 47 140
536 61 529 61 531 61 524 61 164
534 69 527 69 529 69 522 69 98
532 65 526 65 527 65 520 65 141
536 67 529 67 531 67 524 67 112
532 79 525 80 527 79 520 79 107
534 83 527 83 529 83 522 83 101
536 95 527 95 531 95 522 95 101
532 107 523 106 527 107 518 106 174
536 138 529 141 531 139 524 140 190
534 160 526 160 529 161 520 159 172
532 163 524 162 527 163 519 162 298
534 170 526 170 529 171 520 171 144
536 166 527 166 531 167 522 167 119
534 174 525 174 529 175 520 175 212
536 200 526 200 531 201 521 200 145
535 221 521 221 529 223 515 223 77
537 225 521 225 531 227 515 227 72
539 296 503 295 531 303 492 303 65
540 313 497 313 531 323 485 323 56
538 20 531 19 533 19 526 19 334
542 26 535 25 537 25 530 25 238
538 30 531 30 533 29 526 29 185
542 45 535 45 537 45 530 45 150
542 65 535 65 537 65 530 65 97
537 75 532 75 533 75 527 75 48
540 93 533 93 535 93 527 93 161
540 99 532 99 535 99 526 99 75
542 107 535 107 537 107 530 107 100
542 119 535 119 537 119 530 119 120
540 135 533 134 535 135 528 135 97
540 148 533 148 535 149 528 149 99
538 162 531 163 533 163 525 163 142
540 192 530 192 535 193 525 193 264
542 196 532 195 537 197 527 197 150
542 202 532 202 537 203 527 203 298
538 204 528 203 533 205 523 205 279
540 217 527 217 533 219 519 219 136
540 224 527 223 535 225 520 225 82
540 229 523 229 533 231 517 231 102
541 229 526 229 535 231 519 231 64
534 255 510 255 535 257 502 259 85
544 263 518 263 537 267 510 267 47
540 266 512 267 533 271 504 270 49
544 265 517 264 537 269 509 269 57
545 296 508 295 537 303 498 302 62
541 299 505 297 533 307 494 305 80
542 310 500 310 533 319 488 319 53
542 315 502 317 533 325 490 327 73
548 22 540 20 543 21 536 21 211
546 28 539 28 541 27 534 27 320
547 32 540 32 543 31 537 31 381
546 57 539 57 541 57 534 57 262
544 69 537 69 539 69 532 69 67
544 85 537 85 539 85 532 85 43
548 101 541 101 543 101 536 101 52
544 129 537 128 539 129 533 129 107
547 125 541 125 543 125 536 125 19
544 144 537 146 539 145 532 146 88
544 176 537 179 539 177 530 177 154
548 206 537 206 543 207 531 207 152
548 208 537 208 543 209 531 209 230
548 281 516 281 541 287 507 287 51
551 317 513 315 543 327 501 327 61
549 313 506 313 541 323 494 323 35
554 34 547 33 549 33 543 33 196
550 38 543 37 545 37 538 37 202
553 40 547 39 549 39 542 39 164
553 41 546 41 547 41 540 41 127
554 49 547 49 549 49 542 49 238
552 47 545 47 547 47 540 47 167
552 55 545 55 547 55 540 55 172
552 62 545 61 547 61 540 61 151
552 95 545 95 547 95 540 95 35
552 132 545 133 547 133 540 133 30
549 155 543 154 545 155 538 156 34
554 156 547 156 549 157 542 157 37
552 160 545 160 547 161 540 161 34
552 192 541 192 547 193 535 193 143
552 212 541 212 547 213 535 213 167
550 212 539 212 545 213 533 213 152
553 220 541 219 549 221 536 221 132
556 268 528 268 549 273 520 273 50
552 270 523 270 545 275 515 275 75
556 281 524 281 549 287 515 287 58
557 293 520 293 549 301 510 301 36
553 294 516 295 545 303 506 302 61
553 297 514 298 545 305 504 306 53
554 344 509 345 545 359 496 360 154
556 20 549 19 551 19 544 19 226
558 18 551 18 553 17 546 17 130
558 46 551 45 553 45 546 45 226
560 59 553 57 555 57 548 57 200
556 60 549 59 551 59 544 59 166
556 71 549 71 551 71 544 71 63
560 73 553 73 555 73 548 73 46
558 76 551 74 553 75 546 74 53
556 83 550 83 551 83 545 83 22
556 97 549 97 551 97 544 97 31
558 111 551 111 553 111 546 111 27
557 123 550 122 553 123 546 123 21
556 131 549 131 551 131 544 131 28
558 142 551 142 553 143 546 143 20
556 146 549 147 551 147 544 147 37
556 154 549 154 551 155 544 155 41
560 194 548 194 555 195 543 195 122
560 200 549 200 555 201 543 201 127
558 209 547 209 553 211 542 211 134
557 227 543 227 551 229 535 229 74
560 240 541 240 555 243 531 243 76
559 244 538 244 553 247 532 247 66
561 259 535 259 555 263 531 262 34
561 274 531 274 555 279 524 278 45
561 288 528 288 555 295 518 295 40
562 306 521 306 555 315 511 315 35
561 310 519 310 553 319 508 319 47
562 18 555 18 557 17 550 17 207
566 37 559 37 561 37 554 37 70
562 60 555 60 557 59 550 59 217
563 78 557 76 559 77 552 76 49
563 82 557 83 559 83 552 83 26
561 91 553 90 557 91 549 91 22
562 99 555 99 557 99 550 99 22
564 114 557 113 559 113 552 113 24
563 136 557 136 559 137 551 135 17
564 142 557 143 559 143 553 143 20
562 160 555 160 557 161 550 161 30
566 164 559 164 561 165 554 165 29
564 160 557 160 559 161 552 161 38
565 168 559 168 561 169 554 169 31
565 179 559 179 561 181 554 181 117
562 188 551 188 557 189 545 189 121
562 198 550 198 557 199 545 199 91
562 211 551 211 557 213 545 213 148
566 213 555 213 561 215 549 215 94
562 218 550 217 557 219 545 219 116
567 244 545 244 561 247 539 247 83
563 265 536 265 557 269 528 269 46
563 268 535 268 557 273 528 273 48
568 276 536 275 561 281 529 281 36
566 290 530 290 559 297 521 297 42
568 299 530 299 561 307 520 307 36
568 325 531 325 561 337 521 337 73
572 20 565 20 567 19 558 18 84
568 27 561 27 563 27 556 27 97
568 46 561 46 563 45 556 45 102
569 41 562 41 565 41 558 41 94
570 63 563 63 565 63 558 63 198
572 68 565 67 567 67 560 67 96
570 70 563 69 565 69 558 69 133
568 81 561 81 563 81 556 81 48
569 86 563 87 565 85 557 87 32
570 95 563 97 565 97 558 97 23
568 116 561 117 563 117 557 117 15
572 118 565 119 567 119 561 119 26
567 148 560 148 563 149 556 149 29
569 160 563 160 565 161 558 161 32
568 160 561 160 563 161 556 161 45
568 166 561 166 563 167 556 167 43
570 175 563 175 565 177 558 176 64
570 200 558 200 565 201 553 201 113
572 210 560 210 567 211 555 211 116
574 225 558 225 565 227 550 227 70
571 240 552 240 567 243 547 243 70
571 268 543 268 565 273 537 273 48
573 22 567 21 569 21 561 21 193
578 20 571 19 573 19 566 19 111
576 31 568 31 571 31 563 30 78
574 44 567 44 569 43 563 44 105
575 55 567 51 569 51 562 51 392
575 58 569 57 571 57 564 57 148
575 63 568 63 571 63 564 63 106
576 69 569 69 571 69 564 70 174
574 79 567 79 569 79 562 79 98
576 83 568 83 571 83 564 83 48
573 107 566 106 569 107 562 106 16
578 127 571 127 573 127 566 127 23
574 135 568 135 569 137 563 136 15
574 142 567 143 569 143 563 143 19
574 172 567 173 569 173 563 173 54
577 182 569 182 573 183 562 183 282
577 188 566 188 573 189 561 189 190
576 192 564 192 571 193 559 193 191
576 196 564 196 571 197 559 197 137
573 212 562 211 569 213 557 213 280
574 254 552 253 569 257 545 257 59
577 274 547 274 571 279 540 279 30
575 287 541 286 569 293 533 293 44
579 297 541 297 573 305 529 307 78
577 304 537 304 571 313 528 313 40
579 306 539 306 573 315 530 315 38
579 26 573 25 575 25 568 25 128
583 28 577 28 579 27 572 27 111
584 34 577 34 579 33 571 32 191
584 36 576 35 579 35 572 35 81
582 40 575 40 577 39 567 38 88
579 49 575 50 575 49 572 50 252
581 55 575 55 577 55 570 55 104
583 57 576 57 579 57 572 57 91
579 59 573 59 575 59 568 59 153
583 64 577 63 579 63 572 63 152
582 77 575 77 577 77 570 76 103
583 85 576 86 579 85 572 85 45
581 91 575 91 577 91 570 91 18
581 95 575 95 577 95 570 95 24
583 101 577 100 579 101 572 100 21
583 111 576 110 579 111 572 111 22
579 108 572 108 575 109 567 108 22
579 113 573 115 575 115 568 115 21
580 121 573 121 575 121 568 121 18
581 133 574 132 577 133 570 133 16
581 137 574 137 577 137 570 137 20
579 144 573 144 575 145 568 144 22
582 150 575 150 577 151 570 151 22
579 162 573 163 575 163 569 163 18
579 160 573 161 575 161 569 161 25
581 166 575 166 577 167 570 167 15
581 186 571 186 577 187 566 187 166
579 184 568 184 575 185 563 185 185
582 192 570 192 577 193 565 193 211
584 198 572 198 579 199 567 199 153
580 196 568 196 575 197 563 197 233
582 202 570 201 577 203 565 203 300
581 211 570 211 577 213 565 213 148
579 218 567 218 575 219 561 219 217
581 277 550 277 575 283 543 283 45
581 288 545 288 575 295 538 295 51
588 22 581 22 583 21 576 21 206
588 18 581 17 583 17 576 17 156
587 29 581 29 583 29 576 29 127
585 42 579 41 581 41 574 41 113
586 51 578 51 581 51 574 51 72
589 78 583 77 585 77 578 77 95
585 89 579 90 581 89 574 89 32
585 99 579 98 581 99 575 98 27
586 105 579 105 581 105 575 105 22
586 113 578 115 581 115 574 114 29
589 134 582 135 585 135 578 134 40
585 142 578 141 581 143 574 143 16
585 155 579 155 581 155 574 155 18
587 160 580 160 583 161 576 162 28
585 174 579 174 581 175 574 175 82
585 182 575 182 581 183 570 183 155
588 191 577 191 583 191 572 191 119
586 196 574 196 581 197 570 197 275
587 209 576 209 583 211 571 211 410
585 216 574 216 581 217 570 217 176
590 223 575 223 583 225 567 225 130
592 223 578 223 585 225 569 225 78
590 248 567 248 585 251 562 251 150
586 280 555 279 581 285 548 285 39
588 288 553 289 583 295 541 293 41
590 292 554 292 585 299 547 299 33
595 22 588 22 591 21 584 21 153
591 20 585 19 587 19 580 19 140
594 18 587 17 589 17 582 17 134
593 24 587 23 589 23 582 23 168
591 34 585 33 587 33 580 33 114
595 39 589 40 591 39 584 39 86
591 42 585 41 587 41 580 40 76
593 43 587 44 589 43 582 43 126
595 71 588 71 591 71 584 71 115
591 80 584 80 587 81 580 81 75
593 103 586 102 589 103 582 103 36
593 109 586 108 589 109 582 109 47
595 116 589 117 591 117 584 117 29
591 119 584 119 587 119 580 119 21
593 129 587 128 589 129 582 129 33
595 127 588 127 591 127 584 127 16
596 146 588 146 591 147 584 147 44
595 164 589 164 591 165 584 165 48
593 162 587 162 589 163 582 162 55
591 168 585 168 587 169 580 169 26
595 194 585 194 591 195 580 195 203
593 200 583 200 589 201 578 201 313
595 213 584 213 587 215 575 215 268
591 231 573 231 587 235 569 233 81
597 250 573 249 591 253 556 255 105
594 276 563 276 589 281 557 280 34
599 20 592 20 595 19 588 19 166
597 24 590 23 593 23 586 23 157
599 52 593 51 595 51 588 51 138
597 50 591 48 593 49 586 49 164
601 73 595 73 597 73 591 72 84
601 79 595 79 597 79 590 78 101
601 103 594 103 597 103 590 102 68
599 109 592 109 595 109 588 109 43
601 128 594 127 597 129 590 128 48
597 131 591 131 593 131 586 131 32
601 174 594 174 597 175 590 175 256
597 176 591 176 593 177 586 176 54
597 246 576 246 593 249 571 249 73
600 268 571 268 595 273 567 271 41
597 274 568 272 593 279 561 279 33
598 285 564 285 593 291 558 290 58
600 287 565 286 595 293 559 293 35
598 290 563 291 593 297 556 297 45
602 311 559 311 597 321 552 321 42
603 23 596 23 599 21 592 21 89
603 42 597 41 599 41 593 40 131
603 48 597 47 599 47 592 47 152
605 53 599 53 601 53 594 53 205
605 71 599 71 601 71 595 71 244
607 81 601 81 603 81 596 80 96
603 91 596 91 599 91 592 91 87
605 93 599 93 601 93 594 93 65
607 116 600 116 603 117 596 117 38
603 125 597 124 599 125 592 125 27
607 128 600 128 603 129 596 129 71
603 137 596 137 599 137 592 137 82
607 153 600 153 603 153 596 153 302
607 160 600 160 603 161 596 161 153
605 170 599 171 601 171 595 172 275
607 166 600 166 603 167 596 167 266
607 178 601 179 603 179 597 179 142
607 185 601 185 603 187 597 186 146
605 188 599 188 601 189 595 189 263
605 196 598 196 601 197 594 197 200
607 202 598 202 603 203 595 203 348
610 221 595 221 601 223 587 223 65
605 265 578 265 601 269 572 269 35
604 267 575 267 599 271 570 271 28
607 283 575 283 603 289 568 289 35
604 300 565 299 599 307 558 307 45
606 310 564 309 601 319 556 319 43
608 327 560 327 603 339 552 339 55
609 20 602 19 605 19 598 19 214
613 40 607 39 609 39 602 39 107
609 68 603 67 605 67 598 67 160
613 70 606 69 609 69 602 69 132
609 77 603 77 605 77 598 77 124
613 89 607 88 609 89 602 89 60
611 97 605 97 607 97 601 97 52
613 105 607 105 609 105 602 104 93
613 111 606 111 609 111 602 111 49
609 107 603 107 605 107 598 107 39
609 136 603 137 605 137 598 137 146
609 143 603 142 605 143 598 143 272
613 160 607 160 609 161 602 161 295
613 166 607 166 609 167 602 167 271
613 196 611 195 609 197 603 197 342
612 202 605 202 609 203 601 203 285
609 222 601 221 607 223 593 223 97
609 246 587 246 605 249 582 249 81
611 242 592 242 609 245 587 245 68
609 263 583 263 605 267 577 267 38
611 259 585 259 607 263 581 263 36
613 272 583 272 609 277 578 277 30
611 272 582 272 607 277 576 277 45
613 296 576 296 609 303 570 303 41
610 302 571 301 605 309 564 309 56
613 299 574 299 609 307 569 307 58
609 319 564 318 605 329 557 329 46
612 341 559 341 607 355 545 353 80
617 22 610 21 613 21 606 20 156
619 51 613 51 615 51 608 51 176
615 55 609 55 611 55 604 55 116
619 59 612 59 615 59 608 59 172
615 75 608 75 611 75 604 75 89
617 79 610 79 613 79 606 79 99
615 81 608 81 611 81 604 81 104
617 91 611 91 613 91 606 91 112
619 89 612 88 615 89 608 89 59
619 95 613 95 615 95 608 94 55
619 101 613 100 615 101 608 100 42
619 111 613 110 615 111 608 110 139
617 109 611 108 613 109 606 109 62
619 119 612 118 615 119 608 119 50
617 129 610 128 613 129 606 129 54
617 132 610 132 613 133 606 132 70
615 147 608 146 611 147 604 147 166
615 160 608 160 611 161 604 161 378
619 170 613 170 615 171 609 171 162
619 172 613 172 615 173 609 173 287
615 176 608 176 611 177 605 177 193
617 178 610 178 613 179 606 179 192
615 186 609 186 611 187 605 187 247
617 184 612 183 613 185 607 185 226
619 190 613 190 615 191 609 191 206
617 190 611 190 613 191 607 191 323
619 248 597 248 615 251 603 252 109
615 268 587 268 611 273 581 273 33
615 294 578 294 611 301 571 300 52
619 299 581 299 615 307 575 307 41
617 312 574 312 613 321 568 321 52
617 322 571 322 613 333 564 333 66
619 327 571 327 615 339 559 338 51
615 331 566 331 611 343 559 343 51
619 348 565 348 615 363 556 363 78
621 24 614 23 617 23 610 23 207
621 30 614 29 617 29 610 29 135
623 34 616 33 619 33 612 33 133
625 37 618 37 621 37 614 36 150
621 39 614 39 617 39 610 39 226
623 55 616 55 619 55 612 55 188
623 67 616 67 619 67 612 67 138
623 73 616 73 619 73 612 73 90
621 83 614 83 617 83 610 83 85
623 85 616 84 619 85 612 85 124
625 109 620 108 621 109 615 107 57
623 107 618 106 619 107 614 106 59
623 123 616 123 619 123 612 123 42
625 121 618 121 621 121 614 121 63
621 127 614 126 617 127 610 127 64
623 129 616 128 619 129 612 129 50
625 145 618 144 621 145 614 145 125
623 158 617 158 619 159 613 158 144
623 174 617 174 619 175 613 175 241
623 208 615 208 619 209 610 209 178
619 220 614 219 617 221 610 221 109
626 225 611 225 621 227 596 226 103
623 261 597 261 619 265 587 265 49
625 269 596 269 621 273 591 273 45
623 270 594 270 619 275 589 275 36
620 283 588 283 617 289 582 287 36
622 292 587 292 619 299 581 299 40
621 308 579 308 617 317 573 317 43
622 327 575 327 619 339 568 339 61
624 346 570 346 621 361 562 361 65
630 39 622 39 625 39 617 39 204
631 59 624 59 627 59 620 59 186
626 60 620 59 623 59 616 59 209
631 71 624 71 627 71 620 71 158
631 103 624 103 627 103 620 103 75
629 113 623 113 625 113 618 113 66
629 129 622 129 625 129 618 129 68
631 133 624 132 627 133 620 133 51
631 141 624 141 627 141 620 141 150
627 148 620 149 623 149 616 149 93
627 156 620 156 623 157 616 157 222
627 163 621 162 623 163 617 163 117
627 170 621 169 623 171 616 170 90
627 178 622 178 623 179 618 179 141
629 194 622 194 625 195 618 195 164
628 214 616 214 625 215 613 215 148
628 261 602 261 625 265 598 265 29
626 265 599 265 623 269 595 269 31
630 274 600 274 627 279 596 279 51
628 276 597 276 625 281 592 281 63
630 283 598 283 627 289 593 289 64
626 296 590 295 623 303 584 303 56
630 312 587 311 627 321 581 321 41
626 329 578 329 623 341 571 341 48
630 334 580 334 627 347 573 347 88
627 347 571 348 623 363 564 363 213
635 49 628 49 631 49 624 49 152
637 57 630 58 633 57 626 57 151
635 53 628 53 631 53 624 53 145
633 65 626 65 629 65 622 65 218
637 87 631 86 633 87 627 86 161
633 117 626 117 629 117 622 117 68
635 137 628 136 631 137 624 137 62
633 141 626 141 629 141 622 141 61
635 150 628 150 631 151 624 151 165
637 154 630 154 633 155 626 155 82
633 169 626 168 629 169 622 169 93
637 188 630 187 633 189 626 188 159
633 190 626 190 629 191 622 191 161
635 206 625 206 631 207 620 207 204
631 212 619 212 629 213 616 213 189
632 218 621 217 629 219 617 219 129
634 221 621 221 631 223 617 223 82
634 261 608 261 631 265 603 265 31
632 278 601 278 629 283 596 283 60
634 276 604 276 631 281 599 281 56
636 289 601 289 633 295 596 295 86
636 301 597 301 633 309 592 309 47
635 348 581 348 633 363 574 363 92
641 75 634 75 637 75 630 75 177
639 77 632 77 635 77 628 77 194
643 79 637 78 639 79 632 79 164
641 83 634 83 637 83 631 83 138
639 91 632 91 635 91 628 91 135
643 93 637 92 639 93 633 92 109
641 89 634 89 637 89 630 89 169
643 105 637 104 639 105 634 105 173
643 127 637 126 639 127 632 127 90
641 168 634 168 637 169 630 169 193
639 172 632 172 635 173 629 173 121
639 184 633 184 635 185 629 185 177
639 218 627 218 635 219 622 219 153
640 285 606 286 637 291 603 289 69
641 289 607 288 639 295 602 295 75
642 294 605 294 639 301 601 301 60
641 310 599 310 639 319 594 319 79
637 321 592 320 635 331 587 331 48
641 336 589 339 639 349 585 349 120
645 101 640 101 641 101 635 100 182
645 107 640 106 641 107 636 107 113
645 115 640 114 641 115 635 115 301
645 138 639 138 641 139 635 139 106
644 160 639 160 641 161 635 160 317
649 170 642 170 645 171 638 171 298
645 172 638 172 641 173 635 173 130
645 184 639 184 641 185 636 185 196
648 259 623 259 645 263 619 262 56
648 265 621 265 645 269 617 269 51
643 299 606 300 641 307 601 307 51
647 313 604 313 645 323 599 323 77
656 105 652 105 651 105 647 105 201
651 109 646 109 647 109 642 109 162
653 152 647 152 649 153 643 153 217
651 162 644 162 647 163 640 163 158
654 202 640 202 651 203 636 203 234
654 213 640 213 651 215 636 215 112
649 257 625 257 647 261 621 261 97
651 263 625 263 649 267 621 267 62
650 267 622 267 647 271 618 271 52
652 274 620 274 649 279 618 279 64
654 278 623 278 651 283 614 283 63
649 296 612 295 647 303 608 303 55
652 305 613 304 651 313 609 313 48
651 306 611 306 649 315 606 315 74
653 319 608 318 651 329 604 328 53
651 342 599 342 649 357 593 356 120
659 111 654 110 655 111 650 111 173
657 121 651 120 653 121 648 120 326
658 125 652 125 655 125 648 125 344
659 135 654 134 655 135 650 135 141
657 141 652 140 653 141 648 141 201
657 154 651 153 653 155 647 154 145
659 174 654 174 655 175 650 175 573
660 194 646 194 657 195 642 195 254
658 212 644 211 655 213 640 213 106
656 215 642 215 653 217 639 217 96
655 259 630 259 653 263 627 263 61
655 265 629 265 653 269 625 269 59
657 268 629 268 655 273 626 273 64
654 314 612 313 653 323 608 323 59
658 326 611 326 657 337 607 337 54
656 338 605 338 655 351 600 351 95
657 343 605 343 657 357 600 357 150
663 109 657 108 659 109 654 109 168
667 117 662 116 663 117 658 117 344
665 112 660 112 661 113 656 112 190
663 114 658 114 659 115 654 115 216
663 139 658 138 659 139 654 138 151
667 141 662 142 663 143 658 143 271
667 165 662 164 663 165 658 165 134
663 171 658 170 659 171 654 171 328
664 184 653 183 661 185 650 184 466
664 196 650 196 661 197 647 197 216
666 210 651 210 663 211 648 211 115
664 220 652 220 661 221 647 221 44
662 225 649 225 659 227 645 227 45
661 233 647 233 661 235 643 235 44
665 254 642 253 663 257 638 257 130
663 259 637 259 661 263 634 263 66
665 263 638 263 663 267 635 267 78
660 329 611 330 659 341 607 341 58
663 341 611 341 663 355 606 355 117
659 348 606 347 659 363 600 363 138
670 122 668 123 667 123 663 123 155
671 123 667 123 669 125 663 123 127
671 129 666 128 667 129 663 129 277
669 133 663 132 665 133 660 133 322
671 136 666 136 667 137 662 137 136
669 159 664 158 665 159 660 159 125
669 176 664 176 665 177 660 177 297
671 188 656 188 667 189 652 189 211
672 194 657 194 669 195 654 195 137
668 200 654 200 665 201 650 201 121
671 200 657 200 669 201 654 201 107
668 208 653 208 665 209 650 209 56
672 211 657 211 669 213 653 213 40
672 235 655 235 669 237 650 237 64
667 250 645 250 665 253 642 253 156
669 265 641 265 667 269 639 269 85
670 285 638 285 669 291 635 291 34
666 303 627 303 665 311 624 311 35
668 312 626 312 667 321 622 321 47
669 336 618 336 669 349 615 349 140
667 339 615 340 667 353 611 353 109
665 348 611 348 665 363 606 363 156
677 108 672 111 673 109 670 108 267
674 120 671 120 671 121 668 121 113
678 118 675 118 675 119 672 119 256
677 150 673 149 673 149 669 150 77
676 198 661 198 673 199 658 199 113
676 202 658 202 675 203 661 203 112
675 219 661 219 671 221 658 221 37
675 259 649 259 673 263 646 263 86
673 269 645 269 671 273 647 272 65
675 265 647 265 673 269 645 269 67
676 306 635 306 675 315 633 315 37
671 317 626 317 671 327 623 327 38
673 315 630 315 673 325 626 325 49
674 326 628 325 675 337 624 337 44
673 326 626 326 673 337 623 337 49
670 343 617 343 671 357 614 357 156
674 345 621 345 675 359 617 359 166
685 99 681 98 681 99 677 98 185
683 105 679 104 679 105 675 103 77
685 147 681 146 681 147 677 147 116
685 152 681 152 681 153 677 153 52
681 168 677 168 677 169 673 169 180
684 186 670 186 681 187 667 187 241
680 196 665 196 677 197 662 197 114
681 206 661 206 679 207 664 207 86
684 209 670 209 681 211 666 211 56
683 229 666 229 681 231 663 231 25
682 232 667 234 681 235 663 235 45
679 244 656 244 677 247 653 247 103
679 263 652 263 677 267 650 267 64
682 259 656 259 681 263 654 263 90
679 267 651 267 677 271 651 271 76
682 265 656 265 681 269 654 269 47
676 341 624 341 677 355 620 355 107
689 104 685 104 685 105 681 105 167
690 106 686 106 685 107 681 107 91
691 130 687 130 687 131 683 131 129
691 144 687 144 687 145 683 145 66
687 170 683 170 683 171 679 171 170
687 200 673 200 685 201 670 201 127
686 209 672 209 683 211 668 211 51
684 234 667 235 683 237 664 237 59
689 233 670 232 687 235 668 235 35
683 280 652 280 683 285 651 284 54
686 293 650 291 687 301 649 301 29
687 306 647 306 687 315 645 315 48
682 333 633 332 683 345 630 345 113
681 338 631 338 683 351 628 351 182
682 343 629 343 683 357 627 356 283
682 344 628 345 683 359 625 359 123
694 97 690 98 691 97 687 97 64
695 103 691 102 691 103 687 103 86
691 117 689 118 689 119 685 117 141
694 142 691 142 691 143 687 143 67
697 150 693 150 693 151 689 151 127
697 164 693 164 693 165 689 165 136
692 197 677 198 689 199 674 199 154
691 206 677 206 689 207 674 207 91
693 209 679 209 691 211 676 211 77
695 214 681 214 693 215 679 215 65
693 224 677 224 691 225 675 225 44
692 267 665 267 691 271 662 271 48
694 272 664 273 693 277 663 276 49
693 283 661 283 693 289 659 289 31
689 338 638 338 691 351 636 351 218
689 334 639 334 691 347 637 347 121
687 336 637 336 689 349 634 349 162
687 341 635 341 689 355 633 355 129
703 99 699 98 699 99 695 98 72
701 103 697 102 697 103 693 102 79
701 125 697 124 697 125 693 125 72
702 135 698 134 699 135 694 135 68
699 147 695 146 695 147 691 146 52
703 155 698 154 699 155 695 155 130
699 157 694 156 695 157 690 156 57
703 162 698 162 699 163 695 163 67
699 166 695 166 695 167 691 167 71
702 210 689 210 699 211 686 211 102
697 208 683 208 695 209 681 207 102
698 222 685 222 697 223 682 223 50
696 248 674 248 695 251 672 251 148
700 248 678 248 699 251 676 251 145
700 261 674 261 699 265 672 265 64
698 294 662 294 699 301 661 301 31
694 297 656 298 695 305 655 305 37
694 312 652 312 695 321 650 321 38
698 316 654 315 699 325 653 325 37
693 331 644 330 695 343 643 343 76
693 336 643 336 695 349 641 349 166
693 343 640 343 695 357 638 357 102
692 348 639 348 695 363 637 363 144
709 113 704 112 705 113 702 113 80
706 133 703 132 703 133 698 133 80
708 156 704 156 705 157 701 157 101
705 163 700 162 701 163 697 163 136
708 162 704 162 705 163 700 163 68
708 198 701 199 705 199 697 199 234
706 208 695 207 703 209 689 208 117
704 252 681 252 703 255 679 255 151
706 248 684 248 705 251 682 251 137
705 292 670 292 705 299 670 301 36
702 296 666 296 703 303 664 304 41
700 297 663 297 701 305 661 305 39
699 306 658 307 701 313 657 315 35
704 309 663 308 705 317 661 318 41
714 103 711 102 711 103 707 103 113
713 116 708 115 711 117 704 115 164
712 121 709 120 709 121 705 121 196
713 139 708 137 709 139 708 140 233
712 194 704 197 709 195 700 195 160
710 242 691 242 711 245 689 244 148
709 270 680 270 709 275 679 275 185
709 282 677 282 709 287 676 287 76
706 305 667 305 707 313 665 313 45
707 312 665 312 709 321 664 321 43
708 322 663 322 711 333 663 333 68
705 329 657 329 707 341 655 341 110
719 99 717 98 717 99 711 99 112
718 124 713 124 713 125 709 125 189
719 208 707 208 717 209 705 209 55
718 221 708 223 717 223 705 225 25
715 225 698 226 715 229 697 228 17
716 246 693 246 715 249 693 249 158
713 267 686 267 713 271 685 271 105
713 280 681 279 713 285 680 285 110
716 284 685 284 717 289 684 289 82
712 298 675 300 713 305 674 305 42
710 331 662 331 713 343 661 343 69
710 335 660 335 713 347 659 347 75
725 97 722 96 721 97 722 96 139
723 101 719 100 719 101 715 100 70
722 127 714 126 719 127 711 127 174
726 125 718 125 723 125 715 125 196
722 134 715 134 719 135 711 134 149
726 137 719 137 723 137 716 137 121
722 153 715 153 719 153 712 153 120
724 151 717 151 721 151 714 152 135
724 159 719 157 721 159 713 159 114
724 157 717 156 721 157 714 157 86
721 204 709 203 719 205 706 205 80
723 207 711 206 721 209 709 209 50
721 212 709 212 719 213 706 213 36
725 242 703 242 723 245 700 245 58
720 280 689 280 721 285 688 285 178
716 310 675 310 719 319 675 319 51
716 341 665 342 721 355 665 355 122
718 348 664 348 723 363 664 363 149
730 101 729 100 729 101 727 100 75
728 131 720 130 725 131 717 130 96
732 131 724 130 729 131 721 130 94
727 168 721 170 725 169 719 171 109
727 180 716 179 725 181 713 179 260
731 194 720 194 729 195 717 195 42
726 246 704 246 725 249 703 249 83
727 252 704 251 727 255 703 254 110
724 284 691 284 725 289 691 289 148
723 301 685 301 725 309 684 309 37
721 331 673 331 725 343 673 343 63
721 335 668 334 725 347 672 347 100
724 338 674 338 729 351 675 351 81
723 335 674 335 727 347 674 347 85
737 93 733 92 733 93 729 92 76
739 96 735 96 735 97 731 97 98
737 99 733 98 733 99 729 99 92
738 137 730 136 735 137 727 136 41
734 139 730 143 731 139 723 138 103
736 157 727 155 733 157 725 156 31
733 180 722 179 731 181 719 180 66
737 184 726 184 735 185 723 185 27
737 194 724 194 735 195 722 195 14
734 246 711 246 733 249 710 249 104
731 254 707 254 731 257 706 257 119
729 280 698 279 731 285 699 285 248
730 276 700 276 731 281 700 281 204
733 280 702 280 735 285 703 285 189
729 287 696 287 731 293 696 294 118
730 298 693 298 733 305 693 305 46
730 301 692 301 733 309 693 309 42
744 93 741 94 741 95 737 93 74
741 119 739 121 737 119 731 118 401
744 139 735 138 741 139 734 138 69
741 163 728 162 739 163 726 163 52
743 166 730 164 741 165 728 165 29
739 203 722 204 737 205 722 204 33
742 212 726 211 741 213 724 213 32
740 222 725 221 739 223 723 223 18
741 247 719 246 741 249 718 249 104
736 248 717 251 737 251 721 252 84
737 258 711 257 737 261 710 261 103
735 270 707 271 737 275 706 275 192
737 278 707 278 739 283 707 283 257
738 298 701 298 741 305 702 305 55
737 308 696 308 741 317 697 317 63
737 320 692 321 741 331 693 331 58
732 331 684 331 737 343 685 343 118
736 338 685 338 741 351 687 351 140
735 343 683 343 741 357 685 357 96
748 103 745 102 745 103 741 102 73
744 115 739 115 743 117 735 115 284
746 125 739 124 743 125 735 124 279
746 137 738 136 743 137 735 136 43
748 183 739 182 747 183 733 183 23
747 194 733 194 745 195 731 195 22
749 211 732 212 747 213 731 212 49
746 213 730 214 745 215 728 215 31
747 240 725 240 747 243 726 242 60
742 269 713 269 743 273 713 273 179
740 290 706 291 743 297 706 297 227
743 306 709 307 747 315 715 314 103
743 323 698 323 747 333 699 333 111
740 319 696 319 745 329 698 329 56
738 331 690 331 743 343 692 343 99
739 341 688 342 745 355 689 355 105
756 96 753 96 753 97 749 96 171
753 139 744 137 751 139 741 139 120
756 152 746 151 753 151 744 152 36
748 200 730 199 749 201 730 201 45
749 240 728 240 749 243 727 242 71
750 247 729 246 751 249 729 249 82
750 256 725 256 751 259 725 259 66
750 263 723 263 751 267 715 267 79
748 317 704 318 753 327 707 327 43
747 330 700 330 753 341 702 341 49
746 345 693 346 751 359 694 359 89
760 151 751 152 759 153 748 151 27
756 208 737 207 755 209 736 209 43
758 222 741 221 757 223 739 223 32
757 225 739 225 757 227 739 227 27
757 235 738 236 757 237 737 237 69
758 245 738 244 759 247 736 247 59
753 263 726 263 755 267 726 267 49
753 278 721 278 755 283 722 283 175
751 322 706 323 757 333 708 333 104
750 348 698 348 759 363 698 363 72
768 119 760 118 765 119 757 119 691
764 157 754 156 763 157 752 157 33
763 161 749 161 761 161 747 161 41
762 186 743 188 761 187 739 185 20
762 229 744 229 763 231 743 231 32
764 231 746 231 765 233 745 233 49
759 265 731 265 761 269 732 269 30
756 331 707 331 763 343 711 343 78
758 338 707 338 765 351 711 351 183
755 341 703 342 761 355 705 355 138
755 347 702 347 763 361 706 361 73
771 76 761 77 769 75 759 74 498
773 86 764 86 771 85 761 85 126
771 91 762 91 769 91 760 91 203
769 89 760 89 767 89 758 89 189
772 153 762 152 771 153 760 152 67
767 179 749 179 769 179 748 179 31
767 182 749 182 767 183 746 181 12
769 226 750 226 769 229 750 228 24
771 232 751 231 771 233 751 233 36
767 248 743 248 769 251 744 251 91
765 256 739 255 767 259 740 259 58
764 268 735 268 767 273 736 273 55
764 285 730 285 767 291 732 291 149
762 299 724 298 767 307 727 306 173
761 319 717 319 767 329 720 329 55
764 327 713 329 771 337 721 337 334
765 331 716 331 771 343 719 343 138
775 89 765 88 773 89 763 88 147
777 99 766 95 775 99 764 97 155
778 164 767 164 777 165 763 167 82
773 187 753 187 773 187 753 185 7
773 229 753 229 773 231 753 231 20
777 227 757 227 777 229 758 229 9
771 240 750 240 773 243 751 243 70
773 247 750 247 773 249 750 249 125
775 256 749 255 777 259 750 258 103
771 261 743 261 773 265 744 265 41
774 265 746 265 777 269 747 269 39
774 271 744 271 777 275 746 275 50
769 310 728 310 775 319 731 319 166
765 336 716 337 773 349 720 349 192
769 343 716 344 777 357 721 357 109
784 151 773 151 783 151 771 151 50
781 153 770 153 779 153 768 151 111
782 160 771 160 781 161 769 162 66
779 198 759 197 779 199 759 198 7
781 235 760 235 781 237 761 237 62
777 244 755 244 779 247 756 247 66
781 244 758 244 783 247 760 247 85
779 248 755 248 781 251 757 251 71
780 254 755 254 783 257 756 257 137
780 263 753 263 783 267 754 267 41
775 278 743 278 779 283 745 283 60
775 283 742 284 779 289 744 289 85
776 317 732 317 783 327 736 326 174
775 331 727 331 783 343 731 343 141
772 342 721 342 781 355 726 355 203
772 347 720 347 781 361 724 361 113
786 149 775 149 785 149 773 148 176
786 159 775 158 785 159 773 159 68
787 207 770 203 787 207 767 205 9
784 271 754 271 789 275 758 275 83
780 312 740 312 787 321 743 321 159
779 328 732 328 787 339 737 339 217
779 333 731 333 787 345 735 345 138
777 340 727 340 787 353 732 353 218
779 345 727 345 789 359 733 359 124
792 177 773 177 793 177 774 177 101
790 231 770 231 791 235 771 233 10
789 248 765 248 791 251 766 251 84
787 276 755 276 791 281 758 281 61
789 281 757 281 795 287 760 287 71
785 323 739 322 793 333 745 333 194
783 323 738 322 791 333 743 333 166
783 328 739 328 791 339 741 339 156
782 338 732 338 791 351 737 351 232
798 137 785 137 797 137 784 136 109
800 141 787 140 799 141 786 140 107
798 146 785 148 797 147 784 148 97
799 212 780 212 799 213 780 214 7
796 207 778 207 797 209 779 207 3
799 221 781 222 801 223 781 222 7
797 228 778 227 799 229 778 229 9
799 238 775 238 801 241 779 241 14
793 268 759 267 797 273 766 273 59
795 272 764 273 799 277 767 277 47
792 291 756 291 797 297 759 297 59
789 319 746 319 797 329 751 329 288
792 335 742 335 801 347 748 347 136
789 340 739 340 799 353 744 353 148
804 131 789 131 803 131 788 130 127
804 143 790 143 803 143 789 143 81
802 216 785 219 805 221 786 221 12
799 269 769 268 803 273 772 273 40
801 270 769 270 805 275 773 275 95
799 285 765 285 805 291 768 291 53
799 292 762 293 805 299 766 299 34
795 312 753 312 803 321 758 321 206
798 315 756 316 807 325 761 325 131
795 318 751 317 805 329 758 329 225
796 333 749 333 807 345 755 345 182
797 338 747 338 807 351 753 351 269
795 342 743 342 805 355 749 355 117
792 348 738 349 803 363 745 363 113
811 136 796 135 811 135 796 135 108
808 171 790 170 809 171 789 170 67
808 179 789 178 809 179 789 178 34
810 214 790 216 811 217 791 217 6
808 229 788 229 809 231 787 231 10
809 240 785 241 811 243 787 243 15
807 254 781 254 809 257 782 257 70
808 272 777 273 813 277 780 278 73
804 274 773 274 809 279 776 279 56
804 280 771 279 809 285 774 285 51
807 287 772 287 813 293 776 293 55
806 292 770 292 813 299 774 299 45
801 310 761 311 809 319 765 319 151
801 335 749 334 811 347 758 347 154
801 340 750 341 811 353 757 353 118
819 139 804 139 819 139 803 139 107
817 213 798 213 819 215 799 214 9
817 221 798 221 819 223 799 222 7
813 218 794 217 815 221 796 221 6
815 226 794 225 815 227 795 227 7
813 233 792 231 815 235 793 235 10
817 241 794 240 819 243 797 243 9
814 239 792 238 817 241 794 241 10
812 261 784 261 817 265 788 265 88
811 276 779 276 817 281 787 281 50
809 283 776 284 815 289 779 289 45
813 281 779 281 819 287 783 287 43
807 305 767 305 815 313 772 313 56
807 326 761 326 817 337 767 337 140
807 332 760 332 817 343 767 343 162
819 229 800 229 821 231 803 232 13
818 291 782 291 825 297 785 297 69
813 301 774 302 821 309 779 309 43
830 169 811 169 831 169 813 168 48
828 204 807 202 831 205 810 203 7
828 208 807 207 831 209 809 208 12
823 280 789 279 829 285 794 285 56
824 287 789 286 831 293 794 292 43
819 292 782 292 827 299 788 299 77
823 299 783 299 831 307 790 306 40
822 307 781 307 831 315 787 315 58
816 328 769 328 827 339 776 339 89
817 332 769 332 827 343 776 343 139
815 340 767 340 827 353 774 353 111
817 345 765 345 829 359 773 359 61
834 145 818 145 835 145 818 144 89
832 150 816 149 833 149 817 150 72
835 198 816 198 837 199 817 199 14
833 204 815 203 837 205 816 205 13
835 210 816 209 837 211 817 211 7
833 228 813 228 835 231 811 230 7
833 233 812 231 835 235 814 235 13
833 250 808 250 837 253 811 253 14
830 265 799 264 835 269 804 269 92
829 270 798 270 835 275 803 275 89
828 285 793 285 835 291 798 291 73
826 287 790 287 833 293 796 293 48
829 292 792 292 837 299 798 299 73
842 153 825 154 843 153 826 152 28
838 149 821 149 839 149 822 148 61
843 187 821 185 843 187 824 185 11
837 195 819 195 839 197 819 197 11
839 249 810 245 843 251 817 252 18
837 263 808 263 843 267 813 267 77
832 272 803 273 839 277 806 277 99
836 285 801 285 843 291 806 291 61
832 317 788 317 843 327 795 327 89
828 323 783 323 839 333 790 333 101
830 342 779 342 843 355 788 355 96
828 345 776 345 841 359 785 359 61
845 162 828 163 847 163 830 163 24
846 179 827 180 849 179 828 180 4
845 190 826 189 847 191 827 191 8
847 207 827 209 849 211 828 210 10
846 245 821 243 849 247 824 247 15
839 265 810 265 845 269 814 269 85
842 270 811 270 849 275 819 276 82
838 281 803 282 845 287 809 287 130
842 283 807 283 849 289 813 289 102
839 291 802 291 847 297 808 297 71
838 296 800 296 847 303 806 303 80
835 308 793 308 845 317 800 317 76
834 316 790 315 845 325 798 325 66
838 319 793 319 849 329 801 329 89
835 323 790 323 847 333 798 333 134
834 337 784 337 847 349 793 349 122
833 345 781 345 847 359 791 359 104
835 349 783 349 849 363 793 363 184
842 47 792 47 855 37 801 37 77
841 58 793 58 853 49 802 49 63
843 90 797 92 853 85 806 85 147
852 147 835 146 853 147 835 147 53
851 176 831 178 853 177 831 177 21
853 211 834 212 855 213 836 213 13
847 227 826 227 851 229 826 228 10
847 239 824 238 851 241 827 241 9
850 250 824 251 855 253 829 253 10
846 257 818 257 851 261 821 261 14
846 294 808 294 855 301 815 301 52
841 305 795 304 851 313 807 313 76
843 317 798 317 855 327 807 327 81
842 315 797 315 853 325 806 325 62
840 333 791 333 853 345 800 345 67
843 330 794 330 855 341 803 341 119
841 338 791 338 855 351 801 351 85
842 335 793 335 855 347 802 347 66
841 342 790 342 855 355 800 355 112
846 45 797 45 859 35 806 35 129
846 80 797 78 859 71 806 71 129
849 104 805 102 861 99 813 98 88
857 181 837 182 859 183 839 183 23
859 197 838 198 861 199 842 197 32
855 200 835 200 857 201 837 200 26
856 208 837 208 859 209 838 209 19
846 235 827 236 859 237 828 237 16
856 246 834 246 859 249 832 248 11
853 257 825 257 859 261 830 261 12
846 308 804 308 857 317 813 318 114
847 315 802 315 859 325 811 325 66
847 321 801 322 859 331 811 331 70
844 329 796 330 857 341 805 341 136
844 335 795 335 857 347 804 347 85
847 342 796 342 861 355 806 355 79
850 41 801 40 865 31 811 30 159
850 75 800 74 863 67 810 67 109
855 104 810 103 867 99 818 98 101
860 157 841 157 863 159 843 157 41
863 183 843 182 865 183 845 183 65
862 204 843 203 865 205 845 205 30
862 207 843 205 865 207 845 206 28
862 212 843 211 865 213 845 213 27
864 213 845 214 867 215 847 215 44
859 255 831 255 865 259 836 259 11
857 259 828 257 863 263 833 263 17
859 262 830 262 865 265 835 265 18
855 280 822 280 863 285 828 285 94
859 282 825 282 867 287 831 287 128
855 288 820 289 865 295 831 296 125
854 290 816 291 863 297 824 297 77
853 298 814 297 863 305 822 305 46
850 315 805 315 863 325 815 325 64
852 326 804 326 865 337 814 337 93
849 336 799 336 863 349 809 349 52
858 36 809 33 873 25 817 27 176
855 71 804 71 869 63 814 63 101
860 87 810 88 873 83 820 81 93
860 94 815 93 873 89 819 88 111
858 104 812 104 871 99 822 99 123
866 160 847 161 869 161 849 160 64
866 178 847 178 869 179 849 177 47
868 224 849 223 871 225 851 225 25
866 220 846 219 869 221 849 221 29
867 249 842 248 873 251 845 251 8
866 261 837 261 873 265 842 264 18
864 265 833 265 871 269 839 269 18
863 287 827 286 873 293 835 293 87
862 299 822 299 873 307 830 307 55
857 303 817 303 869 311 825 311 68
859 315 815 315 873 325 825 325 100
856 323 809 323 869 333 819 333 100
855 331 806 331 869 343 816 343 89
856 335 807 335 871 347 817 347 54
858 338 809 338 873 351 819 351 47
862 98 813 99 875 93 824 92 77
872 151 853 151 875 151 855 151 68
876 163 856 161 879 163 859 162 91
872 221 853 221 875 223 855 223 28
874 219 854 219 877 221 857 221 42
875 225 856 223 879 227 859 227 14
874 229 855 229 879 231 858 231 15
872 261 842 260 879 265 848 264 14
870 276 837 275 879 281 844 281 43
868 294 830 294 879 301 837 301 128
864 301 823 301 875 309 832 309 67
861 338 811 338 875 351 821 351 61
859 342 808 342 875 355 819 355 68
865 72 815 70 881 63 826 62 127
867 102 822 102 881 97 832 97 85
880 231 858 231 883 233 861 233 9
875 264 845 264 883 269 852 269 20
877 269 845 269 885 273 852 273 16
873 266 841 268 881 271 850 271 32
875 283 840 283 885 289 848 289 73
871 281 837 281 881 287 844 287 93
875 287 838 287 885 293 846 293 88
868 307 825 307 881 315 835 315 136
867 313 824 314 881 323 834 323 152
866 328 818 328 881 339 829 339 105
867 336 816 337 883 349 828 349 77
867 349 813 349 885 363 826 363 51
873 30 822 29 889 19 833 18 152
879 296 839 294 891 303 849 303 110
878 307 836 307 891 315 846 315 155
875 304 833 304 887 313 842 313 167
875 315 831 315 889 325 841 325 118
874 326 826 326 889 337 837 337 156
873 335 823 335 889 347 835 347 79
892 201 872 203 897 205 876 204 28
889 208 868 208 893 209 871 209 12
890 225 870 224 897 227 876 227 16
885 265 854 264 893 269 861 268 11
889 266 857 266 897 271 864 271 15
884 270 851 271 893 275 859 275 24
888 272 855 272 897 277 863 277 18
882 301 841 301 895 309 851 309 113
880 330 831 330 895 341 842 341 97
877 333 827 333 893 345 839 345 74
878 341 826 342 895 355 839 355 33
886 33 831 33 901 23 844 21 139
886 102 838 103 901 97 850 97 135
895 250 868 251 903 255 874 255 16
889 281 853 281 899 287 862 287 68
890 287 854 287 901 293 862 293 93
889 292 851 293 901 299 860 299 136
888 301 846 301 901 309 857 309 148
886 317 840 317 901 327 852 327 197
887 90 835 88 905 83 847 83 136
898 272 865 273 907 277 873 277 23
899 289 859 288 909 295 869 295 83
896 301 855 301 909 309 865 309 142
893 297 852 297 905 305 862 305 168
892 303 851 303 905 311 861 311 173
891 312 848 312 907 321 859 321 199
889 324 841 324 905 335 854 335 186
890 330 841 330 907 341 855 341 77
896 35 841 35 915 25 856 23 35
895 96 843 97 913 89 855 91 106
906 163 883 163 911 165 889 163 101
910 223 888 221 915 225 892 225 63
906 225 883 225 911 227 888 227 71
904 261 873 261 913 265 881 265 37
902 276 867 276 913 281 876 281 30
900 285 864 284 911 291 873 290 78
900 296 857 294 913 303 870 303 102
895 315 849 315 911 325 862 325 200
899 343 851 342 913 355 863 354 34
898 47 841 47 919 35 855 35 28
900 64 845 66 919 55 860 54 55
898 102 846 101 917 97 860 96 91
905 296 865 296 919 303 876 303 87
909 306 861 306 919 315 874 315 200
907 312 861 312 921 321 873 321 227
905 35 850 35 925 23 869 21 52
905 70 851 68 925 61 866 60 34
906 102 854 103 925 97 868 96 59
921 208 898 208 927 209 903 209 47
910 292 870 292 923 299 881 299 124
909 298 868 298 923 305 880 305 236
908 326 859 326 925 337 873 337 66
927 124 908 123 929 125 911 124 240
925 160 901 157 931 159 907 161 68
927 171 903 172 933 171 909 171 56
918 248 879 247 933 251 891 251 43
919 270 879 271 933 275 890 275 41
914 325 866 325 933 335 880 336 109
915 337 864 337 931 351 885 350 31
923 237 884 235 937 241 896 239 106
920 235 882 237 939 239 898 237 113
917 318 870 317 935 329 884 329 114
920 323 872 323 939 333 888 333 59
934 158 907 159 941 159 916 157 38
930 237 889 237 945 241 902 241 78
928 267 887 267 943 273 900 273 56
929 276 889 279 943 283 901 283 26
924 321 877 321 943 331 891 331 83
924 341 869 342 945 355 886 355 18
927 56 865 56 951 45 882 45 14
941 210 917 209 949 211 923 211 12
936 256 895 256 951 261 908 261 52
932 253 891 253 947 257 905 256 57
936 265 896 264 951 271 909 269 31
932 275 892 274 947 281 904 280 26
933 287 892 286 947 293 906 295 21
930 319 883 319 949 329 898 329 115
932 329 881 329 951 341 896 341 60
929 68 891 68 953 57 913 57 35
933 69 897 67 957 59 919 57 46
930 80 895 80 955 71 918 71 38
936 221 899 219 953 225 911 225 139
938 228 895 229 953 231 910 231 128
940 273 898 274 955 279 912 279 17
938 269 897 269 953 275 909 275 16
937 304 893 304 955 313 907 313 174
939 310 895 310 957 319 909 319 252
934 317 887 317 953 327 902 327 126
938 32 879 31 963 19 896 19 32
946 133 906 132 961 131 919 130 117
948 147 910 147 963 145 922 144 79
941 247 900 247 959 251 917 251 37
943 279 902 278 959 285 915 285 13
946 274 908 273 963 281 917 280 16
946 281 905 281 963 287 919 287 17
945 288 904 286 961 295 919 295 13
942 297 900 297 959 305 914 305 45
941 306 897 306 959 315 911 315 140
939 322 892 323 961 333 908 333 45
939 37 879 37 965 25 900 24 27
938 62 900 63 965 51 923 52 41
940 90 903 91 967 81 925 81 33
951 133 911 133 967 131 925 131 95
951 254 907 253 967 259 921 257 26
950 259 905 263 967 265 924 263 30
951 306 905 306 969 315 915 314 179
955 125 913 125 971 123 927 122 156
954 231 914 231 971 235 928 235 94
955 312 908 312 975 321 924 321 58
952 310 905 310 971 319 921 319 101
951 315 904 316 971 325 920 325 194
961 126 919 127 977 123 935 123 161
962 233 920 233 979 237 935 237 135
961 232 919 231 977 235 934 235 130
957 308 912 308 977 317 927 317 48
957 316 909 317 979 325 927 325 89
966 126 926 126 983 123 940 123 134
970 124 929 124 987 121 943 121 120
968 130 927 129 985 127 943 126 74
966 134 926 133 983 131 940 131 103
967 145 928 145 983 143 942 144 83
967 237 925 237 983 241 939 241 124
966 242 918 242 987 247 936 247 74
962 250 914 251 983 255 932 255 24
966 263 918 263 987 269 935 269 15
962 265 913 264 983 271 931 271 16
965 269 918 269 987 275 934 275 25
965 271 918 272 987 279 934 277 29
965 307 917 308 985 317 936 317 32
973 139 933 139 989 137 947 137 126
979 236 939 235 993 239 956 238 241
973 238 929 237 989 241 943 241 127
967 264 920 265 989 271 937 271 23
971 304 922 304 993 313 941 312 40
969 45 910 43 997 33 932 31 33
965 53 909 53 995 43 931 44 48
981 135 940 134 999 133 956 132 103
978 140 938 140 995 137 953 137 103
980 147 939 146 997 145 954 144 128
979 232 938 231 997 235 954 235 209
973 252 923 252 995 257 943 257 23
973 256 924 255 995 261 943 261 16
975 259 925 259 997 265 944 265 18
975 294 925 294 997 303 945 303 14
973 68 918 68 1003 57 943 56 68
985 140 944 139 1003 137 960 136 117
977 261 927 263 1001 269 948 269 13
981 289 932 289 1005 297 951 297 6
982 305 933 306 1005 315 953 315 21
978 309 930 309 1001 319 951 317 17
988 116 947 116 1007 113 963 112 99
991 143 951 143 1009 141 966 141 161
985 282 933 281 1009 291 953 289 11
984 280 932 280 1007 287 952 287 13
987 291 936 292 1011 299 957 300 11
986 309 937 310 1009 319 957 319 13
988 73 935 71 1013 65 956 64 115
994 113 950 114 1013 109 968 109 134
996 139 959 139 1015 137 973 137 164
995 146 955 145 1013 145 970 145 162
996 156 957 155 1015 155 972 154 197
999 163 961 167 1017 163 975 163 228
992 252 940 252 1017 257 960 257 35
989 268 939 269 1013 275 957 275 9
988 279 937 280 1013 287 961 285 11
1004 116 961 115 1023 113 979 112 151
1002 118 959 117 1021 115 977 114 121
1004 145 962 144 1023 143 979 142 118
1002 157 963 156 1021 155 977 155 174
1002 211 961 210 1021 213 976 214 181
1004 211 964 210 1023 213 979 213 164
993 265 942 265 1019 271 963 272 11
995 310 946 310 1019 319 962 318 13
999 313 949 313 1021 323 966 323 13
995 322 943 322 1019 333 964 333 11
1007 130 965 129 1027 127 982 126 79
1005 134 965 134 1025 131 982 131 95
1008 203 969 203 1027 207 984 205 105
1011 132 970 132 1031 129 987 129 130
1014 207 973 207 1033 209 991 209 55
1014 213 974 212 1035 215 990 215 47
1015 220 974 220 1035 223 992 223 42
1015 227 972 225 1033 227 989 227 54
1009 294 959 291 1035 303 980 301 10
1014 318 961 318 1039 331 984 329 13
1027 205 982 206 1047 207 1003 206 29
1015 316 966 318 1043 327 988 328 16
1020 322 967 322 1047 333 991 334 15
1030 209 987 209 1051 211 1006 211 31
1024 253 969 253 1053 259 993 259 13
1025 297 970 298 1053 309 994 307 10
1034 318 981 318 1063 329 1006 330 16
1034 323 981 323 1065 335 1005 334 15
1039 131 988 131 1067 127 1012 127 99
1039 150 987 149 1067 149 1012 148 45
1043 158 991 157 1071 157 1018 157 37
1038 261 979 262 1071 269 1007 269 12
1036 288 978 288 1069 297 1003 299 12
1037 315 981 315 1069 327 1010 327 12
1037 319 982 319 1067 331 1009 331 10
1047 137 996 137 1075 135 1021 133 52
1044 140 992 140 1073 137 1014 137 118
1047 143 995 145 1075 141 1019 141 59
1047 172 996 172 1077 173 1021 171 35
1046 174 993 173 1075 175 1019 173 35
1044 249 991 249 1075 255 1018 255 26
1041 253 986 254 1073 259 1012 258 22
1043 253 983 251 1075 259 1015 259 22
1040 265 981 264 1075 273 1010 272 14
1046 328 988 326 1075 339 1017 340 10
1053 143 999 144 1083 141 1027 139 45
1052 175 1001 175 1081 175 1026 174 36
1050 177 999 177 1079 177 1024 177 30
1052 183 1001 182 1081 183 1027 182 34
1053 189 1002 189 1083 189 1028 189 35
1044 264 987 262 1079 271 1015 270 11
1047 267 987 266 1081 275 1016 274 10
1045 270 984 269 1079 277 1012 275 10
1047 272 988 273 1083 281 1018 281 14
1046 284 988 283 1081 293 1015 293 11
1057 80 1001 80 1087 73 1027 72 27
1054 90 1001 91 1085 83 1027 82 35
1058 129 1007 129 1087 127 1032 125 11
1055 177 1007 176 1085 177 1030 177 38
1056 184 1005 183 1085 185 1030 184 36
1058 190 1007 189 1087 191 1033 190 33
1052 263 992 263 1087 271 1023 270 14
1063 81 1009 79 1095 73 1035 73 18
1059 84 1005 84 1091 77 1033 75 16
1060 113 1007 114 1091 109 1035 107 11
1063 141 1010 140 1093 137 1037 137 9
1062 154 1008 155 1093 153 1035 153 23
1059 159 1007 158 1091 157 1034 156 29
1064 168 1011 167 1095 167 1039 166 32
1060 192 1008 191 1091 193 1035 193 41
1060 253 1005 253 1093 259 1035 259 30
1058 258 999 256 1095 265 1028 265 22
1055 274 996 275 1093 283 1026 283 10
1065 124 1013 123 1097 119 1041 119 6
1068 130 1014 130 1099 125 1043 124 7
1065 170 1013 170 1097 169 1039 168 18
1065 256 1010 255 1101 263 1040 263 29
1060 260 999 260 1097 267 1031 267 21
1070 132 1016 132 1103 129 1045 127 8
1074 134 1019 135 1107 131 1049 130 7
1069 157 1016 156 1103 155 1045 154 16
1071 169 1018 168 1103 167 1047 166 20
1074 226 1020 226 1107 229 1049 229 55
1067 261 1006 262 1105 269 1038 269 36
1068 267 1006 267 1105 275 1038 275 11
1062 288 1001 287 1103 297 1034 297 11
1067 328 1005 328 1107 343 1039 342 13
1066 345 1003 346 1103 361 1036 362 9
1075 87 1018 86 1109 79 1047 78 17
1078 115 1025 115 1109 111 1053 109 9
1081 118 1026 118 1113 113 1056 113 5
1077 146 1023 143 1109 145 1051 143 12
1076 157 1022 156 1109 155 1051 153 21
1079 171 1026 171 1113 171 1055 171 16
1080 188 1026 188 1113 189 1055 188 10
1078 184 1023 185 1111 185 1052 185 13
1075 194 1021 194 1109 197 1051 197 10
1079 208 1024 208 1111 209 1051 209 19
1077 215 1026 217 1111 221 1055 221 14
1072 261 1011 261 1111 269 1044 269 22
1080 159 1027 158 1115 157 1056 156 10
1083 161 1029 160 1117 159 1059 158 16
1084 173 1031 172 1117 173 1060 171 12
1083 181 1031 180 1119 181 1062 180 9
1083 207 1029 207 1117 209 1058 209 10
1083 224 1029 224 1117 227 1061 225 17
1084 238 1030 239 1117 243 1058 243 18
1082 247 1029 248 1117 253 1060 253 16
1078 277 1015 277 1119 287 1051 286 14
1076 283 1012 283 1117 293 1048 293 13
1080 337 1018 337 1117 351 1054 352 9
1088 130 1036 128 1123 125 1065 123 18
1090 170 1038 169 1125 169 1068 168 56
1086 203 1032 203 1121 205 1063 205 11
1089 225 1035 221 1125 227 1066 227 14
1085 233 1033 234 1123 239 1064 239 15
1084 263 1021 263 1125 271 1056 271 17
1081 268 1018 269 1123 277 1053 278 17
1083 272 1020 272 1125 281 1057 281 12
1079 288 1015 288 1123 299 1053 299 12
1083 306 1021 307 1125 319 1057 320 12
1095 185 1040 183 1129 185 1071 185 24
1094 201 1043 201 1131 205 1072 205 13
1094 219 1039 220 1129 223 1070 223 15
1084 267 1023 266 1127 275 1058 275 15
1087 311 1020 314 1127 327 1055 327 10
1087 333 1021 333 1131 349 1057 348 13
1086 342 1025 341 1131 359 1063 359 12
1097 241 1041 242 1135 247 1075 247 19
1100 253 1041 253 1133 261 1071 260 20
1089 267 1027 268 1135 277 1063 277 16
1093 286 1028 286 1137 297 1066 297 13
1095 343 1033 343 1137 359 1069 357 11
1105 195 1052 196 1141 197 1083 197 61
1104 222 1049 223 1143 227 1087 226 14
1094 284 1033 281 1139 295 1068 295 11
1097 293 1034 294 1143 305 1071 305 9
1108 236 1055 234 1149 241 1087 240 11
1109 257 1052 257 1147 263 1083 264 14
1105 262 1044 262 1147 269 1081 269 18
1104 276 1038 275 1149 285 1078 286 10
1103 285 1037 285 1147 295 1077 294 7
1100 286 1035 287 1145 297 1073 299 13
1101 327 1037 327 1145 343 1075 341 14
1113 196 1057 197 1151 197 1095 196 60
1116 223 1059 224 1153 227 1092 227 16
1115 231 1060 231 1153 235 1091 235 12
1113 234 1056 234 1151 239 1089 238 16
1113 241 1057 243 1153 247 1089 245 15
1111 245 1056 248 1153 253 1090 251 15
1115 248 1059 249 1155 255 1092 253 12
1113 251 1057 251 1153 257 1093 257 15
1109 345 1047 347 1155 363 1086 363 9
1124 200 1068 201 1159 203 1102 202 28
1121 231 1060 229 1161 235 1092 236 21
1121 234 1063 234 1161 239 1101 238 18
1120 238 1063 239 1157 243 1096 243 12
1119 244 1065 241 1159 249 1096 250 12
1120 260 1061 261 1159 267 1096 267 17
1113 267 1049 268 1159 277 1087 276 12
1114 322 1048 323 1159 337 1089 337 11
1112 340 1050 339 1157 357 1087 356 10
1131 197 1073 197 1167 199 1109 198 29
1127 225 1067 225 1167 231 1105 231 17
1125 246 1067 247 1165 253 1102 253 17
1123 257 1065 257 1163 263 1101 263 23
1129 212 1071 210 1171 213 1107 215 28
1131 252 1072 253 1171 259 1110 260 23
1123 284 1057 281 1169 295 1097 295 13
1126 292 1060 292 1173 303 1101 303 12
1122 308 1056 305 1169 321 1093 321 11
1124 345 1061 345 1171 361 1101 362 12
1135 214 1076 214 1177 217 1113 217 25
1135 238 1076 238 1177 243 1114 244 17
1125 275 1059 275 1175 285 1103 286 8
1128 288 1061 286 1177 299 1103 297 14
1140 220 1081 221 1183 223 1118 223 18
1135 277 1069 278 1183 287 1111 287 8
1137 313 1071 315 1185 327 1113 328 6
1145 158 1083 157 1189 155 1122 155 14
1143 205 1084 204 1187 207 1122 207 16
1145 217 1085 217 1187 221 1122 220 19
1141 303 1074 303 1189 315 1116 315 10
1141 313 1075 314 1189 327 1118 327 6
1146 126 1084 126 1193 121 1125 120 14
1146 132 1083 130 1193 127 1125 125 13
1151 157 1090 157 1197 155 1131 155 13
1149 168 1087 170 1195 167 1128 165 19
1148 201 1088 201 1193 203 1129 202 19
1150 215 1090 214 1195 217 1129 217 18
1149 225 1089 225 1193 229 1128 229 18
1151 227 1090 229 1195 231 1131 232 14
1148 321 1083 319 1197 335 1127 333 9
1155 95 1091 95 1203 87 1133 86 9
1152 102 1091 103 1201 95 1133 93 10
1155 201 1094 200 1203 203 1135 203 12
1158 238 1096 238 1203 243 1137 243 11
1157 100 1097 99 1205 93 1137 92 7
1160 107 1097 106 1209 97 1141 98 10
1162 153 1101 154 1209 151 1142 151 14
1159 155 1098 157 1207 155 1139 155 18
1160 179 1097 176 1207 177 1140 178 15
1160 224 1099 224 1205 229 1139 229 17
1159 233 1100 232 1205 237 1138 236 18
1165 98 1102 95 1213 89 1144 87 7
1163 161 1101 161 1211 159 1144 159 12
1166 170 1103 169 1213 169 1147 167 21
1166 196 1105 194 1213 197 1146 196 14
1166 204 1105 202 1215 205 1148 204 16
1171 221 1108 221 1215 225 1148 225 20
1165 222 1103 222 1211 227 1144 227 18
1167 238 1105 237 1215 243 1150 243 11
1170 163 1109 161 1219 159 1152 159 12
1170 169 1108 168 1217 167 1151 167 14
1170 198 1109 198 1219 201 1151 200 13
1169 200 1110 200 1219 203 1152 203 19
1172 212 1110 211 1221 215 1156 214 16
1177 188 1114 187 1227 189 1156 189 36
1179 190 1119 190 1227 191 1160 191 32
1173 195 1113 194 1223 197 1155 195 12
1179 199 1116 200 1227 201 1159 202 34
1175 211 1113 209 1225 213 1158 212 14
1175 215 1114 215 1223 219 1158 218 16
1178 211 1117 211 1227 215 1161 214 40
1173 222 1112 222 1223 227 1152 225 18
