114 223 67 222 69 227 18 227 84
111 277 67 276 69 285 21 284 71
108 273 65 272 67 281 21 280 69
109 288 65 287 67 297 18 296 99
109 296 65 295 67 305 17 304 56
112 299 66 298 69 309 20 308 72
109 205 67 205 71 207 19 207 221
119 241 72 241 75 247 25 246 117
114 273 71 272 73 281 27 280 74
113 294 68 293 71 303 21 302 95
122 249 76 248 79 255 29 254 120
122 251 75 250 79 257 29 257 141
123 258 77 257 81 265 31 264 112
117 269 74 269 77 277 31 276 84
118 275 75 274 77 283 31 282 70
121 309 78 309 81 321 33 320 152
126 271 84 270 87 279 42 278 109
122 269 80 269 83 277 38 276 78
126 283 81 282 85 291 37 290 98
127 304 82 303 85 315 36 314 111
132 208 87 208 91 211 42 211 168
135 240 89 239 93 245 43 244 86
133 245 87 245 91 251 40 249 98
129 270 87 269 91 277 45 276 61
133 299 89 298 93 309 46 308 85
131 303 87 302 91 313 42 312 96
136 193 91 193 95 195 45 195 105
136 210 90 210 95 213 45 212 166
138 217 92 217 97 221 48 221 171
141 240 95 239 99 245 50 244 76
140 245 94 245 99 251 49 250 159
138 263 95 263 99 271 53 271 81
137 290 93 289 97 299 50 298 80
142 221 96 221 101 225 51 225 202
142 255 101 254 105 261 61 260 106
144 294 100 293 105 303 58 302 104
142 299 97 298 103 309 54 308 92
146 210 104 210 109 213 65 213 286
146 253 105 253 109 259 64 258 70
149 292 106 291 111 301 64 300 64
147 313 101 313 107 325 58 324 150
148 317 101 316 107 329 56 328 143
153 182 107 182 113 183 64 182 154
153 223 112 223 117 227 73 227 94
155 277 112 276 117 285 70 284 89
152 301 107 300 113 311 65 310 99
155 306 111 306 117 317 69 316 125
153 315 105 315 113 327 63 326 180
155 319 109 318 115 331 65 330 125
162 345 104 345 117 361 54 361 95
158 347 103 346 113 363 53 362 72
156 211 116 210 121 213 77 212 180
160 214 117 214 123 217 76 217 183
156 235 115 234 121 239 77 239 90
154 255 114 254 119 261 76 260 52
157 279 113 278 119 287 72 286 89
160 293 116 293 123 303 76 302 69
159 317 113 316 119 329 69 328 96
168 343 114 342 123 359 60 359 68
160 199 120 199 125 201 82 201 244
161 194 122 195 129 197 88 196 218
166 222 122 221 129 225 82 224 127
163 225 122 225 127 229 83 229 122
163 242 123 241 129 247 86 246 119
163 263 124 262 129 269 87 268 92
169 326 120 325 129 339 77 338 122
167 206 124 206 131 209 88 209 232
170 213 126 213 133 217 86 217 190
168 259 128 258 135 265 93 264 113
165 259 125 258 131 265 87 263 148
166 305 121 304 131 315 81 314 135
167 309 120 309 131 319 84 318 124
178 182 128 182 137 183 83 182 151
173 222 132 223 139 227 95 228 166
172 255 133 255 139 261 96 260 125
174 269 135 270 141 277 100 276 176
174 281 132 280 139 289 93 288 132
173 303 130 302 137 313 90 312 94
183 171 134 172 143 171 89 171 259
187 175 138 175 147 175 94 174 199
176 238 137 238 143 243 101 243 138
175 253 136 253 143 259 100 258 147
175 263 136 262 143 269 101 268 123
181 311 138 310 147 321 100 320 106
182 324 134 323 143 337 91 336 171
184 337 133 336 145 351 89 350 91
188 162 139 162 149 161 95 161 296
181 257 142 257 149 263 108 262 93
181 263 142 262 149 269 108 268 105
187 309 145 308 153 319 107 318 98
193 183 145 183 155 183 103 183 126
193 213 145 212 155 215 103 215 167
186 259 147 259 155 265 114 264 142
189 270 149 270 157 277 116 276 166
190 276 152 275 159 283 117 282 341
191 315 146 315 155 327 107 326 118
203 145 155 145 165 143 113 143 334
197 155 150 155 161 153 108 153 196
199 181 151 180 161 181 109 181 141
202 193 154 191 165 193 113 194 217
196 225 157 225 165 229 123 229 235
193 250 155 249 163 255 122 254 163
192 278 155 278 163 285 117 284 409
210 176 161 174 171 173 127 172 341
198 240 161 240 169 245 129 245 112
198 244 161 244 169 249 129 249 153
197 248 159 248 167 253 127 253 138
199 250 161 250 169 255 128 255 136
200 254 163 253 171 259 131 258 191
197 263 159 262 167 269 127 268 247
199 295 158 294 171 303 123 301 490
211 167 164 168 175 167 124 169 175
210 244 174 243 177 249 138 248 415
206 302 166 301 175 311 119 309 503
214 153 168 152 179 151 129 150 394
219 179 171 179 183 179 131 179 256
213 221 178 221 183 225 144 225 271
210 218 174 217 181 221 141 220 246
207 241 170 240 179 245 133 245 263
218 295 183 297 189 303 148 301 420
236 346 183 349 197 363 135 362 13
242 344 187 343 203 361 143 360 17
243 343 188 342 205 359 145 358 22
260 305 206 305 217 319 164 319 18
263 272 201 272 221 283 152 283 54
265 283 205 283 225 295 153 294 27
263 287 202 287 223 299 153 299 19
267 308 211 308 221 323 162 322 13
268 272 206 272 227 283 158 283 41
270 294 207 293 229 307 160 306 33
264 339 209 338 227 355 165 354 18
271 269 209 270 233 281 169 280 37
274 275 211 276 233 287 165 286 36
277 297 215 297 237 311 168 310 22
276 283 215 283 239 295 167 294 29
285 287 223 286 245 299 176 301 31
286 295 224 295 247 309 179 307 27
270 183 248 186 255 187 231 185 108
268 207 246 207 253 209 229 209 134
293 286 231 286 255 299 186 298 26
292 299 230 299 253 313 184 312 23
290 301 227 301 251 315 182 314 26
295 303 232 303 255 317 185 316 24
298 67 230 67 257 53 181 53 198
274 207 252 207 259 209 236 208 132
298 292 236 292 261 305 192 305 44
298 297 236 297 261 311 192 310 38
306 51 239 51 267 35 191 36 152
277 191 256 194 263 195 241 195 24
304 290 242 290 267 303 198 303 32
299 289 238 288 263 301 194 300 48
305 297 246 297 267 311 202 310 61
310 40 243 40 271 23 196 23 226
307 285 248 284 271 297 201 296 29
309 291 247 291 273 303 204 303 60
309 296 247 295 273 309 204 308 46
315 55 249 56 277 41 204 42 177
315 64 249 66 277 51 203 52 216
289 153 266 153 279 153 258 153 407
311 290 249 290 275 303 206 302 40
316 251 258 251 283 259 219 259 170
319 255 261 255 285 263 223 262 100
320 273 258 272 285 283 217 283 39
318 271 256 270 283 281 214 281 41
320 280 258 279 285 291 216 290 28
322 285 262 285 285 297 219 296 40
318 294 256 294 283 307 214 307 45
320 303 259 303 285 317 215 316 27
299 150 280 150 287 149 265 149 381
299 155 279 155 287 155 265 155 442
322 252 264 251 289 259 226 259 127
322 269 260 269 287 279 218 278 60
325 273 263 272 291 283 222 282 38
325 299 263 298 289 313 220 312 56
329 246 271 245 297 253 235 253 131
327 250 269 249 295 257 231 256 120
330 264 267 263 295 273 229 273 74
329 290 267 290 295 303 227 302 50
329 296 267 295 295 309 226 309 57
328 303 267 302 295 317 226 316 26
330 305 268 305 297 319 228 318 27
312 136 291 136 299 135 277 135 341
315 146 292 146 299 145 278 145 344
334 301 272 301 301 315 232 314 30
321 167 301 163 309 165 289 167 204
321 170 301 167 309 169 289 170 68
337 255 282 255 305 265 245 265 86
338 294 276 294 305 307 236 307 55
319 134 299 133 311 133 298 131 267
343 290 282 290 311 303 243 302 41
347 301 285 301 315 315 247 314 47
343 305 280 304 311 319 239 318 34
332 140 312 140 321 139 315 141 326
323 147 304 147 317 147 301 147 219
348 256 293 256 317 263 257 263 67
341 261 291 262 319 271 251 270 43
350 289 288 288 319 301 250 300 26
348 298 287 297 317 311 249 310 33
349 328 291 327 319 345 249 343 10
345 332 288 333 317 349 252 347 13
336 140 318 140 325 139 306 139 285
337 163 320 163 327 163 309 163 169
333 171 316 171 323 171 305 171 210
337 169 320 169 327 169 309 169 88
333 177 316 179 323 179 305 179 151
335 191 318 192 325 193 307 193 172
337 207 318 207 325 209 307 209 201
358 295 295 293 327 307 259 307 37
355 308 293 308 323 323 255 322 21
335 153 317 153 329 153 311 153 172
339 177 322 181 329 179 311 179 65
339 201 322 203 329 205 311 203 172
358 255 301 255 329 263 266 263 59
363 300 302 299 333 313 265 313 28
349 142 334 143 337 141 319 141 234
347 161 330 161 337 161 319 161 108
347 203 329 201 337 205 319 206 133
349 206 331 207 339 209 321 209 216
363 255 306 255 335 263 272 263 57
361 267 303 267 339 277 274 277 23
366 296 305 296 337 309 269 309 34
367 330 313 330 339 347 275 346 11
366 342 305 341 335 359 271 359 12
353 144 336 144 343 143 325 143 303
349 151 331 151 341 151 324 151 143
355 156 338 155 345 155 327 155 148
362 259 303 259 345 269 279 268 71
362 263 305 263 341 273 279 273 40
364 263 306 263 343 273 275 272 38
373 289 310 288 343 301 276 301 24
368 334 310 332 343 351 280 349 14
358 41 345 40 349 37 337 37 433
361 142 345 142 351 141 334 141 227
359 144 343 144 349 143 331 143 203
358 151 341 151 349 151 331 151 143
360 153 343 153 351 153 333 153 171
357 156 340 156 347 155 330 155 339
362 159 347 159 351 159 339 157 360
359 167 342 169 349 167 332 169 159
359 193 341 191 349 193 331 191 188
358 198 341 198 349 199 332 199 261
356 196 339 196 347 197 329 197 309
375 276 314 275 347 287 283 285 39
375 282 314 282 347 293 283 292 45
380 289 319 289 351 301 283 301 20
379 307 314 307 347 321 279 321 24
379 303 317 303 351 317 283 316 28
374 337 315 337 347 355 281 354 11
379 342 320 341 349 359 277 358 24
361 36 349 36 353 33 341 33 357
362 38 351 38 355 35 343 35 433
363 149 346 148 353 147 335 145 164
364 181 349 178 357 181 341 181 190
362 196 346 196 353 197 336 197 329
383 264 323 264 357 273 291 272 85
383 269 323 269 357 279 287 278 59
384 285 323 283 357 293 290 293 64
384 307 325 307 357 321 287 321 78
378 330 319 329 353 347 291 346 23
367 35 357 36 361 33 349 33 207
370 41 359 41 363 39 352 39 273
367 136 356 136 361 135 351 137 184
368 179 356 176 361 177 349 175 87
367 198 352 198 359 199 343 199 180
383 257 328 257 359 265 297 265 91
387 261 330 260 363 269 297 268 115
389 266 326 265 359 275 291 275 99
380 341 323 341 359 359 297 358 22
372 57 360 59 365 57 353 57 253
393 253 337 253 369 261 307 261 27
396 269 334 269 369 279 301 279 125
395 275 334 275 369 285 302 286 170
395 328 334 328 369 345 299 344 28
378 90 366 90 371 89 359 89 117
378 153 366 153 371 153 359 153 77
379 187 364 186 371 187 355 186 159
393 215 340 215 375 219 318 219 298
397 251 342 252 375 259 314 259 73
399 272 338 273 373 283 306 283 187
398 287 337 287 373 299 305 299 103
396 298 336 298 371 311 303 310 153
398 309 339 308 375 323 307 323 241
401 312 339 312 375 327 309 326 128
397 310 335 310 371 325 302 325 131
399 329 340 328 375 345 307 345 43
402 334 340 333 375 353 307 353 34
386 71 375 71 379 69 367 69 37
385 84 370 85 377 83 364 83 77
385 151 373 151 377 151 365 151 158
383 157 372 157 377 157 365 157 270
385 170 374 171 379 171 367 170 333
385 185 370 185 377 185 362 185 152
389 186 374 186 381 187 366 187 128
389 198 374 198 381 199 366 199 109
385 200 370 200 377 201 361 200 151
402 275 341 275 377 285 310 285 158
403 283 342 283 377 295 309 295 108
404 291 343 291 379 303 312 302 119
402 294 341 294 377 307 309 307 92
402 300 341 300 377 313 310 312 145
404 327 345 326 381 343 312 343 80
402 341 346 340 381 357 314 357 41
391 61 379 60 385 59 373 59 20
392 67 380 67 385 65 373 65 18
389 169 378 167 383 169 371 167 314
393 173 381 174 387 173 375 173 278
395 183 380 183 387 183 372 183 185
391 187 376 187 383 187 368 187 99
406 255 350 255 383 263 322 263 129
409 305 349 305 385 319 318 319 206
409 309 349 309 385 323 318 323 107
408 315 349 314 385 329 319 328 140
395 54 383 52 389 51 377 52 26
396 65 384 65 389 63 377 63 18
396 71 384 71 389 69 377 69 18
398 86 386 87 391 85 379 85 75
399 181 384 181 391 181 376 181 161
399 189 384 189 391 189 376 189 86
400 194 385 194 393 195 378 195 86
396 192 382 193 389 193 374 193 122
397 197 382 197 389 197 374 197 106
413 219 362 219 393 223 336 223 288
412 223 359 223 391 227 334 227 324
410 223 357 223 389 227 331 226 416
410 231 357 231 389 235 331 237 306
415 253 360 254 393 263 333 261 308
411 259 355 259 389 267 328 267 195
416 283 357 283 389 295 324 295 67
413 303 354 303 389 317 323 317 170
415 307 356 307 391 321 325 321 160
415 311 355 311 391 325 325 325 210
415 335 359 334 393 351 330 350 113
414 343 359 342 393 359 332 359 126
403 45 391 46 397 43 385 43 39
403 53 392 54 397 51 385 51 23
405 61 393 61 399 59 387 59 22
403 69 392 69 397 67 384 67 12
403 131 391 133 397 133 384 132 127
402 184 387 184 395 185 380 185 84
406 185 392 185 399 185 384 185 59
417 252 361 255 395 261 335 261 283
420 255 365 255 399 263 339 263 347
417 259 361 259 395 267 335 266 216
418 283 359 283 397 293 332 293 57
407 35 396 37 401 35 389 34 223
409 54 397 54 403 51 391 51 20
409 65 397 65 403 63 391 63 70
410 69 399 69 403 67 391 67 16
412 85 399 89 405 87 392 89 75
411 92 399 93 405 91 392 91 40
411 121 399 120 405 119 392 120 55
409 143 397 142 403 141 391 139 66
407 149 395 149 401 149 389 149 93
410 152 397 151 403 151 391 152 53
410 165 397 162 403 163 391 165 123
407 171 395 171 401 171 388 172 147
410 181 396 181 403 181 388 181 127
410 179 396 179 403 179 388 179 91
412 201 397 201 405 201 389 201 104
423 252 371 251 401 259 347 257 528
425 267 368 267 405 275 343 275 192
419 282 358 283 401 291 337 291 67
423 304 362 305 401 317 337 317 294
423 334 368 333 403 349 343 349 202
413 77 401 77 407 75 395 75 32
416 74 403 75 409 73 396 73 40
415 101 403 99 409 97 396 99 38
413 105 401 105 407 103 394 104 123
418 120 404 120 411 119 397 119 77
418 173 404 173 411 173 396 173 43
418 181 404 181 411 181 396 181 48
414 188 399 188 407 189 392 189 48
430 253 378 254 411 261 355 259 171
426 254 373 254 407 261 349 260 235
430 274 375 274 411 283 350 283 122
429 339 375 339 409 355 350 355 204
423 26 411 25 417 23 406 23 72
419 34 408 35 413 31 402 33 86
423 51 411 51 417 49 405 49 46
421 73 409 73 415 71 403 71 39
422 99 409 98 415 97 403 97 38
424 142 410 141 417 141 403 141 68
422 145 408 145 415 145 401 144 37
423 155 409 155 417 155 403 155 34
422 171 408 171 415 171 400 171 60
424 175 409 175 417 175 402 175 46
420 189 405 189 413 189 398 189 41
422 193 407 192 415 193 400 193 51
421 201 407 200 415 201 399 201 134
433 246 382 248 415 253 360 255 262
435 258 384 258 417 265 363 265 253
430 279 374 279 413 287 353 287 94
432 342 379 341 413 357 355 357 201
431 349 377 349 413 363 355 362 334
425 53 413 53 419 51 407 51 45
425 76 413 77 419 75 407 75 134
426 104 413 104 419 103 407 103 45
429 118 417 118 423 117 411 117 100
429 141 416 141 423 141 409 141 86
429 146 416 148 423 147 409 147 85
427 151 414 152 421 151 407 151 39
426 150 412 150 419 149 405 149 26
425 171 412 170 419 171 404 171 39
428 175 413 175 421 175 406 175 37
428 185 413 185 421 185 406 185 49
428 192 413 192 421 193 406 193 57
441 267 390 267 423 275 367 275 148
437 271 385 270 419 279 363 278 128
441 289 389 289 423 299 366 299 226
439 297 387 296 421 307 365 307 243
435 59 424 60 429 57 417 57 34
435 71 423 71 429 69 417 69 31
431 67 419 67 425 65 413 65 38
433 75 421 75 427 73 415 73 39
435 81 423 81 429 79 417 79 42
435 89 423 89 429 87 417 87 59
431 97 419 99 425 95 413 97 63
433 105 421 105 427 103 415 103 78
431 102 419 103 425 101 413 102 84
433 114 421 114 427 113 415 113 114
433 140 419 140 427 141 413 141 162
433 152 420 151 427 151 413 151 232
432 175 417 175 425 175 410 175 86
433 175 419 175 427 175 413 175 107
432 179 417 179 425 179 410 179 62
433 185 419 185 427 185 412 185 50
435 193 421 192 429 193 414 193 83
436 198 421 198 429 199 414 199 188
436 208 421 208 429 209 414 209 269
445 265 393 265 427 273 371 273 130
443 292 391 293 425 303 369 303 231
445 297 395 296 427 307 371 307 314
444 336 394 335 427 349 374 349 108
445 339 395 339 429 353 374 352 56
438 21 428 21 433 19 423 19 53
439 69 427 69 433 67 421 67 149
437 69 425 69 431 67 419 67 32
441 79 429 79 435 77 423 77 44
441 83 429 83 435 81 423 81 55
437 102 425 103 431 101 419 102 148
437 110 425 110 431 109 419 107 115
437 118 425 118 431 117 419 117 161
441 124 429 124 435 123 423 123 187
437 122 425 122 431 121 419 121 143
437 128 425 128 431 127 419 128 169
441 171 428 173 435 171 421 173 185
441 177 427 177 435 177 420 177 201
439 184 425 185 433 185 418 185 91
441 195 427 194 435 195 420 195 116
437 198 423 198 431 199 416 199 107
439 204 425 204 433 205 418 205 203
446 311 397 313 431 321 383 320 321
442 25 432 25 437 23 427 23 57
448 62 436 62 441 59 429 59 70
446 69 435 69 441 67 429 67 52
445 77 433 77 439 75 427 75 36
446 75 434 75 441 73 429 73 37
445 81 433 81 439 79 427 79 62
447 95 435 95 441 93 429 93 100
442 91 431 91 437 89 425 89 108
445 90 433 91 439 89 427 89 122
442 102 430 99 437 99 425 99 104
447 109 435 108 441 107 429 107 151
442 109 431 110 437 109 425 109 452
444 118 433 118 439 117 427 116 333
446 120 435 120 441 119 430 119 382
445 148 433 148 439 147 427 147 698
447 154 434 153 441 153 429 153 288
445 151 432 151 439 151 427 151 455
443 157 430 159 437 157 424 158 379
447 161 435 161 441 163 429 161 314
443 165 430 165 437 165 424 165 223
443 167 430 166 437 167 424 166 197
445 193 431 193 439 193 424 193 95
443 198 429 198 437 199 422 199 129
445 204 431 204 439 205 424 205 210
456 261 410 261 441 267 389 265 113
453 314 413 313 439 323 394 323 158
456 329 409 329 441 341 390 341 45
456 347 402 347 439 363 380 363 58
450 46 438 46 445 43 432 43 95
451 54 438 53 445 51 432 50 206
448 57 436 57 443 55 431 55 242
450 63 438 63 445 61 433 61 78
450 71 439 71 445 69 433 69 147
452 75 441 75 447 73 435 73 41
451 92 439 93 445 91 433 91 77
448 114 437 114 443 113 431 111 312
450 141 438 141 445 141 433 141 437
452 138 441 138 447 137 435 137 194
450 145 439 146 445 145 433 145 373
450 152 439 151 445 151 433 151 319
449 165 437 165 443 165 432 163 259
450 171 439 172 445 171 434 172 151
453 184 440 185 447 185 434 184 201
453 193 439 193 447 193 432 193 229
458 298 419 297 445 307 404 305 280
460 312 422 311 447 321 403 321 138
460 332 412 332 445 345 393 344 43
458 336 409 335 443 349 389 349 53
461 347 409 347 445 363 388 363 65
455 31 447 33 451 29 441 31 345
457 40 445 40 451 37 439 37 174
456 46 444 46 451 41 439 41 152
457 50 444 49 451 47 439 48 233
454 55 442 55 449 53 436 52 252
455 62 443 62 449 59 437 59 92
454 69 442 69 449 67 437 67 62
458 93 446 93 453 91 441 91 39
454 99 442 99 449 97 437 97 96
456 97 445 96 451 95 439 95 119
456 136 444 135 451 135 439 134 124
454 150 443 149 449 149 437 149 409
458 154 446 153 453 153 441 153 103
456 155 444 155 451 155 439 155 339
459 172 447 171 453 171 441 171 69
458 185 446 185 453 185 441 185 257
458 192 446 193 453 193 441 193 255
457 228 442 228 451 229 436 229 273
460 231 443 231 453 233 437 233 321
459 231 443 231 451 233 434 233 410
460 257 417 257 449 261 401 263 148
464 339 414 339 449 353 395 352 55
460 19 448 20 455 17 442 15 363
464 22 452 22 459 19 447 19 344
465 40 453 40 459 37 447 37 212
464 49 452 49 459 47 447 48 151
464 74 452 75 459 73 447 74 44
464 81 452 81 459 79 446 79 39
464 112 453 113 459 111 447 111 162
460 108 448 108 455 107 443 107 206
460 115 448 114 455 113 443 113 192
460 136 448 136 455 135 443 134 99
462 154 450 154 457 153 445 153 83
462 156 451 154 457 155 445 155 214
464 173 452 172 459 173 447 172 68
461 204 446 204 455 205 440 205 171
465 208 450 208 459 209 444 209 134
463 212 447 212 457 213 441 213 171
465 222 450 222 459 223 444 223 133
469 268 429 265 457 273 415 271 241
471 276 431 276 459 283 418 281 346
471 306 431 306 459 315 417 315 99
473 334 424 333 459 347 406 346 52
470 24 458 24 465 21 453 20 247
466 28 454 28 461 25 449 25 157
470 34 458 34 465 31 453 31 141
470 42 458 42 465 39 453 39 139
466 55 454 55 461 53 449 53 86
470 67 458 67 465 65 452 64 79
466 69 454 69 461 67 448 67 65
468 77 456 77 463 75 451 75 84
470 87 458 87 465 85 453 85 112
466 91 454 91 461 89 449 89 42
470 108 458 108 465 107 453 107 95
470 123 458 124 465 123 453 123 95
470 175 458 175 465 175 453 175 101
466 183 454 183 461 183 449 182 136
468 187 456 186 463 187 451 187 78
466 188 454 188 461 189 449 189 165
467 200 453 200 461 201 446 201 90
469 204 454 204 463 205 448 205 94
470 214 456 214 465 215 450 215 159
470 218 456 217 465 219 450 218 135
471 222 456 222 465 223 450 223 145
472 263 433 262 461 267 419 267 310
475 289 435 289 463 299 420 301 119
475 339 425 339 461 353 406 352 49
476 343 423 344 461 359 404 359 64
472 38 460 38 467 35 455 35 136
476 49 464 49 471 47 459 47 198
476 53 465 53 471 51 459 51 145
472 49 460 49 467 47 454 46 111
474 59 462 59 469 57 457 57 126
476 63 464 63 471 61 459 61 129
474 77 462 77 469 75 457 75 118
476 83 464 83 471 81 459 81 69
472 93 460 92 467 91 455 91 64
476 97 464 96 471 95 459 95 176
474 112 462 113 469 111 457 112 157
474 120 462 120 469 119 457 119 122
476 124 464 124 471 123 459 124 75
474 134 462 134 469 133 456 131 64
474 136 462 136 469 135 457 135 64
476 141 464 141 471 141 459 141 88
476 145 464 145 471 145 459 144 98
476 151 464 151 471 151 459 151 85
474 171 462 171 469 171 457 171 59
474 198 462 198 469 199 457 198 100
475 196 464 196 471 197 458 195 90
474 206 461 206 469 207 455 207 132
473 208 458 208 467 209 453 208 94
476 220 462 220 471 221 457 221 189
478 231 461 231 471 233 455 233 93
479 313 437 313 467 323 422 322 113
482 325 435 325 469 337 419 337 74
478 41 466 41 473 39 461 38 123
482 54 470 53 477 51 465 51 190
480 65 468 65 475 63 463 63 145
482 69 470 69 477 67 465 67 120
478 77 466 77 473 75 461 75 111
480 79 468 79 475 77 463 77 103
482 85 470 85 477 83 465 83 86
480 92 468 92 475 91 463 91 82
481 97 469 97 477 95 465 95 211
482 104 470 104 477 103 465 103 176
480 157 468 157 475 157 463 157 171
478 179 466 179 473 179 461 179 99
482 196 469 196 477 197 464 197 120
478 202 465 202 473 203 459 203 111
480 208 467 208 475 209 461 209 147
478 220 465 220 473 221 459 221 262
482 220 469 220 477 221 464 221 143
483 237 464 237 475 239 456 239 57
483 237 466 237 477 239 458 239 81
482 252 460 252 475 255 452 255 210
484 250 462 250 477 253 454 253 186
480 256 457 256 473 259 449 259 251
484 254 462 254 477 257 454 257 172
488 71 476 71 483 69 471 69 110
484 67 473 66 479 65 468 64 125
484 75 472 75 479 73 467 73 130
489 87 476 86 483 85 471 85 161
484 100 472 100 479 99 467 99 235
484 126 471 125 479 125 466 125 165
484 134 471 134 479 133 466 135 152
486 138 475 138 481 137 467 135 265
486 153 473 153 481 153 468 151 162
488 163 475 164 483 163 470 164 213
488 169 475 169 483 169 471 169 246
486 177 473 177 481 177 468 177 193
486 176 473 175 481 175 468 175 235
488 186 475 188 483 187 470 188 222
488 208 475 208 483 209 470 209 106
488 220 475 220 483 221 470 221 129
492 245 471 245 483 249 463 248 163
487 274 458 274 479 279 449 279 81
492 292 457 292 483 299 445 299 41
491 300 454 299 481 307 442 307 41
489 303 451 302 479 311 438 310 59
493 305 455 304 483 313 442 313 48
490 313 448 313 479 323 434 323 49
491 321 446 322 479 333 431 333 57
492 344 440 343 479 359 422 358 100
494 77 482 75 489 75 477 73 128
491 81 481 80 487 79 473 77 105
493 134 482 134 489 133 477 133 166
490 193 478 193 485 193 473 193 118
494 200 481 200 489 201 477 201 144
490 198 477 198 485 199 472 199 127
490 218 477 218 485 219 472 219 117
490 224 476 224 485 225 471 225 137
497 279 466 279 489 285 456 284 39
495 301 456 302 485 309 444 309 46
498 298 462 297 489 305 450 305 45
495 313 454 312 485 323 440 322 50
498 90 488 90 495 89 485 89 156
499 108 489 108 495 107 485 107 278
499 140 488 140 495 139 483 139 251
495 138 484 138 491 137 479 137 169
499 152 488 151 495 151 483 151 185
495 163 485 163 491 163 481 163 290
495 189 481 190 491 189 479 189 342
497 187 486 186 493 187 481 187 270
495 204 483 204 491 205 479 205 85
495 212 483 212 491 213 479 213 77
498 231 482 231 493 233 475 233 65
501 235 485 235 495 237 476 237 57
497 258 469 259 491 261 461 262 94
501 278 470 278 493 283 461 283 43
500 290 469 290 491 297 454 297 56
501 303 462 303 491 311 450 312 39
503 312 461 311 493 321 449 320 66
504 331 456 331 491 349 437 349 91
499 57 493 57 497 59 489 57 102
504 74 497 74 501 73 494 73 244
505 82 496 82 501 81 492 81 284
505 106 496 106 501 105 492 105 166
504 153 492 153 499 153 487 153 211
501 150 490 149 497 149 485 149 171
501 177 492 175 497 177 488 175 248
505 175 495 173 501 175 492 175 381
503 181 493 181 499 181 490 181 249
503 191 493 190 499 191 489 190 251
502 200 490 200 497 201 485 201 226
505 210 494 210 501 211 489 211 133
503 208 492 208 499 209 487 209 153
502 226 487 226 497 227 482 227 87
505 261 480 261 499 265 467 266 93
506 269 478 269 499 273 470 273 32
507 315 464 315 497 325 451 325 66
510 313 468 313 501 323 456 323 95
512 334 463 334 501 347 448 347 75
512 342 460 342 501 357 444 356 78
510 27 502 27 507 25 500 25 121
510 33 503 33 507 31 500 31 176
508 40 501 40 505 39 498 39 112
510 53 503 53 507 53 500 53 190
508 56 502 56 505 55 498 55 229
507 62 500 62 503 61 496 61 180
508 66 501 66 505 65 498 65 141
510 70 503 70 507 69 500 69 291
506 71 499 71 503 71 496 71 268
510 76 504 76 507 75 500 75 175
510 84 504 84 507 83 500 83 270
509 93 497 92 503 91 494 91 168
509 197 497 196 505 197 493 197 188
509 208 498 208 505 209 493 209 140
509 214 498 214 505 215 493 215 202
514 306 474 306 505 315 462 315 75
515 303 477 302 507 311 465 311 78
516 322 471 322 507 333 458 333 80
515 340 463 340 503 355 448 355 63
516 345 464 346 505 361 448 361 56
512 21 505 21 509 19 502 19 170
516 26 509 26 513 25 506 25 224
517 33 510 33 513 31 506 31 209
514 40 507 40 511 39 504 39 243
516 46 509 46 513 45 506 45 177
514 52 507 52 511 51 504 51 145
514 57 507 56 511 55 504 55 172
513 94 506 95 509 93 500 93 334
514 108 505 108 511 107 501 107 328
513 127 504 125 509 123 500 122 189
515 133 506 129 511 131 507 129 482
515 140 506 141 511 139 502 141 376
517 163 508 164 513 163 504 163 268
515 193 505 192 511 193 502 193 96
515 200 504 200 511 201 500 201 124
513 208 502 208 509 209 498 209 152
517 226 503 226 513 227 498 227 108
514 228 499 228 509 229 493 229 136
517 236 499 236 513 237 497 237 65
525 249 499 249 509 253 484 253 61
527 253 504 253 513 257 489 257 71
518 305 478 305 509 313 467 314 69
518 319 474 318 509 329 462 329 84
518 19 511 19 515 17 508 17 195
522 20 515 20 519 19 512 19 241
520 45 514 43 517 43 510 43 146
522 58 516 58 519 57 512 57 146
522 131 516 131 519 131 512 131 234
519 162 510 161 515 161 506 161 113
523 163 514 163 519 163 511 163 133
519 171 510 171 515 171 506 171 120
519 175 510 175 515 175 506 175 246
519 230 504 229 515 231 499 231 87
521 234 509 233 519 235 502 235 98
521 241 501 241 519 243 506 245 70
535 253 509 253 517 257 492 257 74
525 273 496 272 519 277 488 277 25
522 278 491 278 515 283 483 283 27
524 317 480 317 515 327 468 327 64
529 340 477 341 519 355 463 355 42
525 348 471 347 515 363 456 362 50
528 22 521 23 525 21 518 21 195
524 26 517 26 521 25 514 25 178
528 64 521 64 525 63 518 63 117
528 90 522 90 525 89 518 89 57
524 92 517 93 521 91 513 92 120
524 98 516 98 521 97 512 97 116
526 105 520 106 523 105 516 105 118
528 129 521 129 525 129 518 129 88
526 149 520 149 523 149 517 148 130
524 159 518 159 521 159 514 159 270
525 182 515 181 521 181 512 182 266
529 191 519 191 525 191 515 190 127
525 195 515 194 521 195 510 195 221
527 199 516 198 523 199 512 199 275
523 216 511 216 521 217 508 217 223
523 220 509 220 521 221 506 221 228
532 290 498 289 525 297 489 296 69
530 296 494 295 523 303 485 302 58
530 301 493 301 523 309 482 309 69
532 299 495 299 525 307 485 307 69
532 325 485 325 523 337 473 337 48
533 329 485 329 525 341 469 341 71
532 342 480 342 523 357 466 357 46
531 346 477 345 521 361 463 360 43
533 19 526 19 529 17 522 17 180
530 27 524 26 527 25 512 25 647
532 25 525 25 529 23 522 23 191
534 34 527 34 531 33 524 33 183
532 30 525 30 529 29 522 28 122
534 50 527 50 531 49 524 49 317
532 56 525 56 529 55 522 55 212
530 60 523 60 527 59 520 59 100
530 68 523 68 527 67 520 67 72
532 72 525 72 529 71 522 70 32
532 88 525 88 529 87 522 87 33
534 90 527 90 531 89 524 89 41
532 100 525 100 529 99 522 99 55
532 108 525 107 529 107 522 107 38
530 135 523 135 527 135 520 135 30
534 148 527 148 531 147 524 147 22
530 145 523 145 527 145 520 145 32
534 177 527 177 531 177 524 177 223
530 178 522 180 527 179 518 179 90
531 193 521 193 527 193 517 192 133
533 210 521 210 529 211 517 211 214
535 208 523 208 531 209 519 209 203
535 214 523 214 531 215 519 215 162
535 283 503 283 529 289 495 289 41
538 293 502 293 531 301 493 300 68
535 317 491 317 527 327 480 327 45
538 336 488 335 529 349 475 349 39
539 333 490 334 531 347 477 347 44
536 19 528 18 533 17 526 17 185
538 30 532 30 535 29 528 29 170
537 39 530 39 535 37 527 37 159
538 37 530 37 535 35 528 35 155
540 47 533 46 537 45 530 45 183
538 45 531 44 535 43 528 43 204
538 54 531 54 535 53 528 53 273
538 60 531 60 535 59 528 59 282
536 74 530 74 533 73 526 73 39
539 80 532 80 535 79 528 79 50
536 94 529 94 533 93 526 93 32
538 106 532 105 535 105 529 105 26
538 133 531 133 535 133 528 132 26
538 141 532 141 535 141 529 141 30
540 137 533 137 537 137 530 137 25
538 139 531 139 535 139 528 139 24
536 155 529 155 533 155 526 155 25
538 161 531 161 535 161 528 161 30
540 185 529 184 537 185 526 184 150
538 193 526 193 535 193 522 193 135
539 216 527 216 535 217 523 217 208
539 224 525 224 535 225 521 225 239
535 260 508 261 533 263 503 264 54
542 261 516 261 537 265 510 265 54
539 265 512 265 533 269 505 269 38
543 283 511 283 537 289 502 289 45
543 289 509 288 537 295 501 295 42
540 301 501 301 533 309 492 309 55
540 312 498 311 533 321 488 321 42
544 313 502 313 537 323 492 323 41
545 325 498 325 537 337 486 337 52
543 337 493 337 535 351 480 351 49
544 21 537 21 541 19 534 19 134
546 31 539 31 543 29 536 29 116
542 58 535 58 539 57 532 57 230
544 54 537 55 541 53 534 53 187
542 70 535 70 539 69 532 68 64
542 96 536 95 539 95 532 95 25
542 111 535 111 539 111 532 110 27
544 124 537 123 541 123 534 123 22
546 127 539 127 543 127 536 127 16
544 132 537 132 541 131 534 131 19
544 143 537 143 541 143 534 143 31
542 155 535 155 539 155 532 155 30
546 183 531 182 543 183 532 183 74
546 189 534 189 543 189 531 189 47
542 187 530 187 539 187 527 187 104
544 197 532 197 541 197 528 197 55
545 203 532 202 541 203 528 203 47
544 212 532 212 541 213 529 213 87
546 216 534 216 543 217 531 217 186
543 226 529 226 539 227 524 227 197
543 248 521 248 539 251 514 251 52
547 260 522 260 541 263 514 263 57
545 280 514 279 539 285 506 284 42
552 30 545 31 549 29 542 29 81
552 36 545 36 549 35 542 35 171
550 54 543 53 547 53 540 52 156
550 76 543 75 547 75 540 74 61
550 82 543 82 547 81 540 81 37
548 98 541 98 545 97 538 97 26
550 138 543 137 547 137 540 136 30
550 143 543 144 547 143 540 143 29
551 152 544 151 549 153 541 151 26
552 165 545 165 549 165 542 165 33
550 169 543 169 547 169 540 169 24
550 193 538 193 547 193 535 193 41
548 201 540 201 545 201 535 201 213
551 206 539 206 547 207 536 207 64
549 252 527 252 545 255 516 255 60
552 272 522 273 547 277 518 275 35
552 276 522 276 547 281 515 281 45
552 289 518 288 547 295 510 294 40
555 315 513 315 549 325 503 325 36
554 336 504 336 547 349 493 349 51
556 339 506 339 549 353 494 353 55
556 39 550 41 553 37 546 37 97
558 64 551 64 555 63 548 63 183
556 62 549 62 553 61 546 61 293
556 68 551 70 553 67 546 67 350
558 78 550 77 555 77 547 76 56
556 92 549 92 553 91 546 91 21
554 110 547 109 551 109 544 109 16
554 116 547 115 551 115 545 115 26
554 150 547 149 551 149 544 148 23
556 161 549 161 553 161 545 161 23
556 169 549 169 553 169 546 169 20
556 177 548 175 553 177 546 177 40
556 187 545 187 553 187 541 187 57
557 197 545 197 553 197 541 197 100
556 203 544 202 553 203 540 203 74
556 212 544 212 553 213 540 213 133
556 248 534 248 553 251 531 251 50
559 263 533 263 555 267 525 267 54
556 280 524 280 551 285 518 285 36
558 285 525 285 553 291 518 291 34
556 291 522 290 551 297 514 297 39
561 291 526 289 555 297 519 295 40
560 339 508 339 553 353 496 354 55
560 344 507 344 553 359 495 359 60
560 37 553 37 557 35 550 35 105
560 41 553 41 557 39 550 39 99
564 54 557 54 561 53 554 53 113
562 60 555 60 559 59 552 59 159
562 82 554 82 559 81 552 81 58
560 106 553 105 557 105 550 105 24
560 117 553 118 557 117 556 115 42
564 127 557 127 561 127 554 127 15
560 137 553 137 557 137 549 136 18
561 147 552 145 557 145 551 146 17
560 143 553 144 557 143 551 143 20
560 173 553 173 557 173 550 174 46
564 191 552 191 561 191 549 191 111
561 216 548 216 557 217 543 217 200
561 222 547 222 557 223 543 223 230
570 249 543 248 561 251 538 251 62
563 262 541 261 559 267 531 267 72
563 303 523 302 557 311 515 311 48
565 306 524 306 559 315 516 315 47
563 310 521 310 557 319 513 319 42
566 315 523 315 561 325 515 325 42
563 313 521 313 557 323 512 323 42
564 341 512 341 557 355 500 355 53
565 346 513 345 559 361 501 361 57
568 40 561 41 565 39 557 39 71
566 47 563 48 563 45 560 46 226
569 54 561 53 567 53 560 53 178
570 60 564 60 567 59 561 59 134
570 76 563 75 567 75 560 74 130
568 94 561 94 565 93 558 93 20
566 98 559 98 563 97 556 97 18
569 109 562 109 567 109 559 108 21
570 118 562 117 567 117 560 117 20
568 114 560 114 565 113 558 113 15
566 119 559 119 563 119 556 119 20
568 132 561 131 565 131 558 130 24
568 145 560 144 565 145 559 145 18
566 149 559 149 563 149 556 148 10
567 151 560 151 565 151 558 151 14
565 161 558 161 563 161 556 161 18
565 183 557 182 563 183 555 182 216
568 187 556 187 565 187 553 187 203
566 185 554 185 563 185 551 185 149
568 195 556 195 565 195 553 195 263
570 201 558 201 567 201 555 201 310
568 205 556 204 565 205 553 205 166
568 214 556 214 565 215 553 215 183
571 265 544 265 567 269 539 269 45
568 287 533 287 563 293 526 293 38
570 297 532 298 565 305 525 305 41
572 310 531 309 567 319 523 319 35
572 339 521 339 567 353 511 353 50
576 21 569 21 573 19 566 19 135
574 19 567 19 571 17 564 17 100
574 26 567 26 571 25 564 25 97
572 25 565 25 569 23 562 23 86
572 38 565 38 569 37 562 37 87
576 53 568 52 573 51 565 50 179
576 76 569 75 573 75 566 74 107
572 88 564 87 569 87 561 86 41
574 114 566 114 571 113 564 113 18
572 142 565 142 569 141 562 141 12
574 143 567 143 571 143 564 143 11
573 151 567 151 571 151 564 151 17
572 155 564 155 569 155 562 155 14
573 170 567 168 571 169 564 168 22
574 177 567 177 571 177 564 177 89
572 185 561 185 569 185 558 185 169
572 191 561 193 569 191 557 191 102
572 197 560 196 569 197 557 197 174
572 218 560 218 569 219 557 219 212
574 214 562 214 571 215 559 215 321
577 278 546 278 573 283 540 283 34
573 278 542 277 569 283 536 283 35
577 301 539 301 573 309 532 309 46
578 320 533 320 573 331 524 332 41
574 334 525 334 569 347 516 346 55
582 19 575 18 579 17 572 17 105
580 31 573 31 577 29 570 29 80
578 31 571 30 575 29 568 29 75
582 58 575 58 579 57 572 57 102
581 70 575 70 579 69 572 69 154
582 102 574 101 579 101 571 101 48
579 129 572 129 577 129 570 129 33
578 136 572 138 575 135 568 136 36
581 152 574 150 579 151 572 151 22
580 163 573 163 577 163 570 163 46
580 170 573 170 577 169 570 168 30
578 212 567 212 575 213 563 213 343
579 217 566 217 579 217 567 217 253
585 250 557 250 577 253 553 253 65
583 260 557 259 579 263 553 262 108
581 266 554 266 577 269 549 270 59
579 299 541 299 575 307 535 307 43
583 325 536 326 579 337 528 337 44
580 329 532 329 575 341 523 341 36
586 33 578 32 583 31 576 31 85
586 39 579 39 583 37 576 37 96
588 48 581 48 585 47 578 47 142
584 62 577 62 581 61 574 61 155
587 92 580 91 585 91 578 91 45
583 106 577 105 581 105 574 105 45
588 102 581 102 585 101 578 101 73
585 110 578 110 583 109 576 109 57
586 122 578 121 583 121 576 121 23
583 128 577 127 581 127 574 127 18
584 146 576 147 581 147 574 147 66
586 163 579 163 583 163 576 163 102
585 176 579 177 583 177 576 176 134
585 187 579 187 583 187 576 187 85
585 193 579 192 583 193 576 193 136
583 195 573 195 581 195 570 193 181
589 210 575 210 583 211 572 211 150
586 274 556 274 583 279 551 279 34
589 301 550 301 585 309 544 308 46
587 303 548 303 583 311 542 311 45
589 320 538 319 585 331 537 331 71
587 344 535 344 583 359 526 359 58
592 27 584 27 589 25 581 25 81
594 24 586 24 591 23 584 23 91
593 31 586 31 591 29 584 28 102
590 38 583 38 587 37 580 37 87
590 44 583 44 587 43 580 42 130
592 42 585 42 589 41 583 40 242
590 55 583 55 587 53 580 53 242
592 55 585 55 589 53 582 53 127
592 74 585 74 589 73 582 73 131
589 82 582 82 587 81 580 81 117
590 78 583 78 587 77 580 77 197
590 94 583 94 587 93 580 93 50
590 90 582 90 587 89 580 89 103
592 92 585 92 589 91 582 91 92
593 109 587 110 591 109 584 109 65
590 130 583 130 587 129 579 128 79
589 176 582 175 587 175 580 175 182
593 189 587 189 591 189 585 189 223
591 257 567 258 589 261 562 260 108
593 283 559 283 589 289 554 289 48
590 299 552 299 587 307 546 306 35
594 314 552 313 591 323 545 323 47
591 340 540 340 587 355 531 354 52
595 48 589 48 593 47 586 47 236
596 54 589 54 593 53 586 53 203
595 64 588 64 593 63 586 63 159
600 66 592 67 597 65 590 65 173
595 80 588 80 593 79 586 78 180
597 80 590 80 595 79 588 78 170
597 92 591 91 595 91 588 90 97
600 102 593 101 597 101 590 101 76
597 106 591 106 595 105 588 105 91
595 104 589 103 593 103 586 103 66
596 110 589 110 593 109 586 109 68
596 138 589 138 593 137 586 137 180
596 143 588 143 593 143 586 142 208
595 161 588 161 593 161 586 161 210
597 169 591 169 595 169 588 169 249
595 167 588 167 593 167 586 167 169
595 185 589 187 593 187 587 186 91
597 195 591 195 595 195 589 195 86
600 224 585 224 597 225 583 225 127
600 263 573 263 597 267 569 266 56
600 271 571 270 597 275 567 275 37
598 276 568 276 595 281 563 281 60
598 299 560 299 595 307 554 307 39
598 310 557 310 595 319 550 319 53
600 327 553 327 597 339 546 339 57
599 325 550 324 595 337 544 337 45
605 25 599 24 603 23 596 23 223
606 37 599 38 603 37 596 37 111
602 36 595 36 599 35 592 35 178
601 76 595 75 599 75 592 75 181
603 74 597 74 601 73 594 73 242
601 88 594 88 599 87 592 87 103
605 90 599 90 603 89 596 89 76
601 104 594 103 599 103 592 102 72
603 147 596 147 601 147 594 147 203
605 151 598 151 603 151 596 151 270
603 161 596 161 601 161 594 161 179
601 161 595 161 599 161 592 161 239
601 167 594 167 599 167 592 167 235
603 177 596 177 601 177 594 177 154
605 179 599 179 603 179 596 179 260
605 187 599 187 603 187 597 187 204
605 185 599 185 603 185 595 186 68
605 191 599 191 603 191 597 191 230
601 211 595 210 601 211 589 211 122
601 250 577 250 599 253 575 253 64
605 254 581 254 603 257 578 257 72
606 264 578 264 603 267 572 265 51
602 280 569 280 599 285 566 284 37
604 276 570 279 601 281 568 281 67
602 283 569 283 599 289 564 289 38
604 281 571 281 601 287 576 287 64
602 289 567 289 599 295 563 295 43
606 290 571 290 603 297 567 296 47
604 296 567 296 601 303 562 303 44
604 311 561 313 601 321 556 321 60
602 312 559 312 599 321 554 321 43
602 320 557 320 599 331 551 331 51
606 331 557 330 603 343 550 342 64
606 344 553 344 603 359 545 359 55
602 346 549 346 599 361 541 361 69
607 21 600 20 605 19 598 18 236
607 27 600 27 605 25 598 25 291
608 56 600 56 605 55 598 55 344
611 64 604 64 609 63 601 62 141
611 70 604 70 609 69 602 69 178
609 88 603 88 607 87 600 87 80
611 84 604 83 609 83 602 83 85
609 118 602 117 607 117 600 117 68
611 124 605 124 609 123 602 123 46
607 120 601 119 605 119 598 119 66
611 127 604 127 609 127 602 127 104
609 140 602 139 607 139 600 139 152
607 150 600 149 605 149 598 149 291
611 159 605 159 609 159 602 159 176
607 171 601 171 605 171 599 171 292
609 175 603 175 607 175 601 175 282
607 191 601 191 605 191 599 191 187
611 203 603 203 609 203 605 203 210
606 211 600 210 607 211 597 211 151
609 281 576 282 607 287 572 288 31
611 285 578 285 609 291 574 292 30
607 283 571 284 605 289 570 289 64
611 327 563 328 609 339 557 339 49
608 332 559 332 605 345 552 345 69
608 346 555 345 605 361 547 361 51
613 29 607 28 611 27 604 26 106
613 50 606 50 611 49 604 49 300
615 57 608 56 613 55 606 55 333
615 74 608 74 613 73 606 72 146
617 106 610 105 615 105 608 104 124
613 120 607 119 611 119 604 119 75
617 135 610 135 615 135 608 134 113
615 138 608 137 613 137 606 136 83
613 145 606 145 611 145 604 145 95
617 150 610 150 615 149 608 149 101
615 157 608 157 613 157 606 157 177
615 163 608 164 613 163 607 163 146
617 183 611 183 615 183 609 183 88
615 179 608 178 613 179 606 178 108
617 189 612 188 615 189 609 188 117
616 222 602 222 613 223 595 223 200
618 262 593 262 615 265 591 266 104
615 316 571 316 613 327 566 326 51
613 344 560 344 611 359 553 359 57
621 39 615 38 619 37 612 36 99
620 40 612 40 617 39 610 39 153
621 43 614 42 619 41 612 40 140
623 47 616 46 621 45 614 44 142
623 51 616 50 621 49 613 49 312
621 63 614 62 619 61 612 61 227
619 96 612 96 617 95 610 95 144
621 132 615 131 619 131 612 130 86
621 142 614 141 619 141 612 141 64
623 151 616 151 621 151 614 151 119
621 169 614 169 619 169 612 169 91
619 175 612 175 617 175 610 175 98
621 181 615 181 619 181 613 181 94
623 193 616 192 621 193 614 192 183
620 207 611 207 621 207 611 207 162
618 217 606 217 617 217 604 217 164
621 214 609 214 619 215 606 215 115
621 220 608 220 619 221 606 221 148
621 271 592 271 619 275 589 275 37
621 301 582 301 619 309 578 309 52
621 312 579 311 619 321 574 321 66
622 327 575 327 621 339 570 339 71
620 346 567 346 619 361 561 361 54
629 74 622 74 627 73 620 73 223
625 86 618 86 623 85 616 85 209
627 106 622 106 625 105 620 105 144
629 110 624 110 627 109 622 109 231
627 120 620 119 625 119 618 118 104
625 159 619 160 623 159 615 157 149
629 169 622 169 627 169 620 169 101
625 183 619 183 623 183 617 183 93
629 185 623 185 627 185 621 185 87
625 189 618 188 623 189 616 188 117
631 224 617 224 625 225 612 225 139
624 224 610 224 623 225 608 225 105
627 241 607 241 625 243 604 241 32
626 248 606 250 627 253 607 251 154
624 274 594 274 623 279 591 279 39
628 292 592 292 627 299 589 298 58
626 292 590 292 625 299 587 299 53
628 310 587 309 627 319 583 319 80
628 312 586 312 627 321 582 322 99
624 313 582 313 623 323 578 323 74
624 331 576 330 623 343 571 343 69
633 76 626 77 631 75 624 75 321
631 72 624 72 629 71 622 71 206
635 173 628 173 633 173 626 173 126
633 185 627 185 631 185 625 185 135
632 212 619 212 631 213 619 213 290
631 220 616 220 629 221 614 221 139
628 231 611 230 629 233 607 231 40
634 269 605 269 633 273 603 273 57
631 304 593 303 631 311 590 309 79
629 328 583 327 629 339 578 339 63
633 331 585 331 633 343 581 343 65
637 110 632 109 635 109 630 108 139
637 122 631 121 635 121 629 120 135
640 127 633 127 637 127 630 127 113
641 147 634 147 639 147 632 147 253
637 171 630 171 635 171 628 171 115
638 252 615 252 637 255 618 255 94
640 272 610 272 639 277 608 277 151
640 278 609 278 639 283 607 283 151
636 289 601 289 635 295 598 295 43
639 292 604 292 639 299 601 299 55
635 301 597 301 635 309 594 309 54
639 298 603 298 639 305 600 305 42
639 303 601 303 639 311 598 311 55
637 315 594 315 637 325 591 325 74
635 341 583 341 635 355 579 355 60
647 130 641 129 645 129 638 129 293
643 135 638 135 641 135 636 135 109
647 135 642 135 645 135 640 135 167
643 159 637 159 641 159 635 158 120
647 155 641 154 645 155 639 154 202
647 161 642 162 645 161 640 162 130
645 173 639 173 643 173 637 173 558
649 183 639 183 645 183 637 183 767
642 201 627 201 641 201 625 201 248
647 197 631 197 645 197 627 197 302
644 216 629 216 643 217 627 216 84
644 224 629 224 643 225 627 225 52
642 256 618 256 641 259 616 259 85
645 260 620 260 645 263 618 263 103
645 269 613 268 645 273 616 272 91
645 274 615 274 645 279 613 279 62
649 107 645 107 649 107 645 107 209
653 113 648 113 651 113 646 113 147
651 115 646 115 649 115 644 115 246
651 122 645 121 649 121 643 120 412
649 131 645 131 649 131 645 131 200
653 135 648 135 651 135 646 135 142
651 139 646 139 649 139 644 138 201
653 161 648 161 651 161 646 161 162
653 171 648 171 651 171 646 170 289
649 175 644 175 647 175 642 175 278
653 173 648 173 651 173 646 173 308
648 201 633 201 647 201 631 203 263
652 197 637 197 651 197 635 197 194
655 212 638 212 651 213 634 213 122
648 214 633 214 647 215 631 215 69
648 220 633 220 647 221 632 221 78
649 238 630 238 649 239 630 238 14
648 242 629 241 647 243 627 243 113
649 273 620 272 649 277 617 277 151
649 287 615 287 649 293 613 293 88
648 332 600 332 649 345 597 345 60
646 336 596 336 647 349 593 349 67
655 117 650 117 653 117 648 116 233
657 134 652 133 655 133 650 133 129
655 143 650 143 653 143 648 143 183
659 162 654 161 657 161 652 161 150
659 177 654 177 657 177 652 177 285
658 185 647 184 657 185 644 185 277
654 199 639 199 653 199 637 199 152
658 212 642 212 657 213 641 213 78
653 233 635 233 653 237 635 235 19
658 239 637 239 655 241 636 241 19
653 256 633 256 655 259 632 259 67
657 271 627 271 657 275 626 275 76
653 286 620 286 653 291 618 291 88
656 296 620 296 657 303 618 303 71
664 111 662 109 663 109 660 109 91
664 121 661 121 663 121 660 121 123
660 123 656 123 661 125 655 123 262
660 129 656 129 659 129 655 129 257
665 135 660 135 663 135 658 135 94
663 135 658 135 661 135 656 135 229
661 168 652 167 659 169 650 167 343
663 175 658 175 661 175 656 175 247
662 189 646 189 661 189 644 189 220
662 199 645 199 661 199 645 199 81
663 197 647 197 663 197 647 197 64
660 202 645 202 659 203 644 203 55
664 203 648 202 663 203 645 203 42
660 210 644 210 659 211 643 211 87
664 214 648 214 663 215 647 215 40
661 243 641 243 661 245 641 245 37
659 258 635 258 659 261 633 261 103
661 263 634 263 661 267 633 267 61
663 265 635 265 663 269 634 269 102
659 267 631 267 659 271 630 271 82
658 274 632 274 659 279 629 279 100
661 278 630 278 661 283 629 283 89
671 102 667 101 669 101 665 101 64
669 153 665 153 667 153 663 153 170
671 167 667 167 669 167 665 167 239
670 183 655 183 669 183 654 183 258
668 201 652 201 667 201 651 201 22
666 222 652 222 665 223 651 223 40
665 239 645 239 665 241 646 241 19
668 274 638 274 669 279 638 279 86
666 296 629 296 667 303 629 303 41
668 299 630 300 669 307 629 307 49
673 103 669 103 671 103 667 102 202
675 153 671 153 673 153 669 153 40
677 163 673 163 675 163 671 163 90
677 171 673 171 675 171 671 171 162
673 208 658 208 673 209 657 209 48
671 212 651 211 671 213 655 213 67
673 244 652 244 671 245 650 245 33
674 274 644 274 675 279 644 279 111
670 271 642 270 671 275 640 275 77
672 276 642 276 673 281 641 281 114
670 282 638 281 671 287 637 287 117
672 292 636 293 673 299 636 299 46
669 303 631 304 671 311 630 311 46
673 315 646 313 675 325 647 325 63
668 329 644 329 671 341 644 341 86
683 99 680 97 681 99 678 97 83
683 119 677 119 679 119 675 118 105
681 123 677 123 679 123 675 123 130
681 131 677 131 679 131 675 131 45
681 147 677 147 679 145 675 145 259
677 159 674 159 677 159 671 160 105
681 169 677 167 679 167 675 167 121
682 179 670 179 681 179 669 179 414
681 195 670 194 681 195 667 194 332
677 197 663 197 679 197 661 197 127
681 203 666 202 681 203 665 203 168
678 212 662 212 677 213 661 213 51
677 230 660 230 677 231 661 231 31
681 241 660 241 681 243 660 243 29
678 240 655 237 677 241 657 241 21
678 256 654 256 679 259 654 259 80
681 260 656 260 681 263 653 262 87
679 270 650 270 681 275 650 275 65
678 278 647 278 677 283 645 283 89
678 276 647 276 679 281 647 281 78
677 296 641 296 679 303 640 303 35
677 301 639 301 679 309 638 309 32
676 319 651 320 679 329 651 331 78
689 148 685 147 687 147 683 146 41
685 143 681 143 683 143 679 143 41
685 151 681 151 683 151 679 151 40
689 158 684 157 687 157 682 156 38
685 165 681 165 683 165 679 165 40
689 167 685 167 687 167 683 167 59
683 205 668 204 683 205 667 205 117
685 209 670 208 685 209 669 209 61
686 226 671 226 685 227 669 227 35
683 239 662 239 683 241 662 241 17
684 252 661 252 685 255 661 255 115
686 249 665 249 687 251 664 251 78
682 252 659 252 683 255 659 255 73
682 293 645 292 683 299 645 299 30
681 298 645 298 683 305 644 305 43
691 129 687 129 689 129 685 128 53
693 135 688 135 691 135 686 135 59
694 145 690 145 693 145 689 145 54
692 155 688 155 691 155 687 155 112
694 159 690 159 693 159 688 159 47
694 163 690 163 693 163 689 163 74
690 183 682 183 689 183 680 182 389
694 179 689 179 693 179 688 179 455
694 185 687 185 693 185 685 185 371
691 211 677 210 691 211 676 211 122
689 216 674 216 689 217 673 217 43
693 224 678 224 693 225 678 225 37
692 247 671 246 693 249 671 248 71
692 252 669 252 693 255 669 255 161
687 276 657 276 689 281 657 281 64
689 284 656 284 691 289 656 289 48
687 282 655 282 689 287 657 286 75
698 113 695 113 697 113 692 112 89
701 121 697 121 699 121 694 121 97
697 133 692 133 695 133 690 133 121
698 157 694 157 697 157 693 157 88
699 163 694 163 697 163 693 163 64
698 181 693 181 697 181 692 181 279
700 199 692 198 699 199 691 198 173
695 212 682 212 695 213 682 213 55
698 237 679 237 699 239 676 237 12
694 256 669 256 695 259 669 259 178
697 271 669 271 699 275 669 275 92
694 285 661 286 697 291 662 291 48
693 282 660 281 695 287 661 287 67
692 287 659 288 695 293 660 293 52
705 106 701 105 703 105 699 105 249
703 102 701 101 703 101 700 100 154
702 117 698 117 701 117 696 116 129
707 125 703 125 705 125 701 125 176
701 137 697 137 701 137 696 135 233
704 171 699 171 703 171 698 171 153
706 179 701 179 705 179 700 179 291
704 195 695 195 703 195 694 195 232
706 199 697 199 705 199 696 199 134
703 250 677 249 705 253 681 253 94
703 256 679 256 705 259 679 259 182
699 258 674 257 701 261 675 261 216
699 267 671 267 701 271 671 270 143
702 265 675 265 705 269 677 269 157
701 275 671 274 703 279 672 279 82
700 289 666 289 703 295 667 295 49
702 293 667 293 705 299 668 299 61
710 140 701 139 709 139 706 139 196
712 154 705 154 711 153 704 153 119
708 189 697 189 707 189 697 189 347
707 217 695 217 709 217 697 217 51
710 250 686 250 711 253 686 253 98
705 258 680 258 707 261 681 261 141
706 263 680 263 709 267 681 267 193
717 107 713 107 715 107 712 106 88
714 128 706 128 713 127 705 127 285
716 150 709 150 715 149 707 149 85
717 157 710 156 715 157 709 156 90
716 156 709 156 715 155 708 155 101
718 173 710 175 717 173 709 175 149
715 207 703 206 715 207 702 206 56
711 224 695 224 713 225 695 225 30
713 250 690 250 715 253 690 253 71
715 254 691 254 717 257 691 257 74
711 256 686 256 713 259 687 259 183
714 280 682 280 717 285 684 285 110
711 285 678 285 715 291 680 291 111
713 294 677 294 717 301 679 301 122
711 298 674 298 715 305 676 305 81
713 300 676 300 717 307 678 307 74
712 317 677 315 717 327 682 329 77
708 319 674 319 713 329 675 331 79
725 95 721 95 723 95 719 94 92
724 130 716 130 723 129 715 129 183
724 176 714 176 723 175 713 175 136
720 177 711 177 719 177 710 176 194
721 199 709 199 723 199 709 199 47
721 239 699 238 723 241 703 241 22
717 247 695 247 719 249 696 249 46
715 296 679 296 719 303 681 303 133
715 322 681 323 721 333 684 331 73
729 96 725 95 727 95 723 95 225
729 135 722 135 729 135 721 134 64
726 140 717 140 725 139 717 139 68
727 189 715 188 727 189 715 191 25
727 195 715 195 727 195 715 195 18
727 250 701 250 727 253 701 253 51
722 269 693 269 725 273 695 273 150
722 300 685 300 727 307 689 307 128
736 92 721 92 735 91 720 91 280
736 98 722 98 735 97 720 97 373
734 115 729 114 733 115 731 116 228
734 134 726 133 733 133 726 132 112
736 138 728 138 735 137 727 137 49
733 168 719 168 733 167 719 165 41
731 185 720 185 731 185 720 185 23
734 220 721 221 735 221 721 222 21
734 230 715 229 735 231 716 231 17
730 241 705 238 731 241 710 241 24
729 245 707 245 731 247 707 246 39
734 248 711 248 735 251 709 251 49
728 255 703 255 731 257 705 257 63
728 267 699 267 731 271 701 271 154
727 284 695 284 731 289 697 289 155
730 300 692 300 735 307 695 307 124
739 127 731 126 739 123 730 125 478
738 136 730 136 737 135 730 135 42
741 156 725 156 741 155 725 155 23
739 160 724 159 739 159 723 158 20
740 192 727 192 741 191 727 191 10
738 210 720 210 739 211 721 211 27
736 244 711 243 741 247 718 247 35
738 256 712 256 741 259 715 259 61
736 254 711 254 739 257 713 257 62
734 289 700 289 739 295 703 295 198
733 294 697 294 739 301 701 301 223
745 94 729 93 743 93 727 92 572
747 138 738 138 747 137 738 137 98
744 145 735 143 743 145 735 144 26
747 149 738 149 747 149 738 147 23
744 195 730 194 745 195 731 194 15
741 213 724 212 743 213 725 213 27
743 216 726 217 745 217 727 217 18
742 234 722 233 743 235 725 235 13
743 252 719 252 747 255 722 255 48
739 267 710 267 743 271 713 271 80
743 265 716 265 747 269 717 269 35
741 273 710 273 745 277 714 277 165
744 287 709 286 747 291 713 293 319
739 288 704 287 743 293 709 295 202
741 290 705 289 745 295 711 297 295
737 296 701 296 743 303 705 303 287
739 294 704 294 745 301 708 301 251
739 349 697 350 747 363 713 362 94
753 144 744 145 753 143 744 144 73
748 161 735 161 749 161 735 160 19
748 181 733 181 749 181 734 180 14
747 201 728 201 751 203 730 201 28
751 208 736 209 753 209 736 209 30
749 231 728 231 751 233 734 233 15
746 255 720 256 751 259 723 259 50
745 271 715 271 749 275 718 275 69
744 274 714 275 749 279 716 279 149
748 282 715 282 753 287 718 287 228
743 323 714 323 751 333 720 333 148
758 106 755 106 757 105 753 105 482
757 151 747 151 759 151 746 152 54
756 191 734 189 757 191 736 191 13
757 199 736 198 759 199 738 198 21
756 210 736 210 759 211 739 211 23
757 230 738 230 759 231 740 231 31
755 254 729 254 759 257 733 257 51
752 263 724 263 757 267 728 267 54
755 260 728 260 759 263 731 263 43
754 265 726 265 759 269 730 269 34
749 272 718 271 755 277 723 277 71
754 271 722 269 759 275 724 273 40
751 276 720 276 757 281 724 281 167
766 90 756 89 765 87 755 86 99
763 107 757 108 761 107 757 106 571
761 197 741 197 763 197 742 196 13
759 222 741 219 761 223 741 225 22
761 235 741 235 763 237 743 236 19
759 241 737 240 763 243 739 242 32
758 267 729 267 763 271 733 271 35
757 285 723 285 763 291 727 291 190
759 291 723 291 765 297 728 297 166
767 65 757 65 767 63 757 62 328
767 72 757 73 767 69 757 71 292
764 200 744 200 767 201 747 201 15
766 229 746 228 769 231 748 230 21
765 234 744 234 767 235 746 235 20
769 236 748 236 771 237 749 237 24
762 237 742 237 767 239 747 239 23
764 265 736 265 769 269 739 269 34
764 285 731 286 771 291 735 291 56
761 293 724 293 767 299 727 298 205
772 64 761 65 773 63 761 62 266
777 70 765 69 777 65 765 64 146
772 72 761 71 773 69 761 69 276
773 196 751 195 777 197 756 198 10
772 229 751 229 775 231 753 231 13
770 242 747 242 773 245 749 244 62
772 250 748 250 777 253 751 253 62
770 274 739 274 777 279 744 279 41
769 272 738 273 775 277 743 277 46
766 276 735 276 773 281 739 281 38
764 312 739 311 773 321 745 319 882
778 148 767 145 779 147 767 146 60
777 230 756 231 781 231 759 231 13
777 235 757 236 781 237 760 237 16
778 248 754 248 783 251 756 250 65
774 258 747 258 779 261 751 261 109
773 265 744 265 779 269 748 269 41
777 269 747 269 783 273 751 272 42
774 282 740 282 781 287 745 287 52
774 287 739 287 781 293 744 293 48
787 62 773 62 789 59 775 58 63
786 141 773 141 787 137 774 138 83
784 148 771 147 785 147 772 146 85
781 175 762 174 785 175 764 175 81
786 200 764 200 789 201 768 200 5
785 247 761 246 789 249 764 248 89
779 291 743 291 787 297 749 297 43
791 53 778 55 795 51 779 51 39
793 62 780 61 795 59 781 58 60
793 81 779 83 795 79 781 81 122
793 95 779 94 795 93 780 92 36
791 100 777 100 791 99 778 98 43
790 113 781 112 791 113 787 111 60
790 130 774 130 791 129 776 129 116
792 134 778 134 793 133 779 133 81
788 178 771 178 791 177 771 178 54
788 191 767 191 793 193 769 191 9
791 235 770 234 795 237 773 237 7
787 261 759 262 793 265 763 265 108
788 273 756 272 795 277 762 277 37
780 322 751 321 791 333 759 331 863
797 135 784 134 799 133 785 133 81
797 144 783 146 799 143 785 144 51
795 193 773 195 799 195 777 195 9
797 190 777 190 801 191 780 190 8
797 214 775 217 801 217 780 215 5
795 227 777 226 799 229 780 228 8
792 240 770 241 797 243 774 243 13
791 254 765 254 797 257 770 257 57
791 260 764 260 797 263 769 263 83
792 269 761 269 799 273 767 273 78
792 274 760 274 799 279 766 279 38
791 282 757 282 799 287 763 287 37
790 294 753 294 799 301 759 301 43
804 129 788 128 807 127 791 126 84
801 138 787 138 803 137 789 136 118
805 140 790 140 807 139 792 139 74
799 173 778 173 803 173 781 173 82
801 191 782 191 807 191 791 190 16
799 235 777 235 803 237 779 236 7
799 231 780 231 805 233 783 233 6
801 247 778 246 807 249 782 249 26
797 262 769 262 803 265 774 265 75
798 271 767 271 805 275 773 275 91
795 274 764 274 805 279 775 279 61
799 278 766 278 807 283 772 283 52
798 285 763 285 807 291 770 291 34
796 298 758 298 807 305 766 305 77
792 313 750 314 803 323 757 323 201
793 341 742 341 807 355 752 355 104
810 115 797 115 813 115 797 113 27
810 133 795 132 813 131 795 131 59
806 178 786 176 811 177 790 176 60
805 235 786 235 811 237 787 238 12
804 249 779 249 811 251 785 250 50
807 264 776 263 813 267 783 267 64
804 289 767 289 813 295 774 295 67
802 291 765 290 811 297 772 297 51
799 319 755 319 811 329 763 329 196
814 119 798 119 817 117 801 116 41
814 225 793 225 819 227 798 227 7
815 233 793 233 819 235 797 235 6
813 262 785 262 819 265 789 265 74
807 273 775 272 815 277 781 276 73
808 283 773 284 817 289 781 288 44
805 296 767 296 815 303 775 303 52
805 292 768 292 815 299 775 299 65
809 298 770 298 819 305 778 305 76
803 310 761 310 815 319 770 319 65
807 314 764 314 819 323 773 323 79
806 320 762 320 819 329 772 329 106
818 117 802 116 821 115 805 114 32
818 123 803 122 821 121 805 120 43
821 127 805 126 825 125 806 125 59
820 136 804 136 823 135 806 135 79
819 176 800 176 823 175 805 175 62
819 224 798 223 823 225 801 223 8
818 248 793 248 825 251 799 250 15
817 263 787 263 825 267 794 267 61
816 269 786 269 825 273 793 273 55
815 276 783 276 825 281 791 281 79
811 287 775 287 821 293 783 293 64
812 312 770 312 825 321 778 320 48
808 338 757 337 823 351 769 351 200
806 341 756 342 821 355 766 355 217
823 135 807 134 827 133 810 133 58
822 220 802 220 827 221 803 220 11
823 226 803 225 829 227 807 226 14
821 239 799 239 827 241 802 240 7
820 252 795 252 827 255 800 255 22
820 289 784 289 831 295 792 295 46
818 287 783 287 829 293 791 293 100
820 296 781 296 831 303 790 303 70
817 292 781 292 829 299 790 299 103
816 314 773 314 829 323 782 323 50
829 148 812 145 833 147 815 146 59
830 196 809 195 837 197 815 197 6
827 204 808 204 833 205 812 205 11
828 207 807 207 833 209 812 207 6
827 247 802 247 835 251 807 249 10
833 252 806 252 837 255 810 254 15
827 263 798 264 835 267 804 266 92
824 271 793 271 833 275 800 275 70
825 296 786 296 837 303 796 303 65
824 307 783 307 837 315 793 315 43
823 315 779 315 837 325 790 325 44
819 319 774 319 833 329 785 329 48
823 322 777 323 837 333 787 333 55
836 117 819 118 841 117 820 115 45
835 137 818 136 839 135 821 134 31
835 147 818 146 839 145 821 145 71
833 254 804 254 839 257 810 257 18
834 265 804 265 843 269 811 269 38
832 287 796 287 843 293 805 294 58
826 305 785 305 839 313 795 313 46
827 331 782 329 843 343 794 341 125
842 149 827 146 849 145 830 145 40
844 205 821 205 849 207 826 205 6
843 233 820 232 849 235 826 234 8
841 239 817 239 847 241 824 240 8
841 249 815 249 849 251 822 251 14
838 262 809 262 847 265 817 265 27
834 270 803 270 845 275 810 274 70
834 281 799 281 845 287 808 287 64
836 300 796 299 849 307 807 307 46
833 313 788 314 847 323 800 323 56
832 341 780 341 849 355 793 355 111
849 135 831 134 855 133 835 132 42
846 151 828 152 851 149 832 150 26
843 258 814 257 851 261 822 261 11
846 261 817 261 855 265 824 265 11
842 274 809 274 853 279 818 279 90
837 305 796 305 851 313 807 314 43
835 322 789 322 851 333 801 333 47
837 326 789 326 853 337 802 337 55
834 329 786 329 851 341 799 341 34
854 192 833 191 861 191 839 190 7
851 216 830 217 857 217 835 217 8
853 235 834 236 859 237 834 236 11
848 258 819 258 857 261 827 261 11
852 256 825 254 861 259 831 259 15
846 270 815 271 857 275 823 274 37
849 283 814 283 861 289 824 289 86
846 290 809 291 859 297 819 297 93
845 301 804 301 859 309 816 309 60
843 307 801 307 857 315 812 315 38
844 310 801 310 859 319 813 319 60
844 327 796 327 861 339 809 339 52
840 336 790 337 857 349 803 349 62
853 140 837 139 863 137 841 137 34
857 177 835 179 863 177 840 178 8
858 182 838 182 865 183 843 182 7
862 184 840 185 867 185 845 185 23
859 225 838 226 865 227 844 227 11
857 254 830 254 867 257 837 257 13
855 267 824 267 865 271 832 271 20
855 274 822 274 867 279 832 279 34
854 280 819 280 865 285 829 285 89
852 301 811 301 867 309 824 309 54
848 321 801 320 865 331 813 330 66
850 324 803 324 867 335 816 335 63
846 327 797 327 863 339 812 340 60
845 331 796 331 863 343 810 343 41
846 338 795 338 865 351 802 352 94
846 341 794 341 865 355 809 355 47
866 137 846 137 873 135 851 135 46
859 143 842 143 869 141 849 139 40
865 181 847 182 873 183 852 183 45
866 198 845 197 873 197 851 197 22
863 201 842 201 869 203 847 203 11
862 243 837 245 871 247 845 246 7
859 264 829 264 869 267 837 266 20
863 260 833 260 873 263 842 263 14
857 272 825 272 869 277 835 277 59
855 325 808 326 873 337 822 337 72
870 137 849 137 877 135 856 134 59
872 137 852 136 879 135 858 134 70
868 145 847 146 875 145 853 145 102
870 156 849 157 877 157 855 155 52
872 167 851 167 879 167 857 166 61
868 201 847 200 875 201 853 201 40
871 226 849 227 875 229 854 228 12
870 240 847 240 877 243 853 242 8
866 263 837 262 877 267 845 266 10
866 267 834 267 877 271 844 271 11
864 300 824 300 879 307 836 307 104
858 315 813 315 875 325 826 325 45
861 324 814 324 879 335 828 335 71
858 329 809 329 877 341 823 341 40
857 334 806 333 877 347 822 347 41
858 341 805 341 879 355 821 355 50
857 339 805 339 877 353 821 353 43
876 166 855 166 883 165 862 163 69
878 178 857 179 885 179 863 178 94
876 185 854 185 883 185 861 185 44
874 218 853 218 881 219 859 219 53
878 222 856 222 885 223 863 223 34
878 228 857 228 885 229 863 230 26
876 232 855 232 883 233 861 233 11
871 258 841 258 881 261 850 261 18
873 269 841 269 885 273 851 273 22
870 273 837 273 881 279 845 279 48
872 281 836 282 885 287 848 287 67
875 288 835 287 885 293 846 293 80
870 290 832 290 885 297 845 297 69
869 291 832 291 883 297 843 297 61
867 294 829 294 881 301 841 301 103
867 306 824 306 883 315 837 315 64
869 303 827 303 885 311 840 311 70
868 310 824 310 885 319 838 319 59
865 315 823 315 881 325 837 325 148
862 332 812 332 881 345 827 345 54
885 127 861 126 889 125 867 124 177
880 135 856 135 887 133 862 133 76
882 159 861 158 889 159 867 158 69
884 232 862 232 891 233 869 233 25
877 263 847 263 889 267 857 267 11
876 259 847 258 887 263 855 262 11
877 282 838 284 889 289 850 290 51
875 288 840 289 891 295 851 295 57
871 311 827 312 889 321 841 321 82
872 322 825 322 891 333 840 333 93
869 327 821 327 889 339 837 339 44
868 336 817 336 889 349 833 349 51
870 334 820 334 891 347 833 346 42
868 342 815 342 889 357 831 357 85
870 339 818 339 891 353 834 353 89
869 346 814 346 891 361 832 361 101
891 142 868 142 897 141 873 141 64
886 149 863 148 893 147 871 147 137
887 159 866 159 895 159 873 157 71
886 222 864 222 893 223 871 223 32
886 233 867 234 895 235 873 235 16
886 256 857 256 897 259 867 259 11
883 266 850 267 895 271 861 270 11
881 271 848 270 893 275 858 275 17
877 294 839 294 893 301 852 301 120
876 304 834 305 893 313 847 313 95
880 303 839 303 897 311 853 311 101
880 308 837 308 897 317 851 317 45
873 329 824 329 893 341 840 341 69
893 129 870 129 901 127 875 127 76
887 281 852 281 901 287 865 286 50
883 296 843 296 899 303 857 303 121
882 308 839 308 899 317 853 317 81
882 315 837 315 901 325 852 325 46
882 319 835 319 901 329 851 329 60
882 326 834 326 903 337 850 337 60
877 351 821 349 899 363 839 363 262
897 142 875 140 907 139 882 140 50
896 147 875 147 905 145 880 145 64
901 185 878 187 909 183 886 182 9
893 274 859 274 907 279 871 279 15
891 278 856 278 905 283 868 283 13
893 279 858 279 907 285 870 285 20
889 294 850 294 905 301 863 301 97
888 303 846 303 905 311 860 311 118
889 308 847 309 907 317 862 318 103
885 338 832 337 907 351 850 351 64
887 336 834 335 909 349 852 349 60
886 339 834 339 909 353 852 353 152
907 131 880 131 913 129 885 129 61
905 149 879 151 913 147 890 147 43
903 162 885 161 911 161 888 160 38
904 172 881 174 913 171 889 170 14
902 206 879 207 911 207 887 207 11
902 212 879 211 911 213 887 212 12
900 269 866 269 915 273 879 273 13
897 273 863 273 911 277 875 277 16
898 285 860 285 913 291 874 291 52
895 288 857 289 911 295 871 295 69
891 330 841 331 913 343 858 343 94
888 337 836 338 911 351 854 351 65
909 127 884 127 917 125 883 126 110
910 131 883 131 917 129 889 129 63
910 141 887 141 921 139 892 139 46
909 159 887 161 919 159 896 159 50
911 156 890 155 919 155 898 153 82
907 205 887 208 917 207 893 206 9
908 212 885 211 917 213 893 213 11
902 230 879 232 917 233 887 233 10
909 239 885 239 919 241 900 243 13
907 273 872 273 921 279 883 278 19
906 271 871 271 919 277 883 275 13
902 282 868 282 921 287 883 286 23
904 298 864 299 919 305 875 305 73
900 303 858 303 919 311 874 311 84
898 307 855 306 917 315 871 315 78
895 329 844 329 917 341 863 341 52
897 339 844 339 921 353 863 353 81
896 346 842 346 921 361 861 361 63
892 348 836 347 917 363 856 363 175
921 129 892 129 927 127 898 127 87
921 132 889 133 925 131 898 131 67
915 138 890 139 923 137 897 137 52
913 145 887 145 923 143 894 143 72
915 149 892 151 925 147 900 148 76
913 230 888 230 925 233 896 232 24
911 233 891 235 925 237 903 236 21
913 267 880 267 927 271 892 271 9
909 283 872 283 925 289 886 289 13
907 296 867 296 925 303 882 303 70
905 299 863 299 923 307 879 307 94
907 306 865 307 927 315 881 315 140
906 313 860 313 927 323 878 323 143
903 316 857 316 925 327 875 327 62
905 325 855 325 927 337 874 337 50
902 329 851 329 925 341 870 341 56
902 331 851 331 925 343 869 343 54
902 334 851 334 927 347 870 347 51
922 179 897 182 933 179 907 179 31
917 247 890 247 929 249 900 247 11
914 278 879 278 931 283 892 284 18
912 287 874 287 929 293 889 293 26
911 302 869 302 931 311 886 311 69
911 319 864 319 933 329 882 329 87
908 348 852 348 933 363 873 363 168
929 227 904 226 939 229 913 229 36
925 230 900 230 935 231 909 231 57
923 241 899 241 935 243 909 243 15
928 237 903 237 939 239 913 239 22
918 283 881 283 935 289 895 289 15
920 281 883 281 937 287 897 287 9
920 291 882 291 939 297 898 297 19
920 286 882 287 937 293 897 293 13
920 299 879 299 939 307 895 307 102
916 308 871 308 937 317 889 317 115
913 315 866 314 935 325 885 325 100
912 320 865 320 935 331 883 331 44
913 331 863 331 937 343 882 343 78
936 127 905 127 941 125 911 125 71
932 233 907 233 945 235 919 235 39
934 243 908 243 945 245 919 245 21
919 315 872 315 941 325 891 325 68
918 320 871 320 941 331 889 331 88
916 333 864 333 941 347 884 347 99
917 334 866 333 943 347 886 347 118
914 347 858 347 941 363 880 363 138
917 52 852 51 949 37 875 37 57
935 195 910 195 947 195 920 193 52
937 229 911 229 949 231 922 231 43
937 239 911 237 949 241 922 239 26
939 241 913 240 951 243 924 243 34
934 272 899 272 951 277 914 277 15
933 270 899 269 951 275 913 275 10
929 279 894 280 949 285 909 284 12
931 284 894 283 949 291 909 291 10
929 302 887 301 949 309 904 309 79
927 312 881 312 949 321 900 321 88
941 234 916 233 953 235 926 235 55
943 231 917 231 955 233 928 233 44
939 277 902 278 957 283 918 283 12
934 279 897 279 955 287 916 287 23
938 285 905 285 957 291 921 290 25
933 308 887 307 955 317 907 317 66
934 314 887 313 957 323 907 323 55
927 330 877 330 953 343 898 343 113
927 336 874 336 953 349 896 350 118
930 334 879 335 957 347 900 347 313
929 348 872 348 957 363 895 363 176
940 305 897 305 963 313 916 314 69
939 310 893 310 961 319 912 319 49
937 315 890 315 961 325 911 325 138
934 323 885 323 959 335 905 335 203
934 333 882 333 961 345 905 345 121
937 338 883 338 963 353 904 353 158
934 58 867 57 969 43 894 42 132
931 68 865 69 965 55 892 55 90
933 123 904 123 965 117 932 117 115
933 127 903 127 965 121 932 121 69
946 277 910 277 965 283 926 282 27
948 290 915 288 969 297 926 297 61
946 295 905 295 967 303 923 303 17
943 294 902 295 965 301 921 301 17
944 311 898 311 969 321 919 321 92
944 317 896 316 969 327 918 327 118
938 327 888 326 965 339 910 339 143
941 330 889 331 967 343 912 343 144
941 102 879 102 973 93 906 93 103
942 125 912 125 975 119 942 119 140
946 327 895 328 973 339 918 339 141
942 338 889 338 971 353 912 353 158
942 115 877 117 977 107 905 107 149
955 316 907 316 981 327 929 327 133
951 326 902 326 981 337 923 338 96
949 338 892 339 977 353 917 353 158
951 343 896 343 981 357 921 357 98
948 347 890 347 979 363 916 363 185
954 80 894 80 987 69 921 68 150
967 211 941 209 983 209 953 211 12
970 212 941 211 985 213 955 211 11
972 216 945 216 987 217 958 217 11
968 215 940 214 983 215 953 215 14
970 218 943 219 985 219 956 219 12
956 320 907 320 983 331 930 331 153
960 318 911 318 987 329 934 329 132
959 324 910 324 987 335 934 335 92
977 218 949 218 991 219 962 219 14
976 213 948 215 991 215 962 215 13
963 329 912 330 991 343 933 345 118
962 342 906 343 993 357 932 357 83
955 339 900 339 989 353 929 353 69
968 294 921 296 997 303 943 304 32
962 337 907 337 999 351 941 351 93
977 254 928 253 1005 259 953 259 92
975 283 926 283 1003 291 951 289 56
976 312 928 311 1003 321 952 321 32
968 344 912 344 1001 359 939 359 93
981 235 933 235 1009 239 957 239 40
982 292 932 292 1011 301 958 301 38
980 316 932 316 1009 327 956 327 12
987 245 938 245 1017 249 964 249 87
984 248 935 248 1013 253 960 253 95
985 295 936 295 1013 305 961 304 19
979 341 925 341 1013 355 952 356 96
989 231 939 231 1019 235 965 235 81
991 242 942 243 1021 247 967 247 81
991 248 941 249 1021 253 967 253 55
993 272 943 272 1023 279 969 279 25
989 274 939 274 1019 281 965 281 75
993 283 943 283 1023 291 969 291 17
990 280 940 280 1021 287 966 288 23
988 282 938 282 1019 289 964 290 27
993 285 943 285 1023 293 969 293 43
992 296 942 296 1021 305 968 305 23
985 335 932 335 1019 349 960 349 38
987 335 933 335 1021 349 962 349 33
989 339 935 339 1023 353 963 353 67
987 341 931 341 1021 355 960 356 113
985 347 927 347 1021 363 957 363 194
1000 245 951 245 1029 249 975 249 82
997 268 947 268 1027 275 974 275 24
996 274 946 274 1027 281 973 281 32
993 304 944 304 1025 315 970 314 13
1000 305 947 302 1029 313 975 313 21
999 309 950 309 1029 319 976 320 17
1007 131 959 133 1035 127 985 125 338
1001 138 957 139 1033 133 982 135 359
1001 241 949 240 1031 245 977 245 130
1003 264 954 264 1033 271 977 272 23
999 297 949 296 1031 305 976 304 15
1004 310 955 311 1035 321 980 319 13
1002 323 950 323 1035 335 979 335 39
1001 333 945 333 1035 347 974 347 63
997 333 943 333 1031 347 972 347 46
997 343 936 344 1033 359 970 359 224
1007 274 956 274 1039 281 984 281 10
1009 298 960 299 1039 307 986 308 13
1009 295 956 295 1039 305 984 304 14
1002 337 946 337 1037 351 976 351 123
1006 335 950 335 1041 349 980 349 75
1006 341 950 341 1041 355 981 356 136
1000 347 942 347 1037 363 973 363 241
1014 141 967 139 1043 137 994 136 223
1014 151 967 151 1043 145 995 144 193
1011 270 962 270 1043 277 989 277 16
1015 295 963 294 1047 303 993 304 12
1008 337 952 337 1043 351 982 351 127
1010 106 967 107 1051 97 1002 99 185
1023 133 972 137 1051 131 999 133 109
1020 150 969 150 1049 147 999 146 211
1020 299 970 301 1053 311 998 309 9
1021 311 972 312 1053 321 999 322 12
1019 313 971 312 1051 323 998 323 10
1024 121 975 120 1057 115 1003 114 96
1025 244 975 244 1059 249 1005 249 225
1023 320 970 320 1055 331 1000 331 14
1031 114 983 113 1065 107 1011 107 136
1032 117 983 117 1065 111 1011 111 73
1030 125 981 125 1063 121 1009 119 83
1033 136 981 134 1065 131 1015 130 106
1030 322 978 321 1065 333 1009 333 21
1023 347 964 347 1063 363 998 363 229
1033 112 985 111 1067 105 1013 105 141
1033 122 980 124 1069 115 1015 115 185
1043 237 991 239 1077 241 1024 241 329
1042 246 991 246 1077 251 1022 251 130
1032 347 972 347 1073 363 1006 363 110
1031 343 971 343 1073 359 1006 359 83
1044 139 995 138 1079 135 1025 134 59
1048 161 999 161 1081 159 1029 158 132
1046 219 998 219 1079 221 1027 221 123
1048 239 999 239 1083 243 1029 243 147
1046 243 996 243 1081 247 1027 247 221
1048 245 997 244 1083 249 1029 249 154
1041 345 982 346 1083 361 1018 362 66
1050 117 1001 116 1085 111 1032 109 98
1051 121 1001 121 1085 115 1032 115 89
1051 129 1002 129 1085 125 1032 124 109
1051 141 1001 141 1087 137 1032 136 160
1052 154 1001 155 1087 151 1033 151 83
1054 225 1006 225 1089 227 1036 228 77
1054 231 1003 232 1087 235 1034 235 73
1043 341 985 342 1085 357 1020 357 48
1044 347 985 347 1087 363 1022 363 54
1056 119 1007 119 1091 113 1038 112 84
1054 143 1005 142 1091 139 1036 138 87
1060 154 1012 154 1095 151 1043 150 76
1058 152 1010 151 1093 149 1040 148 82
1056 220 1007 220 1091 223 1038 223 57
1058 230 1008 230 1093 233 1040 233 47
1050 346 990 346 1095 363 1028 363 44
1066 114 1015 115 1101 109 1048 107 62
1064 128 1016 128 1099 123 1048 123 100
1062 149 1010 148 1099 145 1043 144 250
1067 234 1014 235 1099 239 1047 240 33
1065 120 1021 122 1103 115 1053 113 195
1069 139 1019 139 1105 135 1051 134 128
1071 213 1021 213 1107 215 1052 216 29
1073 217 1025 216 1107 221 1052 222 83
1072 128 1027 129 1109 123 1067 123 161
1075 125 1027 125 1113 119 1058 120 80
1074 149 1024 149 1111 145 1058 144 58
1073 224 1023 224 1109 227 1055 227 65
1072 234 1022 233 1109 237 1055 237 48
1083 109 1030 108 1119 101 1063 101 62
1080 117 1029 117 1119 111 1063 110 57
1080 123 1030 123 1119 117 1065 117 85
1077 119 1026 119 1115 113 1060 113 73
1079 242 1030 241 1115 245 1062 243 64
1084 121 1034 121 1123 115 1068 115 69
1085 139 1035 138 1121 133 1072 133 61
1084 211 1032 211 1123 213 1071 214 44
1083 235 1033 235 1121 239 1065 239 42
1086 208 1035 208 1127 209 1064 207 84
1087 212 1038 212 1129 215 1074 215 59
1089 219 1038 219 1129 221 1074 221 60
1093 127 1049 127 1133 121 1085 121 32
1107 207 1057 207 1149 211 1092 211 22
1104 213 1052 213 1145 215 1089 214 35
1105 215 1053 215 1147 217 1091 217 22
1119 310 1051 307 1179 325 1100 325 10
1120 315 1050 316 1179 331 1101 331 5
1121 329 1047 329 1179 345 1099 347 11
1122 316 1052 318 1183 333 1105 333 6
1127 315 1059 316 1189 331 1112 332 10
1123 322 1054 323 1187 339 1108 339 9
1128 318 1060 319 1193 337 1114 336 12
