71 127 47 127 43 123 18 123 181
69 138 45 138 41 137 15 138 155
71 151 47 152 43 149 17 149 74
73 157 49 158 45 157 20 158 162
73 167 49 167 45 165 20 165 398
71 171 47 174 43 173 17 171 117
71 204 47 204 43 205 17 205 108
70 221 46 221 43 223 18 223 85
71 227 45 227 43 229 18 228 72
73 246 48 245 45 249 20 249 60
73 250 48 249 45 253 19 252 94
73 265 49 264 45 269 19 268 108
72 53 44 53 51 47 22 47 221
78 221 54 220 51 223 25 222 98
76 225 52 225 49 227 23 226 164
81 25 54 25 57 17 25 16 236
80 50 57 51 55 43 31 44 105
78 63 50 63 55 57 26 57 68
76 63 48 63 53 57 24 57 70
79 136 53 136 53 133 25 133 144
83 138 59 138 55 135 39 135 313
80 147 58 147 57 145 31 145 110
79 156 56 155 53 153 29 154 181
79 151 56 151 55 149 30 149 97
79 173 56 173 53 173 29 172 144
82 219 58 219 55 221 30 221 99
84 232 59 231 57 235 31 233 78
84 241 59 240 57 243 31 242 94
84 257 59 255 57 261 32 260 98
80 261 55 260 53 265 27 264 144
86 65 59 65 63 59 35 59 77
89 139 65 140 63 137 39 137 196
84 151 62 151 59 149 35 149 66
84 162 61 162 59 161 35 161 115
90 187 66 187 63 187 38 187 52
89 221 63 220 63 223 36 222 28
87 225 64 225 61 227 35 226 53
85 265 56 265 59 269 28 269 182
92 36 69 36 67 27 43 28 119
92 61 64 60 69 55 42 55 98
94 138 71 138 69 135 45 135 158
94 149 71 149 69 147 46 147 79
92 151 69 151 67 149 43 149 92
94 155 71 155 69 153 45 153 113
92 168 69 168 67 167 43 167 72
99 64 71 63 73 57 45 57 69
96 67 70 67 73 61 45 61 56
98 73 73 73 75 67 48 67 62
99 126 75 126 75 123 52 123 126
98 128 74 128 73 125 50 125 134
100 133 77 134 75 131 53 129 127
96 155 73 155 71 153 47 153 78
100 246 77 245 75 249 51 248 194
98 250 74 250 73 253 49 252 168
103 277 75 276 73 283 44 282 85
105 277 77 276 75 283 46 282 74
103 281 71 280 71 287 37 286 108
104 69 79 69 81 63 54 63 101
105 240 83 241 81 243 57 242 167
108 274 80 272 79 279 50 278 80
106 65 78 65 83 59 51 57 161
110 187 88 187 87 187 64 187 54
110 193 88 193 87 193 64 193 50
112 225 90 224 87 227 64 226 60
107 229 84 229 83 231 59 231 89
114 254 91 253 91 257 67 256 265
121 283 92 282 91 289 61 288 91
142 339 91 338 89 357 32 356 100
154 333 104 332 101 351 45 350 78
137 253 110 252 109 257 80 256 173
138 275 109 275 109 281 80 280 64
159 335 109 334 107 353 52 352 95
165 344 115 343 113 363 58 361 123
151 283 119 282 121 289 89 288 78
177 342 125 341 127 361 72 360 83
159 247 131 247 133 251 104 250 96
161 257 134 256 135 261 106 260 93
165 255 138 254 139 259 110 258 109
159 39 139 40 143 33 120 33 164
169 231 139 231 147 233 116 233 71
171 255 143 254 145 259 116 258 112
174 300 143 298 143 305 115 303 118
167 38 147 39 149 31 128 32 236
169 74 149 75 151 69 130 70 151
169 134 149 133 151 131 130 131 179
169 153 149 154 151 151 130 149 109
171 185 150 185 153 185 132 185 100
171 191 151 191 153 191 133 191 43
171 235 141 235 149 237 118 237 68
173 85 152 85 159 81 136 81 86
173 89 152 89 159 85 136 85 70
173 138 153 138 155 135 134 135 208
175 173 155 173 157 173 136 172 171
178 180 155 180 159 179 137 179 121
183 227 157 226 159 229 131 228 83
184 232 156 232 159 235 129 235 96
187 289 154 289 157 297 125 296 74
181 50 162 51 165 45 145 45 135
179 55 160 55 163 49 143 49 194
177 85 156 85 163 81 141 81 83
180 82 157 81 163 77 142 77 93
177 91 155 91 163 87 141 87 46
181 134 161 134 161 131 141 131 96
187 242 160 241 163 245 134 244 89
188 248 160 247 163 251 134 251 51
191 281 160 280 163 287 131 286 92
183 57 164 58 167 51 147 52 141
185 83 165 83 171 79 146 78 90
183 87 162 87 169 83 147 83 50
181 91 160 91 167 87 145 87 52
185 87 164 87 171 83 149 83 55
187 139 168 139 171 137 151 137 130
183 145 164 145 167 143 147 143 100
185 152 166 153 169 151 149 151 77
185 173 166 170 169 169 150 171 95
192 227 166 226 169 229 140 229 161
196 240 169 239 171 243 141 243 73
192 245 164 245 167 249 138 248 65
189 41 170 42 173 35 153 36 84
191 49 172 50 175 43 155 44 87
192 89 174 90 177 85 156 85 75
187 93 165 93 173 89 151 89 53
191 143 172 143 175 141 157 139 73
198 242 170 241 173 245 144 244 56
206 291 173 291 177 299 141 299 56
201 46 181 46 183 39 161 39 56
201 52 178 51 183 45 162 45 56
196 187 177 187 181 187 161 187 54
198 185 179 185 183 185 164 185 43
198 191 179 191 183 191 163 191 38
209 337 182 336 183 347 149 347 113
205 27 184 27 187 19 163 18 43
203 47 182 47 187 41 163 40 76
204 139 187 140 189 137 170 137 35
212 230 184 230 189 233 161 233 104
209 272 181 271 185 277 158 276 89
215 289 182 288 187 297 153 296 50
211 49 193 50 195 43 177 44 35
205 121 187 121 191 119 170 118 42
208 135 189 135 193 133 174 133 35
217 225 191 225 195 227 168 227 180
215 42 197 42 201 35 183 36 57
214 51 194 51 199 45 178 45 36
215 82 197 82 201 77 182 77 63
213 90 194 88 199 85 181 87 78
213 127 195 127 199 125 180 125 49
215 147 197 147 201 145 182 144 37
211 149 192 150 197 147 178 147 23
213 151 195 151 199 149 180 149 26
213 183 196 184 199 183 182 184 29
220 223 194 223 199 225 173 225 200
221 32 200 32 205 25 183 25 78
219 37 199 37 205 31 186 32 111
220 45 203 45 207 39 188 39 55
216 68 198 68 203 63 184 63 124
220 71 202 71 207 67 188 66 125
217 70 198 69 203 65 184 65 92
217 74 198 73 203 69 184 69 63
221 101 203 101 207 97 189 97 92
217 103 199 103 203 99 184 99 65
220 110 203 111 207 107 189 107 160
218 164 200 164 205 163 186 163 57
219 184 201 183 205 183 187 183 78
217 182 199 181 203 181 185 181 73
220 196 203 197 207 197 189 197 314
223 216 200 215 205 217 178 217 258
228 213 202 213 207 215 179 215 239
230 280 199 279 203 285 173 284 80
228 30 208 30 213 23 192 23 107
226 55 207 55 211 49 191 49 93
228 61 210 61 213 55 191 54 206
226 85 208 85 213 81 195 81 275
226 95 208 95 213 91 195 91 264
224 99 206 98 211 95 193 95 211
222 102 205 103 209 99 191 99 123
224 110 207 111 211 107 193 107 120
222 112 204 112 209 109 191 109 95
225 120 207 120 211 117 193 117 152
222 123 204 123 209 121 191 121 115
226 128 209 129 213 125 195 125 124
224 131 206 131 211 129 193 129 136
224 133 206 133 211 131 193 131 151
226 160 209 161 213 159 195 159 265
222 162 204 161 209 161 191 161 88
225 173 207 172 211 171 193 171 111
223 171 205 170 209 169 191 169 188
223 177 204 175 209 175 191 175 190
222 192 205 193 209 193 191 193 332
226 191 208 190 213 191 195 191 235
226 201 208 200 213 201 195 201 358
233 274 207 273 211 279 181 278 100
236 288 205 286 211 295 176 294 36
232 26 213 27 217 19 196 19 88
230 32 209 32 215 25 194 25 175
231 82 214 83 219 79 201 78 195
228 81 210 81 215 77 197 77 238
230 91 212 91 217 87 199 87 449
230 103 212 102 217 99 199 99 242
232 109 214 108 219 105 201 105 305
231 122 214 122 219 119 201 119 219
229 131 212 131 217 129 199 129 181
230 143 212 143 217 141 199 141 145
227 154 210 154 215 153 197 153 172
229 156 212 156 217 155 199 155 282
228 170 211 171 215 169 197 169 246
231 176 214 177 219 177 201 176 229
232 188 214 186 219 187 201 186 230
232 196 214 194 219 195 201 194 248
228 191 210 190 215 191 197 190 266
236 225 211 225 217 227 191 227 81
239 270 213 269 219 275 192 274 101
256 340 206 339 215 359 160 358 19
238 40 217 39 223 33 201 32 56
233 92 216 93 221 89 203 89 180
233 102 216 103 221 99 203 99 203
237 104 220 105 225 101 207 101 204
233 116 216 116 221 113 203 113 160
237 127 220 127 225 125 208 125 129
234 136 216 135 221 133 203 133 100
237 143 220 143 225 141 208 141 154
237 141 220 141 225 139 207 139 149
237 149 220 149 225 147 207 149 157
234 153 216 152 221 151 203 151 125
233 171 216 172 221 171 203 171 280
234 180 216 179 221 179 203 179 316
234 191 216 191 221 191 203 191 349
246 234 219 234 225 237 196 236 75
243 280 214 280 221 287 187 286 52
261 341 211 340 221 359 166 358 33
244 28 227 27 229 21 207 22 119
243 32 222 32 227 25 205 26 88
239 52 223 53 227 47 209 48 74
242 72 226 71 231 67 214 67 172
242 90 226 91 231 87 214 87 361
238 96 222 97 227 93 209 93 204
239 102 225 103 229 99 211 99 294
241 110 224 110 229 107 212 107 189
243 155 226 154 231 153 214 153 66
239 187 222 187 227 187 210 187 187
241 189 224 189 229 189 212 189 192
251 215 224 215 231 217 203 217 119
248 219 220 219 227 221 198 221 79
248 225 220 225 227 227 198 227 66
249 232 222 232 229 235 200 235 66
253 286 221 285 229 293 195 292 21
250 26 229 26 235 19 214 19 132
248 71 232 72 237 67 220 67 152
246 79 230 79 235 75 218 75 299
246 86 230 87 235 83 218 83 292
248 99 232 99 237 95 220 95 179
245 107 228 107 233 103 216 103 283
246 111 230 112 235 109 218 109 241
245 132 228 132 233 129 216 129 218
248 129 232 130 237 127 220 127 218
244 158 228 158 233 157 216 157 80
246 164 230 164 235 163 218 163 183
246 170 230 170 235 169 218 169 114
248 178 232 178 237 177 220 177 136
249 187 232 187 237 187 220 187 107
244 199 228 198 233 199 216 198 232
253 212 226 212 233 213 204 213 169
256 216 230 215 237 217 209 217 116
257 224 230 223 237 225 209 225 70
260 280 230 280 237 287 205 286 50
258 282 228 282 235 289 203 288 52
259 293 231 294 233 301 212 301 104
257 25 236 25 243 17 221 17 74
256 42 233 42 239 35 216 35 82
260 50 237 50 243 43 220 44 100
250 77 234 78 239 73 222 73 213
253 89 238 89 243 85 227 85 245
250 104 233 104 239 101 222 101 235
254 118 238 118 243 115 226 115 187
254 129 238 130 243 127 226 127 211
252 129 236 130 241 127 224 127 198
250 133 234 134 239 131 222 131 176
252 135 236 135 241 133 224 133 219
257 145 241 145 243 143 226 143 141
252 168 236 166 241 165 224 164 79
252 174 236 173 241 173 225 172 104
254 183 238 183 243 183 226 183 121
252 181 236 181 241 181 224 181 115
250 195 234 195 239 195 222 195 156
250 191 234 191 239 191 222 191 152
254 199 237 198 243 199 227 198 162
261 217 236 217 243 219 216 219 90
265 260 235 260 243 265 215 264 37
251 265 221 265 239 269 211 268 58
279 336 231 335 239 355 185 354 38
260 40 239 41 245 33 220 33 93
261 52 239 52 245 45 224 45 144
263 48 240 48 247 41 223 41 75
257 89 241 89 247 85 231 85 239
259 93 243 93 249 89 233 89 117
258 104 241 104 247 101 230 101 176
256 119 239 117 245 115 228 114 202
259 129 244 129 249 127 233 127 211
259 160 244 160 249 159 233 159 28
255 156 237 156 245 155 226 154 84
255 165 240 164 245 163 228 165 51
259 168 243 167 249 167 233 167 37
257 178 242 177 247 177 231 177 79
258 181 242 181 247 181 231 181 115
258 187 242 187 247 187 231 187 102
262 214 238 215 245 217 218 215 97
264 223 239 221 245 225 219 223 39
265 238 237 237 245 241 217 241 45
264 244 237 243 245 247 217 246 43
266 268 235 268 247 273 219 272 108
268 274 241 273 249 279 219 278 106
267 273 239 273 247 279 217 278 157
268 279 239 278 247 285 216 284 67
267 52 244 52 251 45 227 45 110
271 54 248 54 255 47 232 47 140
266 57 244 58 251 51 228 52 99
263 71 247 72 253 67 237 67 170
265 98 249 98 255 95 239 95 118
263 125 247 125 253 123 237 123 108
261 121 245 122 251 119 235 120 116
263 141 247 141 253 139 237 139 45
263 147 247 147 253 145 237 145 80
261 155 246 154 251 153 235 153 31
263 156 248 157 253 155 237 155 27
263 164 247 164 253 163 237 163 39
265 183 249 183 255 183 239 183 50
262 194 245 195 251 195 235 194 86
270 225 247 224 253 227 229 226 58
274 259 246 258 255 263 226 263 111
276 289 244 289 253 297 217 296 61
290 337 241 336 255 355 201 354 81
270 32 251 33 257 25 235 26 71
273 40 251 40 259 33 237 32 126
275 44 253 44 261 37 238 38 123
271 42 249 43 257 35 234 36 119
272 50 250 50 257 43 234 43 95
274 50 252 50 259 43 236 43 95
273 57 249 58 257 51 233 51 179
276 56 253 56 261 49 237 49 130
269 114 253 114 259 111 243 111 125
269 118 253 118 259 115 243 115 101
271 122 255 121 261 119 245 119 76
267 129 251 129 257 127 241 127 57
271 149 255 148 261 147 245 147 34
267 145 251 145 257 143 241 143 25
270 167 255 167 261 167 245 166 45
268 173 253 173 259 173 243 173 38
269 182 253 181 259 181 243 181 44
278 215 253 215 261 217 235 217 55
276 222 251 221 259 223 233 223 56
278 221 253 221 261 223 235 223 43
278 255 250 254 259 259 230 258 87
283 285 251 285 261 293 227 292 38
297 343 245 343 259 363 203 362 66
293 340 243 340 257 359 202 358 77
279 57 258 58 265 51 242 51 116
282 73 263 72 267 67 253 68 200
274 101 259 102 265 99 249 99 151
274 112 259 112 265 109 249 109 246
276 121 261 122 267 119 251 119 97
276 129 261 129 267 127 252 127 206
272 154 257 154 263 153 247 153 35
274 166 259 166 265 165 249 165 59
272 171 257 172 263 171 247 171 37
274 168 259 168 265 167 249 167 76
276 176 261 176 267 175 252 175 58
283 238 255 238 265 241 235 241 59
281 259 254 258 263 263 234 262 158
299 342 246 342 263 361 207 360 78
279 41 261 40 269 33 245 31 173
285 50 263 50 271 43 248 43 157
284 54 261 54 269 47 245 47 71
278 117 263 118 269 115 254 116 152
281 123 267 123 273 121 258 121 272
278 144 263 144 269 143 254 143 73
289 215 262 215 271 217 243 217 71
289 221 262 221 271 223 242 223 56
291 255 264 254 273 259 244 259 313
289 269 263 268 269 273 243 273 277
289 264 262 264 271 269 242 268 250
286 274 261 273 271 279 241 278 180
306 337 255 337 273 355 215 355 84
293 54 271 54 279 47 256 47 111
291 63 269 64 277 57 254 57 98
284 129 269 129 275 127 260 127 197
286 137 271 137 277 135 261 134 275
283 144 269 145 275 143 260 143 180
286 192 271 191 277 191 262 191 184
284 193 269 193 275 193 260 193 152
292 231 266 229 277 233 249 231 68
293 251 265 251 275 255 246 255 230
297 255 270 255 279 259 251 259 213
299 281 268 280 279 287 246 287 48
298 61 276 61 285 55 263 55 114
295 59 272 59 281 53 258 53 66
294 65 272 65 281 59 258 59 141
289 147 274 147 281 145 265 146 275
289 178 275 176 281 177 265 175 93
291 193 277 193 283 193 268 193 311
301 207 271 206 283 207 252 207 165
302 231 274 230 285 233 256 232 120
303 244 274 243 285 247 257 247 267
298 252 271 251 281 255 252 255 191
302 247 276 247 285 251 257 251 135
302 258 275 256 285 261 256 261 147
300 262 273 262 283 267 254 266 199
316 339 263 339 283 357 226 357 54
302 51 280 52 289 45 265 45 110
300 55 278 56 287 49 264 49 109
304 67 282 67 291 61 269 62 90
303 81 282 78 289 75 270 74 411
304 84 283 86 291 81 271 81 746
300 157 285 155 291 153 277 155 272
299 168 285 168 291 167 277 167 279
301 197 284 196 291 197 273 197 501
307 206 279 206 289 207 259 207 336
307 225 280 224 291 227 262 227 88
308 227 281 226 291 229 262 229 161
304 255 277 255 287 259 258 259 198
321 334 274 333 291 351 238 350 85
310 78 289 78 297 73 278 73 354
308 109 289 108 297 105 278 104 372
301 147 287 148 293 145 279 146 287
303 152 289 152 295 151 281 151 372
303 161 289 161 295 159 281 160 284
313 225 287 224 297 227 269 226 209
311 229 285 228 295 231 267 231 275
314 232 287 232 297 235 268 235 168
313 276 283 275 295 281 264 280 135
313 44 292 44 301 37 278 37 143
316 62 294 62 303 55 281 56 85
315 73 294 73 303 67 280 67 149
317 200 294 201 303 201 279 203 246
313 199 289 198 299 199 275 199 286
319 210 292 207 303 209 279 211 204
317 215 293 216 303 217 277 217 161
319 245 291 245 301 249 272 249 76
315 251 288 251 299 255 269 253 39
320 288 288 287 301 295 266 294 44
319 31 298 31 307 23 286 23 135
317 67 295 67 305 61 283 61 160
319 75 297 75 307 69 285 69 190
319 71 298 71 307 65 285 65 73
321 86 299 84 309 81 291 81 279
318 91 301 91 309 87 289 87 339
317 180 299 180 307 179 288 179 140
326 289 291 289 305 297 271 296 43
327 288 296 287 309 295 275 294 48
337 334 287 334 307 351 254 350 63
328 26 304 26 315 17 290 17 129
322 89 304 88 313 85 296 85 296
323 126 304 126 313 123 293 123 382
323 184 305 183 313 183 294 183 157
328 200 305 200 315 201 291 201 200
324 199 301 198 311 199 286 199 413
326 197 303 196 313 197 290 196 235
328 220 302 219 313 221 286 220 261
326 228 300 228 311 231 283 231 186
327 243 300 243 311 247 284 246 99
326 263 300 263 313 267 285 267 126
329 272 302 271 315 277 283 277 98
330 279 300 278 313 285 281 284 62
333 300 295 299 311 309 271 308 22
334 28 310 28 321 19 296 19 140
331 35 310 37 321 29 297 29 80
331 60 311 60 319 53 302 53 253
333 63 311 64 321 57 298 57 78
331 121 312 120 321 117 301 117 290
327 128 308 128 317 125 297 125 421
329 139 310 138 319 137 300 138 349
327 174 308 174 317 173 298 173 111
331 203 311 207 319 205 293 203 205
331 211 307 210 319 213 294 212 375
330 226 306 227 317 229 292 228 258
335 232 310 232 321 235 295 235 261
332 238 308 239 319 241 293 241 183
333 248 308 247 319 251 293 250 97
331 257 307 257 317 261 291 261 96
332 259 308 259 319 263 294 263 100
331 265 307 264 317 269 292 268 88
335 274 307 273 319 279 289 278 99
337 277 308 276 321 283 288 283 56
339 280 308 280 321 287 287 287 46
343 309 303 308 319 321 275 320 76
337 35 314 35 325 27 300 28 99
337 41 314 41 325 33 300 34 71
336 52 314 51 325 45 302 45 133
339 58 317 58 327 51 304 52 158
332 91 315 90 323 87 304 86 333
335 101 315 102 325 97 305 95 488
336 155 318 155 327 153 309 153 53
334 156 316 156 325 155 307 155 54
333 161 316 162 325 161 306 160 88
339 204 317 204 327 205 304 205 311
339 223 316 223 327 225 302 225 310
340 219 316 219 327 221 302 221 261
337 235 313 235 323 237 297 237 300
333 256 311 255 323 259 296 259 108
337 268 315 267 327 273 298 272 218
345 304 306 304 323 315 281 314 32
348 306 308 306 325 317 282 317 35
343 26 321 26 331 17 307 17 107
343 29 320 29 331 21 307 21 113
344 31 322 31 333 23 310 23 86
342 35 319 35 331 27 306 27 77
345 37 322 37 333 29 310 29 98
341 49 319 49 329 41 305 41 68
345 56 323 56 333 49 309 49 97
344 84 323 84 333 79 313 79 139
336 158 320 158 329 157 309 156 59
343 156 324 156 333 155 315 155 73
340 173 323 175 331 175 310 175 284
343 197 321 197 331 197 308 197 203
346 218 322 217 333 219 309 219 189
343 221 320 221 331 223 307 223 206
341 225 318 225 329 227 304 227 288
343 233 319 232 331 235 306 234 205
345 259 321 259 333 263 307 263 72
347 273 317 273 331 279 301 278 59
348 50 325 50 337 43 314 44 171
347 60 325 61 335 53 312 54 84
351 66 328 65 339 59 316 59 94
347 68 325 68 335 61 312 61 80
347 193 327 193 337 193 316 193 362
349 203 329 203 339 203 318 203 371
347 210 324 210 335 211 311 211 305
348 214 325 214 337 215 314 215 202
350 220 328 219 339 221 315 221 296
351 226 328 225 339 227 315 227 218
350 272 322 271 335 277 305 276 52
353 275 325 274 337 281 305 281 39
354 295 319 293 335 303 297 302 24
366 337 316 336 339 355 284 354 27
353 52 331 52 343 45 320 45 195
350 47 329 48 341 41 318 41 163
353 60 330 59 341 53 318 53 106
354 71 332 71 343 65 320 65 64
356 75 334 75 345 69 322 69 71
356 81 335 81 345 75 322 75 79
352 130 334 131 343 129 325 129 476
351 162 338 162 345 161 333 161 241
350 172 338 171 345 171 333 171 166
348 173 336 174 343 173 331 173 293
353 193 333 193 343 193 322 193 494
353 206 332 206 343 207 321 207 204
356 212 334 212 345 213 322 213 381
354 217 331 218 343 219 319 220 214
356 233 334 233 345 235 322 235 148
352 252 329 252 341 255 319 254 174
355 248 334 248 345 251 325 251 130
355 254 333 254 345 257 323 256 111
355 263 330 263 343 267 315 267 77
368 316 329 315 345 329 303 329 85
367 322 325 322 345 337 301 337 44
369 334 321 333 343 351 289 350 30
359 38 338 38 349 31 327 31 82
359 42 337 42 349 35 326 35 156
358 44 336 44 347 37 324 37 78
360 56 338 57 349 49 326 49 82
360 71 337 71 349 65 326 65 70
362 74 340 75 351 69 328 69 69
358 83 336 84 347 79 325 79 77
356 137 339 139 349 135 331 137 697
354 169 342 169 349 169 337 169 227
357 204 339 206 347 205 328 206 239
360 214 338 214 349 215 326 215 269
359 229 337 229 349 231 326 231 195
361 247 340 246 351 249 330 249 121
359 250 338 250 349 253 327 253 100
365 266 336 266 351 271 321 271 31
364 284 325 286 347 291 313 291 30
368 288 335 287 351 295 315 295 26
372 319 328 318 349 333 300 332 49
368 55 346 56 357 49 334 49 88
360 151 348 150 355 149 344 149 269
358 162 347 162 353 161 349 159 552
361 190 350 189 357 189 346 188 347
364 202 345 203 355 203 334 203 249
362 208 342 208 353 209 332 209 196
364 210 344 210 355 211 334 211 257
364 223 342 223 353 225 330 225 214
366 227 343 228 355 229 332 229 224
366 239 346 238 357 241 335 241 185
368 263 340 263 357 267 328 267 50
369 259 345 259 357 263 330 263 80
369 266 336 267 355 271 325 271 70
366 270 334 271 353 275 326 274 65
370 284 335 282 355 291 320 291 22
372 299 335 298 353 309 313 308 53
373 306 332 306 353 317 308 317 77
379 316 336 315 357 329 310 329 68
380 337 331 336 355 355 300 354 27
372 36 351 37 363 29 336 27 131
369 40 346 40 359 33 335 33 92
371 44 350 44 361 37 338 37 124
369 54 347 54 359 47 335 48 83
368 94 352 95 361 91 344 91 122
370 118 357 119 361 117 353 117 390
368 125 356 125 363 123 354 123 434
363 151 353 150 359 149 347 149 213
363 164 354 164 359 163 350 163 221
363 179 352 180 359 179 348 179 157
365 188 354 187 361 187 351 187 308
363 186 352 185 359 185 348 185 270
371 199 351 199 361 199 340 199 304
370 221 349 221 361 223 339 222 265
372 231 352 231 363 233 341 233 256
370 235 350 235 361 237 339 237 251
373 280 343 279 359 285 325 285 35
379 296 342 295 361 305 322 304 55
374 30 354 30 365 23 343 22 123
378 56 357 55 369 49 346 50 122
375 63 353 63 365 57 343 57 109
375 68 353 69 365 63 343 63 61
380 88 357 87 369 83 348 83 67
376 91 356 92 367 87 346 87 61
372 129 363 129 369 127 360 127 242
372 137 363 136 369 135 360 133 191
372 164 363 164 369 163 360 163 191
371 179 360 179 367 179 357 179 164
375 228 353 227 365 229 344 229 267
376 237 355 237 367 239 345 239 155
375 246 354 246 365 249 344 248 134
374 252 353 252 365 255 343 255 164
380 270 350 272 367 275 338 275 35
383 25 362 24 375 17 353 16 84
380 31 360 33 373 25 349 25 104
382 30 363 31 375 23 354 24 86
381 38 361 39 373 31 353 31 83
379 45 361 45 373 39 351 39 172
384 50 363 50 375 43 353 43 98
382 54 361 54 373 47 350 47 77
382 67 361 67 373 61 349 61 176
382 82 361 82 373 77 353 77 43
379 93 361 93 371 89 351 90 54
374 141 365 140 371 139 362 139 171
378 164 369 164 375 163 366 163 167
376 162 367 162 373 161 364 161 128
376 168 367 168 373 167 364 167 114
379 174 367 174 375 173 365 173 169
384 239 363 239 375 241 354 241 136
386 263 360 263 375 267 348 267 39
382 259 357 259 371 263 345 263 79
393 302 354 302 375 313 333 312 48
395 311 353 311 375 323 330 325 66
395 324 353 323 373 339 323 338 49
390 27 368 27 381 19 357 17 78
385 42 365 42 377 35 357 36 92
389 49 369 50 381 43 359 43 74
386 52 365 52 377 45 355 45 93
386 65 365 65 377 59 355 59 102
385 70 364 70 377 65 355 65 72
389 78 370 78 381 73 361 73 55
387 95 371 94 381 91 363 91 44
384 100 368 99 377 97 361 97 69
386 110 373 109 381 107 368 107 132
383 121 371 121 379 119 366 119 378
382 170 372 170 379 169 369 169 143
384 178 374 177 381 177 371 177 172
381 181 370 181 377 181 367 180 177
384 185 374 185 381 185 371 185 168
384 191 374 191 381 191 371 191 231
387 257 363 257 377 261 351 260 73
391 254 367 254 381 257 357 257 139
396 306 357 305 379 317 336 316 58
401 323 355 322 381 337 330 337 40
395 30 373 31 387 23 364 22 163
394 32 372 33 385 25 363 25 89
394 38 373 38 385 31 364 31 96
394 41 374 42 387 35 366 35 94
395 47 376 47 387 41 367 41 143
396 62 374 61 387 55 365 55 105
392 59 371 59 383 53 361 53 113
391 65 371 66 383 59 361 59 83
393 74 373 75 385 69 364 69 54
390 83 373 83 383 79 366 79 45
391 87 374 87 385 83 368 83 35
389 113 377 113 385 111 372 111 128
390 115 377 115 385 113 372 113 157
391 148 379 149 387 147 375 148 88
390 176 380 176 387 175 377 175 176
386 182 376 181 383 181 373 181 229
392 201 375 201 385 201 368 201 247
391 258 369 257 383 261 357 261 69
399 284 366 284 385 291 350 291 42
410 336 359 336 387 355 331 354 28
408 340 357 339 385 359 327 359 27
401 26 380 27 393 19 371 19 92
401 32 380 32 393 25 371 25 60
397 36 376 36 389 29 367 29 101
399 45 378 45 391 39 370 39 142
399 72 384 75 393 67 382 68 117
396 93 378 94 391 89 375 89 77
395 123 383 123 391 121 379 121 155
397 127 385 127 393 125 381 125 289
397 133 386 134 393 131 381 131 119
397 152 385 152 393 151 381 151 137
393 154 381 154 389 153 377 153 146
395 156 383 156 391 155 379 155 152
392 180 382 179 389 179 379 178 167
400 202 382 200 393 201 377 202 321
394 203 378 204 389 205 371 204 268
399 218 379 217 391 219 370 218 161
397 216 377 215 389 217 368 216 243
397 222 377 222 389 223 368 223 167
397 235 374 235 389 237 366 237 51
401 239 378 239 393 241 370 241 84
404 267 377 267 393 271 366 271 45
403 277 373 276 391 283 358 283 48
406 292 371 291 391 301 353 300 46
403 48 382 48 395 41 374 41 77
403 57 382 57 395 51 373 51 62
400 90 384 91 395 87 378 87 40
400 86 384 86 395 83 378 83 34
404 94 388 94 397 91 379 91 81
401 105 388 106 397 103 383 103 65
401 123 389 123 397 121 385 121 122
401 131 389 131 397 129 385 129 434
403 139 391 139 399 137 387 137 154
399 156 387 156 395 155 383 155 196
400 163 389 164 397 163 385 163 134
398 163 386 163 395 163 383 163 209
401 209 380 209 395 209 375 209 366
407 218 386 217 399 219 378 219 210
407 233 386 233 399 235 379 234 93
407 231 386 231 399 233 379 232 92
411 277 381 276 399 283 366 283 36
408 280 377 280 395 287 362 286 75
411 282 379 282 397 289 363 289 53
414 302 374 302 397 313 355 312 52
415 300 377 300 399 311 358 310 46
416 335 366 334 395 353 339 352 31
412 29 391 29 405 21 383 21 99
409 51 388 51 401 45 379 45 114
413 49 391 50 405 43 384 43 129
412 55 391 55 405 49 383 49 74
410 59 389 59 403 53 381 53 56
411 67 391 67 403 61 383 62 63
411 75 393 75 405 71 386 71 61
410 92 395 92 405 89 390 88 76
404 119 393 120 401 117 389 118 248
406 121 394 121 403 119 391 120 275
406 128 394 129 403 127 390 127 179
407 142 395 142 403 141 391 141 535
409 138 397 138 405 137 393 137 198
405 160 393 160 401 159 389 159 196
409 159 397 157 405 157 393 156 229
409 175 397 172 405 171 393 171 445
409 184 397 183 405 183 393 182 188
412 210 392 210 405 211 385 211 338
409 237 387 237 401 239 379 239 144
419 319 375 318 401 333 352 332 38
420 317 374 317 401 331 355 330 44
425 336 375 336 405 355 349 354 27
416 28 395 28 409 21 387 21 68
418 46 399 45 411 39 392 39 130
417 42 396 42 409 35 387 35 92
414 43 394 44 407 37 386 37 146
414 63 393 63 407 57 385 57 54
416 65 396 65 409 59 387 59 76
415 104 402 105 411 101 398 102 42
413 115 400 115 409 113 396 113 132
415 143 402 142 411 141 399 141 280
411 149 399 151 407 149 395 150 241
413 161 401 161 409 161 397 160 409
414 182 403 181 411 181 399 181 302
411 200 398 202 407 201 392 202 176
416 214 396 214 409 215 388 215 241
418 222 398 222 411 223 391 223 232
417 227 396 227 409 229 388 229 142
415 235 397 235 409 237 389 237 211
420 277 390 276 409 283 377 283 53
419 284 387 283 407 291 372 290 100
421 289 386 289 407 297 370 297 45
429 315 383 315 409 329 357 329 57
427 319 382 318 409 333 360 332 31
429 338 379 337 409 357 352 356 36
422 48 405 51 417 43 398 44 95
420 52 399 52 413 45 392 45 155
423 78 409 76 417 73 403 72 75
421 98 408 97 417 95 404 94 72
419 99 406 100 415 97 402 97 97
420 117 408 117 417 115 405 115 66
419 115 406 115 415 113 402 113 61
418 139 407 138 415 137 403 137 437
416 144 404 144 413 143 401 143 251
421 146 409 145 417 145 405 144 291
423 218 404 218 417 219 397 219 208
419 222 400 222 413 223 393 223 227
423 226 404 225 417 227 397 226 128
425 250 408 248 417 253 395 253 50
426 278 395 278 415 285 381 284 44
425 280 393 280 413 287 379 286 68
427 293 390 294 413 303 373 303 49
430 305 389 305 415 317 371 316 48
435 339 383 339 415 359 357 358 28
428 38 411 39 423 33 405 33 84
425 45 407 46 419 39 400 39 110
427 57 408 57 421 51 401 51 130
425 53 405 54 419 47 398 48 81
427 62 408 63 421 57 401 57 124
424 70 408 69 419 65 404 65 121
428 77 415 76 423 73 411 72 97
424 100 412 99 421 97 408 97 88
423 104 410 104 419 101 406 101 68
427 106 414 106 423 103 410 103 78
425 110 411 109 421 107 408 107 67
423 151 412 150 421 149 409 149 325
425 162 417 162 423 161 415 161 401
425 209 410 210 421 211 405 211 279
425 219 407 221 419 221 398 223 236
435 273 403 273 423 279 391 279 69
434 294 399 294 421 303 383 303 68
440 335 389 335 421 353 365 353 33
439 341 388 341 419 361 360 361 29
434 24 416 24 429 17 411 18 135
435 28 415 28 429 21 408 21 123
431 47 412 47 425 41 405 41 99
433 57 414 57 427 51 407 52 167
429 67 414 68 425 63 408 63 168
432 82 420 82 429 79 417 79 90
428 102 415 102 425 99 412 99 75
428 119 416 119 425 117 412 117 60
432 121 420 121 429 119 416 119 70
430 121 418 121 427 119 414 119 111
430 167 423 171 429 169 421 167 321
429 178 420 176 427 177 419 177 497
427 185 418 185 425 185 417 185 297
429 197 415 197 425 197 411 197 83
435 220 417 220 429 221 411 221 103
432 226 415 226 427 227 409 227 138
432 235 414 235 427 237 408 237 66
435 237 416 236 429 239 410 239 49
441 292 405 292 429 301 390 300 76
439 304 399 304 425 315 381 315 50
443 307 401 307 429 319 384 319 58
440 37 422 37 435 31 416 31 69
436 41 419 41 431 35 411 37 205
440 44 422 45 435 39 417 40 89
438 49 421 49 433 43 416 43 74
439 55 420 55 433 49 414 49 143
436 74 424 75 433 71 421 72 105
438 77 426 77 435 73 422 73 101
438 86 425 86 435 83 422 83 81
438 92 425 92 435 89 422 89 94
438 96 426 96 435 93 422 93 79
436 92 423 92 433 89 420 89 81
437 100 424 100 433 97 420 97 119
438 108 426 107 435 105 423 105 73
434 111 422 111 431 109 418 109 68
436 119 424 119 433 117 420 116 65
438 115 426 115 435 113 423 113 50
434 166 427 166 433 165 425 165 196
432 164 425 163 431 163 423 163 450
437 188 428 187 435 187 427 187 166
432 185 425 185 431 185 423 185 248
438 218 426 218 435 219 420 219 103
437 226 419 226 431 227 413 227 132
437 241 418 241 431 243 411 243 48
445 276 414 276 435 283 402 282 71
446 287 412 287 435 295 398 295 97
443 287 408 287 431 295 394 295 74
445 319 401 318 431 333 380 333 65
451 323 405 322 435 337 384 337 45
448 330 401 328 431 347 377 346 53
444 29 425 30 439 23 420 24 91
442 51 426 49 437 45 421 43 141
442 68 425 67 439 63 421 62 263
444 88 432 88 441 85 429 85 86
444 104 431 104 441 101 428 101 81
442 117 430 117 439 115 428 115 65
440 121 428 121 437 119 425 119 111
444 138 432 138 441 137 430 135 447
439 148 430 148 437 147 429 147 188
438 154 429 154 437 153 429 153 134
442 166 435 165 441 165 434 165 196
438 164 431 164 437 163 430 163 289
442 183 434 183 441 183 433 183 189
442 201 428 201 439 201 425 200 13
443 228 427 228 437 229 422 229 193
443 228 428 228 439 229 423 229 148
444 235 426 235 439 237 421 237 110
447 280 416 279 437 287 403 287 58
451 296 414 295 439 305 399 305 56
452 315 408 315 437 329 387 329 62
456 322 410 322 441 337 390 337 60
453 329 411 330 437 347 390 346 52
448 31 429 32 443 25 424 25 120
450 30 431 30 445 23 426 23 94
450 35 431 35 445 29 426 29 78
451 49 434 48 447 43 429 42 151
449 47 432 47 445 41 427 41 89
449 52 433 53 445 47 428 48 87
450 60 432 60 445 55 427 55 152
452 58 434 58 447 53 430 53 112
451 64 434 64 447 59 429 59 193
450 74 437 75 447 71 434 71 89
448 102 435 101 445 99 433 99 100
450 105 438 105 447 103 435 103 67
448 119 436 119 445 117 432 117 111
446 131 431 129 443 129 438 130 296
447 133 438 131 445 131 438 131 231
444 160 437 160 443 159 436 159 290
448 162 441 162 447 161 440 161 202
448 178 441 177 447 177 440 177 288
446 183 439 183 445 183 437 183 562
447 191 435 191 445 191 431 191 348
450 220 436 220 447 221 433 221 247
446 224 432 224 443 225 429 225 223
447 239 430 239 443 241 424 240 63
453 254 430 254 447 257 423 257 22
451 255 427 255 443 259 418 259 22
453 282 419 282 445 289 408 289 125
457 287 423 286 447 295 411 294 52
454 287 419 287 443 295 406 295 74
457 297 419 297 445 307 404 307 55
458 24 439 24 453 17 434 17 121
454 26 435 26 449 19 430 19 80
457 33 440 33 453 27 435 27 123
457 39 440 39 453 33 435 33 68
453 45 436 45 449 39 431 39 122
454 78 441 78 451 75 439 75 127
454 82 441 82 451 79 439 79 121
452 86 439 86 449 83 436 83 111
452 109 440 109 449 107 435 107 137
454 132 446 132 453 131 446 131 207
454 138 446 138 453 137 445 137 285
454 148 445 147 453 147 444 146 266
452 144 444 144 451 143 443 143 259
453 158 445 157 453 157 444 157 214
452 172 445 172 451 171 444 169 240
450 174 443 174 449 173 442 173 223
455 189 443 189 453 189 443 189 312
456 216 442 216 453 217 439 217 101
461 273 430 273 453 279 419 279 49
462 278 431 278 453 285 419 285 55
461 282 428 281 451 289 416 289 92
462 297 424 297 451 307 410 307 64
466 317 419 316 449 331 401 330 55
468 333 427 332 453 351 408 349 42
459 37 442 37 455 31 437 31 139
459 44 442 45 455 39 437 39 79
461 49 444 49 457 43 440 43 72
459 75 447 75 457 71 445 71 71
457 100 445 100 455 97 442 97 82
461 125 451 125 459 123 447 123 147
456 134 448 134 455 133 447 133 174
458 144 450 144 457 143 449 143 239
458 152 450 152 457 151 448 151 217
455 162 449 162 455 161 447 161 263
462 197 448 197 459 197 445 197 278
462 205 448 205 459 205 445 205 65
462 222 449 222 459 223 446 223 136
458 236 441 236 455 237 438 237 47
465 271 436 271 457 277 425 276 43
467 277 437 276 459 283 427 283 84
465 280 434 280 457 287 423 287 78
466 294 429 294 455 303 415 303 57
469 297 431 297 459 307 418 307 62
468 321 423 320 455 335 404 335 29
467 25 448 25 463 17 443 17 117
468 36 453 37 465 31 448 31 59
465 47 448 47 461 41 443 41 59
463 78 451 78 461 75 449 75 96
465 74 454 74 463 71 451 71 69
463 85 451 85 461 83 449 82 103
463 109 451 109 461 107 449 107 37
465 109 454 109 463 107 451 107 96
463 121 453 121 461 119 453 117 87
466 132 457 132 465 131 456 131 130
464 150 455 150 463 149 454 149 264
466 164 458 163 465 163 460 165 277
462 172 454 169 461 171 457 172 225
463 174 458 174 463 173 458 173 439
464 201 450 201 461 201 447 201 103
468 220 454 220 465 221 452 220 105
466 224 453 224 463 225 450 225 127
469 273 439 273 461 279 429 279 60
473 278 441 278 465 285 432 285 61
471 286 438 285 463 293 426 293 86
472 304 432 304 461 315 417 315 51
477 313 433 313 465 327 417 327 41
475 28 456 28 471 21 451 21 56
475 36 457 36 471 29 452 29 69
473 80 461 80 471 77 459 77 75
469 92 456 94 467 89 456 87 115
469 119 457 119 467 117 455 117 59
468 152 459 151 467 151 458 150 259
470 178 463 177 469 177 463 176 538
470 176 464 175 469 175 464 174 246
473 200 460 200 471 201 457 199 323
472 232 457 232 469 233 453 233 69
478 262 451 262 471 267 444 266 42
475 263 449 262 469 267 442 265 39
481 282 448 282 471 289 437 289 102
481 302 442 302 471 313 428 313 100
479 317 435 316 467 331 418 330 39
481 317 433 317 469 331 419 331 32
485 320 439 320 471 335 420 335 49
479 32 460 32 475 25 456 25 63
480 29 463 30 477 23 458 23 32
481 36 462 35 477 29 458 29 29
479 84 467 84 477 81 465 81 65
479 92 467 92 477 89 465 89 86
475 96 463 96 473 93 461 93 85
475 127 471 128 473 125 468 126 91
477 132 471 132 477 131 471 131 111
474 160 466 159 473 159 465 158 333
473 186 467 185 473 185 467 185 254
475 192 469 191 475 191 469 191 287
474 193 467 193 473 193 467 193 382
478 197 467 197 475 197 465 197 428
475 211 463 210 473 211 460 211 119
479 215 466 214 477 215 465 215 65
481 241 461 241 477 243 458 242 26
480 271 450 271 473 277 442 276 49
480 275 450 275 473 281 440 281 41
483 278 451 278 475 285 441 285 75
482 297 444 297 473 307 431 306 103
483 309 441 309 473 321 427 321 69
483 99 471 100 481 97 469 97 153
483 97 473 98 483 95 471 95 130
481 117 473 117 479 115 471 114 103
479 136 473 136 479 135 473 135 121
484 203 475 203 483 203 474 203 128
482 207 472 207 481 207 469 207 149
485 209 474 209 483 209 473 209 61
481 228 466 229 479 229 464 229 36
484 237 466 237 481 239 463 239 36
487 294 450 293 479 303 438 303 93
490 307 449 307 481 319 435 319 95
488 94 485 94 489 93 486 93 132
488 121 477 121 487 119 475 119 135
485 146 478 146 485 145 478 145 191
489 173 484 173 489 173 484 173 364
485 192 478 191 485 191 478 190 351
490 221 479 220 489 221 476 221 40
487 226 473 226 485 227 471 227 41
492 246 470 246 487 249 465 249 49
491 250 470 250 487 253 464 253 41
490 259 468 257 487 261 460 262 33
491 263 467 261 487 267 452 268 53
495 266 467 266 489 271 456 271 64
491 278 460 278 485 285 451 285 92
494 285 460 285 487 293 450 293 62
495 294 460 293 489 303 448 303 120
495 312 451 312 485 325 438 324 41
497 315 454 315 487 329 439 329 61
494 104 481 105 495 103 479 103 244
492 108 489 108 493 107 490 107 143
491 142 483 142 491 141 483 141 256
495 146 488 146 495 145 488 145 214
491 154 484 154 491 153 484 153 321
491 184 486 184 491 183 486 183 148
496 211 485 211 495 211 483 211 104
496 213 485 213 495 213 484 213 245
495 245 474 244 491 247 469 247 29
498 247 477 246 495 249 473 249 44
495 248 473 248 491 251 468 251 38
501 269 472 269 495 275 465 275 58
501 280 465 280 495 287 460 287 110
499 280 465 279 493 287 458 287 60
502 290 466 290 495 299 456 299 118
501 294 465 293 495 303 454 303 192
503 299 464 298 495 309 453 309 69
503 318 457 319 493 333 449 331 53
505 329 455 330 495 345 440 345 22
496 100 493 100 497 99 494 99 114
499 104 495 103 499 101 496 101 180
496 106 493 106 497 105 494 105 113
498 120 495 120 499 119 496 119 246
498 126 495 126 499 125 496 125 239
501 160 496 160 501 159 497 159 334
499 164 494 164 499 163 495 163 426
501 189 493 189 501 189 493 189 237
499 191 491 191 499 191 491 191 197
500 197 491 197 499 197 482 197 187
502 203 493 203 501 203 493 203 100
499 234 482 234 497 235 479 235 39
502 237 483 237 499 239 481 239 52
505 242 484 243 501 245 480 245 43
505 248 483 248 501 251 479 251 47
506 266 478 266 501 271 472 271 65
506 283 472 283 499 291 463 291 58
509 330 459 329 499 347 444 346 24
502 100 499 100 503 99 500 99 84
504 102 501 102 505 101 502 101 98
506 112 503 112 507 111 504 111 107
506 120 503 120 507 119 504 119 177
502 124 499 124 503 123 500 123 242
504 120 501 120 505 119 502 119 249
504 126 501 126 505 125 502 125 286
506 148 502 148 507 147 503 147 221
504 166 499 166 505 165 499 165 643
504 164 500 164 505 163 501 163 241
503 184 497 184 503 183 497 183 308
508 211 499 211 507 211 498 211 74
509 226 494 226 507 227 493 227 54
507 228 493 228 505 229 491 229 43
509 235 492 235 507 237 489 237 37
508 241 489 241 505 243 485 243 37
510 257 485 256 507 261 481 260 39
511 261 485 260 507 265 478 265 28
507 259 481 259 503 263 476 263 37
509 265 482 264 505 269 476 269 38
509 273 479 273 505 279 471 279 61
512 277 481 276 507 283 472 283 52
509 280 476 280 503 287 468 287 70
512 288 478 288 503 297 464 297 104
512 289 475 289 505 297 466 297 69
513 295 476 295 507 305 467 305 67
515 321 469 320 503 335 453 337 32
510 50 504 51 511 53 493 53 13
510 116 507 116 511 115 508 115 158
512 134 508 134 513 133 509 133 254
508 136 504 136 509 135 505 135 287
510 132 506 132 511 131 507 131 192
511 186 506 185 511 185 507 184 445
513 199 505 199 513 199 505 199 231
509 203 501 203 509 203 501 203 85
513 211 504 211 513 211 504 211 85
509 215 499 215 509 215 499 215 52
513 245 494 244 511 247 489 247 42
513 254 489 254 509 257 484 257 45
514 269 485 269 509 275 479 275 56
522 335 471 334 513 353 456 352 27
514 112 511 112 515 111 512 111 134
514 120 511 120 515 119 512 119 154
516 138 513 138 517 137 513 136 191
516 150 512 150 517 149 513 149 313
518 170 514 171 519 169 515 170 205
514 178 510 178 515 179 511 178 234
517 199 509 199 517 199 509 199 109
517 205 509 205 517 205 509 205 64
520 222 507 222 519 223 506 223 54
518 228 504 228 517 229 502 229 53
521 237 503 237 519 239 501 239 52
521 261 494 261 517 265 489 265 30
525 290 488 290 519 299 480 299 114
522 122 519 122 523 121 520 121 83
521 127 517 126 521 125 519 126 269
524 130 521 130 525 129 522 129 114
520 136 516 136 521 135 517 135 199
524 140 520 140 525 139 521 140 276
522 152 518 152 523 151 519 151 258
520 156 516 156 521 155 517 155 191
520 167 516 167 521 167 517 166 277
524 179 520 179 525 179 521 178 505
521 190 514 189 521 189 514 189 358
522 186 519 185 523 185 516 185 285
521 209 513 209 521 209 513 209 74
522 217 511 217 521 217 510 217 93
524 220 511 220 523 221 510 221 62
523 232 506 231 521 233 504 233 47
524 236 508 235 523 237 505 237 51
527 245 506 244 525 247 504 247 69
528 252 504 251 525 255 501 255 52
529 294 491 294 523 303 483 303 76
528 299 490 298 523 309 481 309 70
532 300 491 300 523 311 478 311 82
526 118 523 117 527 117 524 116 133
530 122 527 122 531 121 529 121 109
526 126 523 126 527 125 524 125 80
530 130 529 131 531 129 530 130 131
528 167 524 167 529 165 525 165 335
526 163 522 163 527 163 523 163 147
528 178 524 178 529 177 525 177 230
526 181 522 181 527 181 522 179 305
530 203 523 203 531 203 524 203 108
527 207 519 207 527 207 519 207 58
529 215 519 215 529 215 519 215 69
532 215 521 215 531 215 521 215 74
532 224 518 224 531 225 517 225 51
528 222 515 222 527 223 515 222 53
528 228 517 229 527 229 513 229 57
533 241 513 241 531 243 510 243 87
532 255 508 255 529 259 503 259 57
534 259 508 259 531 263 504 263 36
534 263 507 263 531 267 502 267 35
535 278 503 278 531 285 496 285 50
535 274 501 274 529 281 495 281 50
530 275 501 274 527 281 493 281 42
531 282 497 281 527 289 491 289 46
536 304 495 304 531 315 486 315 57
534 128 533 129 535 127 533 127 55
536 128 536 130 537 127 537 129 42
532 136 528 136 533 135 529 135 100
534 156 530 155 535 155 531 155 87
532 164 529 164 533 163 530 163 158
536 184 532 183 537 183 533 183 424
536 201 530 201 537 201 530 201 158
532 205 525 205 533 205 526 205 93
537 222 523 222 537 223 523 223 104
536 226 522 226 535 227 521 227 66
538 237 520 237 537 239 518 239 71
537 257 512 257 535 261 508 261 39
538 263 511 263 535 267 507 267 56
539 280 506 280 535 287 500 287 53
544 335 489 339 537 355 479 355 177
538 148 534 148 539 147 535 147 42
542 156 538 156 543 155 539 155 85
542 164 538 164 543 163 540 162 97
542 177 539 177 543 177 540 177 319
542 194 537 193 543 193 538 192 207
541 215 529 215 541 215 530 215 53
543 219 532 218 543 219 531 219 48
540 224 526 224 539 225 525 225 54
544 237 526 237 543 239 524 239 62
545 253 521 253 543 257 518 257 53
544 297 507 296 541 307 497 307 64
549 338 496 338 543 357 484 357 184
544 187 539 187 545 187 540 186 219
548 186 543 185 549 185 544 185 257
548 192 544 191 549 191 544 191 190
545 207 534 208 545 207 535 207 100
549 215 537 215 549 215 538 215 39
546 241 526 241 545 243 524 243 49
546 245 525 244 545 247 523 247 62
549 250 526 250 547 253 523 253 76
547 258 521 257 545 261 518 261 35
551 282 516 281 547 289 511 289 69
552 303 511 303 549 315 504 315 112
549 312 505 311 545 325 497 324 103
553 111 549 111 555 107 540 108 13
555 147 554 150 555 145 551 145 141
550 164 546 163 551 163 547 163 185
550 176 547 175 551 175 549 174 237
552 209 543 209 553 209 544 209 57
555 219 541 220 555 221 542 221 56
554 228 538 228 553 229 535 228 55
552 232 534 231 551 233 532 232 51
556 237 537 237 555 239 536 239 52
554 243 533 242 553 245 532 245 63
552 248 530 248 551 251 528 251 58
555 253 531 253 553 257 528 257 61
554 279 521 278 551 285 516 285 54
555 274 523 274 553 281 520 281 67
555 298 515 298 551 309 509 308 75
555 310 511 311 551 323 502 325 94
560 136 557 136 561 135 558 135 43
556 140 552 140 557 139 553 139 61
560 152 556 152 561 151 557 151 71
558 186 555 186 559 185 556 185 450
561 203 552 203 561 203 553 203 205
560 250 538 250 559 253 536 253 97
562 270 531 271 561 275 529 274 87
561 274 529 274 559 281 525 281 120
563 292 526 292 561 301 520 301 58
564 140 560 139 565 139 561 139 63
564 156 561 156 565 155 562 155 59
567 235 549 235 567 237 548 237 55
563 233 545 233 563 235 544 235 52
567 252 543 251 567 255 542 254 84
566 255 541 255 565 259 538 259 85
568 260 541 260 567 265 539 264 115
566 272 536 271 565 277 532 278 88
568 275 536 275 567 281 533 281 80
565 290 528 290 563 299 522 298 61
568 305 526 305 565 317 519 317 87
566 313 522 313 563 327 515 326 76
566 318 520 318 563 333 513 333 87
570 337 521 337 563 355 512 356 112
571 198 559 198 573 197 561 198 162
567 202 554 202 569 201 557 202 160
569 213 556 213 571 213 559 213 77
571 222 557 222 573 223 556 223 86
573 250 550 250 573 253 549 253 87
570 258 543 259 569 263 540 265 99
572 262 544 262 571 267 542 267 126
572 276 540 276 571 283 537 282 69
571 297 532 297 569 307 526 307 80
576 303 533 303 573 315 527 315 88
571 307 528 306 569 319 523 319 89
571 320 525 320 569 335 518 335 68
576 333 525 333 573 351 516 351 33
576 152 574 152 577 151 575 151 71
574 159 571 159 575 159 573 158 190
578 157 575 158 579 157 577 155 56
575 209 563 211 577 213 564 213 224
578 233 561 233 579 235 561 235 81
577 263 550 262 577 267 548 267 83
578 273 547 273 577 279 544 279 69
575 283 541 283 575 291 538 291 68
576 287 540 286 575 295 536 295 44
576 304 536 303 575 315 529 315 84
577 315 532 315 575 329 525 329 73
583 176 572 173 585 175 574 173 351
580 185 567 185 581 183 568 183 322
581 179 570 180 583 179 571 179 293
581 213 568 213 583 213 570 213 182
581 245 560 244 581 247 560 247 68
583 245 562 244 583 247 561 247 64
581 254 557 253 581 257 555 257 78
582 269 551 269 581 275 549 275 71
585 281 551 281 585 289 549 289 49
585 297 547 297 585 307 543 307 57
585 305 543 305 585 317 539 317 87
582 310 538 310 581 323 533 323 107
588 189 584 190 589 189 586 189 282
584 203 571 202 587 203 574 202 122
589 211 577 210 591 211 578 211 93
586 223 572 222 587 223 573 223 82
590 246 568 246 591 249 568 249 47
589 252 564 251 589 255 564 255 56
589 257 563 258 589 263 562 262 53
589 285 554 285 589 293 551 293 45
587 288 550 288 587 297 548 297 35
589 293 552 294 589 303 548 303 52
589 311 546 310 589 323 541 323 96
587 332 537 332 587 351 531 351 46
595 57 582 56 597 49 575 48 8
593 118 587 118 595 117 589 117 83
595 144 592 144 597 143 594 143 97
594 152 590 151 595 151 592 151 102
592 187 589 187 593 187 591 187 269
592 209 581 209 593 209 583 209 167
596 222 581 222 597 223 582 223 51
596 237 577 237 597 239 578 239 54
594 244 573 244 595 247 573 247 68
596 283 562 283 597 291 559 291 55
592 288 556 288 593 297 554 297 41
594 304 550 303 593 315 548 315 59
593 309 550 309 593 321 546 321 83
603 107 596 108 603 107 597 107 29
598 110 591 110 599 109 593 109 79
600 115 593 114 601 113 595 113 87
602 129 595 128 603 127 597 127 75
602 136 595 136 603 135 597 135 100
598 132 591 132 599 131 593 131 67
598 139 591 138 599 137 593 137 144
598 148 594 148 599 147 596 147 165
599 187 597 187 601 187 598 187 138
598 197 592 197 599 197 594 197 131
601 201 595 201 601 201 598 201 152
602 207 592 207 603 207 594 207 77
599 209 590 209 601 209 591 209 75
602 213 591 212 603 213 592 212 61
598 217 586 217 599 217 587 217 56
602 230 586 229 603 231 586 231 55
600 255 575 255 601 259 575 259 31
598 267 569 265 599 273 568 273 39
602 269 571 269 603 275 571 275 46
598 273 567 273 599 279 566 279 58
597 280 563 279 599 287 563 287 69
602 317 557 316 603 331 553 331 93
600 333 548 333 601 351 543 351 43
604 106 597 107 605 105 599 105 37
608 111 602 111 609 109 603 109 37
604 113 598 112 605 111 599 111 40
605 122 599 122 607 121 601 121 54
603 120 597 120 605 119 599 119 41
607 134 601 134 609 133 603 133 145
603 138 597 138 605 137 599 137 129
604 171 588 174 605 171 584 170 304
607 193 603 193 609 193 605 193 54
605 197 600 197 607 197 601 197 56
605 203 598 203 607 203 600 203 75
606 211 596 211 607 211 597 211 64
607 209 598 209 609 209 599 209 59
607 218 594 218 609 219 596 219 64
605 222 592 222 607 223 593 223 69
604 243 582 242 605 245 583 245 47
605 248 583 248 607 251 584 251 45
606 267 576 267 607 273 575 273 37
607 273 576 273 609 279 576 279 53
603 282 569 281 605 289 568 289 110
604 280 570 279 605 287 569 287 74
605 288 569 288 607 297 568 297 36
603 293 565 293 605 303 564 303 53
606 295 567 295 607 305 566 305 62
611 71 598 71 613 67 599 67 43
610 127 603 126 611 125 605 125 38
613 132 607 132 615 131 609 131 52
610 154 606 154 611 153 607 153 88
610 162 606 161 611 161 608 161 70
611 189 607 189 613 189 609 189 52
611 195 607 195 613 195 609 195 55
611 205 604 205 613 205 606 205 65
611 216 599 213 613 217 601 217 68
612 241 591 241 613 243 592 243 39
613 250 590 249 615 253 591 253 48
613 257 588 257 615 261 589 261 55
609 259 583 258 611 263 583 263 44
611 276 579 276 613 283 578 283 82
613 274 581 274 615 281 581 281 57
610 285 574 285 611 293 573 293 45
614 291 575 290 615 299 575 299 33
613 312 569 312 615 325 567 325 80
609 313 565 313 611 327 562 327 91
610 336 559 336 613 355 555 355 44
619 67 605 67 621 63 607 63 61
615 71 601 71 617 67 603 67 53
615 78 603 79 617 75 604 75 58
615 103 606 103 617 101 608 101 84
618 121 611 121 619 119 613 120 69
618 129 611 128 619 127 612 126 50
616 127 609 126 617 125 610 124 41
619 159 615 159 621 159 617 158 169
618 178 615 177 619 177 616 176 84
620 193 614 193 621 193 616 193 59
615 224 601 224 617 225 601 225 82
619 230 603 230 621 231 604 229 72
615 253 591 253 617 257 592 257 41
615 262 587 262 617 267 588 267 50
617 266 588 266 619 271 588 271 37
619 283 584 283 621 291 583 290 51
615 283 580 283 617 291 579 291 112
615 288 578 288 617 297 578 297 32
616 293 581 295 619 303 578 303 40
618 311 575 311 621 325 572 325 70
618 332 568 332 621 351 564 351 102
625 46 611 45 627 41 613 41 86
625 56 611 55 627 51 613 51 124
625 77 611 78 627 73 613 74 140
623 85 610 84 625 81 611 81 159
625 90 612 90 627 87 614 87 164
621 88 609 88 623 85 610 85 105
621 121 613 120 623 119 615 118 71
623 138 617 138 625 137 619 137 61
625 183 619 183 627 183 621 183 83
622 181 617 181 623 181 619 181 78
621 187 616 188 623 187 618 187 50
621 192 616 191 623 191 618 191 90
623 198 617 198 625 197 619 197 60
621 222 607 222 623 223 608 223 50
624 237 606 237 627 239 607 238 81
624 250 600 250 627 253 602 253 77
622 255 598 255 625 259 599 258 49
620 257 595 257 623 261 597 261 35
622 260 598 260 627 265 599 265 41
621 269 591 269 623 275 591 275 55
622 275 591 274 625 281 591 281 57
624 292 587 292 627 301 587 301 38
621 303 580 303 625 315 579 315 33
622 300 581 300 625 311 582 311 28
628 38 614 37 631 33 616 32 56
631 60 616 60 633 55 619 55 116
627 73 612 72 629 69 613 67 146
631 77 616 76 633 73 617 73 156
629 88 617 87 631 85 617 85 158
629 94 614 94 631 91 616 91 194
631 115 622 115 633 113 624 113 65
627 129 618 128 629 127 620 127 57
627 133 621 133 629 131 623 131 61
631 190 624 189 633 189 626 189 68
631 191 624 191 633 191 625 191 52
629 197 621 196 631 197 623 195 41
627 201 620 201 629 201 622 201 70
631 197 623 197 633 197 626 197 51
631 205 623 205 633 205 625 205 71
629 217 617 216 631 217 620 218 26
628 235 610 235 631 237 612 236 43
629 234 611 234 631 235 613 235 59
627 239 608 239 629 241 609 241 39
627 248 605 248 631 251 609 251 71
626 276 595 276 631 283 597 283 46
628 288 591 288 631 297 591 297 33
625 297 591 296 629 307 587 307 55
625 307 582 307 629 319 582 319 58
627 334 575 334 631 353 574 353 93
633 32 620 31 635 27 622 26 44
637 38 622 38 639 33 624 33 77
637 48 623 46 639 43 625 42 79
633 52 618 51 635 47 620 47 70
637 76 621 76 639 73 623 71 90
635 113 626 113 637 111 628 111 114
635 119 626 119 637 117 627 117 80
633 144 628 144 635 143 630 143 131
635 168 629 168 637 167 631 168 376
635 178 628 176 637 177 630 175 166
635 193 627 193 637 193 629 193 53
637 191 629 191 639 191 631 191 77
637 197 629 197 639 197 631 197 76
636 212 626 212 639 213 628 212 20
632 244 610 244 635 247 612 247 60
635 264 608 264 639 269 609 269 48
631 267 605 268 637 273 605 273 64
631 274 600 274 635 281 601 281 64
633 276 601 276 637 283 603 283 53
633 280 600 280 637 287 601 287 60
631 283 599 282 635 291 599 290 40
635 286 599 286 639 295 600 295 39
631 288 595 288 635 297 596 297 38
633 303 592 303 637 315 592 315 85
633 317 588 317 637 331 587 331 51
641 111 627 109 643 109 632 109 137
641 117 631 117 643 115 633 115 78
643 121 633 121 645 119 635 119 45
639 195 631 195 641 195 633 195 90
642 191 635 191 643 191 639 191 220
643 211 633 211 645 211 635 211 28
639 215 630 217 643 217 633 218 23
640 237 620 237 643 239 623 239 32
640 243 619 243 643 245 622 245 53
638 255 613 255 641 259 615 259 61
641 268 612 268 645 273 614 273 82
637 266 609 266 641 271 611 271 86
637 276 605 276 641 283 606 283 48
638 299 597 298 641 309 598 309 40
640 303 598 303 645 315 604 315 78
635 318 589 318 641 333 590 333 79
639 332 588 329 645 351 588 351 107
647 43 631 43 649 37 633 37 110
648 46 632 46 651 41 635 41 105
645 56 628 55 647 51 630 50 97
644 66 629 65 647 61 631 61 96
648 79 632 78 651 75 635 74 46
648 98 633 99 651 95 637 94 147
644 107 629 106 647 105 634 106 164
645 144 637 143 647 143 639 142 552
645 171 641 171 647 171 643 171 460
647 175 635 175 649 175 636 173 538
646 187 635 187 649 187 637 187 159
648 212 637 213 651 213 639 212 13
646 209 635 209 649 209 637 208 23
646 213 635 214 649 215 637 214 15
643 234 625 235 647 237 629 237 35
647 234 630 234 651 235 633 236 28
643 274 611 274 649 281 614 281 65
645 295 607 295 651 305 609 305 37
647 333 597 333 651 353 593 353 150
650 40 636 40 653 35 639 36 135
652 42 638 45 655 37 640 37 113
650 64 634 64 653 59 637 59 67
652 79 636 79 655 75 639 75 46
650 81 634 81 653 77 637 77 78
650 117 641 117 653 115 644 115 62
652 195 640 195 655 195 642 195 75
654 241 634 241 657 243 637 243 49
652 241 632 241 655 243 634 243 46
653 250 631 250 657 253 634 253 85
649 257 623 256 653 261 625 259 88
652 292 613 291 657 301 617 301 83
649 302 609 302 655 313 611 313 72
648 338 600 338 655 357 600 357 119
660 24 646 24 663 19 649 18 95
660 34 646 34 663 29 649 29 111
660 58 644 58 663 53 646 53 69
656 62 639 62 659 57 642 57 73
656 192 643 192 659 191 646 190 66
658 193 645 193 661 193 648 193 54
658 203 645 203 661 203 648 203 32
656 217 644 217 659 217 646 217 16
655 220 642 220 659 221 645 221 14
656 237 636 237 659 239 639 239 33
657 245 636 244 661 247 640 247 61
660 252 639 252 663 255 639 255 99
657 276 625 276 663 283 629 283 79
657 285 622 285 663 293 625 293 66
656 293 619 293 663 303 622 303 50
653 308 610 308 659 321 612 321 74
653 305 611 305 659 317 613 317 76
656 314 611 314 661 327 612 327 101
666 40 651 40 669 35 655 34 103
662 50 646 51 665 45 650 45 142
665 100 648 102 669 97 653 97 88
664 158 657 157 667 157 659 156 316
666 170 651 171 669 169 655 171 243
666 182 654 181 669 181 657 181 48
664 189 652 189 667 189 655 189 25
663 213 651 213 669 213 653 213 12
662 218 648 218 665 219 650 219 11
665 222 651 222 669 223 654 223 12
662 224 647 224 665 225 650 225 16
664 243 642 242 669 245 647 245 57
664 248 642 248 669 251 646 251 85
661 278 628 278 667 285 632 285 65
664 275 633 275 669 281 636 281 91
663 283 628 283 669 291 632 291 75
660 287 628 288 665 295 627 295 67
661 290 624 290 667 299 627 299 63
658 298 618 298 665 309 622 309 75
667 23 653 22 671 17 656 16 120
668 25 653 24 671 19 655 19 92
667 54 651 54 671 49 655 49 68
671 83 655 83 675 79 658 79 70
668 193 656 193 671 193 657 193 16
672 197 659 197 675 197 662 197 12
670 199 657 199 673 199 660 199 16
671 211 657 210 675 211 659 211 10
670 215 655 214 673 215 657 214 13
671 245 649 244 673 247 651 247 129
665 271 635 271 671 277 638 276 95
677 44 661 44 681 39 664 39 99
674 59 658 59 677 55 661 54 78
673 68 657 67 677 63 660 63 77
673 122 659 121 677 119 662 119 128
674 174 661 173 677 173 664 172 35
674 186 661 185 677 185 664 185 19
673 189 661 189 677 189 664 189 12
675 193 663 193 679 193 665 193 10
674 201 660 201 677 201 667 200 23
675 213 661 213 681 213 666 213 8
673 215 660 214 677 215 661 215 11
672 239 652 237 677 241 658 241 42
673 277 641 277 679 283 645 283 37
672 282 639 281 679 289 643 289 68
683 58 669 59 687 53 670 52 102
679 62 662 61 683 57 666 56 62
681 66 665 64 685 61 668 62 63
683 78 667 77 687 73 672 73 64
681 91 668 92 685 87 669 86 120
679 101 663 100 683 97 667 97 105
681 99 668 98 685 95 671 95 117
684 137 670 136 687 133 674 134 464
684 174 671 173 687 173 674 173 34
680 175 667 176 683 175 670 175 36
681 193 668 193 685 193 671 193 14
682 199 669 199 685 199 672 199 11
679 241 654 240 683 243 657 242 62
680 273 648 272 687 279 654 279 51
680 278 649 277 687 285 652 285 43
677 297 638 297 685 307 643 306 44
675 300 635 300 683 311 639 311 39
678 307 635 307 687 319 640 319 43
687 55 671 55 691 51 675 51 50
689 76 672 75 693 71 676 71 72
687 82 667 79 691 77 674 77 89
685 102 669 103 689 99 675 98 127
688 139 680 135 691 135 684 136 717
687 149 672 148 691 147 676 146 292
687 172 673 171 691 171 676 171 38
689 185 674 185 693 185 678 185 31
685 195 670 193 689 195 675 194 13
685 203 669 204 689 203 675 203 7
687 207 672 207 691 207 676 207 17
682 240 663 240 689 243 667 242 78
684 237 665 237 689 239 669 239 62
686 245 664 244 691 247 669 247 79
685 283 650 283 693 291 656 291 58
683 287 648 286 691 295 652 295 34
683 304 641 303 691 315 646 314 32
684 300 644 300 693 311 649 311 29
690 45 675 44 695 39 679 38 88
695 62 679 62 699 57 683 56 63
692 87 676 87 697 83 679 84 79
692 95 676 95 697 91 680 91 90
690 113 679 113 695 111 682 111 371
695 163 680 161 699 161 684 160 139
686 233 666 231 695 235 673 233 31
691 253 668 253 699 257 674 257 104
687 276 655 276 695 283 660 283 46
689 285 654 285 697 293 658 294 28
690 296 651 296 695 307 652 307 50
700 27 685 27 705 21 688 20 259
696 44 680 44 701 39 684 38 127
698 58 681 58 703 53 686 52 101
700 71 683 71 705 67 688 67 63
700 89 685 89 705 85 690 84 70
700 87 685 87 705 83 685 81 91
698 93 682 93 703 89 687 89 70
698 113 689 112 701 111 692 111 322
701 163 688 161 705 161 691 160 267
700 188 691 188 705 189 694 187 40
699 220 683 220 703 221 687 221 13
701 241 679 241 703 243 681 243 52
699 246 677 246 705 249 681 248 102
695 248 671 246 701 251 679 252 135
705 66 686 67 707 63 690 63 80
704 75 688 75 709 71 691 70 62
704 81 689 81 709 77 693 76 70
702 99 687 98 707 95 691 95 108
707 175 697 175 711 175 701 175 81
703 186 693 186 707 185 697 185 20
702 248 679 247 709 251 685 251 127
703 255 679 255 711 259 685 259 100
701 253 678 253 709 257 684 257 87
704 259 678 259 711 263 684 263 88
707 43 693 43 715 33 699 32 186
712 60 695 59 717 55 701 54 100
709 81 693 81 715 77 698 77 62
713 174 703 174 717 173 707 173 20
712 186 702 185 715 187 704 186 25
712 194 702 193 717 193 706 193 12
709 200 700 199 713 199 704 198 25
708 242 688 242 717 245 695 245 82
707 264 678 263 715 269 685 268 82
706 273 675 272 715 279 682 279 54
703 339 650 339 717 359 657 359 74
716 110 699 109 721 107 705 106 206
719 142 708 142 723 141 712 141 46
715 146 705 146 719 145 709 145 41
719 174 708 173 723 173 712 172 28
716 187 709 186 721 187 711 187 13
715 266 686 266 723 271 693 271 84
710 271 679 271 719 277 687 277 73
709 277 675 276 719 283 684 283 39
708 339 655 339 723 359 663 359 85
721 68 705 68 727 63 710 62 83
719 66 703 65 725 61 709 61 90
720 81 703 81 725 77 708 76 121
725 138 714 138 729 137 718 136 38
724 193 713 193 729 193 717 193 17
724 218 708 218 729 219 714 219 16
723 224 708 224 729 225 713 225 15
716 248 690 248 725 251 698 251 170
718 248 693 248 727 251 700 251 113
717 255 692 255 725 259 697 259 114
721 270 691 270 729 275 698 275 141
712 335 660 335 725 353 667 353 88
724 31 711 29 733 21 717 19 485
728 94 717 97 733 91 721 92 64
730 93 712 92 735 89 716 90 117
728 115 716 115 733 113 721 113 30
730 139 718 138 735 137 723 137 43
730 189 718 189 735 189 723 187 22
715 332 667 333 731 351 674 351 92
736 89 717 88 741 85 722 85 114
732 108 720 108 737 105 725 105 89
732 110 714 110 737 107 718 105 119
734 129 722 130 739 129 727 129 49
732 195 720 195 737 195 725 195 31
724 339 670 339 741 359 681 359 64
735 44 722 44 743 35 731 34 283
738 126 726 124 743 123 731 125 25
738 143 726 143 743 139 731 141 49
740 160 728 159 745 159 733 158 62
738 189 726 189 743 189 731 188 22
738 237 713 236 747 241 720 240 32
734 265 705 265 745 271 714 271 88
734 269 704 269 745 275 713 275 130
732 278 699 278 743 285 708 285 135
735 280 702 280 747 287 712 287 126
745 135 732 135 751 133 738 133 47
747 141 734 142 753 139 740 139 58
747 154 735 153 753 153 740 151 46
745 160 732 160 751 159 738 159 39
744 201 731 201 749 201 736 200 10
743 239 715 239 753 243 725 241 55
739 254 709 254 749 259 718 259 72
742 275 710 275 753 281 720 282 151
738 292 701 292 751 301 713 301 80
731 341 681 343 749 361 689 361 59
733 341 679 341 751 361 690 361 56
753 117 739 118 759 115 745 115 70
753 184 740 184 759 183 746 182 45
749 189 736 189 755 191 741 189 24
753 207 740 207 759 207 745 207 18
748 249 720 248 759 253 729 252 45
747 258 717 258 759 263 727 263 64
745 258 716 258 757 263 725 263 67
747 273 716 273 759 279 725 279 101
741 339 688 339 759 359 699 359 69
750 33 737 35 761 23 748 24 233
754 40 745 42 765 31 757 33 205
753 52 736 54 765 43 746 45 130
755 154 742 154 761 153 747 152 30
759 210 745 210 765 211 750 210 10
754 244 725 243 765 247 735 247 52
751 256 721 256 763 261 731 261 67
750 253 720 252 761 257 729 257 34
753 265 723 265 765 271 733 271 46
752 267 721 267 763 273 731 273 67
759 73 744 77 771 67 751 65 108
762 141 749 141 769 139 755 138 68
762 148 749 146 769 145 755 144 49
765 193 751 193 771 193 757 191 26
760 195 747 195 767 195 753 195 17
760 225 733 225 771 227 743 227 21
760 234 733 234 771 237 743 237 53
755 249 726 249 767 253 736 253 31
758 258 728 258 771 263 739 263 82
758 271 727 271 771 277 738 277 57
768 157 753 156 775 155 760 155 85
764 226 737 226 775 229 747 228 34
761 236 734 235 773 239 744 238 39
765 245 736 245 777 249 746 249 83
762 255 732 255 775 261 743 261 54
764 267 733 267 777 273 744 273 149
764 264 734 263 777 269 744 269 47
762 273 729 272 775 279 741 279 68
759 278 726 278 773 285 737 285 65
758 343 701 342 775 363 714 363 57
767 241 738 242 779 245 749 245 49
770 249 740 249 783 253 751 253 34
766 254 736 254 779 259 747 259 82
766 252 736 252 779 257 747 257 63
768 261 737 262 781 267 748 267 45
775 247 745 247 789 251 757 251 52
773 256 743 257 787 261 754 260 71
771 252 741 252 785 257 753 257 56
773 265 742 265 787 271 754 271 39
771 269 740 269 785 275 752 275 78
780 236 751 237 793 239 763 239 56
781 247 751 247 795 251 763 251 34
777 269 745 269 791 275 757 275 29
776 276 746 279 791 283 756 283 75
787 108 759 107 801 105 771 103 91
787 155 758 155 801 153 770 153 142
783 241 753 241 797 245 765 245 66
785 254 754 254 799 259 766 259 29
783 258 752 258 797 263 764 263 40
784 267 753 267 799 273 766 273 30
782 269 751 269 797 275 763 275 30
782 275 750 275 797 281 763 281 44
783 290 746 290 801 299 761 299 100
791 112 763 112 805 107 775 106 86
789 113 761 113 803 109 773 108 100
791 122 763 121 805 117 775 116 89
791 135 763 135 805 131 775 131 93
793 139 764 139 807 139 777 138 237
789 157 760 157 803 155 772 155 98
793 165 764 164 807 163 776 163 59
792 190 764 193 807 191 776 191 63
793 226 764 226 807 229 776 229 42
789 232 759 232 803 235 771 235 78
790 245 760 245 805 249 773 249 31
791 241 761 241 805 245 773 245 48
789 249 759 249 803 253 771 253 44
792 254 761 254 807 259 774 259 49
788 258 758 257 803 263 770 263 50
791 269 760 269 807 275 773 275 49
786 308 742 307 807 321 759 321 92
799 116 770 116 813 111 790 110 238
794 160 765 160 809 159 778 159 77
798 159 769 159 813 157 782 157 103
794 178 765 177 809 177 778 177 64
798 186 769 186 813 185 782 185 58
798 196 769 196 813 197 782 197 61
794 198 765 198 809 199 777 198 57
794 207 765 206 809 207 778 207 56
796 213 766 213 811 215 779 215 53
796 232 767 232 811 235 780 235 50
794 247 764 247 809 251 777 251 48
797 267 765 267 813 273 779 273 51
795 275 759 274 811 281 777 281 33
793 286 757 286 811 295 772 295 80
791 292 753 291 809 301 768 301 66
802 90 773 90 817 83 785 85 141
802 174 773 174 817 173 786 172 92
800 178 771 178 815 177 784 177 68
804 210 775 209 819 211 788 210 61
800 213 771 213 815 215 784 215 63
802 234 773 233 817 237 786 237 72
802 240 772 239 817 243 786 243 42
800 247 770 247 815 251 783 251 30
800 253 769 253 815 257 782 257 29
799 260 768 260 815 265 781 265 38
803 263 771 263 819 269 787 269 99
799 271 767 271 815 277 781 277 28
803 272 771 272 819 279 785 279 44
796 293 757 293 815 303 773 303 87
799 298 758 298 819 309 775 309 105
794 301 752 301 815 313 770 313 107
795 308 751 308 817 321 769 321 91
794 315 749 315 817 329 767 329 129
808 173 779 173 823 171 792 173 108
806 189 777 189 821 189 790 189 58
807 231 778 231 823 235 792 235 50
806 236 776 235 821 239 790 239 42
807 247 777 247 823 251 791 251 22
805 253 775 252 821 257 789 256 54
807 256 777 257 823 261 791 262 43
804 264 773 263 821 269 787 269 33
804 268 772 268 821 275 787 275 105
804 276 771 276 821 283 786 283 72
807 280 772 280 825 287 788 287 73
806 287 770 287 825 295 786 295 67
806 291 768 292 825 301 784 301 48
802 296 762 296 823 307 779 307 90
801 300 760 300 821 311 776 311 97
812 79 782 81 829 73 796 71 72
813 95 783 99 829 91 797 90 41
813 102 783 101 829 97 797 96 31
815 205 795 205 827 207 807 205 75
811 230 783 230 827 233 796 232 48
813 230 784 229 829 233 798 233 67
815 241 785 242 831 245 799 246 28
815 247 785 246 831 251 799 251 56
812 251 781 251 829 255 796 255 76
810 261 778 262 827 267 793 267 35
814 265 782 265 831 271 797 271 37
811 276 778 276 829 283 794 283 43
808 305 766 305 831 317 784 317 147
803 306 761 306 827 319 780 319 93
807 310 763 310 831 323 783 323 102
815 55 786 58 833 47 799 47 114
818 104 789 101 835 97 803 96 43
826 160 806 159 837 159 817 158 29
821 221 800 221 833 225 812 224 50
820 240 790 240 837 243 805 243 19
818 250 787 249 835 255 802 254 42
815 272 783 272 833 279 798 279 50
819 274 786 274 837 281 802 281 43
818 280 785 280 837 287 801 287 71
815 286 779 286 835 295 795 295 74
812 301 771 301 835 313 789 313 130
811 306 768 306 835 319 787 319 104
833 211 813 211 841 213 825 211 34
829 229 809 229 841 231 821 231 29
821 265 788 264 839 271 804 271 34
818 293 779 293 839 303 797 304 120
837 119 817 118 849 115 828 114 39
835 159 815 158 847 157 827 157 34
835 164 816 163 847 163 827 162 39
833 200 815 200 847 201 827 199 18
835 208 818 209 845 209 829 208 19
831 209 813 210 845 211 823 211 19
835 217 814 215 847 217 826 216 15
836 227 816 227 849 229 828 229 11
833 225 812 223 845 227 823 225 14
833 240 803 239 849 243 818 243 14
829 237 801 237 847 241 816 240 12
829 242 800 243 847 247 815 246 9
827 245 793 245 845 251 803 252 60
831 280 794 279 849 287 812 287 52
828 283 793 283 849 291 811 291 77
825 293 786 293 847 303 805 303 120
826 295 785 295 849 305 806 305 136
823 303 781 303 847 315 801 315 135
824 299 784 299 849 311 805 311 165
821 306 778 306 845 319 798 319 102
835 42 804 42 853 33 818 33 129
838 47 810 47 855 39 825 39 95
840 159 821 159 853 157 832 157 43
841 199 821 199 855 201 832 201 15
839 226 818 226 851 227 830 227 9
842 227 822 227 855 229 834 228 9
840 231 819 231 853 233 832 233 9
836 254 805 254 855 259 822 259 6
832 259 801 259 851 265 817 264 7
826 308 782 308 851 321 802 321 109
843 108 821 107 857 103 834 103 29
845 106 824 104 859 101 836 100 23
848 110 826 111 861 107 839 108 26
843 111 821 111 857 107 834 107 25
847 165 827 163 861 163 839 162 35
845 211 824 210 857 211 833 210 15
843 232 822 233 857 235 837 235 12
836 264 804 263 857 269 817 267 15
837 276 804 276 857 283 820 283 59
840 283 805 283 861 291 822 291 62
839 288 801 288 861 297 821 297 101
834 292 796 291 857 301 815 301 127
834 295 794 294 857 305 814 305 104
834 303 792 303 859 315 813 315 130
835 300 794 300 859 311 815 311 250
850 227 828 228 865 231 842 231 14
848 233 828 233 863 235 841 235 6
845 236 825 236 863 239 842 238 17
843 265 812 265 863 271 829 271 13
844 271 812 271 863 277 829 277 17
846 276 813 277 867 283 831 283 53
842 285 806 285 863 293 824 293 98
856 202 833 202 869 203 839 201 15
856 234 833 234 871 237 848 237 7
853 264 821 264 873 269 839 269 13
850 270 817 270 871 277 835 276 9
863 109 841 109 877 103 852 101 18
861 237 838 237 875 239 852 239 9
855 267 823 268 877 275 843 274 13
857 279 823 279 879 287 841 287 61
850 287 813 287 875 297 833 296 81
854 289 816 289 879 299 838 299 61
850 293 812 293 875 303 833 303 86
850 303 807 303 877 315 830 315 123
869 238 842 235 883 239 863 240 10
865 262 831 261 885 267 851 266 18
860 278 827 278 883 285 847 285 16
860 281 823 281 883 289 844 289 37
854 301 813 302 881 313 835 313 98
873 95 849 94 891 89 866 88 21
872 113 848 113 889 109 864 110 16
874 159 850 158 891 157 866 156 24
858 306 815 306 887 319 839 319 169
878 157 854 156 895 155 870 154 19
880 161 859 160 897 159 877 158 68
875 233 853 234 893 237 869 237 9
872 268 840 268 895 275 860 274 18
874 269 843 268 897 275 863 274 12
871 276 838 276 893 283 856 283 11
865 300 824 300 893 311 848 311 83
886 157 862 156 903 155 878 154 26
879 265 849 266 901 271 868 271 13
878 269 847 269 901 275 867 275 9
882 272 846 272 903 279 868 279 12
888 95 862 95 907 89 881 88 27
891 153 867 153 909 151 884 150 36
889 161 866 160 907 159 883 158 31
891 219 866 219 909 221 883 221 16
890 235 865 235 909 239 883 239 16
887 255 857 253 909 261 883 259 17
883 264 853 264 905 269 873 269 20
882 267 850 267 905 273 870 273 12
880 280 843 279 909 289 873 290 15
879 284 843 285 905 293 866 294 11
877 305 834 305 907 317 860 317 58
875 308 831 308 905 321 856 321 62
896 87 868 86 915 81 886 81 25
895 168 867 167 911 165 884 165 17
892 221 868 222 911 223 885 223 24
891 261 857 260 913 267 879 265 7
892 267 864 268 915 273 881 273 23
881 301 839 301 911 313 865 313 47
883 301 841 301 913 313 869 314 51
898 100 873 100 917 95 890 95 84
901 159 877 159 919 157 894 157 42
903 163 877 163 921 161 895 161 50
901 218 872 217 917 219 891 218 29
899 236 874 236 919 239 892 238 24
898 240 873 240 917 243 888 242 15
897 271 863 271 919 277 885 277 13
892 290 855 289 921 299 879 299 10
905 61 877 59 925 55 897 53 10
905 90 879 89 927 83 897 83 31
903 219 877 219 923 221 894 220 13
907 225 881 223 927 227 899 225 21
901 236 876 236 923 241 896 241 18
891 310 844 309 923 323 873 323 72
909 91 882 91 931 85 902 85 51
905 258 874 258 931 263 897 262 10
901 288 863 288 929 297 890 298 11
901 283 864 284 931 293 889 293 11
915 163 887 163 935 163 907 161 28
917 242 891 243 939 247 911 245 17
909 251 877 252 935 259 902 259 10
915 257 882 260 937 265 904 264 8
915 279 879 278 935 285 905 287 8
915 285 880 285 943 293 902 293 13
924 210 895 209 947 211 916 210 38
927 226 898 226 951 229 920 229 19
925 249 897 249 949 253 918 253 16
927 250 898 249 951 255 920 254 14
923 264 892 264 947 269 912 268 14
915 292 878 293 949 303 907 304 9
915 291 876 291 947 301 902 300 13
915 296 874 296 947 307 902 307 10
931 215 902 215 955 217 924 217 25
929 221 900 221 953 223 922 223 22
931 229 902 228 955 231 924 230 26
931 245 902 245 955 251 924 250 24
929 280 893 279 957 289 920 288 10
935 201 907 204 959 203 929 205 30
935 210 906 211 959 213 928 213 37
935 226 905 225 959 229 928 228 26
934 259 902 259 959 265 924 263 17
930 295 889 295 961 305 920 306 13
941 219 912 220 965 223 934 221 23
940 250 912 251 965 255 934 255 19
945 252 918 253 969 257 937 257 20
948 257 914 257 975 263 940 263 17
943 267 911 267 971 273 936 273 10
944 269 910 271 971 277 936 277 7
944 282 906 281 971 289 930 288 9
954 104 923 104 981 97 948 97 130
953 215 923 215 981 217 948 217 19
953 263 920 263 981 269 944 267 11
957 116 926 116 985 111 952 110 241
960 204 931 203 987 205 956 203 21
955 213 925 212 983 215 950 215 19
956 220 925 221 983 223 949 222 16
958 247 927 249 985 253 952 253 15
960 110 930 110 989 105 956 105 99
963 118 932 117 991 113 958 111 105
965 247 932 247 993 251 959 249 23
961 262 929 262 989 267 954 267 17
968 264 935 263 997 269 963 269 21
973 213 941 212 1005 215 971 214 12
977 225 945 223 1005 225 971 225 11
972 265 939 265 1001 271 968 271 19
977 210 943 209 1009 213 972 212 14
977 217 942 217 1011 219 971 219 14
975 217 941 217 1009 219 969 219 14
981 260 949 260 1011 265 977 265 26
978 258 944 258 1007 263 973 262 34
977 263 945 263 1009 269 977 270 25
982 137 954 138 1013 135 981 134 72
984 144 951 144 1013 141 983 140 75
984 158 951 159 1013 153 979 151 15
985 265 954 266 1015 271 980 271 29
983 269 953 270 1015 275 982 276 15
983 273 950 274 1017 281 979 280 33
990 273 957 274 1023 281 981 280 16
993 138 964 138 1025 135 996 134 76
996 217 963 217 1029 219 993 219 23
1002 198 967 195 1035 199 1001 198 15
1000 202 966 201 1033 203 997 202 14
1002 202 968 201 1035 203 999 202 25
1000 213 967 213 1033 215 997 214 23
998 213 965 213 1031 215 995 215 31
1000 221 967 220 1033 221 998 223 41
998 249 965 248 1031 253 995 253 37
998 252 965 253 1031 257 995 257 46
998 265 966 265 1031 271 996 271 22
1004 213 970 213 1037 215 1001 214 33
1006 251 973 251 1039 255 1004 255 35
1004 256 971 257 1037 261 1001 261 42
1011 126 981 125 1043 121 1010 121 189
1013 129 982 129 1045 125 1012 124 184
1011 133 981 132 1043 129 1010 127 125
1010 209 976 211 1043 213 1006 213 22
1016 197 987 193 1049 197 1017 195 11
1021 200 989 200 1053 201 1009 201 34
1024 137 993 136 1057 133 1025 132 396
1030 131 995 131 1063 127 1030 126 656
1037 122 1005 123 1071 117 1038 117 538
1038 137 1007 136 1071 133 1037 132 483
1003 66 934 66 1075 43 994 43 147
1006 63 936 63 1079 41 997 41 129
1010 69 940 68 1083 47 1001 46 139
1053 305 980 306 1143 331 1055 331 54
1049 331 973 330 1139 361 1049 361 65
1057 299 983 300 1147 321 1059 323 44
1055 330 979 330 1145 359 1055 359 82
1057 333 981 334 1147 363 1057 364 92
1062 302 984 301 1153 325 1064 326 53
1061 327 985 327 1153 355 1063 355 78
1067 298 991 298 1159 321 1070 321 44
1067 304 991 304 1159 327 1070 328 57
1067 307 992 308 1161 333 1070 333 54
1068 312 993 312 1161 337 1072 338 85
1068 330 992 330 1161 359 1071 359 88
1069 329 994 329 1163 357 1073 357 112
1069 333 993 334 1163 363 1072 364 72
1076 303 1001 306 1171 329 1079 328 109
1076 325 1000 325 1171 353 1080 353 71
1074 325 998 325 1169 353 1080 354 63
1083 188 1008 187 1179 189 1090 189 61
1080 272 1001 270 1177 289 1085 290 88
1081 284 1003 283 1179 305 1087 305 72
1081 291 1003 290 1177 311 1086 312 75
1082 301 1007 302 1179 325 1089 325 77
1082 318 1006 318 1179 345 1087 344 64
1080 316 1000 314 1177 343 1086 343 97
1089 186 1014 186 1185 187 1095 186 39
1089 192 1014 192 1185 193 1096 194 36
1090 193 1014 194 1185 197 1096 197 49
1087 198 1012 198 1185 201 1096 201 42
1086 202 1010 202 1183 205 1093 205 58
1087 205 1011 205 1185 209 1095 209 57
1087 209 1011 209 1183 217 1093 217 63
1086 215 1010 217 1183 225 1093 225 75
1084 220 1009 219 1181 227 1091 227 59
1086 225 1011 225 1183 233 1093 233 99
1084 225 1009 225 1181 233 1091 233 57
1085 242 1007 242 1183 253 1090 253 108
1083 267 1005 267 1181 285 1088 285 90
1087 299 1011 299 1185 323 1094 323 77
1086 305 1010 305 1183 329 1093 329 59
1085 310 1009 310 1181 335 1091 336 57
1086 313 1010 314 1183 341 1092 340 59
1089 135 1013 134 1189 125 1097 124 48
1091 202 1015 202 1189 205 1099 205 30
1090 213 1014 216 1187 223 1097 225 56
1093 221 1018 220 1191 227 1102 229 58
1093 225 1018 225 1191 233 1102 233 91
1089 248 1014 248 1187 259 1097 260 64
1089 266 1012 266 1189 283 1097 283 93
1090 279 1014 279 1189 297 1099 297 90
1089 286 1013 287 1187 307 1096 307 126
1096 134 1019 133 1197 125 1105 124 46
1092 145 1015 145 1193 137 1101 137 48
1095 190 1020 189 1195 191 1104 191 24
1095 193 1020 193 1195 195 1104 194 43
1095 214 1020 213 1195 219 1105 219 74
1097 210 1022 209 1197 215 1107 215 44
1094 233 1019 233 1193 243 1103 243 81
1096 235 1021 235 1195 245 1105 245 76
1095 238 1019 238 1193 249 1103 249 94
1098 240 1022 241 1197 251 1107 251 119
1095 255 1020 255 1195 269 1105 269 63
1095 258 1019 258 1195 273 1105 273 64
1097 283 1021 281 1197 303 1107 304 79
1094 290 1016 289 1193 311 1102 311 101
1095 313 1019 314 1195 339 1103 340 58
1093 320 1017 320 1193 347 1097 346 64
1094 329 1016 329 1197 359 1103 359 69
1094 333 1015 334 1195 363 1102 364 100
1099 196 1023 196 1199 199 1108 198 31
1102 218 1026 218 1203 225 1113 225 32
1102 227 1026 227 1203 235 1112 235 97
1101 233 1026 233 1201 243 1111 243 111
1101 243 1025 243 1201 255 1110 255 99
1099 268 1023 268 1199 285 1109 285 147
1101 272 1025 272 1201 289 1110 289 81
1101 282 1025 282 1201 301 1111 301 93
1099 287 1023 287 1199 307 1109 309 105
1098 299 1023 299 1199 321 1109 321 85
1103 182 1027 182 1205 183 1114 182 26
1105 193 1028 193 1205 199 1114 198 32
1106 206 1031 207 1209 211 1118 210 40
1106 214 1030 215 1207 221 1117 221 52
1104 228 1028 228 1205 237 1114 237 124
1103 248 1026 248 1205 261 1113 261 102
1100 257 1025 258 1205 269 1114 269 128
1107 284 1031 284 1209 305 1119 305 87
1106 303 1029 303 1209 327 1118 328 84
1102 318 1025 318 1205 345 1112 346 50
1109 183 1033 184 1213 183 1121 182 41
1107 189 1031 189 1211 191 1119 189 27
1110 226 1034 226 1213 235 1122 235 82
1108 278 1033 279 1211 297 1120 298 107
1111 276 1032 275 1215 295 1124 296 114
1109 286 1033 285 1211 307 1120 307 100
1110 315 1033 317 1215 343 1124 344 67
1107 323 1029 323 1211 351 1119 352 119
1105 329 1026 329 1211 359 1117 360 108
1111 203 1034 203 1217 207 1125 207 25
1114 200 1038 200 1219 203 1127 203 27
1113 239 1037 239 1217 253 1126 253 85
1116 268 1040 268 1221 285 1129 284 80
1114 283 1038 283 1219 303 1127 303 106
1115 319 1038 320 1221 347 1128 348 86
1119 213 1042 213 1225 219 1133 219 49
1121 237 1043 236 1227 247 1135 248 104
1118 239 1041 239 1225 249 1132 250 70
1120 251 1043 251 1227 265 1135 265 64
