82 98 69 98 73 97 60 98 224
103 129 69 129 75 127 37 127 44
86 104 53 104 77 103 45 104 261
107 123 73 123 77 121 41 121 46
111 125 77 125 81 123 44 123 42
93 18 83 19 87 19 80 17 17
95 92 83 92 87 91 75 91 104
96 97 83 98 87 97 75 97 182
98 48 87 49 91 47 80 48 177
101 84 90 84 93 83 83 83 75
104 48 93 49 97 47 86 48 187
103 96 91 96 95 95 82 95 107
131 146 99 146 105 145 72 145 244
131 148 99 148 105 147 71 148 349
131 162 99 161 105 163 72 165 56
115 84 102 84 107 83 95 84 64
119 92 106 92 111 91 98 91 46
136 120 103 120 109 117 76 118 109
134 127 103 127 107 125 74 125 67
135 150 104 150 109 149 76 149 141
135 157 103 157 109 159 76 159 65
141 112 109 112 115 109 92 111 281
141 118 109 118 115 115 81 115 146
144 127 112 127 117 125 85 125 80
143 133 112 133 115 131 81 131 55
138 146 107 146 113 145 79 145 255
141 165 110 165 117 165 85 165 114
127 70 115 70 119 69 107 68 28
149 139 117 139 119 137 85 137 105
136 41 124 41 129 39 117 40 55
132 46 120 47 125 45 113 47 30
136 115 106 116 129 115 96 115 77
153 152 120 152 125 151 94 151 148
152 167 123 167 129 169 98 168 14
152 184 121 182 129 185 97 183 20
138 39 126 39 131 37 119 38 44
138 72 127 72 131 71 119 71 20
141 76 127 77 135 75 121 76 18
155 126 124 127 131 125 99 126 92
154 165 125 165 133 165 102 165 21
155 222 127 221 133 225 103 227 50
147 31 135 32 141 29 129 30 88
147 39 135 39 141 37 129 38 47
144 37 131 37 137 35 125 36 50
146 44 134 45 139 43 127 44 33
144 62 132 63 137 61 126 62 28
164 122 133 122 141 119 109 119 96
163 135 131 135 137 133 101 133 76
160 161 133 161 137 161 113 161 48
158 167 130 167 137 167 107 167 17
161 203 131 199 139 203 108 201 18
163 203 134 203 141 205 110 203 25
162 227 133 227 141 231 110 231 126
160 225 131 225 139 229 109 229 132
159 229 130 229 137 233 106 233 149
150 53 138 54 143 51 131 52 30
150 92 137 92 143 91 131 92 27
152 102 140 103 145 101 133 100 43
155 141 125 141 147 141 114 141 62
157 147 126 147 145 147 116 147 51
153 151 126 151 143 151 114 151 36
155 160 126 160 143 161 115 161 32
163 183 137 182 143 183 114 184 26
169 198 139 197 147 201 118 199 24
164 223 135 223 143 227 113 227 92
158 35 145 35 151 33 139 34 112
157 41 145 42 151 41 139 42 82
157 94 146 94 151 93 141 93 51
174 121 145 122 153 119 122 119 136
174 134 146 135 153 133 122 133 161
171 175 140 175 151 177 122 177 22
164 41 152 42 157 39 145 40 208
162 54 149 55 155 53 143 53 46
165 84 149 82 157 83 144 83 32
164 94 151 94 157 93 144 93 42
161 98 149 98 155 97 142 97 26
166 96 153 96 159 95 146 95 51
166 102 153 99 159 101 147 101 29
162 105 149 106 155 105 143 105 124
162 107 150 108 155 107 143 107 127
178 130 149 129 157 129 126 127 127
180 132 151 132 159 131 128 131 134
169 153 143 153 155 153 135 154 73
180 161 152 159 159 161 130 161 39
176 187 149 188 157 189 128 188 12
178 209 149 209 157 213 129 211 14
170 19 159 20 163 19 152 19 174
168 29 156 30 161 27 148 27 159
171 45 159 45 165 43 153 44 120
170 52 161 50 163 51 150 52 89
172 76 160 77 165 75 152 75 34
168 80 155 80 161 79 148 79 31
172 78 160 79 165 77 152 77 31
191 137 157 136 165 135 134 135 126
176 156 148 156 165 157 136 157 67
174 31 159 31 167 29 152 29 300
177 45 163 47 171 43 161 42 158
177 89 165 90 171 89 158 89 25
181 153 153 153 167 153 139 153 88
190 171 162 169 171 169 143 169 79
186 191 159 190 169 193 139 194 41
179 32 168 33 175 31 161 31 126
181 41 169 41 175 39 163 40 78
181 50 169 49 175 49 163 47 65
179 74 168 75 173 73 159 73 28
179 76 168 77 173 75 159 75 27
195 165 168 164 177 165 149 165 67
191 167 164 167 173 167 145 167 41
191 143 161 143 183 143 151 143 128
194 41 183 41 189 39 179 37 14
192 43 183 41 187 41 177 39 19
195 61 180 61 189 61 176 62 16
198 44 186 43 191 43 177 45 15
202 112 188 112 195 111 180 111 122
199 114 184 114 191 113 176 113 126
195 133 167 133 191 133 162 133 74
203 145 175 145 195 145 165 145 188
209 151 183 151 193 151 165 151 260
208 156 181 155 191 155 163 155 113
207 90 194 90 201 89 188 89 81
205 114 190 114 197 113 182 113 91
205 139 177 139 197 139 169 139 90
209 23 196 24 203 21 190 22 75
213 55 200 55 207 53 194 53 84
211 86 200 86 203 85 193 85 92
212 112 198 112 205 111 191 111 146
211 145 185 145 205 145 177 145 252
215 33 202 34 209 31 196 31 136
215 49 202 49 209 47 196 47 59
217 67 205 67 213 65 199 66 24
218 72 211 72 209 71 187 72 26
215 115 202 113 209 115 195 113 140
219 112 207 112 213 113 201 113 138
217 115 205 115 211 115 199 115 129
223 153 201 153 213 153 186 153 118
223 29 210 30 217 27 204 27 63
225 25 211 26 217 23 209 23 155
225 31 212 32 219 29 206 30 99
221 51 208 51 215 49 202 50 134
224 84 214 84 219 83 200 84 97
225 113 212 116 219 115 206 115 147
235 129 209 129 219 127 192 128 160
225 141 200 141 219 141 192 141 105
232 138 207 137 217 137 190 137 205
227 153 203 153 215 153 189 153 56
230 19 218 20 225 17 212 18 48
237 137 211 136 223 137 196 137 137
233 147 205 147 223 147 198 147 101
235 153 211 153 223 153 197 153 77
234 29 222 30 229 27 216 27 106
233 88 220 88 227 87 214 87 71
233 93 220 92 227 91 214 91 148
244 130 221 131 231 129 205 129 168
245 135 220 134 231 133 205 133 106
237 141 210 141 231 141 207 141 73
243 157 218 157 229 157 203 157 177
241 165 216 161 227 163 201 161 119
244 209 220 210 231 213 205 211 108
245 27 229 28 237 25 227 25 54
240 31 228 32 235 29 222 30 75
238 37 226 38 233 35 220 35 83
239 110 226 110 233 111 220 109 62
247 161 222 161 233 161 208 163 176
247 166 222 165 233 167 208 167 167
247 181 222 177 233 179 208 181 120
247 193 222 191 233 193 208 195 102
248 215 224 214 235 217 210 217 161
244 35 230 36 239 33 227 33 75
248 32 235 32 243 29 230 30 82
248 51 238 51 243 49 231 49 41
246 57 234 57 241 55 228 56 28
243 63 231 63 239 61 227 61 21
254 132 230 132 243 131 217 131 132
249 149 225 149 241 149 217 149 94
249 155 227 155 239 155 215 155 125
251 173 226 172 239 173 215 173 256
254 210 231 210 241 213 217 213 175
253 217 230 216 241 219 217 218 191
255 230 232 229 243 233 219 232 134
257 21 242 22 249 19 239 19 72
254 28 241 28 249 25 236 26 109
252 36 239 35 247 35 234 35 120
251 65 237 65 247 63 233 63 27
257 115 245 115 249 115 228 116 77
251 143 225 143 245 143 218 143 71
253 149 231 149 247 149 223 149 64
255 161 233 161 245 161 225 161 130
260 173 238 172 249 173 226 173 129
259 211 237 211 247 213 224 213 69
258 234 236 234 247 237 224 236 136
257 26 247 26 255 23 239 24 104
256 30 243 30 251 27 238 28 151
261 119 246 119 253 119 235 119 95
266 130 243 130 255 129 230 129 123
264 132 241 132 253 131 229 131 101
263 145 244 146 255 145 232 145 76
262 199 240 199 251 201 228 200 46
262 23 249 24 257 21 244 22 145
262 39 250 39 257 37 245 37 141
264 36 251 37 259 35 246 37 189
266 43 253 41 261 41 248 42 146
264 47 251 47 259 45 246 45 118
266 53 253 53 261 51 248 51 64
264 76 251 77 259 75 246 75 40
264 114 251 114 259 113 246 113 36
269 136 246 136 257 135 233 135 165
269 157 249 157 259 157 240 157 100
271 170 250 170 261 171 239 171 172
268 173 246 172 257 173 235 173 91
269 186 248 187 259 191 237 192 75
269 197 248 199 259 201 237 201 82
271 206 250 207 261 209 239 210 114
271 225 250 226 261 229 239 230 66
268 24 255 24 263 21 250 22 204
272 45 259 45 267 43 254 43 197
270 67 261 67 267 65 256 65 33
269 79 255 79 263 77 249 77 44
268 114 255 114 263 113 250 113 44
273 151 253 151 267 151 247 151 130
273 161 252 161 263 161 241 161 97
273 179 252 182 263 183 241 185 188
274 22 261 22 269 19 256 19 287
274 43 261 43 269 41 256 41 181
274 92 261 92 269 91 256 91 40
274 112 261 112 269 111 256 111 68
283 159 262 159 273 159 251 159 241
281 233 260 233 271 237 249 237 130
282 59 269 59 277 57 264 57 37
281 63 267 63 275 61 265 61 78
279 92 267 92 275 91 262 91 50
279 131 255 131 275 131 252 131 67
285 151 265 151 279 151 257 151 154
287 149 267 149 279 149 258 149 162
288 235 267 235 279 239 257 239 308
286 20 273 20 281 17 268 17 312
289 24 277 24 285 21 272 22 378
285 27 273 28 281 25 268 26 193
285 36 275 33 281 33 267 35 148
289 37 277 38 285 35 272 35 226
286 57 273 57 281 55 268 55 28
285 73 275 73 283 71 270 71 39
289 78 273 79 283 77 269 77 34
292 134 271 134 283 133 261 133 111
293 140 271 140 283 139 261 139 124
294 151 273 151 285 151 264 151 292
292 156 271 156 283 155 261 155 207
291 241 269 243 281 247 259 246 233
293 28 281 27 289 25 276 26 221
291 30 278 31 287 27 273 29 153
295 41 282 41 291 39 278 39 102
291 43 279 43 287 41 274 41 91
292 49 279 49 287 47 274 47 64
292 55 279 55 287 53 274 53 37
291 63 279 63 287 61 275 61 28
291 88 279 89 287 87 274 87 45
293 110 280 110 289 109 276 109 55
291 110 279 110 287 109 274 109 52
298 147 277 147 289 147 267 147 256
296 153 276 155 287 153 266 153 272
300 199 279 197 291 201 270 201 125
296 201 275 201 287 203 265 203 255
330 306 252 306 287 329 194 328 104
330 310 252 310 287 333 195 333 121
332 308 254 308 289 331 197 330 147
299 30 287 33 295 27 282 28 170
297 45 284 45 293 43 280 44 78
301 45 288 46 297 43 284 43 116
299 57 286 57 295 55 282 55 41
297 55 284 56 293 53 280 53 64
302 65 289 65 297 63 284 63 16
299 71 289 71 297 69 285 69 53
302 136 281 136 293 135 271 135 123
304 138 283 137 295 137 274 138 96
304 145 283 145 295 145 273 145 117
302 145 281 145 293 145 271 145 149
302 151 281 151 293 151 271 151 160
301 205 281 205 293 207 272 207 144
305 203 285 203 297 205 276 205 155
303 250 281 249 293 253 271 253 373
307 26 294 26 303 23 290 23 163
308 47 295 47 303 45 291 45 48
307 43 294 44 303 41 290 41 111
305 51 293 51 301 49 288 49 33
304 61 292 61 299 59 287 59 25
307 77 294 77 303 75 289 75 49
303 88 290 88 299 87 286 87 35
305 87 292 86 301 85 288 85 72
303 110 290 110 299 109 286 109 70
311 141 291 142 303 141 287 141 172
305 159 287 159 301 159 281 159 211
308 253 286 253 299 257 276 256 339
311 39 298 40 307 37 294 37 76
314 57 297 57 309 55 295 55 38
312 73 298 73 307 71 293 71 29
309 78 296 78 305 77 291 77 53
311 110 298 110 307 109 294 109 65
311 116 298 116 307 115 293 115 42
313 143 300 143 309 143 295 143 126
315 200 298 199 309 201 290 201 61
314 203 295 203 307 205 288 205 68
316 205 297 205 309 207 289 207 102
315 238 295 238 307 241 286 241 163
319 247 296 247 307 251 286 251 257
317 24 304 24 313 21 300 21 131
317 26 304 26 313 23 300 24 188
315 43 301 44 311 41 298 41 105
315 99 301 99 311 99 297 97 78
318 112 304 112 313 111 299 111 32
315 108 302 108 311 107 298 106 33
315 133 302 133 311 133 297 133 34
320 215 301 215 313 217 294 218 38
320 238 301 238 313 241 293 241 127
322 253 300 253 313 257 290 256 97
320 255 297 255 311 259 287 259 100
323 22 310 22 319 19 306 20 138
321 39 308 40 317 37 304 37 189
326 61 313 61 321 59 308 59 23
323 107 313 109 319 107 306 107 51
320 116 309 116 317 115 302 115 49
320 118 306 118 317 117 303 118 51
325 125 311 123 321 125 307 123 15
323 135 309 135 319 135 305 135 59
321 131 308 131 317 131 305 131 21
325 141 311 141 321 141 308 141 18
326 240 306 240 319 243 297 243 155
323 242 303 242 317 245 295 245 113
329 248 308 247 321 251 300 250 180
329 20 315 20 325 17 311 17 205
331 26 318 26 327 23 314 23 192
327 31 314 32 323 29 310 29 221
327 39 314 40 323 37 310 37 176
331 49 318 50 327 47 314 47 117
327 51 314 52 323 49 310 50 49
329 69 315 69 327 67 312 67 23
325 109 314 110 323 109 309 109 36
327 116 314 116 323 115 310 115 46
329 133 316 133 325 133 311 132 16
326 139 313 139 323 139 310 139 26
331 183 311 183 327 185 306 187 185
329 190 311 189 323 191 304 190 106
333 196 315 196 327 197 308 197 77
334 251 312 251 325 255 302 255 87
332 253 309 253 323 257 300 256 84
336 269 307 269 323 275 295 274 100
337 36 324 36 333 33 320 34 100
333 31 320 32 329 29 316 29 195
335 48 322 48 331 45 318 46 37
337 44 323 44 333 41 320 41 43
333 45 320 46 329 43 316 43 78
333 51 320 51 329 49 316 49 33
337 77 323 77 333 75 319 75 24
332 138 319 138 329 141 315 139 46
335 194 317 194 329 195 311 194 68
339 208 321 207 333 209 314 209 23
339 213 321 213 333 215 315 214 35
339 219 321 218 333 221 315 221 18
338 257 314 257 329 261 305 260 93
340 263 315 263 333 267 306 267 94
341 20 327 20 337 17 323 17 86
339 59 326 59 335 57 321 57 18
341 55 328 55 337 53 323 53 22
341 81 328 81 337 79 323 79 33
339 112 325 112 335 111 321 111 32
341 153 327 153 337 153 323 153 53
343 196 325 196 337 197 318 197 67
343 204 325 203 337 205 319 205 65
346 250 325 250 339 253 317 253 59
343 257 320 257 335 261 310 261 70
345 53 331 54 341 51 327 51 19
347 50 334 49 343 47 330 47 15
347 59 334 59 341 57 328 57 21
341 75 330 75 341 73 329 73 44
346 81 333 81 343 79 330 79 54
345 108 331 108 341 107 328 107 96
348 112 336 112 345 111 332 111 81
342 114 332 114 341 113 326 113 62
345 149 335 149 345 149 329 149 115
350 186 333 186 345 187 327 187 114
347 190 329 190 341 191 323 191 119
351 190 333 190 345 191 327 191 81
346 200 328 199 341 201 323 201 70
351 196 333 196 345 197 327 197 87
351 215 333 217 345 219 327 218 9
348 221 331 221 343 223 324 222 4
351 49 338 49 347 47 333 47 18
353 53 339 54 349 51 335 51 20
352 67 335 68 347 65 333 65 27
350 172 337 173 347 173 334 173 266
354 194 337 194 349 195 331 195 92
352 202 335 202 347 203 329 203 67
359 25 346 27 357 23 345 21 15
361 57 347 57 355 55 342 55 17
358 79 344 79 355 77 341 77 34
360 82 347 83 357 81 343 81 54
356 93 347 92 355 93 344 93 223
361 108 347 108 357 107 343 107 127
358 155 345 155 355 155 342 155 158
360 155 347 155 357 155 344 155 208
360 188 343 188 355 189 337 189 76
357 195 341 196 353 197 335 197 65
362 240 344 240 357 243 337 243 55
363 244 343 244 357 247 336 246 90
368 269 339 269 357 275 329 274 82
364 112 351 112 361 111 347 111 86
362 159 349 159 359 159 346 161 145
364 157 351 157 361 157 348 157 179
366 161 353 165 363 161 349 159 120
362 167 349 169 359 169 346 167 174
364 172 351 173 361 173 348 173 209
366 182 348 182 361 183 343 183 96
368 192 350 192 363 193 345 193 48
367 236 342 236 363 239 335 239 49
367 246 347 246 361 249 340 249 120
366 252 344 251 359 255 339 254 136
367 259 340 259 359 263 337 262 87
368 33 355 33 365 31 352 29 59
372 34 359 34 369 31 355 31 50
370 32 357 32 367 29 353 29 39
370 38 357 38 367 35 353 35 38
369 50 355 50 367 47 349 48 31
368 55 355 56 365 53 351 53 27
370 122 356 122 367 121 353 121 74
368 127 354 127 365 127 351 128 44
368 138 354 138 365 137 351 136 33
368 143 354 142 365 143 351 143 38
372 173 358 173 369 173 356 171 148
373 177 357 177 369 177 351 177 110
374 192 356 192 369 193 351 193 53
371 205 353 205 365 207 347 209 21
370 214 353 212 365 215 347 215 12
376 253 353 253 369 257 345 257 53
378 265 350 265 369 269 343 268 109
375 271 346 271 365 277 333 277 62
376 32 363 32 373 29 360 29 65
376 38 363 38 373 35 360 35 65
374 55 361 55 371 53 357 53 22
376 78 362 78 373 75 358 77 42
376 87 362 87 373 85 358 85 97
376 99 362 99 373 97 359 97 48
376 109 362 109 373 107 359 105 111
376 112 362 111 373 109 359 107 102
377 118 362 118 373 117 357 117 98
375 127 360 126 371 125 356 125 87
374 127 360 128 371 127 356 126 63
374 140 360 140 371 139 357 138 72
374 138 360 138 371 137 356 139 35
374 147 360 147 371 147 357 146 64
374 148 360 148 371 149 357 150 44
377 182 360 182 373 183 356 183 68
376 186 358 186 371 187 353 187 70
380 257 356 257 373 261 348 261 46
378 253 355 253 371 257 347 257 59
384 271 355 271 375 277 344 277 64
385 277 355 277 375 283 343 283 54
382 27 369 27 379 23 366 24 161
381 53 368 54 379 51 364 51 49
380 62 365 63 377 59 362 59 40
380 91 366 89 377 87 362 87 43
381 121 365 122 377 121 360 120 154
385 141 368 142 381 141 364 140 37
385 177 368 176 381 177 363 177 50
383 173 367 172 379 173 361 173 38
383 179 366 178 379 179 361 179 98
383 182 366 182 379 183 361 183 53
383 196 365 195 379 197 360 196 57
383 222 366 221 379 223 361 222 8
383 232 366 230 379 233 361 232 33
393 298 357 297 381 307 342 306 138
389 302 350 302 377 311 333 312 211
393 304 356 303 381 313 340 313 206
389 47 375 46 387 45 373 45 111
390 92 376 92 387 91 372 91 69
390 119 375 120 387 119 371 119 58
387 121 371 121 383 119 366 117 52
387 136 371 136 383 135 366 134 88
387 138 370 137 383 137 366 137 34
391 149 374 149 387 149 370 149 20
387 152 371 152 383 151 366 150 29
391 170 374 171 387 171 370 171 77
390 177 375 176 387 177 370 177 56
387 187 370 186 383 187 365 187 50
387 185 370 184 383 185 365 185 69
387 194 370 194 383 195 365 195 56
391 196 374 196 387 197 369 197 57
387 203 370 204 383 205 365 205 50
388 217 370 217 383 219 365 219 27
389 221 371 221 385 223 366 223 23
390 257 365 257 383 261 355 261 45
390 261 367 260 383 265 359 264 64
393 269 366 269 383 275 355 274 47
395 289 360 289 383 297 347 297 168
399 321 355 321 383 335 336 334 97
398 328 353 328 383 343 333 342 43
392 37 378 34 389 33 375 32 103
394 54 380 54 391 51 377 51 62
392 65 378 65 389 63 374 64 72
394 81 379 81 391 79 376 79 113
392 97 378 97 389 95 375 95 96
396 98 382 99 393 97 379 97 120
393 109 380 108 391 107 377 107 159
397 124 381 124 393 123 376 122 174
395 130 378 131 391 129 374 129 148
392 135 376 135 389 135 372 134 64
397 141 380 141 393 141 376 142 85
395 143 378 143 391 143 374 143 69
397 158 381 158 393 159 375 160 69
397 171 380 170 393 171 376 171 54
397 177 380 177 393 177 376 177 52
397 188 380 188 393 189 375 189 60
397 204 380 204 393 205 375 205 112
395 212 377 211 391 213 373 213 71
397 213 379 213 393 215 375 215 73
395 217 377 217 391 219 373 219 20
395 231 377 231 391 233 373 233 31
396 234 378 234 391 237 373 237 68
397 249 373 249 389 253 366 253 95
400 257 376 257 393 261 369 261 49
399 293 365 292 389 301 352 300 95
403 291 368 291 393 299 355 299 70
403 307 364 307 391 317 351 316 80
400 49 389 50 399 47 386 47 149
398 52 384 52 395 49 381 50 86
402 62 387 61 399 59 385 59 46
400 75 386 74 397 73 383 72 197
398 82 384 82 395 79 381 80 146
399 83 385 83 397 85 383 87 185
401 94 387 94 399 93 385 93 176
400 94 386 94 397 91 383 92 147
401 107 387 107 399 105 385 105 161
402 125 387 123 399 123 383 123 163
399 136 382 135 395 135 378 134 180
399 147 382 147 395 147 378 147 71
402 152 386 152 399 151 382 151 223
400 163 384 163 397 163 380 163 154
403 188 386 188 399 189 381 189 107
399 194 381 194 395 195 377 195 83
401 190 384 191 397 191 379 191 68
401 196 384 196 397 197 379 197 66
403 210 385 209 399 211 381 211 43
401 217 383 217 397 219 379 219 23
399 229 381 229 395 231 377 231 29
400 225 383 226 397 227 378 227 27
403 251 381 251 397 255 373 255 49
404 267 377 267 395 273 367 273 74
409 305 370 305 397 315 357 314 127
407 52 393 51 405 49 392 49 91
404 55 393 56 403 53 389 53 99
404 69 391 69 401 67 387 67 329
404 77 390 77 401 75 387 75 289
406 73 393 73 403 71 389 71 158
405 92 391 92 403 91 389 92 161
406 99 392 99 403 99 389 99 178
403 114 390 115 401 113 387 113 216
405 122 392 122 403 121 389 121 358
407 123 394 125 405 123 391 123 165
404 127 389 125 401 125 387 127 131
407 149 393 149 405 149 391 149 143
407 155 393 155 405 155 391 155 124
407 163 393 163 405 163 391 164 119
405 200 387 200 401 201 383 201 107
405 206 388 205 401 207 383 207 86
406 211 389 211 403 213 385 213 83
404 227 387 227 401 229 383 229 36
405 235 383 235 405 237 379 237 95
407 231 389 230 403 233 385 233 29
409 233 391 232 405 235 387 234 48
412 302 375 302 401 311 361 311 101
411 59 399 60 409 57 395 57 55
413 63 399 63 411 61 397 61 91
411 71 397 71 409 69 394 69 78
413 81 399 81 411 79 397 79 109
413 95 399 95 411 93 397 93 158
412 116 398 116 409 115 395 115 242
409 129 395 129 407 129 393 129 434
411 140 397 141 409 139 395 139 400
411 160 397 161 409 161 395 161 149
409 170 395 169 407 171 393 171 137
412 194 395 194 409 195 392 195 132
410 209 393 209 407 211 389 211 73
414 214 397 213 411 215 393 215 65
407 239 387 239 407 241 379 242 104
414 239 395 239 411 241 391 241 110
413 242 394 242 409 245 389 245 164
415 250 395 249 411 253 388 253 94
416 255 390 255 407 259 382 259 54
419 255 394 255 411 259 391 258 78
422 324 378 323 409 337 361 336 44
423 332 381 335 409 347 363 349 73
417 40 403 40 415 37 401 37 246
415 44 401 44 413 41 398 41 191
417 55 404 56 415 53 401 53 179
415 67 400 67 413 65 399 65 142
419 89 406 89 417 87 404 88 112
419 94 406 95 417 93 404 93 113
415 97 401 97 413 95 399 95 376
419 101 406 101 417 99 403 99 158
419 112 406 112 417 111 404 111 167
419 145 405 145 417 145 403 145 136
417 151 403 151 415 151 401 151 121
415 149 401 149 413 149 399 149 511
417 163 403 163 415 163 401 163 126
419 167 406 167 417 167 403 167 164
416 175 402 175 415 177 400 177 462
419 173 406 173 417 173 403 173 156
418 210 401 210 415 211 397 211 68
418 218 401 217 415 219 397 218 41
417 218 399 219 413 221 395 221 39
420 223 403 223 417 225 399 225 49
420 233 403 232 417 235 399 235 53
421 239 402 239 417 241 398 241 92
425 253 401 253 415 257 391 257 55
421 261 395 263 415 265 389 265 74
424 279 395 278 417 285 384 285 103
426 293 392 293 417 301 380 301 100
424 305 385 305 413 315 371 315 61
428 308 389 308 417 319 375 318 25
426 321 382 320 413 333 365 333 39
423 24 409 24 421 21 407 22 99
421 26 407 27 419 23 405 23 94
421 48 407 48 419 45 405 45 107
423 54 410 54 421 51 407 51 202
421 58 407 58 419 55 405 55 177
426 65 412 65 423 63 409 63 37
423 61 409 61 421 59 407 59 46
421 83 407 83 419 81 405 81 61
425 147 409 145 421 145 407 145 816
423 143 409 143 421 143 407 143 130
421 149 407 149 419 149 405 149 134
421 165 407 165 419 165 405 165 323
423 188 409 188 421 189 407 189 313
424 198 407 199 421 199 404 199 358
424 237 406 237 421 239 403 239 75
429 280 398 280 421 287 388 287 424
429 286 397 286 421 293 388 292 264
430 314 389 313 419 325 375 324 40
427 20 413 20 425 17 411 17 236
427 27 413 27 425 23 411 23 112
429 34 415 34 427 31 413 32 107
427 38 413 38 425 35 411 35 243
427 50 413 50 425 47 410 47 154
427 56 413 56 425 53 411 53 193
431 87 417 87 429 85 415 85 35
427 89 413 89 425 87 411 87 59
429 98 415 99 427 97 412 97 99
431 106 417 107 429 105 415 105 86
429 104 415 105 427 103 413 103 101
431 134 417 133 429 133 415 133 88
427 141 413 142 425 141 411 141 117
429 153 415 153 427 153 413 153 62
431 186 417 186 429 187 415 187 122
431 198 417 198 429 199 415 199 205
432 214 414 213 429 215 411 215 78
432 227 415 227 429 229 411 229 73
428 235 411 235 425 237 407 237 60
431 248 411 247 427 251 397 252 114
439 271 407 271 429 277 398 277 101
433 269 404 269 425 275 395 275 71
432 273 404 273 427 279 396 279 111
439 303 402 301 429 313 388 313 42
441 340 391 340 427 357 372 357 46
437 21 423 21 435 17 421 17 227
435 25 421 25 433 21 419 21 78
437 32 423 33 435 29 420 28 124
437 48 423 48 435 45 420 45 52
437 62 423 62 435 59 420 58 31
435 64 421 64 433 61 419 61 89
432 69 419 69 431 67 417 67 55
435 71 421 71 433 69 419 69 19
433 75 419 75 431 73 417 73 18
437 77 423 77 435 75 421 75 14
437 93 423 93 435 91 423 93 33
437 99 423 98 435 97 421 97 44
435 99 421 99 433 97 419 97 50
433 103 419 103 431 101 417 101 144
435 105 421 104 433 103 419 103 62
435 127 421 128 433 127 419 128 72
437 126 423 126 435 125 421 125 49
433 125 419 126 431 125 417 126 146
433 136 419 135 431 135 417 135 83
433 147 419 147 431 147 417 147 53
435 153 421 153 433 153 419 153 46
436 170 423 171 435 171 422 173 71
433 191 419 190 431 191 417 191 125
437 208 421 207 435 209 418 209 177
436 225 418 225 433 227 415 227 73
434 231 416 231 431 233 413 233 58
438 233 421 233 435 235 417 235 86
436 239 418 238 433 241 414 241 69
441 251 417 251 431 255 413 254 74
442 271 413 271 435 277 407 276 88
438 279 406 279 431 285 398 285 85
439 275 410 275 433 281 402 281 89
441 277 412 277 435 283 404 283 152
439 284 407 284 431 291 396 291 91
443 289 409 289 435 297 399 297 117
444 300 407 299 435 309 395 309 31
445 305 405 305 435 315 393 315 41
441 310 401 310 431 321 388 320 51
446 322 402 321 435 335 386 334 58
439 31 425 31 437 27 423 28 79
441 37 427 38 439 35 425 35 127
441 44 427 44 439 41 425 41 49
441 58 427 58 439 55 425 56 35
441 56 427 56 439 53 425 53 36
439 67 425 67 437 65 423 65 68
442 77 429 77 441 75 427 75 17
439 79 425 79 437 77 423 77 16
441 95 427 95 439 93 425 93 30
439 130 425 130 437 129 423 128 52
439 137 425 137 437 137 423 137 120
438 172 425 172 437 173 423 173 40
442 179 429 179 441 179 428 179 57
442 192 429 192 441 193 428 194 167
443 216 427 215 441 217 424 217 145
439 217 423 218 437 219 420 219 125
443 225 427 225 441 227 424 227 123
441 231 424 231 439 233 422 233 101
444 283 415 282 439 289 405 289 122
446 298 409 298 437 307 398 307 43
448 303 411 302 439 313 397 313 51
449 315 407 315 439 327 393 326 50
448 324 403 323 437 337 388 336 70
446 35 433 35 445 31 431 32 323
447 64 433 64 445 61 431 61 37
445 65 431 65 443 63 429 63 23
446 81 433 81 445 79 431 79 87
448 95 435 95 447 93 433 93 56
448 103 434 103 447 103 433 104 128
444 108 430 108 443 107 428 107 104
448 113 434 112 447 111 433 111 85
448 121 434 121 447 121 433 121 60
446 149 433 149 445 149 431 148 81
444 155 431 155 443 155 429 154 85
446 175 433 175 445 175 432 175 84
444 173 431 173 443 173 429 173 55
448 179 435 179 447 179 433 179 44
444 188 431 188 443 189 430 189 55
448 192 435 193 447 193 434 193 109
448 202 431 202 447 203 433 202 219
447 212 431 211 445 213 428 213 64
445 225 429 225 443 227 426 227 79
449 227 433 227 447 229 430 229 217
445 235 428 235 443 237 425 237 86
450 244 430 244 447 247 419 247 100
453 277 425 276 447 283 417 282 63
450 283 419 282 443 289 411 289 91
451 295 416 294 443 303 406 302 33
452 302 414 301 443 311 402 311 30
452 308 412 308 443 319 400 318 44
453 316 410 315 443 327 397 327 48
452 34 439 35 451 31 436 31 257
453 63 439 63 451 61 437 61 56
452 70 439 69 451 67 437 67 85
454 83 441 83 453 81 439 81 70
450 79 437 79 449 77 435 77 32
452 85 439 85 451 83 437 83 103
454 114 440 114 453 113 438 113 67
452 118 438 118 451 117 437 117 120
450 116 436 116 449 115 435 115 53
452 126 438 126 451 125 437 126 91
450 130 436 130 449 129 435 129 102
452 142 438 142 451 141 436 142 73
450 147 436 147 449 147 435 147 66
452 149 438 149 451 149 437 149 84
450 177 437 177 449 177 435 177 74
450 173 437 173 449 173 435 173 99
452 185 438 184 451 185 437 184 133
454 188 441 188 453 189 439 190 127
453 206 437 206 451 207 435 207 139
454 206 439 206 453 207 437 207 151
455 213 439 213 453 215 437 215 81
453 220 437 220 451 221 435 221 69
451 231 434 231 449 233 432 233 87
455 237 438 237 453 239 435 239 70
453 261 425 262 449 265 421 265 47
453 265 428 264 449 269 421 269 57
455 281 423 281 449 287 415 287 78
460 290 426 291 453 297 416 297 75
461 302 423 301 453 311 412 311 36
458 38 445 38 457 35 443 35 129
460 62 447 62 459 59 445 59 109
458 69 444 70 457 67 443 67 52
458 79 446 79 457 77 444 77 108
458 87 444 87 457 85 443 85 165
459 109 443 108 457 107 441 106 117
457 118 441 115 455 115 440 116 118
460 123 445 123 459 125 444 127 139
458 184 443 187 457 185 442 184 107
460 216 445 215 459 217 444 216 117
460 223 445 223 459 225 443 225 119
456 227 441 227 455 229 434 229 269
458 227 443 227 457 229 441 229 102
463 259 438 259 459 263 433 263 33
464 275 435 274 459 281 426 281 43
464 281 432 281 459 287 425 287 131
467 305 428 303 459 315 417 315 30
467 312 425 311 459 323 411 324 54
464 320 420 320 455 333 406 333 46
464 322 420 322 455 335 406 335 44
466 337 417 337 455 353 401 353 41
464 57 450 56 463 55 449 55 198
466 67 453 67 465 65 451 65 118
466 73 453 72 465 71 451 70 95
466 122 452 122 465 121 451 121 107
466 128 452 128 465 127 451 127 222
466 134 453 134 465 133 452 133 178
463 141 447 140 461 139 446 139 136
465 152 449 151 463 151 448 151 220
465 161 450 163 463 163 448 161 144
463 177 447 173 461 175 446 177 99
462 181 447 181 461 181 446 181 180
466 199 451 199 465 201 450 201 177
464 204 449 204 463 205 448 205 154
464 202 449 201 463 203 448 203 175
464 212 449 212 463 213 448 213 114
466 208 451 208 465 209 450 209 149
464 214 449 214 463 215 448 214 112
464 221 449 221 463 223 448 224 88
464 228 449 227 463 229 447 229 125
467 233 449 233 465 235 447 235 104
469 255 445 255 465 259 440 259 32
469 259 444 259 465 263 440 263 33
469 279 437 279 463 285 430 285 44
467 282 435 282 461 289 427 289 49
467 291 432 291 461 299 424 298 41
469 313 427 313 461 325 413 326 41
474 319 430 318 465 331 417 331 51
472 327 426 327 463 341 413 341 48
468 69 455 69 467 67 455 66 122
470 77 459 77 469 75 458 75 93
472 88 458 88 471 87 457 86 225
468 93 454 92 467 91 453 91 224
472 95 458 95 471 93 457 93 362
468 124 454 124 467 123 453 123 248
472 159 458 159 471 159 458 159 292
470 165 456 165 469 165 456 165 209
468 161 454 161 467 161 454 161 190
472 171 459 171 471 171 458 171 278
468 167 454 167 467 167 454 167 190
470 175 456 175 469 175 455 175 221
468 188 454 189 467 189 453 189 281
468 195 454 194 467 195 454 195 312
470 204 456 204 469 205 454 205 141
468 220 453 219 467 221 452 221 123
471 237 453 237 469 239 451 239 69
471 242 449 242 469 245 447 245 63
468 242 449 242 467 245 447 245 67
473 252 452 251 471 255 447 255 75
475 270 447 270 471 275 442 274 48
473 291 438 290 467 299 429 298 26
475 315 432 315 467 327 420 327 53
477 312 435 312 469 323 424 323 40
473 67 463 67 473 65 462 65 119
478 129 465 129 477 129 464 128 207
475 132 462 132 475 131 461 131 218
475 144 462 144 475 143 462 142 258
477 179 466 177 477 179 466 177 320
477 189 465 187 477 189 464 188 385
474 202 460 202 473 203 459 203 162
474 208 460 208 473 209 459 209 133
474 218 460 218 473 219 459 219 104
478 214 464 214 477 215 463 215 86
474 229 458 229 473 231 457 231 87
478 235 462 235 477 237 460 237 64
479 242 460 242 477 245 456 245 109
477 250 457 249 475 253 452 253 60
482 273 451 273 477 279 437 280 62
482 279 451 279 477 285 444 285 35
480 308 439 308 473 319 429 318 36
484 312 442 312 477 323 432 323 38
483 67 473 67 483 65 473 65 146
482 81 475 82 481 79 470 79 117
481 101 470 100 481 99 470 99 503
479 136 466 136 479 135 465 135 224
479 146 466 146 479 145 465 145 303
484 149 469 150 483 149 469 149 293
481 163 470 163 481 163 470 163 357
483 177 473 177 483 177 473 177 543
479 181 468 181 479 181 468 181 373
484 200 470 200 483 201 469 201 164
480 216 466 216 479 217 465 217 106
481 240 462 240 479 243 459 243 155
486 277 455 277 481 283 448 283 36
488 317 445 317 481 329 434 329 40
488 52 480 52 489 51 481 51 166
490 83 480 83 489 81 479 81 118
487 99 476 98 487 97 477 97 135
486 153 472 153 485 153 471 153 351
485 157 474 157 485 157 475 157 417
489 165 478 165 489 167 479 169 147
488 179 478 179 489 179 479 178 181
486 180 476 180 487 181 477 181 259
487 193 474 192 487 193 474 192 161
487 216 474 216 487 217 473 217 94
490 233 472 233 489 235 471 235 107
493 271 461 271 487 277 453 277 28
490 277 459 277 485 283 453 283 32
492 288 458 287 487 295 451 295 52
496 315 453 315 489 327 443 327 49
494 319 450 318 487 331 440 332 44
494 31 487 31 495 29 487 29 236
494 49 487 48 495 47 485 47 222
494 58 487 59 495 57 487 57 210
490 54 482 54 491 53 483 53 199
494 64 486 64 495 63 487 62 179
490 60 482 60 491 59 483 59 159
490 66 483 66 491 65 483 65 193
492 72 485 72 493 71 487 69 185
493 84 483 84 495 83 485 83 108
493 94 483 94 493 93 482 93 95
494 96 485 96 495 95 485 95 91
491 200 478 200 491 201 478 201 137
491 208 478 208 491 209 478 209 81
491 214 478 214 491 215 478 215 108
491 220 478 220 491 221 478 221 98
496 235 478 235 495 237 477 237 98
494 237 475 237 493 239 473 239 110
498 275 467 275 493 281 461 281 47
497 282 463 283 493 289 459 288 39
500 291 465 291 495 299 458 299 30
496 302 458 301 491 311 449 311 32
501 320 457 320 495 333 446 333 54
498 322 452 322 491 335 441 335 60
502 338 451 337 495 355 439 353 65
498 19 490 19 499 17 491 17 270
496 21 489 20 497 19 489 19 227
500 25 492 25 501 23 493 23 206
500 35 492 34 501 33 493 33 146
500 31 492 30 501 29 493 29 131
498 46 490 46 499 45 491 45 145
496 50 489 50 497 49 490 49 144
500 48 493 48 501 47 493 47 189
498 74 491 74 499 73 492 73 274
496 78 489 78 497 77 490 76 303
499 86 489 86 501 85 491 85 124
498 100 489 100 499 99 489 99 99
500 98 491 98 501 97 491 97 128
498 175 488 175 499 175 489 177 329
500 180 490 181 501 179 491 179 81
497 210 484 210 497 211 484 211 124
497 214 484 213 497 215 484 215 101
496 245 479 244 497 247 475 247 66
504 294 467 294 499 303 460 302 29
508 338 458 338 501 355 445 355 68
502 37 494 35 503 35 495 34 279
502 42 495 42 503 41 496 41 208
506 74 499 73 507 73 500 72 108
502 163 493 163 503 163 493 163 324
504 175 494 175 505 175 495 175 147
504 183 494 183 505 183 494 183 198
503 194 491 194 503 195 491 195 199
504 204 492 204 505 205 493 205 94
506 210 495 210 507 211 495 211 168
502 218 490 218 503 219 490 219 152
505 216 493 216 505 217 493 217 326
501 224 491 223 503 225 487 225 151
508 231 490 231 507 233 489 233 95
507 254 481 251 507 259 481 258 138
508 278 475 280 505 283 472 284 104
511 293 475 292 507 301 469 301 27
510 308 469 308 505 319 461 318 44
510 318 467 319 505 331 458 331 38
510 343 458 346 503 359 446 358 68
508 78 500 78 509 77 502 77 127
508 82 500 83 509 81 499 81 123
512 90 503 90 513 89 503 89 101
512 102 504 102 513 101 506 101 84
508 125 496 124 509 125 502 124 310
510 129 502 130 511 129 504 129 143
508 143 500 143 509 143 501 143 167
511 153 504 153 513 153 506 153 111
508 163 499 163 509 163 499 163 78
510 200 499 201 511 201 499 201 143
509 196 497 196 509 197 497 197 86
512 229 495 229 511 231 493 231 112
509 226 497 225 511 227 495 227 114
511 233 494 233 511 235 493 235 74
512 291 477 291 509 299 471 299 26
516 33 508 32 517 31 509 31 96
512 44 504 44 517 41 509 41 203
518 47 514 48 519 45 512 45 421
515 49 504 49 517 47 510 47 210
516 54 508 54 517 53 509 53 73
518 58 510 59 519 57 512 57 55
514 73 507 74 515 73 507 72 47
516 102 508 101 517 101 510 101 35
516 113 509 113 517 113 510 112 23
514 128 506 127 515 127 508 127 78
518 126 510 125 519 125 512 125 31
516 130 508 129 517 129 510 129 52
518 136 510 135 519 135 512 135 22
518 141 510 141 519 141 512 140 17
515 148 508 147 517 147 510 147 51
516 179 506 179 517 179 507 181 103
518 210 505 210 519 211 505 211 149
518 220 504 220 519 221 505 221 164
519 278 488 278 517 285 483 285 61
524 23 516 23 525 21 517 21 252
520 51 512 51 521 49 513 49 130
520 65 512 64 521 63 514 63 36
519 80 512 80 521 79 513 79 33
522 94 514 94 523 93 516 93 28
524 97 516 98 525 97 518 97 33
519 103 512 102 521 101 514 101 29
523 145 516 145 525 145 518 145 25
523 177 516 177 525 177 517 177 132
520 172 512 171 521 173 513 172 116
525 194 510 194 525 195 510 195 211
522 199 508 198 523 199 509 199 138
525 235 508 235 525 237 508 237 71
522 241 502 241 523 243 502 243 42
523 277 492 277 521 283 488 283 47
524 295 487 294 521 303 482 303 28
525 312 483 311 521 323 475 323 41
526 27 517 27 527 25 519 25 85
529 37 521 36 531 35 523 35 382
526 44 518 45 527 43 520 43 292
526 51 518 50 527 49 520 49 122
529 61 523 60 531 59 523 59 92
529 68 522 68 531 67 523 67 15
527 72 520 72 529 71 522 71 26
526 80 519 79 527 79 520 78 18
526 82 518 82 527 81 520 81 22
527 92 520 92 529 91 521 91 33
527 100 520 100 529 99 522 98 15
530 99 522 98 531 97 524 97 22
527 131 520 130 529 129 521 130 31
529 133 522 133 531 133 524 132 30
528 141 520 141 529 141 521 141 17
526 152 518 153 527 153 520 152 29
528 158 520 159 529 159 522 158 37
526 172 518 173 527 173 520 173 44
528 189 515 188 529 189 515 189 165
531 198 517 198 531 199 517 199 110
530 218 517 217 531 219 517 219 123
527 226 511 226 529 227 513 227 265
530 239 511 239 531 241 511 241 54
528 274 499 273 527 279 495 279 51
530 269 501 269 529 275 500 275 44
530 293 493 292 527 301 485 300 31
530 303 490 303 527 313 484 312 27
530 321 485 321 527 333 478 333 47
533 19 526 19 535 17 527 18 115
534 26 527 26 535 23 527 22 127
534 33 526 33 535 31 527 31 235
532 33 524 33 533 31 525 31 148
534 45 526 45 535 43 526 43 212
535 66 528 66 537 65 529 64 35
532 67 524 66 533 65 526 66 35
533 76 527 77 535 75 527 74 31
532 90 524 90 533 89 526 89 29
535 109 528 107 535 109 527 109 40
534 117 526 117 535 117 527 117 14
536 124 528 124 537 123 529 123 10
534 128 526 128 535 127 528 128 18
532 126 524 126 533 125 526 126 19
533 136 526 135 535 135 528 134 38
531 145 524 145 533 145 525 145 18
531 153 524 153 533 153 525 153 37
531 175 524 175 533 175 525 175 17
532 191 518 191 533 191 519 190 95
536 206 521 206 537 207 524 207 36
531 214 517 214 533 215 518 215 43
534 221 518 221 533 223 518 223 125
532 228 518 227 533 229 517 229 110
533 276 504 275 533 281 500 281 74
537 289 502 289 535 297 497 298 21
535 307 495 308 533 319 489 320 36
538 23 530 23 539 21 531 21 112
539 18 532 19 541 17 533 17 104
541 25 534 25 543 23 536 23 103
538 45 530 44 539 43 532 44 218
537 49 530 48 539 47 532 46 107
541 70 534 69 543 69 535 68 33
540 68 532 68 541 67 533 67 26
539 102 532 102 541 101 533 101 16
538 106 530 106 539 105 531 105 14
539 107 532 108 541 107 533 106 23
538 122 530 122 539 121 531 121 17
541 133 534 133 543 133 536 133 31
537 138 530 137 539 137 532 136 38
541 151 533 151 543 151 535 151 34
537 151 529 151 539 151 531 151 18
537 155 530 155 539 155 531 155 40
537 161 530 161 539 161 531 161 37
539 161 532 161 541 161 533 161 14
541 169 534 169 543 169 536 169 29
539 167 531 167 541 167 533 167 12
542 187 529 187 543 187 530 187 24
538 194 524 194 539 195 524 195 49
538 198 524 198 539 199 525 199 28
542 200 528 200 543 201 528 201 122
540 202 526 202 541 203 526 203 63
542 206 528 206 543 207 528 207 78
539 228 527 227 541 229 525 229 84
539 242 515 242 541 245 518 244 78
543 275 513 275 543 281 511 281 46
542 299 504 299 541 309 499 308 36
544 335 494 335 541 351 485 350 50
545 27 538 27 547 25 539 25 124
543 31 536 31 545 29 537 29 65
546 52 538 52 547 51 540 51 101
545 58 538 59 547 57 539 57 86
547 54 540 55 549 53 542 53 173
545 74 538 74 547 73 539 72 29
547 93 540 92 549 91 542 91 12
543 112 536 112 545 111 537 111 16
547 138 540 137 549 137 541 138 25
545 147 537 147 547 147 539 147 16
547 161 539 161 549 161 541 161 14
545 161 537 161 547 161 539 161 12
545 167 537 167 547 167 539 167 14
547 175 540 175 549 175 541 174 41
545 194 531 194 545 195 532 195 136
548 221 533 221 545 223 529 223 133
543 233 523 233 545 235 525 235 122
547 237 528 237 547 239 528 239 35
549 237 529 237 549 239 529 239 65
549 269 519 269 547 275 517 275 41
546 294 509 294 545 303 505 303 28
550 298 512 298 549 307 508 306 33
547 305 506 305 545 315 501 315 37
550 27 542 27 551 25 544 26 99
550 25 542 25 551 23 543 23 49
549 32 543 31 551 29 545 30 68
553 45 546 45 555 43 547 43 62
553 53 546 52 555 51 547 50 251
551 59 544 59 553 57 545 57 165
551 73 543 72 553 71 545 71 59
549 88 542 88 551 87 544 87 15
549 112 542 112 551 111 543 111 18
549 114 541 114 551 113 543 113 10
551 134 543 133 553 133 546 133 26
550 140 542 141 551 141 544 141 26
553 161 546 161 555 161 548 161 12
551 173 545 172 553 173 546 172 35
552 194 538 194 553 195 539 195 107
550 198 535 198 551 199 536 199 118
552 206 537 206 553 207 539 207 89
551 219 537 219 551 221 537 220 213
553 225 539 225 551 227 535 227 110
552 231 541 230 553 233 541 232 99
552 271 523 271 553 277 521 277 36
556 310 514 310 555 321 509 321 45
556 314 513 313 555 325 509 325 54
556 315 512 314 555 327 508 326 38
557 29 549 29 559 27 551 27 41
557 25 550 25 559 23 551 23 73
560 45 551 44 561 43 553 43 46
557 49 549 48 559 47 551 47 177
559 51 551 51 561 49 553 49 80
559 66 551 66 561 65 553 65 48
559 92 553 90 561 91 555 90 16
559 108 551 108 561 107 553 106 22
557 116 549 116 559 115 552 117 13
559 133 551 135 561 133 553 133 29
558 143 551 143 561 143 553 143 16
558 163 551 163 561 163 553 162 7
555 175 549 175 557 175 549 175 108
558 183 548 181 559 183 546 183 193
557 189 544 189 559 189 546 189 209
555 185 541 185 557 185 543 185 135
559 193 546 196 561 197 547 196 203
556 199 542 198 557 199 543 199 225
555 204 541 204 557 205 542 203 164
559 208 545 208 561 209 547 209 178
555 214 542 214 557 215 543 215 126
559 220 545 219 561 221 547 221 157
561 235 542 235 561 237 542 237 47
556 262 530 262 557 267 528 267 72
557 271 528 271 559 277 527 277 31
561 340 509 340 559 357 502 356 61
561 19 553 18 563 17 555 17 31
561 27 554 26 563 25 555 25 92
563 25 556 24 565 23 557 22 94
565 30 558 29 567 27 559 26 38
561 37 553 37 563 35 555 35 36
565 41 557 41 567 39 559 39 41
565 59 558 59 567 57 560 57 106
563 65 552 66 565 63 557 62 154
565 92 558 92 567 91 560 91 18
561 104 553 104 563 103 555 103 11
561 112 553 111 563 111 555 111 12
563 124 555 125 565 123 557 124 24
561 129 553 129 563 129 555 128 21
565 149 557 149 567 149 559 149 15
561 150 553 148 563 149 555 148 19
561 167 553 167 563 167 555 167 10
565 175 557 174 567 175 559 174 36
563 173 556 173 565 173 557 173 30
562 185 548 184 563 185 550 185 134
561 198 548 198 563 199 550 199 200
563 296 526 296 563 305 523 304 33
569 19 561 19 571 17 563 17 43
569 27 561 27 571 25 563 25 125
571 29 563 29 573 27 565 27 111
569 70 561 70 571 69 563 69 39
571 96 564 97 573 97 565 97 55
567 159 559 159 569 159 561 158 9
569 181 562 181 571 181 563 181 62
571 200 559 200 573 201 557 202 158
568 212 554 212 569 213 555 214 136
569 216 556 216 571 217 558 217 172
573 233 555 233 573 235 555 235 33
571 241 550 240 571 243 553 242 18
569 289 533 289 569 297 531 297 29
573 310 531 310 573 321 527 321 45
573 318 530 321 573 331 524 331 39
577 21 569 21 579 19 571 18 43
575 35 567 35 577 33 569 33 55
575 41 567 40 577 39 569 38 174
575 53 568 52 577 51 569 51 135
573 49 566 49 575 47 567 47 50
573 74 566 75 575 73 567 72 36
577 98 570 97 579 97 572 96 43
573 124 565 124 575 123 567 123 18
577 126 569 125 579 125 571 125 12
573 141 565 140 575 141 567 140 21
577 145 569 145 579 145 571 145 51
577 165 570 165 579 165 572 165 56
573 161 566 161 575 161 568 161 23
573 168 565 166 575 167 568 167 26
575 196 562 196 577 197 564 197 119
573 202 561 202 575 203 562 203 105
575 210 562 210 577 211 564 211 114
577 216 565 216 579 217 566 217 268
573 220 560 220 575 221 561 221 263
578 303 538 303 579 313 536 313 34
576 313 533 313 577 325 529 325 45
575 345 522 345 575 363 516 363 44
583 23 575 23 585 21 577 21 35
579 39 571 39 581 37 573 37 74
583 39 575 39 585 37 577 37 74
581 43 573 43 583 41 575 41 89
583 45 575 44 585 43 577 43 64
581 63 575 62 583 61 576 60 105
581 69 573 68 583 67 575 67 116
583 74 575 74 585 73 577 73 159
583 82 575 82 585 81 578 81 58
579 85 571 84 581 83 573 83 22
579 116 571 116 581 115 573 115 23
583 119 574 119 585 119 577 119 11
583 157 575 157 585 157 577 157 111
579 161 571 161 581 161 573 161 74
579 177 571 177 581 177 574 177 112
580 187 573 187 583 187 575 187 154
578 197 571 194 581 195 573 195 93
582 208 565 208 585 209 567 209 378
581 222 567 222 583 223 570 223 203
580 294 542 294 581 303 541 303 33
580 296 542 296 581 305 541 305 31
581 310 538 310 581 321 536 321 57
582 315 538 315 583 327 536 326 35
589 23 581 22 591 21 583 20 44
585 19 577 19 587 17 579 17 45
585 41 577 40 587 39 579 38 194
589 37 581 36 591 35 583 34 82
589 43 582 42 591 41 583 41 96
589 54 581 53 591 53 583 52 72
588 61 582 61 587 59 583 59 290
587 96 580 96 589 95 582 95 75
587 102 580 102 589 101 582 101 80
589 124 581 124 591 123 583 123 31
587 137 579 137 589 137 581 137 106
589 149 581 149 591 149 583 149 276
589 159 581 159 591 159 583 159 101
589 171 581 171 591 171 584 171 183
586 189 580 189 589 189 582 189 147
585 212 575 212 587 213 577 213 136
588 231 570 231 587 233 569 233 39
587 277 555 277 589 283 555 283 32
590 304 549 303 591 313 548 313 30
588 302 547 302 589 311 547 311 44
587 311 543 311 587 323 541 323 57
595 25 587 25 597 23 589 23 40
593 59 586 58 595 57 587 57 81
593 96 585 95 595 95 587 94 117
591 100 584 100 593 99 586 98 86
595 110 587 110 597 109 589 109 127
591 134 583 134 593 133 585 133 193
590 165 583 165 593 165 586 165 236
593 167 585 167 595 167 587 167 137
593 175 585 175 595 175 588 175 234
595 179 587 179 597 179 590 178 221
590 185 584 186 593 187 586 187 186
594 191 588 190 597 191 591 191 105
592 195 586 195 595 195 588 195 135
591 199 582 198 593 199 586 199 109
592 225 576 225 593 227 575 227 64
593 273 563 273 597 279 563 279 32
593 335 543 334 595 351 540 350 55
600 39 593 39 603 37 596 37 65
601 41 593 41 603 39 595 40 243
599 45 591 45 601 43 593 43 255
601 47 593 47 603 45 595 45 290
597 65 589 64 599 63 591 63 86
597 70 589 70 599 69 592 68 98
601 78 594 78 603 77 596 77 56
599 82 591 82 601 81 594 81 47
600 102 594 101 603 101 596 100 140
599 108 591 107 601 107 593 105 86
596 131 589 131 599 131 591 129 131
599 138 589 137 599 137 591 137 556
601 140 592 139 603 139 596 139 305
598 144 591 143 601 143 593 143 285
596 159 589 159 599 159 592 159 248
595 165 589 165 599 165 591 165 130
600 177 593 177 603 177 596 177 147
598 187 592 187 601 187 594 187 124
600 185 594 185 603 185 597 184 182
600 191 594 191 603 191 597 191 91
601 229 583 229 599 231 582 231 60
600 277 568 277 603 283 569 283 35
599 277 566 277 601 283 567 283 47
597 314 553 313 599 325 552 325 38
600 329 551 329 603 343 551 342 64
599 335 549 335 601 351 546 351 50
596 344 544 343 599 361 540 361 55
607 21 599 21 609 19 601 19 464
607 47 598 47 609 45 601 45 91
605 43 597 43 607 41 599 41 372
605 55 597 54 607 53 599 52 69
607 61 599 61 609 59 601 58 57
606 66 599 67 609 65 601 64 47
605 75 597 74 607 73 599 72 66
605 83 597 82 607 81 600 81 53
605 81 597 80 607 79 600 79 75
603 104 595 103 605 103 598 103 96
604 112 597 112 607 111 600 111 74
606 118 599 118 609 117 601 117 97
602 114 595 114 605 113 597 113 110
603 121 595 120 605 119 598 120 53
604 121 597 122 607 121 599 121 74
603 134 595 134 605 133 597 133 104
603 147 595 147 605 147 597 147 327
606 148 599 147 609 147 601 147 79
606 157 599 157 609 157 602 157 220
602 169 596 169 605 169 598 169 241
602 173 595 173 605 173 598 173 187
604 312 561 312 607 323 560 323 35
604 318 559 318 607 331 558 331 41
611 19 603 19 613 17 605 17 392
613 23 606 22 615 21 608 20 80
613 29 605 29 615 27 607 27 90
611 40 603 39 613 37 605 37 360
609 39 601 39 611 37 603 37 266
609 45 601 45 611 43 603 43 102
612 55 605 55 615 53 607 53 98
611 65 603 64 613 63 605 63 188
611 98 604 97 613 97 606 95 105
608 131 601 132 611 131 603 130 168
608 141 601 141 611 141 603 141 131
612 146 605 145 615 145 607 145 130
610 161 603 162 613 161 605 161 176
610 177 604 177 613 177 606 177 312
612 183 606 183 615 183 609 183 129
608 186 602 184 611 185 605 183 194
611 201 604 201 615 201 607 201 99
609 273 577 273 613 279 579 279 29
611 291 575 291 615 299 576 299 30
611 301 568 302 615 311 568 311 41
607 321 562 320 611 333 561 333 54
608 323 561 324 611 337 560 337 49
608 334 558 333 611 349 556 349 53
611 337 560 337 615 353 559 353 46
611 345 558 345 615 363 555 363 41
615 31 607 31 617 29 609 29 80
617 35 609 35 619 33 611 33 69
619 32 611 32 621 31 613 31 70
614 47 607 46 617 45 609 45 97
616 53 609 52 619 51 611 51 246
619 48 611 48 621 47 613 47 103
614 59 607 58 617 57 609 57 141
619 61 611 62 621 61 614 59 183
616 128 609 127 619 127 612 126 71
618 126 611 125 621 125 614 125 62
614 173 608 172 617 173 611 172 114
618 199 611 199 621 199 614 199 122
613 211 606 210 617 211 605 211 211
618 218 603 218 621 219 606 219 223
617 252 592 251 619 255 594 255 10
614 264 587 265 619 271 588 269 12
613 280 581 280 617 287 579 288 34
615 286 581 286 619 293 582 294 38
617 294 580 294 621 303 581 302 35
617 327 569 327 621 341 569 341 47
623 40 615 41 625 39 617 39 187
623 76 615 76 625 75 619 74 185
624 136 617 133 627 135 619 135 108
620 132 613 132 623 131 616 131 75
624 155 617 155 627 155 620 155 112
622 159 619 159 625 159 618 159 300
620 157 613 158 623 157 616 157 129
624 163 617 163 627 163 620 163 111
624 173 617 173 627 173 619 172 154
624 185 618 185 627 185 621 185 126
622 189 614 187 625 189 617 188 140
621 218 605 218 625 219 609 219 176
620 224 605 224 623 225 608 225 153
621 231 606 229 625 231 607 231 82
620 297 583 298 625 307 583 306 33
620 307 579 306 625 317 580 317 42
619 306 578 306 623 317 578 317 34
620 333 571 333 625 349 571 348 57
626 63 619 62 629 61 622 60 177
626 98 620 97 629 97 622 96 193
630 118 624 117 633 117 626 117 180
626 151 619 151 629 151 622 151 122
626 167 619 167 629 167 622 167 103
628 224 612 224 633 225 616 225 106
625 277 593 277 629 283 595 283 28
624 301 585 301 629 311 586 311 40
626 315 582 315 631 327 583 327 32
636 104 630 103 639 103 633 102 290
632 108 626 107 635 107 629 106 397
636 122 630 121 639 121 633 120 258
634 122 627 122 637 121 629 121 212
636 158 629 157 639 157 632 156 191
634 171 627 171 637 171 630 171 324
636 179 630 179 639 179 633 179 360
632 191 625 191 635 191 628 191 256
636 193 629 193 639 193 632 193 331
633 220 619 220 635 221 620 221 182
629 243 610 245 637 245 615 244 9
634 295 595 293 639 303 598 302 47
631 333 581 333 637 349 583 349 47
631 345 578 345 637 363 578 363 43
641 98 637 98 643 97 640 97 253
638 132 633 132 641 131 636 131 161
640 148 633 147 643 147 636 147 225
638 143 630 144 641 143 633 143 243
640 155 633 155 643 155 636 154 181
638 167 630 168 641 167 633 168 282
640 183 634 182 643 183 637 182 440
640 250 618 250 645 253 622 253 9
639 273 608 273 645 279 612 279 35
636 279 603 279 641 285 606 285 32
636 292 599 293 641 301 601 301 34
637 298 598 298 643 307 601 307 39
635 320 590 319 641 333 592 332 46
637 317 593 317 643 329 595 329 64
635 344 582 344 641 361 582 361 49
646 106 641 105 649 105 644 105 191
644 131 639 131 647 131 642 130 152
646 173 640 173 649 173 643 173 292
645 201 627 200 649 201 630 201 184
641 207 623 208 647 207 628 208 99
646 205 629 205 651 205 632 206 111
647 222 628 221 651 223 632 223 83
647 228 628 228 651 229 632 229 63
645 259 618 259 649 263 620 263 9
644 277 611 277 649 283 615 283 39
640 327 593 326 647 341 595 341 53
644 328 596 328 651 343 598 343 51
652 114 647 113 655 113 650 113 308
654 128 647 127 657 127 652 127 308
650 132 645 131 653 131 648 131 200
652 140 646 138 655 139 650 139 247
650 143 644 143 653 143 648 143 198
650 159 645 159 653 159 648 158 406
650 169 644 169 653 169 648 169 325
651 202 633 202 655 203 636 204 131
655 236 637 235 657 237 638 237 15
643 253 617 255 653 259 626 259 11
651 273 623 273 653 279 626 279 34
648 301 608 301 655 311 612 311 54
648 319 605 320 655 331 608 332 62
649 337 598 337 657 353 601 353 32
656 124 651 123 659 123 654 123 217
656 118 652 118 661 119 657 119 188
660 132 655 131 663 131 658 131 208
658 175 652 175 661 175 656 175 371
655 193 637 193 659 195 641 193 161
657 199 638 198 661 199 642 199 89
657 206 638 206 661 207 642 207 185
659 223 639 223 659 225 639 225 48
655 231 637 231 659 233 641 233 19
655 249 631 249 659 253 634 252 13
656 282 623 282 663 289 627 289 29
654 308 612 308 661 319 615 319 173
655 322 609 322 663 335 612 335 93
662 106 659 105 665 105 662 104 220
664 110 661 109 667 109 664 108 182
662 118 658 117 665 117 661 117 152
667 114 662 113 669 113 666 113 382
662 194 645 194 667 195 648 195 66
662 210 643 210 667 211 648 211 58
660 295 622 294 667 303 626 302 65
659 311 616 311 667 323 620 323 135
659 317 615 317 667 329 619 329 133
668 96 664 95 671 95 667 94 134
670 100 666 99 673 99 669 99 297
668 171 663 171 671 171 666 171 215
670 167 665 166 673 167 669 167 124
667 199 647 199 673 199 653 199 55
670 202 651 202 675 203 656 203 44
666 214 648 214 671 215 652 215 56
670 218 651 218 675 219 656 219 53
667 231 649 229 671 233 658 231 27
669 235 650 235 675 237 655 237 36
665 252 640 252 671 255 644 255 19
669 248 646 248 675 251 651 251 18
664 257 642 258 673 261 646 261 12
665 261 639 261 673 265 640 264 15
663 306 621 306 671 317 626 317 92
664 313 620 313 671 325 624 325 108
662 322 617 322 671 335 621 335 195
664 330 613 330 673 345 619 345 97
666 334 616 333 675 349 620 349 60
665 337 615 337 675 353 619 353 49
676 100 672 100 679 99 675 99 177
676 105 672 105 679 105 675 104 97
674 102 670 102 677 101 673 101 183
676 120 672 119 679 119 675 118 81
678 149 674 149 681 149 677 149 63
673 159 672 159 679 159 675 159 108
676 170 672 170 679 169 675 169 185
677 183 658 183 681 183 662 183 209
674 201 655 200 679 201 660 201 33
672 229 653 229 677 231 661 230 29
675 237 655 237 679 237 659 237 23
670 279 637 279 677 285 642 285 36
666 290 633 290 677 297 639 297 59
670 298 630 296 679 307 637 307 46
672 318 627 318 681 331 632 331 147
669 335 619 335 679 351 623 351 50
684 94 680 93 687 93 683 92 197
680 94 676 93 683 93 679 92 149
682 92 678 91 685 91 681 91 191
682 98 678 97 685 97 681 96 201
680 120 676 119 683 119 681 118 71
684 139 669 140 687 139 672 139 184
684 161 680 161 687 161 683 161 47
680 193 662 193 685 193 667 193 111
678 199 660 199 683 199 664 199 49
679 199 663 198 685 199 665 199 52
677 252 652 252 683 255 655 255 23
680 263 651 263 687 267 657 267 43
676 263 646 262 683 269 653 269 19
678 295 641 294 687 303 647 303 62
678 291 639 289 687 299 647 299 61
690 94 686 93 693 93 689 92 147
688 90 684 89 691 89 687 88 142
688 96 684 95 691 95 687 94 207
691 113 686 113 693 113 690 111 71
690 125 686 125 693 125 689 124 70
690 138 674 137 693 137 677 137 207
690 146 674 146 693 145 689 145 233
686 146 671 145 689 143 685 143 198
690 152 685 151 693 151 688 151 125
688 165 684 165 691 165 687 164 141
686 193 667 192 691 193 673 192 200
683 235 662 235 689 237 667 237 26
685 237 665 238 691 239 669 239 29
681 255 659 257 689 259 665 261 21
684 297 647 296 693 307 651 307 88
683 310 641 310 693 321 647 321 127
679 318 634 318 689 331 640 331 110
678 334 629 333 689 349 634 349 102
680 344 627 343 691 361 632 361 64
691 130 687 129 695 129 690 129 107
693 141 689 141 697 141 693 141 65
689 197 670 197 695 197 675 197 140
693 202 675 202 699 203 680 203 133
691 204 672 204 697 205 678 205 127
691 224 673 224 697 225 678 225 43
694 237 673 237 699 239 679 239 21
690 246 666 245 697 249 672 249 29
688 250 663 249 695 253 671 254 24
683 281 653 280 695 287 654 286 71
686 288 653 285 695 295 662 295 92
688 291 651 291 697 299 657 299 42
686 296 649 295 695 305 654 305 51
689 306 644 303 699 317 654 317 104
684 334 634 333 695 349 640 349 67
684 342 631 342 695 359 637 359 52
698 104 695 104 701 103 697 102 137
701 116 697 115 705 115 700 115 193
698 154 693 153 701 153 696 153 71
698 159 693 159 701 159 696 159 51
701 173 696 173 705 173 700 173 257
697 175 690 175 701 175 694 175 238
696 185 688 185 701 185 692 185 399
695 206 677 206 701 207 682 207 95
696 212 676 212 701 213 679 213 109
695 255 669 255 703 259 675 259 20
695 261 668 261 703 265 674 265 36
694 273 663 273 703 279 670 279 44
696 277 663 277 705 283 671 283 38
692 293 654 293 701 301 661 301 41
693 301 653 301 703 311 657 311 116
692 315 647 315 703 327 655 327 111
694 312 651 312 705 323 658 323 143
694 317 649 317 705 329 657 329 123
690 322 644 322 701 335 651 335 81
694 322 648 322 705 335 655 335 103
703 77 699 77 707 77 701 75 19
704 84 700 83 707 83 703 82 86
703 96 698 96 707 95 704 94 154
708 127 703 127 711 127 707 126 151
707 175 702 175 711 175 706 175 292
703 179 695 179 707 179 698 178 426
707 193 698 194 711 193 702 194 285
702 196 694 197 707 197 698 196 195
705 197 696 197 709 197 700 197 199
701 211 683 212 707 211 688 212 77
705 214 688 214 711 215 693 214 52
701 227 683 227 707 229 688 229 39
700 248 671 245 707 251 681 251 18
699 253 673 253 707 257 679 257 19
702 262 674 262 711 267 681 267 43
699 259 672 259 707 263 679 264 39
704 267 674 267 711 271 681 271 58
699 265 670 265 707 269 677 269 62
701 293 663 293 711 301 671 301 32
698 314 654 313 709 325 661 325 91
696 340 645 340 709 357 652 357 60
710 79 706 78 713 77 710 77 28
712 96 711 95 715 95 711 94 219
710 110 705 109 713 109 708 108 82
709 118 703 119 713 117 709 116 194
709 142 702 142 713 141 706 141 118
709 165 704 165 713 165 708 164 86
712 197 703 199 717 197 709 197 234
707 250 681 250 715 253 686 253 19
708 266 679 267 717 271 686 271 79
703 273 673 273 713 279 681 279 44
707 279 674 279 717 285 682 285 56
702 299 659 299 713 309 670 308 101
701 308 659 308 713 319 667 319 96
705 310 663 310 717 321 671 321 138
702 325 661 326 715 339 671 340 82
718 122 709 122 723 121 714 121 182
714 191 703 190 719 189 707 189 350
710 244 689 245 719 247 697 245 14
707 290 673 289 719 297 681 296 89
709 293 672 293 721 301 680 301 48
710 298 671 298 721 307 679 307 60
707 316 663 316 719 329 671 328 77
706 329 658 329 719 343 666 343 65
707 338 656 338 721 355 664 355 64
726 86 722 85 729 85 725 84 143
725 92 722 91 729 91 725 90 155
722 118 713 118 727 117 718 117 136
725 177 709 177 729 177 713 176 274
719 213 706 212 725 213 711 213 27
720 259 692 259 729 263 700 263 14
717 273 685 273 727 279 693 278 69
714 282 680 282 725 289 689 288 107
715 305 674 305 727 315 683 315 53
713 301 673 301 725 311 681 311 56
711 337 660 337 725 353 669 353 56
710 342 655 345 725 359 667 359 61
732 92 728 91 735 91 731 90 187
729 189 716 190 735 189 721 189 55
727 215 713 217 733 215 717 217 23
724 244 701 245 733 247 706 247 11
725 248 699 248 733 251 707 251 10
726 257 699 257 735 261 707 261 10
724 279 693 281 735 285 700 285 132
721 312 678 312 735 323 688 323 62
721 323 674 323 735 337 684 337 61
733 132 729 132 737 131 727 131 86
734 145 725 143 739 143 729 141 20
731 171 721 170 737 171 726 170 115
731 173 717 175 737 173 723 174 198
731 193 718 193 737 193 723 192 23
730 212 716 213 737 213 722 213 27
728 271 697 271 739 277 706 277 94
727 275 694 275 737 281 702 281 170
725 280 692 280 737 287 702 288 155
727 291 690 291 739 299 700 299 191
726 309 683 308 739 319 693 319 52
725 335 675 335 741 351 685 351 46
724 345 671 345 741 363 681 363 62
721 345 667 345 737 363 678 363 55
739 179 725 179 745 179 731 177 33
739 189 725 187 745 187 731 189 16
737 193 722 192 743 193 729 193 12
733 251 711 249 743 255 715 255 12
731 298 693 298 745 307 703 307 201
729 312 687 312 743 323 696 323 46
729 332 680 332 745 347 691 347 63
743 176 729 175 749 175 735 175 48
742 183 729 183 749 183 735 183 12
747 185 732 185 753 185 738 185 14
741 249 716 249 753 253 728 254 14
740 259 712 259 751 263 721 263 20
742 263 713 263 753 267 727 265 45
738 271 707 271 749 277 714 277 55
746 275 713 275 753 281 719 281 150
737 277 704 277 749 283 714 283 102
739 285 703 284 753 293 715 293 205
740 291 703 291 753 299 713 299 174
737 307 695 307 751 317 706 317 77
734 337 683 337 751 353 694 353 41
732 341 680 340 749 357 689 355 48
736 343 682 344 753 361 694 361 60
749 156 734 156 757 155 741 155 22
750 169 734 170 757 169 742 171 16
752 185 736 185 759 185 743 184 14
749 188 733 188 757 189 741 189 16
750 229 731 229 759 231 739 231 15
748 237 725 237 757 239 733 239 10
751 240 725 240 759 243 735 243 17
743 253 718 254 755 259 727 259 9
744 271 715 271 755 277 722 277 54
746 286 710 286 759 293 721 293 189
739 319 694 319 755 331 705 331 40
759 98 747 95 763 97 751 95 832
753 180 738 179 761 179 745 179 10
758 193 745 192 765 193 752 193 11
756 216 734 216 765 217 743 217 17
757 222 739 222 765 223 747 223 25
754 226 735 225 761 227 743 227 28
755 244 730 244 765 247 739 247 12
753 262 725 262 765 267 733 266 18
749 259 721 259 761 263 731 262 31
750 274 719 273 763 279 729 279 62
751 279 716 279 763 285 727 285 55
751 287 715 287 765 295 726 295 123
749 293 711 292 763 301 722 301 171
749 310 706 310 765 321 719 321 138
747 319 701 318 763 331 714 331 65
747 329 699 329 765 343 712 343 86
743 335 693 335 761 351 705 351 43
747 337 696 337 765 353 709 354 44
753 247 731 247 767 251 738 250 14
755 289 718 289 769 297 729 297 86
769 147 753 147 777 145 762 143 43
770 191 753 193 777 193 760 193 11
764 212 742 212 773 213 751 213 16
767 214 746 214 777 215 755 215 23
767 221 745 221 777 221 754 222 26
769 228 748 227 777 229 757 229 20
766 231 744 231 773 233 753 232 25
763 274 731 274 777 279 743 279 45
757 270 721 270 773 275 739 275 94
761 280 726 280 775 287 738 287 44
760 300 719 300 775 309 732 309 145
760 312 717 312 777 323 730 323 129
755 322 709 322 773 335 723 335 70
758 329 709 328 777 343 723 343 108
754 333 704 333 773 349 718 349 70
757 341 704 341 775 357 719 358 145
754 339 703 339 773 355 717 355 56
757 343 703 342 777 361 718 361 93
773 72 762 71 779 69 768 68 216
775 76 764 75 781 73 770 72 96
775 96 764 93 781 95 771 95 275
773 166 757 166 781 165 764 165 11
775 170 759 169 783 169 767 168 11
775 177 761 178 783 175 767 175 13
775 189 759 189 783 189 767 188 15
767 205 750 205 781 205 759 204 19
769 218 748 218 779 219 757 219 27
771 233 748 233 781 235 758 235 23
769 240 746 241 781 243 757 243 14
768 242 744 243 779 245 753 245 10
771 250 744 250 783 253 756 253 12
768 284 732 284 783 291 745 291 49
763 303 721 303 779 313 734 313 156
766 305 724 305 783 315 737 315 162
763 309 719 307 779 319 733 319 144
760 333 709 333 779 349 724 349 84
761 337 710 337 781 353 724 353 141
779 98 768 98 785 97 774 97 292
781 107 770 103 787 103 776 101 297
781 135 770 135 787 133 776 133 197
778 146 766 145 785 145 773 144 35
780 152 765 153 787 151 772 152 45
777 164 761 163 785 163 768 162 17
777 192 763 193 787 193 771 193 20
775 204 755 204 787 205 765 204 25
772 288 734 287 787 295 747 295 48
771 289 734 289 787 297 747 297 58
767 312 724 312 785 323 738 323 173
765 333 715 334 785 349 730 349 101
766 340 714 340 787 357 729 357 102
765 339 714 339 785 355 728 355 77
781 199 756 198 793 199 766 199 15
784 214 762 214 795 215 773 215 24
783 220 763 220 795 221 773 221 20
782 230 761 230 793 231 770 231 15
780 249 755 247 793 253 769 253 15
782 256 755 255 795 259 763 259 16
785 267 749 265 791 273 757 273 35
783 264 751 264 795 269 762 269 42
779 289 741 290 795 297 754 297 45
775 291 737 291 791 299 750 299 52
776 300 735 300 793 309 749 309 54
771 342 718 342 793 359 734 359 113
769 344 716 344 791 361 732 361 127
792 57 778 59 799 53 785 52 82
788 216 767 216 799 217 777 218 21
787 225 766 225 797 227 775 227 26
787 241 762 240 799 243 776 245 13
784 253 757 254 797 257 768 257 12
780 317 734 317 799 329 749 329 223
779 337 728 337 801 353 745 353 119
796 128 782 131 803 123 789 122 63
797 139 784 138 805 137 791 136 46
795 151 781 153 803 153 789 151 123
793 197 766 198 805 199 779 199 27
794 202 767 201 807 203 780 202 14
798 271 766 271 807 277 772 277 63
788 289 750 289 805 297 765 297 33
784 325 735 324 805 339 753 340 236
783 339 731 339 805 355 748 355 174
803 139 789 138 811 137 796 136 47
797 190 773 190 809 189 784 191 23
796 225 770 225 809 227 782 227 21
796 252 767 252 809 255 778 255 18
799 248 772 248 813 251 785 251 12
799 254 772 254 813 257 783 257 18
797 266 765 266 813 271 780 271 75
796 277 762 277 813 283 776 283 46
794 284 757 284 811 291 771 291 46
793 301 752 301 813 311 768 311 31
790 305 748 305 809 315 763 315 50
808 80 793 79 817 75 801 75 57
811 86 797 85 819 83 803 83 36
806 125 791 128 815 125 800 127 71
805 237 779 237 819 239 792 239 8
802 239 777 237 815 241 789 239 29
802 244 776 243 815 247 788 246 10
806 246 780 247 819 249 793 250 14
796 298 755 298 815 307 771 307 55
789 329 740 329 815 347 760 347 204
795 339 743 338 819 355 761 354 244
816 38 800 37 825 33 808 33 82
816 63 800 63 825 59 809 59 66
816 87 800 86 825 83 811 81 34
811 167 786 167 825 165 798 165 74
807 210 781 209 821 211 793 210 14
805 270 772 270 821 275 786 275 66
804 293 765 293 823 301 781 301 40
798 330 748 330 821 345 766 345 211
799 337 748 338 823 353 766 353 244
798 343 744 342 821 359 763 359 226
818 119 802 119 827 117 811 116 143
815 186 788 186 829 187 800 187 12
815 206 787 205 829 207 799 206 8
816 226 789 226 831 227 803 225 9
812 238 786 238 827 241 799 240 19
813 253 786 253 829 257 797 258 19
816 264 779 264 831 269 793 269 79
815 270 782 270 831 275 796 275 71
809 296 769 296 829 305 785 305 45
806 303 764 303 827 313 781 313 43
804 325 755 325 827 339 773 339 139
828 127 812 126 837 125 821 124 80
820 242 794 242 835 245 806 245 10
818 245 792 247 833 249 804 249 11
819 277 784 277 837 283 799 283 54
816 286 779 285 835 293 795 293 30
813 291 774 291 833 299 791 299 29
814 298 773 298 835 307 790 307 45
811 312 765 311 833 323 784 323 32
810 326 760 326 835 341 781 341 111
810 328 760 328 835 343 780 343 114
833 110 810 110 843 107 825 105 56
833 125 816 124 841 123 823 123 143
828 170 803 168 843 167 816 167 46
826 190 800 189 841 189 812 188 14
826 249 797 249 843 255 813 254 9
823 255 792 257 839 259 803 257 32
824 265 792 265 843 271 809 271 61
822 289 785 289 843 297 801 297 37
822 297 778 298 843 307 797 307 55
821 306 776 306 843 317 796 317 54
817 335 766 336 843 351 787 353 127
836 132 818 133 847 129 829 129 61
834 128 817 127 845 125 827 124 79
834 134 820 133 845 131 828 133 76
829 247 799 246 845 249 814 249 19
829 253 799 251 845 257 814 256 15
831 268 797 267 849 273 814 273 58
829 274 794 273 847 279 811 279 82
826 287 789 287 847 295 806 295 37
824 320 776 320 849 333 796 333 42
824 324 775 325 849 337 795 337 45
819 331 767 331 845 347 787 347 89
839 124 822 123 851 121 831 121 84
836 228 808 227 851 229 822 229 6
837 229 809 230 853 233 823 231 9
840 240 807 241 855 243 828 243 17
837 260 806 260 855 265 823 265 50
837 264 805 264 855 269 821 269 41
833 270 800 270 851 275 817 276 68
829 292 789 292 851 301 808 301 62
831 313 784 313 855 325 805 325 33
827 317 779 317 851 329 799 329 42
846 98 827 98 857 95 836 95 24
845 124 827 123 857 121 838 120 68
849 128 830 128 861 125 841 125 56
843 166 817 165 859 165 830 164 54
841 194 819 193 857 195 836 195 15
845 210 818 210 861 211 831 212 10
842 234 815 234 857 237 829 236 9
844 250 815 247 861 253 831 253 11
843 261 811 260 861 265 828 265 19
839 268 805 268 859 273 825 273 49
838 284 800 285 859 293 818 292 102
836 294 795 294 859 303 815 303 51
838 298 796 298 861 307 815 307 54
836 300 794 300 859 309 813 309 49
847 190 821 190 863 191 835 189 7
849 214 822 213 865 215 836 214 8
845 241 819 241 863 243 836 243 9
849 255 818 255 867 259 834 257 9
849 261 817 261 867 265 834 265 10
841 300 801 299 865 309 819 309 45
839 301 795 301 863 311 817 311 49
840 316 793 316 867 329 815 329 33
837 316 790 316 863 329 811 329 47
855 119 835 118 869 115 846 115 57
854 203 827 204 871 207 843 208 14
856 210 830 209 873 211 845 209 7
851 259 820 259 869 263 836 263 12
850 287 812 287 873 295 831 295 57
842 318 795 318 869 331 817 331 49
862 97 842 96 875 93 854 92 23
862 107 842 106 875 103 854 102 45
860 196 833 195 877 197 849 195 10
862 202 835 201 879 203 851 202 4
858 216 831 215 875 217 846 216 8
855 278 817 277 877 285 838 285 61
853 282 816 282 875 289 836 289 75
865 182 837 181 881 181 853 181 18
865 215 838 215 883 219 854 219 7
867 226 838 224 883 227 855 227 8
866 234 840 234 885 237 855 236 6
863 239 836 238 881 241 853 241 7
863 243 838 242 883 245 855 245 9
865 260 833 260 885 265 851 265 8
859 274 825 273 881 279 843 280 32
856 298 814 298 881 307 835 307 54
857 309 811 309 885 321 834 321 46
874 197 847 198 891 199 863 197 4
874 213 848 211 891 213 863 213 9
869 214 842 215 887 217 858 216 6
874 219 847 219 891 221 863 220 9
872 223 845 223 889 225 861 224 8
870 227 843 227 887 231 858 229 3
873 234 846 234 889 235 861 234 9
871 239 846 239 891 241 863 241 11
867 257 836 257 887 261 854 261 14
864 265 832 266 887 271 852 271 12
865 271 830 269 887 277 848 275 33
862 294 820 294 887 303 837 301 166
881 130 860 130 895 127 873 127 36
879 135 857 134 893 131 871 132 49
879 243 855 243 897 245 868 244 13
875 251 843 251 895 255 862 253 10
876 255 846 255 897 259 865 259 11
874 264 838 264 895 269 856 269 17
868 283 830 283 893 291 852 291 76
872 285 833 285 897 293 855 293 67
871 291 832 290 897 299 853 299 55
868 298 828 298 895 307 848 307 112
865 308 819 308 893 319 843 319 63
864 313 817 313 893 325 841 325 50
884 205 857 206 903 207 875 206 8
880 251 851 251 901 255 869 255 10
879 269 846 269 903 275 865 275 10
875 301 832 301 903 311 855 311 60
874 309 827 309 903 321 852 321 46
872 308 827 308 901 319 851 319 54
870 311 823 311 899 323 848 323 38
872 313 825 313 901 325 849 325 33
869 333 816 333 901 349 842 349 55
866 336 812 336 899 353 839 353 73
893 134 871 133 909 131 885 130 28
889 185 861 185 907 185 878 184 10
885 241 860 240 905 243 877 243 13
890 237 862 236 907 239 881 239 7
876 331 823 331 909 347 851 347 61
897 136 874 136 913 133 889 133 30
894 151 865 151 915 147 887 145 48
896 240 868 240 915 243 887 242 10
890 253 859 253 911 257 878 256 11
890 264 856 264 913 269 877 269 15
879 290 839 290 911 301 867 301 63
882 302 838 302 911 313 863 313 59
886 304 841 304 915 315 866 315 44
882 310 835 310 911 321 860 321 46
884 311 838 311 915 323 864 323 42
881 319 832 319 913 333 859 333 52
879 335 825 335 913 351 853 351 61
877 333 824 332 911 349 852 349 74
875 341 822 338 911 355 850 355 65
898 125 877 124 917 121 893 120 20
901 149 873 147 919 145 887 145 64
898 209 871 209 917 209 888 209 11
901 216 874 216 921 217 893 216 9
898 252 868 251 919 255 887 255 9
895 260 862 260 917 265 882 265 12
889 294 848 294 917 303 872 303 84
887 325 836 324 921 339 864 339 56
887 330 834 330 921 345 862 345 61
908 123 882 123 927 119 900 119 25
907 173 879 171 927 171 898 170 9
903 197 875 197 923 199 893 197 11
907 206 877 208 927 207 897 206 12
903 220 877 218 923 221 896 219 9
902 256 871 255 925 261 891 260 9
895 309 849 309 927 321 876 321 65
890 321 841 322 923 335 868 335 57
889 336 835 336 925 353 864 353 66
911 44 889 43 931 37 905 36 185
911 163 883 164 929 163 901 162 10
909 192 881 191 929 191 900 190 13
913 197 886 197 933 197 900 197 10
913 201 886 200 933 201 904 201 10
909 224 879 221 929 225 896 223 12
911 237 881 237 929 239 899 239 8
913 253 882 256 933 259 901 258 10
909 269 872 269 933 275 896 275 17
901 299 857 299 931 309 883 309 67
899 303 854 303 929 313 881 313 104
900 308 853 308 931 319 880 319 93
913 56 892 55 935 49 907 48 74
917 121 889 121 935 117 906 117 16
917 185 887 185 935 185 906 185 9
917 190 891 189 939 189 909 189 10
917 203 888 203 939 203 908 203 9
920 206 891 206 939 207 911 206 12
910 275 874 275 937 281 897 281 26
904 295 862 295 935 305 888 305 54
904 301 860 301 935 311 887 311 63
904 313 856 313 937 325 884 325 46
903 316 854 316 937 329 883 328 40
900 326 848 326 935 341 877 341 39
923 50 899 48 943 43 921 43 126
925 119 897 119 943 115 913 115 31
920 187 891 188 941 187 912 186 12
922 191 895 190 943 191 914 191 10
920 193 892 193 941 193 912 192 9
913 273 876 273 941 279 900 279 15
916 283 876 283 945 291 902 291 13
915 287 875 287 945 295 901 295 16
902 341 845 340 941 359 878 359 50
925 159 897 159 947 157 913 159 14
928 171 901 171 951 171 921 169 13
925 193 899 193 947 193 917 192 6
925 199 897 199 947 199 917 199 9
924 265 890 265 951 271 913 269 8
921 269 885 269 947 275 909 275 10
924 271 889 271 951 277 912 277 15
920 286 880 286 949 293 906 293 16
916 292 875 292 947 301 901 301 48
914 324 860 323 951 339 891 339 47
910 322 861 322 947 335 891 335 49
911 328 859 329 947 343 889 343 65
913 332 859 332 951 349 891 349 57
932 118 905 117 953 113 924 112 48
932 125 905 122 953 119 922 119 60
936 131 909 130 957 125 928 123 52
929 205 905 202 953 203 925 202 18
935 218 908 217 957 219 928 219 15
932 228 903 227 953 229 925 227 9
934 233 907 233 955 235 926 235 9
928 278 888 279 957 285 915 284 22
927 282 888 282 957 289 914 289 12
925 296 881 297 957 307 909 307 40
921 295 877 295 953 305 905 305 28
919 316 870 317 955 329 901 329 87
942 123 915 121 963 117 934 116 66
939 118 913 117 961 113 932 112 76
941 176 915 176 963 175 934 175 45
936 196 912 195 961 195 933 193 45
941 196 914 196 963 197 935 198 37
939 206 913 206 961 207 933 207 24
935 269 899 269 963 275 924 275 10
933 271 897 270 961 277 922 277 11
931 281 891 281 961 289 918 289 13
926 316 877 316 963 329 908 329 74
923 322 872 322 961 337 904 337 43
919 327 868 327 959 343 900 343 48
919 335 865 336 961 353 899 353 85
918 339 862 339 959 357 896 357 49
940 103 909 101 967 97 931 97 72
940 107 912 107 967 101 932 101 167
943 191 915 190 965 191 936 190 13
942 204 915 204 965 205 936 205 26
943 218 916 218 965 219 936 219 20
937 265 903 264 965 271 927 270 8
938 282 898 282 969 289 925 289 19
934 285 894 285 965 293 921 293 11
931 297 887 297 965 307 916 307 48
933 299 889 299 967 309 918 309 50
931 309 883 309 967 321 914 321 56
930 328 877 328 969 343 909 342 77
927 334 873 335 967 351 907 352 53
945 61 908 61 971 55 927 55 59
947 101 919 101 975 97 943 95 68
948 143 920 143 971 143 941 141 66
950 181 923 182 973 181 944 181 36
950 193 923 192 973 191 944 191 51
948 218 922 217 971 219 940 218 26
952 223 925 225 975 227 946 227 26
949 228 921 227 971 229 942 229 33
949 236 921 237 971 239 942 238 31
953 243 925 242 975 245 945 245 19
943 283 903 283 975 291 931 291 13
942 281 901 281 973 289 929 289 10
941 289 899 289 973 297 928 297 21
941 287 901 287 973 295 928 294 20
936 307 889 307 973 319 921 319 52
937 318 887 318 975 331 919 331 72
932 331 878 331 973 347 913 347 42
932 343 875 343 975 361 911 361 89
954 147 927 146 977 145 948 143 54
955 241 927 241 977 243 948 243 10
947 281 907 281 979 289 935 289 15
942 300 897 301 977 311 927 311 65
943 311 895 311 981 323 927 323 59
939 314 890 314 977 327 923 327 120
941 314 892 314 979 327 925 327 75
939 329 886 329 981 345 922 345 51
934 339 877 339 977 357 913 357 60
960 41 925 40 985 33 943 33 215
961 138 933 139 985 133 955 135 68
960 227 932 227 983 229 954 229 19
962 235 935 235 987 239 957 237 9
962 241 935 241 985 243 955 243 14
955 278 915 278 987 285 944 285 18
952 289 910 289 987 297 941 297 20
951 292 907 292 985 301 938 301 22
949 295 901 295 983 305 936 305 19
947 318 898 318 987 331 932 331 89
942 326 889 326 983 341 925 341 68
943 331 889 331 985 347 925 347 50
962 41 928 41 989 33 949 33 157
963 52 927 52 989 45 950 45 84
955 274 917 275 989 281 946 282 11
958 286 916 286 993 295 946 295 18
956 290 913 290 991 299 944 299 24
953 293 909 293 989 303 940 303 18
951 323 900 323 993 337 935 337 71
948 333 893 333 991 349 930 349 60
945 339 890 339 989 357 926 357 75
970 48 933 47 995 41 958 40 131
970 103 935 103 995 97 958 97 41
972 107 937 107 997 101 961 101 48
964 117 928 118 995 111 960 111 53
960 296 915 295 997 305 948 305 22
957 321 906 321 999 335 942 335 65
956 331 901 331 999 347 938 347 67
951 339 895 339 997 357 933 357 71
977 95 947 97 1005 91 972 89 41
974 107 941 107 1001 101 964 101 44
977 111 948 110 1005 105 973 104 51
969 242 940 243 1001 247 965 246 9
967 283 922 283 1001 291 953 292 13
967 287 925 286 1003 295 956 295 19
965 306 919 306 1003 317 950 317 20
962 323 910 323 1005 337 947 337 95
959 329 905 329 1003 345 943 345 91
960 336 904 336 1005 353 943 354 72
980 101 950 100 1007 95 974 94 48
984 105 954 104 1011 99 978 98 67
983 105 952 104 1009 99 977 98 71
984 159 953 163 1007 157 983 159 15
975 238 946 238 1011 243 979 243 7
975 274 935 271 1009 281 959 283 10
974 288 931 288 1011 297 963 295 16
968 302 921 302 1007 313 956 313 16
963 314 913 315 1007 327 949 328 33
965 326 913 326 1009 341 951 341 94
966 331 912 331 1011 347 951 347 96
995 123 956 123 1015 119 977 119 35
990 212 960 212 1017 213 985 212 11
988 208 959 207 1015 209 983 208 8
988 216 958 216 1015 217 983 217 7
988 239 961 239 1013 241 977 239 6
980 245 953 245 1013 249 982 249 5
982 249 955 248 1017 251 985 251 10
976 285 934 285 1013 293 967 293 11
980 288 937 289 1017 297 971 297 16
973 302 927 299 1013 313 962 314 17
972 328 918 328 1017 343 957 343 119
967 341 914 340 1015 359 959 357 125
996 103 957 104 1023 97 985 97 36
994 208 963 207 1021 209 989 208 8
994 217 964 217 1021 217 990 219 10
992 242 969 243 1019 245 993 246 5
989 275 951 274 1023 281 983 281 9
978 306 930 305 1019 317 966 317 14
976 331 921 332 1021 347 961 347 93
1001 107 959 108 1029 101 990 101 50
996 239 969 240 1029 243 994 241 7
988 283 944 283 1025 291 977 291 12
987 304 940 304 1029 315 976 315 15
984 300 938 300 1025 311 973 311 24
979 327 925 326 1025 343 965 343 73
1009 129 973 129 1033 125 993 125 34
992 297 945 297 1033 311 981 310 21
989 323 936 322 1035 337 976 337 30
984 329 929 329 1031 345 970 345 98
987 332 932 332 1035 349 973 349 97
1015 109 976 110 1041 103 998 104 39
1011 241 983 238 1039 241 1007 241 22
1009 242 981 241 1037 245 1006 243 15
998 293 954 293 1039 303 989 303 17
995 300 947 300 1037 311 985 311 20
997 300 949 300 1039 311 987 311 20
993 311 943 311 1037 323 982 323 25
991 319 938 319 1037 333 980 333 20
1015 110 978 110 1045 103 1008 103 42
1007 339 949 339 1047 353 984 353 106
1003 343 945 343 1043 357 980 357 116
1024 93 983 94 1049 87 1005 88 64
1028 89 986 89 1053 83 1009 84 52
1025 103 987 103 1053 97 1013 97 33
1002 329 947 329 1051 345 990 345 64
1008 345 949 346 1049 359 985 359 103
1031 91 990 91 1057 85 1013 85 46
1027 107 987 108 1057 101 1013 102 43
1013 307 963 307 1059 319 1005 319 23
1013 313 962 313 1059 325 1003 325 17
1003 337 945 337 1055 355 990 355 79
1036 91 995 91 1063 85 1018 86 64
1033 101 995 101 1061 95 1021 95 43
1028 109 994 108 1061 103 1024 102 31
1032 237 999 236 1065 239 1030 240 29
1028 240 995 240 1061 243 1025 243 45
1027 253 993 253 1061 257 1026 257 9
1015 314 963 314 1063 327 1007 327 11
1013 323 957 322 1065 339 1005 337 20
1013 329 955 328 1065 345 1004 345 41
1040 95 1000 95 1067 89 1023 89 42
1037 250 1001 249 1071 255 1034 253 17
1033 249 1000 249 1067 253 1030 253 20
1034 255 999 256 1067 259 1030 260 16
1020 315 968 315 1069 329 1012 328 17
1018 319 966 319 1067 333 1009 333 19
1019 329 964 329 1071 345 1010 345 21
1014 342 955 342 1069 361 1002 361 114
1047 99 1006 99 1073 93 1031 93 40
1043 110 1007 108 1077 103 1039 102 45
1031 300 983 300 1077 311 1024 311 15
1044 257 1009 257 1079 261 1041 260 18
1034 303 985 304 1083 315 1028 315 14
1028 316 976 315 1079 329 1019 328 16
1031 322 977 322 1083 337 1023 337 19
1025 343 967 344 1081 363 1011 361 177
1050 83 1014 82 1087 75 1047 74 67
1049 93 1007 93 1085 85 1041 85 42
1051 117 1016 116 1087 111 1049 110 66
1053 240 1017 239 1089 243 1051 243 43
1051 253 1015 252 1087 257 1049 255 23
1038 313 986 314 1089 327 1032 327 17
1035 317 982 317 1087 331 1028 331 22
1057 91 1018 91 1093 83 1054 82 76
1057 141 1022 139 1093 135 1055 134 51
1057 210 1021 209 1093 211 1055 211 20
1057 235 1025 236 1093 239 1059 241 80
1057 244 1022 244 1093 247 1055 247 24
1037 321 983 321 1091 335 1030 336 31
1039 325 984 326 1093 341 1032 341 24
1035 333 979 334 1091 351 1026 351 21
1035 340 976 340 1093 359 1027 359 61
1059 97 1018 97 1097 89 1052 89 30
1060 119 1026 118 1097 113 1059 112 49
1060 136 1025 134 1097 131 1059 129 15
1062 137 1027 137 1099 133 1060 132 36
1062 259 1027 259 1099 263 1062 263 24
1050 309 998 309 1101 323 1043 322 18
1043 322 989 323 1097 337 1036 337 23
1042 328 989 329 1097 343 1033 345 22
1070 95 1027 95 1107 87 1061 87 38
1071 113 1029 113 1105 107 1063 106 37
1067 119 1027 119 1103 113 1065 112 40
1065 253 1030 254 1103 259 1067 259 15
1049 315 996 315 1103 329 1044 329 23
1048 326 993 326 1103 341 1042 342 24
1072 99 1027 100 1111 91 1067 91 28
1077 117 1035 117 1113 111 1067 111 31
1057 301 1007 297 1109 311 1055 309 13
1061 307 1008 307 1113 319 1057 318 14
1057 322 1001 322 1113 337 1052 337 20
1051 338 993 339 1111 357 1045 358 15
1085 92 1038 93 1119 85 1073 85 33
1082 109 1039 111 1119 105 1069 105 27
1082 117 1038 117 1117 111 1077 110 36
1081 257 1045 256 1119 261 1075 260 11
1065 308 1013 309 1119 321 1062 322 9
1062 311 1010 311 1115 323 1057 324 12
1058 320 1003 320 1115 335 1053 335 14
1057 326 1002 326 1115 341 1054 341 17
1081 271 1040 271 1125 275 1085 275 12
1064 318 1005 318 1121 333 1061 331 20
1065 327 1008 327 1123 343 1061 344 16
1063 340 1002 341 1125 359 1058 360 23
1095 115 1053 115 1131 109 1083 109 29
1074 300 1024 301 1129 313 1073 311 9
1073 305 1023 305 1127 317 1072 315 14
1071 325 1013 326 1127 341 1067 343 19
1070 333 1011 333 1131 351 1066 351 19
1065 343 1004 344 1129 363 1060 363 22
1093 269 1054 271 1137 277 1095 275 10
1073 318 1017 318 1133 333 1071 333 17
1074 322 1019 322 1133 337 1071 338 15
1071 339 1012 339 1135 357 1068 358 24
1074 335 1015 335 1137 353 1071 353 18
1071 342 1011 343 1135 361 1067 361 22
1083 320 1028 320 1143 335 1081 336 20
1077 326 1021 327 1139 343 1075 343 22
1076 335 1017 335 1139 353 1073 353 17
1079 335 1020 335 1143 353 1078 354 19
1080 342 1018 343 1143 361 1074 362 23
1086 312 1032 312 1145 325 1086 326 16
1086 317 1031 317 1145 331 1084 331 14
1083 333 1025 334 1147 351 1081 351 18
1084 336 1024 337 1149 355 1083 355 24
1082 340 1021 340 1147 359 1079 359 27
1084 342 1022 342 1149 361 1081 362 21
1108 211 1070 211 1153 215 1112 215 15
1110 219 1071 219 1155 221 1112 221 12
1095 314 1041 315 1155 327 1097 325 10
1088 330 1031 331 1153 347 1088 348 22
1134 31 1081 31 1159 23 1104 23 149
1136 34 1083 35 1161 27 1106 27 112
1136 41 1083 41 1161 33 1106 33 107
1112 217 1072 217 1157 219 1114 219 16
1114 222 1074 221 1159 223 1117 223 20
1115 220 1076 219 1161 221 1119 220 15
1099 310 1047 311 1159 323 1100 323 14
1096 330 1036 329 1161 347 1094 347 15
1091 333 1033 334 1157 351 1088 351 18
1141 29 1089 27 1167 21 1112 19 129
1141 35 1089 35 1167 27 1113 27 105
1140 41 1087 41 1165 33 1110 33 108
1142 41 1089 41 1167 33 1115 33 77
1098 321 1036 325 1163 341 1099 341 17
1097 330 1039 330 1163 347 1097 347 28
1097 336 1037 337 1165 355 1097 356 21
1144 26 1090 26 1169 19 1113 19 172
1121 265 1083 265 1171 271 1126 271 15
1104 329 1046 329 1171 347 1105 347 25
1112 315 1057 315 1175 329 1114 329 16
1151 41 1100 41 1181 33 1133 33 63
1123 321 1066 322 1191 337 1127 338 16
1168 39 1116 39 1195 31 1140 31 146
1164 43 1115 43 1195 35 1135 36 75
1132 303 1081 303 1195 317 1138 316 15
1139 331 1079 331 1213 349 1144 350 17
1137 332 1077 333 1211 351 1143 352 21
1143 337 1081 337 1221 357 1151 357 28
1150 334 1088 334 1227 353 1156 354 28
1148 341 1085 341 1227 361 1155 361 22
