42 51 29 52 33 45 20 46 47
38 57 26 58 29 51 16 52 49
42 89 28 89 31 83 16 84 169
46 61 34 62 37 55 24 56 36
47 66 34 68 37 61 23 62 30
48 75 35 76 37 69 24 70 74
48 81 34 82 37 75 22 76 75
54 40 41 39 45 33 32 32 141
55 63 41 64 45 57 33 58 18
51 65 37 66 41 59 28 60 25
52 77 39 78 41 71 27 72 64
56 85 44 85 45 79 31 80 179
53 27 39 28 47 21 30 21 201
60 45 48 46 51 39 39 40 68
59 83 45 84 49 77 34 78 105
57 89 43 90 47 83 33 84 227
67 129 29 129 49 123 19 124 211
65 81 51 82 55 75 41 76 84
63 91 50 91 53 85 39 86 178
67 38 55 39 59 31 47 32 226
71 73 61 73 61 67 47 67 55
73 81 59 82 63 75 49 76 72
75 38 63 39 67 31 55 32 123
73 49 59 50 65 43 54 44 41
79 65 65 66 69 59 47 59 75
77 77 63 78 67 71 54 72 45
100 162 66 162 67 157 31 157 46
82 54 69 53 73 47 60 48 33
80 59 67 60 71 53 58 54 24
81 81 67 82 71 75 57 76 30
106 141 70 141 75 135 37 135 74
102 162 69 162 71 157 36 157 59
106 160 74 160 75 155 40 155 60
121 324 72 323 73 335 22 334 71
119 331 72 330 73 343 19 343 75
122 342 74 340 75 355 20 354 77
87 83 73 83 77 77 64 78 44
116 313 72 312 77 321 25 320 38
95 42 83 42 87 35 75 36 35
112 147 80 147 83 141 49 141 71
117 155 84 152 87 149 53 150 119
130 332 81 332 83 345 31 344 59
99 57 87 59 89 53 77 53 23
101 63 88 64 91 57 83 57 23
101 69 89 69 93 63 75 64 23
98 75 84 76 89 69 75 71 21
124 143 89 143 93 137 55 137 165
121 149 88 149 93 143 58 143 312
103 49 90 47 95 43 90 43 48
124 147 91 147 95 141 60 141 94
128 145 95 145 99 139 64 139 125
134 313 93 312 97 321 51 320 36
132 309 89 309 95 317 44 316 36
115 55 106 55 105 49 92 50 33
114 59 101 60 105 53 96 52 25
108 68 99 68 101 61 87 62 20
117 113 83 113 101 107 64 107 82
132 136 100 136 101 129 69 130 140
115 45 102 45 107 39 94 40 27
118 83 106 83 111 77 97 78 21
135 263 103 266 107 269 72 267 64
136 287 102 286 107 291 88 289 437
149 318 107 317 111 327 65 326 87
124 57 111 58 115 51 102 52 23
121 91 108 92 113 89 100 88 63
141 120 106 122 113 115 77 113 97
139 135 108 135 117 129 81 129 100
142 279 109 279 115 285 79 283 54
149 301 111 301 115 309 77 308 48
131 67 119 67 123 61 110 61 21
127 81 114 82 121 75 108 74 30
148 113 113 113 119 105 83 105 130
150 287 118 286 123 291 89 290 63
155 309 115 308 119 317 77 316 35
159 330 113 329 119 341 65 341 93
137 39 124 40 129 33 116 34 146
133 43 120 44 125 37 112 38 78
135 55 121 56 125 49 116 49 66
133 67 120 68 125 61 111 62 24
132 73 120 74 125 67 111 68 26
135 84 122 85 127 79 113 80 41
133 88 120 89 125 83 112 83 24
137 93 124 95 129 89 116 90 47
133 98 120 99 125 93 112 93 139
133 100 120 101 125 95 112 95 154
131 108 102 109 125 103 91 103 160
152 115 120 115 125 107 91 107 146
151 122 120 125 125 117 92 117 103
155 125 123 123 129 119 95 120 75
149 131 117 131 125 125 89 125 49
151 137 121 137 129 131 103 132 150
140 23 123 23 135 17 119 17 306
142 40 129 41 135 33 122 34 58
141 65 128 65 133 59 119 59 32
158 137 126 137 133 131 99 131 86
150 63 137 64 141 57 127 58 17
145 67 131 67 137 61 123 61 19
162 131 131 132 137 125 105 125 45
150 28 137 29 143 21 130 22 169
167 125 137 128 143 121 111 121 76
169 133 137 133 145 127 111 127 61
186 331 139 330 147 343 95 342 72
158 59 144 57 149 53 136 51 13
160 105 143 107 149 101 135 99 223
175 121 146 122 153 115 121 115 135
175 133 144 133 151 127 120 127 59
174 159 144 155 151 153 120 153 198
175 165 146 166 153 163 122 163 151
172 278 142 277 149 281 117 280 99
173 284 141 283 149 287 116 286 75
169 49 156 49 159 45 145 47 15
165 59 154 59 155 53 142 53 20
181 129 153 129 159 123 125 123 82
178 152 148 152 155 147 124 147 201
180 154 150 154 157 149 126 149 195
180 163 150 163 157 159 126 159 197
182 191 152 188 159 189 128 188 202
170 93 155 93 161 87 144 88 54
171 104 155 105 161 99 144 99 132
185 261 156 259 163 261 132 260 122
191 284 157 283 165 287 132 286 151
176 78 163 79 169 73 155 73 30
179 95 163 93 169 87 153 86 63
177 101 161 103 167 97 150 97 87
191 185 163 183 171 183 142 182 88
189 255 159 253 167 255 138 255 152
181 81 167 81 173 75 159 76 28
185 91 167 93 173 85 159 87 198
202 135 171 135 177 129 146 129 95
192 169 165 169 173 165 144 165 25
194 167 168 167 175 163 146 163 29
194 203 167 203 175 201 146 202 22
194 209 167 209 175 207 145 208 38
195 216 168 216 177 215 148 215 79
196 224 169 223 177 223 148 223 51
196 221 169 221 177 221 148 220 69
197 253 169 253 177 255 148 255 79
197 269 171 268 177 271 145 271 53
195 274 165 274 173 277 144 276 91
197 280 167 279 175 283 144 282 240
187 43 174 44 181 37 167 38 48
203 129 173 129 183 123 152 123 85
199 159 173 158 183 155 153 153 70
202 198 175 198 183 197 155 196 26
200 220 173 219 181 219 153 219 63
197 237 171 240 179 241 150 241 56
202 287 169 286 179 291 143 290 133
218 339 169 338 179 353 125 352 47
200 54 187 55 189 49 180 49 19
196 84 182 85 189 79 175 79 88
205 121 175 121 187 115 155 115 181
203 125 175 125 185 119 154 119 135
206 133 176 133 185 127 155 127 121
205 150 179 150 185 145 157 145 156
197 155 169 155 187 151 154 151 70
204 163 177 162 185 159 155 159 36
206 169 181 169 189 165 161 165 27
210 165 183 164 189 161 161 161 84
203 177 179 177 185 175 160 175 45
205 187 179 188 187 185 159 185 19
205 195 179 195 187 193 159 193 15
205 193 179 193 187 191 159 191 17
203 202 177 202 185 201 157 199 29
204 212 177 212 185 211 157 211 34
204 224 177 223 185 223 157 223 51
204 231 177 233 185 233 157 233 38
204 242 177 242 185 243 157 242 54
204 269 175 269 185 271 154 271 56
199 63 186 63 191 57 178 57 16
203 59 187 60 195 53 179 54 17
201 69 191 68 195 61 183 62 18
198 87 184 87 191 83 177 84 74
209 119 183 120 191 113 161 113 174
214 124 186 125 195 119 166 118 83
214 132 186 132 195 127 166 127 198
209 176 183 176 191 173 164 173 36
211 188 184 188 193 185 165 185 48
213 205 186 204 195 203 168 203 35
210 223 184 223 193 223 166 223 40
212 253 184 253 193 255 165 254 33
212 269 184 269 193 271 163 271 68
220 296 185 295 195 301 154 300 93
211 45 199 45 197 39 193 38 67
208 79 194 79 201 73 186 74 54
204 85 190 85 197 79 183 79 81
218 126 190 126 199 119 170 119 77
218 169 192 168 201 165 174 165 72
218 205 192 204 201 203 174 203 67
214 210 188 209 197 209 169 208 40
216 219 190 218 199 217 171 217 42
216 224 190 223 199 225 172 225 62
217 228 191 228 199 227 172 227 58
218 238 192 237 201 239 174 239 64
219 247 192 245 201 247 174 247 67
219 269 192 268 201 271 173 270 80
213 43 205 43 203 37 195 37 69
212 66 201 66 207 59 189 60 22
210 82 196 83 203 77 189 77 73
212 89 198 88 205 83 190 81 76
213 107 200 106 207 101 193 101 118
208 137 179 137 203 133 174 133 112
215 143 189 143 207 139 178 139 114
223 157 197 157 207 153 181 153 82
222 167 196 166 205 163 178 163 81
222 179 196 181 205 179 178 180 129
220 190 194 188 203 187 176 185 94
220 200 194 200 203 199 176 198 93
221 212 196 214 205 213 178 213 84
220 210 194 210 203 209 176 208 82
220 222 194 221 203 221 176 221 73
222 226 196 225 205 225 178 224 111
221 234 196 235 205 235 178 234 85
222 242 196 242 205 243 178 241 76
224 247 198 244 207 245 180 244 73
215 33 201 34 209 27 195 28 66
217 51 206 50 209 45 199 44 15
220 49 210 48 213 43 200 43 24
216 105 202 103 209 99 195 100 59
216 110 202 110 209 105 195 105 67
221 143 193 143 213 139 187 139 93
223 151 194 151 211 147 184 147 144
229 259 204 259 213 261 187 260 101
225 26 211 26 219 23 205 24 194
223 49 212 48 215 43 207 41 27
222 53 215 51 215 47 206 45 21
234 121 206 121 217 115 189 115 62
234 127 207 127 217 121 189 121 83
231 125 205 125 215 119 187 119 77
225 137 199 137 219 133 189 133 105
227 145 205 145 217 141 187 141 197
234 157 209 157 219 153 193 153 82
234 164 209 164 219 161 193 163 85
231 247 206 246 215 247 189 247 94
235 251 210 252 219 253 193 252 159
231 23 217 24 225 17 211 18 53
230 41 223 41 221 35 213 35 76
235 50 231 49 225 45 220 45 35
230 104 214 101 223 99 205 100 31
230 108 219 108 225 103 211 103 28
227 135 200 135 221 131 190 131 100
227 139 201 139 221 135 196 135 101
236 220 211 223 221 221 194 223 85
240 249 215 248 225 249 199 248 176
257 347 199 345 221 363 161 362 53
249 123 222 123 231 117 206 117 64
245 146 220 147 231 141 205 141 181
245 144 221 144 231 139 205 139 178
244 241 219 241 229 243 203 243 118
251 291 217 291 229 297 190 296 103
241 34 227 34 235 27 221 28 82
242 65 227 65 235 59 220 60 34
236 112 224 112 233 107 207 109 59
248 129 223 129 233 123 207 123 77
251 146 227 146 237 141 212 141 212
249 148 225 147 235 143 209 144 254
258 285 227 284 237 289 205 288 88
245 31 231 31 239 23 225 23 213
243 40 231 40 239 33 223 34 40
247 63 235 63 241 57 228 57 32
245 67 231 67 239 61 224 61 35
249 112 235 112 241 107 223 107 53
257 128 232 129 243 123 217 123 115
253 146 229 146 239 141 213 141 246
257 142 232 142 243 137 218 137 157
255 188 231 191 241 187 216 189 211
255 204 231 204 241 203 216 203 239
255 265 228 265 239 267 211 267 84
262 279 231 279 243 283 210 282 85
259 279 227 279 239 283 207 282 100
261 283 227 283 241 287 205 287 92
255 27 241 28 249 21 235 21 77
251 32 237 32 245 25 231 26 63
253 82 239 83 247 77 233 77 20
253 104 239 104 247 99 233 99 41
251 110 239 110 247 105 232 105 31
262 209 238 208 249 207 224 207 245
261 252 236 252 247 253 221 251 103
266 276 237 276 249 279 217 279 98
264 272 235 272 247 275 217 275 81
268 286 236 285 249 291 213 290 127
270 300 232 300 247 307 206 306 53
259 29 244 31 253 23 239 23 63
258 82 244 82 253 77 238 77 16
257 102 243 102 251 97 237 97 39
261 104 247 104 255 99 241 99 33
257 157 243 158 251 155 237 155 433
270 267 243 267 255 269 227 268 96
272 278 241 277 255 281 221 280 71
271 291 241 290 251 297 215 296 90
266 42 252 42 261 35 247 35 29
265 43 250 44 259 37 244 38 45
263 49 248 50 257 43 242 43 39
266 53 257 53 257 47 249 47 53
261 61 245 62 257 55 242 55 22
260 108 249 108 257 103 241 103 52
273 131 256 131 261 127 247 127 28
276 136 257 137 261 133 247 132 28
262 158 249 158 257 155 243 155 158
263 168 249 168 257 165 243 165 202
270 207 251 206 261 205 237 205 223
270 247 246 246 257 247 232 245 219
278 281 245 281 259 285 223 285 83
279 297 241 296 257 303 217 302 56
270 35 256 36 265 29 250 29 44
268 67 255 67 263 61 247 62 34
270 76 257 77 265 71 251 71 63
272 102 259 102 267 97 253 97 48
273 143 258 143 267 139 253 139 23
278 213 256 210 267 209 243 209 63
278 252 256 252 267 253 244 252 154
275 254 251 254 263 255 238 255 280
277 267 251 266 263 269 236 268 88
289 298 251 298 267 305 225 305 71
276 26 262 26 271 19 256 19 158
278 34 264 34 273 27 258 27 69
278 32 264 32 273 25 258 25 101
278 45 264 46 273 39 258 40 36
276 42 262 42 271 35 257 35 39
275 59 265 59 269 53 254 54 49
273 65 263 65 271 59 259 59 56
277 100 263 100 271 95 258 95 53
277 125 264 125 273 121 257 121 11
279 137 263 137 273 133 251 132 24
277 141 265 141 273 137 263 137 25
278 156 265 157 273 153 259 153 34
274 152 261 152 269 149 255 149 20
283 202 263 202 273 201 251 201 44
282 209 260 208 271 207 248 207 55
280 247 259 246 269 247 245 247 109
282 258 257 258 269 259 244 259 163
280 44 266 44 275 37 260 38 44
285 46 270 46 279 39 264 40 39
287 47 269 48 279 41 264 41 40
284 51 273 51 275 45 263 45 58
279 59 267 59 275 53 263 53 25
279 106 267 106 275 101 260 101 46
283 131 269 131 275 127 263 127 29
285 150 272 150 277 147 266 147 34
285 187 265 187 275 185 255 183 63
284 201 264 201 275 199 254 199 61
288 204 267 204 277 203 255 203 65
286 216 264 216 275 215 252 214 48
288 247 266 246 277 247 254 247 115
286 247 264 246 275 247 252 247 118
291 250 267 250 279 251 257 250 94
289 267 262 267 275 269 246 269 72
297 291 265 290 279 297 239 296 63
308 345 256 344 277 361 219 360 77
286 38 272 38 281 31 267 31 48
290 66 275 67 285 61 270 61 45
288 74 274 74 283 69 268 70 47
286 100 272 100 281 95 267 95 51
288 129 273 129 281 125 267 125 32
283 137 271 137 281 133 265 133 22
290 154 277 153 285 151 271 150 40
293 194 272 193 283 191 261 190 39
293 237 270 238 281 239 258 238 83
295 248 270 248 281 249 261 248 124
293 254 269 254 281 255 256 255 86
298 274 269 273 283 277 253 276 87
310 342 260 341 281 357 224 356 75
293 43 278 44 287 37 272 37 32
292 61 277 61 287 55 272 55 37
292 102 278 102 287 97 272 97 59
293 108 278 108 287 103 272 103 28
295 127 280 127 289 123 274 123 26
296 139 282 139 291 135 276 135 31
292 141 278 141 287 137 272 137 19
292 143 278 146 287 141 271 142 24
292 152 278 152 287 149 272 149 39
292 180 278 179 287 177 273 177 90
299 188 278 187 289 185 268 185 86
297 199 276 199 287 197 266 197 36
300 217 280 218 291 217 269 215 20
299 256 275 255 287 257 263 257 90
307 277 274 277 287 281 253 281 63
304 278 275 277 289 281 254 281 71
308 283 274 282 291 287 256 286 72
311 297 287 297 289 303 265 303 43
298 28 283 29 293 21 278 22 114
298 41 283 42 293 35 274 36 31
304 49 294 49 297 43 285 43 18
299 57 286 57 293 51 275 52 32
299 104 284 104 293 99 277 99 41
301 125 287 125 297 121 283 121 25
306 193 285 193 297 191 276 191 56
304 195 283 195 295 193 273 193 36
304 201 283 200 295 199 273 199 39
306 218 286 218 297 217 276 217 15
302 226 281 225 293 225 271 225 19
311 290 279 291 293 295 257 294 39
305 24 291 25 301 17 286 18 246
306 41 291 42 301 35 286 35 34
306 104 291 104 301 99 286 99 54
301 109 285 111 299 105 280 105 66
304 133 289 133 299 129 284 129 26
308 135 293 135 303 131 288 131 30
312 187 291 187 303 185 282 185 80
310 208 289 208 301 207 280 207 38
312 209 291 208 303 207 281 207 24
312 221 292 222 303 221 282 222 13
314 265 287 265 301 267 273 267 85
311 261 286 261 299 263 272 263 66
315 263 290 263 303 265 277 265 78
326 337 277 336 299 351 245 350 97
331 345 277 346 303 361 243 362 124
311 24 296 25 307 17 293 17 203
314 34 299 34 309 27 294 27 84
310 36 295 36 305 29 290 29 100
311 46 295 46 307 39 292 39 35
309 101 295 102 305 97 290 97 43
310 108 295 108 305 103 290 103 30
312 127 297 126 307 123 292 123 21
310 133 295 133 305 129 290 129 36
313 183 293 183 305 181 284 181 90
316 189 295 189 307 187 286 187 53
314 205 293 204 305 203 284 203 40
315 249 293 248 305 249 281 249 59
322 281 291 280 307 285 274 284 38
323 293 298 291 305 299 280 299 49
317 29 303 30 313 23 298 23 136
323 47 311 47 313 41 301 41 31
319 65 305 65 315 59 300 59 53
321 191 301 191 313 189 292 189 54
321 201 301 200 313 199 292 199 35
319 209 299 208 311 207 289 207 30
321 209 300 209 313 207 291 207 64
321 216 299 216 313 215 293 214 18
323 225 303 225 315 225 294 225 13
323 230 303 229 315 229 293 229 10
321 252 298 252 311 253 288 252 65
325 270 295 270 311 273 281 272 76
338 341 289 340 313 355 259 354 160
325 63 312 63 321 57 308 57 48
324 148 309 148 319 145 304 145 91
322 157 307 156 317 151 302 153 47
325 185 305 185 317 183 296 183 75
327 189 307 189 319 187 298 187 79
327 195 307 195 319 193 298 193 48
325 197 305 197 317 195 296 195 50
328 203 308 203 319 201 298 201 33
330 199 309 199 321 197 300 197 56
325 231 305 231 317 231 297 231 8
323 245 306 244 317 245 297 244 40
330 249 309 248 321 249 299 249 48
328 251 308 250 319 251 296 251 74
329 265 301 265 317 267 288 267 91
332 43 316 43 323 37 309 37 26
333 53 319 53 323 47 310 47 23
329 100 315 100 325 95 311 95 141
327 106 313 106 323 101 309 101 60
327 150 313 150 323 147 308 147 54
335 197 315 197 327 195 306 195 116
335 213 313 212 327 211 306 209 20
330 236 311 235 323 237 305 236 26
333 244 312 244 325 245 301 243 34
335 244 314 244 327 245 305 245 32
331 252 310 252 323 253 300 253 50
337 256 313 255 327 257 303 256 82
341 293 315 291 325 299 293 297 53
341 49 323 49 331 43 317 43 25
333 68 318 69 329 63 314 63 61
335 75 320 73 331 67 316 68 78
334 89 324 91 331 87 324 88 181
333 144 321 144 329 141 317 141 66
337 187 316 187 329 185 308 185 42
337 249 317 248 329 249 305 249 31
341 268 313 268 329 271 300 270 94
344 272 314 272 331 275 303 274 50
341 31 328 31 337 25 322 25 23
345 41 330 41 339 35 325 35 25
343 51 331 51 337 45 325 45 30
340 61 327 61 337 55 323 55 52
337 61 325 61 335 55 317 55 42
336 93 327 93 335 91 317 92 164
338 161 326 162 335 159 322 160 239
344 187 324 187 337 185 317 185 69
344 191 324 191 337 189 316 189 27
343 193 322 193 335 191 314 191 51
346 216 326 217 339 215 318 215 7
346 261 320 261 335 263 309 262 64
350 265 323 264 339 267 311 266 68
349 32 337 31 345 25 330 25 20
347 63 332 63 343 57 328 57 41
345 69 331 69 341 63 325 63 90
345 87 329 87 341 83 326 84 155
347 100 332 101 343 95 323 95 160
344 157 330 157 341 157 325 156 193
349 162 334 164 345 161 329 161 184
348 179 328 179 341 177 321 177 88
348 189 328 189 341 187 320 187 37
349 236 325 239 341 237 321 239 13
349 243 325 243 341 243 319 243 42
353 250 331 250 345 251 322 251 85
354 258 330 257 345 259 319 259 96
355 281 323 281 341 285 307 285 46
359 296 325 296 343 303 308 303 120
366 346 313 346 341 363 283 362 73
355 40 339 40 351 33 331 32 26
352 161 336 160 349 157 331 158 153
356 176 336 175 349 173 329 173 127
355 179 336 179 349 177 329 177 87
357 181 338 181 351 179 331 179 69
358 191 338 191 351 189 330 189 36
359 252 337 251 351 253 329 252 53
359 259 334 259 349 261 323 261 82
361 270 329 270 347 273 315 273 52
358 276 329 275 347 279 316 279 60
361 288 331 286 347 293 309 292 30
361 75 345 75 357 69 340 68 47
359 84 342 86 355 79 339 79 47
359 90 343 92 355 85 339 85 47
357 99 341 99 353 95 336 93 100
360 108 342 108 355 103 336 103 84
362 114 344 114 357 109 338 109 46
358 118 341 120 353 113 334 111 50
363 176 344 176 357 173 336 173 77
359 210 339 211 353 211 331 213 17
362 258 338 257 353 259 328 258 87
369 292 333 292 353 299 315 298 72
366 35 350 35 363 29 347 29 35
365 49 349 50 361 43 345 43 25
363 55 347 57 359 49 343 47 25
363 63 347 63 359 57 343 55 25
367 67 351 67 363 61 347 59 19
363 71 347 71 359 65 342 64 23
367 77 351 77 363 71 347 71 74
365 84 349 85 361 79 345 79 26
364 115 346 116 359 111 340 111 108
367 173 347 174 361 171 341 171 76
365 181 345 181 359 179 338 179 55
368 185 347 185 361 183 340 183 43
367 183 347 183 361 181 340 181 57
367 189 347 189 361 187 340 187 46
366 191 346 191 359 189 338 189 43
368 193 347 193 361 191 340 191 34
369 197 349 197 363 195 342 195 50
369 206 349 206 363 205 342 205 60
368 220 347 219 361 219 340 219 21
369 230 349 231 363 231 342 230 12
371 252 348 252 363 253 339 253 123
370 257 345 257 361 259 336 258 73
370 261 343 261 361 263 332 263 84
368 265 343 264 359 267 330 267 45
373 264 345 264 361 267 332 267 51
369 269 345 268 363 271 331 271 40
374 272 344 272 363 275 332 275 49
375 283 340 285 361 291 325 290 22
369 25 353 26 365 19 349 17 46
371 38 355 38 367 31 351 31 37
369 53 353 53 365 47 349 46 25
371 99 354 100 367 95 349 95 106
374 109 356 110 369 105 350 104 53
374 107 356 108 369 103 349 101 72
370 112 352 112 365 107 346 106 50
373 139 354 139 367 135 348 135 40
370 145 352 145 365 141 346 141 45
371 170 351 169 365 167 345 167 47
375 177 356 178 369 175 349 175 70
371 197 351 197 365 195 344 195 39
373 199 353 198 367 197 346 197 77
371 208 351 208 365 207 344 207 35
372 247 351 246 365 247 340 247 45
375 250 352 250 367 251 344 250 52
377 254 353 253 369 255 345 255 154
376 263 352 262 367 265 340 264 70
376 278 344 278 365 281 331 281 43
380 288 345 287 367 293 329 293 42
376 47 361 48 373 41 357 42 39
375 71 359 70 371 63 355 64 17
378 65 363 65 375 59 359 59 53
379 71 363 71 375 65 358 64 44
378 80 363 81 375 75 359 76 88
378 86 363 87 375 81 359 81 69
374 98 359 98 371 93 355 93 62
376 104 358 104 371 99 353 98 65
380 129 361 129 375 125 356 125 49
379 174 360 174 373 171 353 171 61
377 189 357 189 371 187 350 187 66
379 193 359 193 373 191 352 191 42
377 197 357 197 371 195 350 195 45
381 199 361 199 375 197 354 197 42
377 204 357 204 371 203 350 203 48
377 208 357 208 371 207 350 207 52
377 214 357 214 371 213 350 213 57
379 218 359 218 373 217 352 217 36
377 220 357 220 371 219 350 219 44
377 237 357 237 371 237 350 237 26
376 243 358 242 371 243 347 243 107
377 247 353 247 371 247 349 247 37
382 252 360 252 375 253 351 253 106
388 286 353 286 375 291 339 291 33
388 292 350 291 375 299 337 297 113
388 298 353 298 375 305 333 304 221
382 38 366 37 379 31 363 31 86
380 85 365 85 377 79 361 79 66
380 89 365 88 377 83 361 83 114
382 89 367 88 379 83 364 82 74
384 102 369 102 381 97 365 97 131
383 113 365 114 379 109 360 109 129
382 135 364 135 377 131 358 131 63
384 141 365 141 379 137 360 137 61
382 154 364 154 377 151 359 150 39
382 170 363 169 377 167 357 166 46
383 185 363 185 377 183 357 183 40
383 189 363 189 377 187 356 187 29
387 190 367 189 381 187 361 188 43
383 197 363 197 377 195 356 195 46
387 212 367 212 381 211 360 211 68
383 214 363 214 377 213 356 213 52
385 220 365 220 379 219 358 219 49
384 247 364 246 379 247 355 247 59
385 259 360 259 377 261 350 261 71
387 263 363 262 379 265 350 265 52
389 276 357 276 377 281 344 280 48
391 284 360 281 381 289 346 287 28
389 46 373 46 385 39 369 39 85
386 68 371 71 383 63 367 63 135
388 80 372 80 385 75 369 75 152
390 96 374 97 387 91 371 91 166
391 116 373 115 387 111 371 111 225
389 119 371 119 385 115 366 114 307
391 137 373 137 387 133 368 133 207
390 170 371 169 385 167 366 167 113
392 174 373 174 387 171 367 170 126
392 191 373 190 387 189 367 189 47
389 200 369 200 383 199 362 199 41
391 214 370 214 385 213 364 213 83
389 231 369 231 383 231 362 231 54
391 235 368 237 383 237 362 237 32
393 233 373 233 387 233 366 233 19
390 241 373 240 387 241 366 241 38
393 249 371 248 387 249 364 249 71
393 245 373 244 387 245 365 245 39
389 247 367 247 383 247 360 247 64
391 261 365 261 383 263 356 263 71
390 267 361 267 383 269 353 269 36
399 284 367 284 387 289 351 289 24
395 294 362 294 383 301 342 300 126
399 303 361 303 385 311 343 311 145
395 36 379 35 393 29 377 28 85
393 43 379 44 391 37 375 37 90
395 45 380 45 393 39 378 40 53
392 65 377 67 389 59 373 59 243
394 80 378 80 391 75 375 75 206
394 90 379 89 391 85 375 85 158
392 104 377 104 389 99 373 99 220
396 100 381 100 393 95 377 95 225
396 113 381 114 393 109 377 109 223
392 117 377 119 389 113 373 113 223
394 127 378 127 391 123 375 123 247
393 129 376 131 389 127 372 128 188
394 156 378 156 391 153 375 153 188
396 158 380 159 393 155 377 155 208
394 189 375 189 389 187 369 187 103
398 208 378 208 393 207 373 207 100
394 204 374 204 389 203 369 203 65
395 212 375 212 389 211 368 211 81
397 216 376 216 391 215 370 215 56
394 218 374 218 389 217 368 217 53
399 251 377 250 393 251 369 251 123
396 254 372 254 389 255 364 255 79
397 261 372 260 389 263 363 262 70
399 265 377 264 393 267 363 267 39
403 281 367 282 393 285 356 285 17
406 300 368 299 393 307 353 306 134
405 303 366 303 391 311 359 310 420
400 51 384 51 397 45 381 45 86
398 61 384 61 395 55 379 55 167
398 100 383 100 395 95 379 95 257
398 123 383 124 395 119 379 117 303
402 132 387 131 399 129 383 130 309
402 148 386 148 399 145 383 145 324
398 146 382 146 395 143 379 143 279
402 156 387 155 399 153 383 153 423
400 175 383 176 397 173 380 173 349
400 197 380 197 395 195 375 195 96
402 203 382 202 397 201 377 201 89
402 212 382 212 397 211 377 211 68
404 212 384 212 399 211 378 211 100
400 223 380 223 395 223 374 223 32
403 252 380 252 397 253 373 253 115
403 259 378 259 395 261 369 261 74
404 265 375 265 397 267 367 267 46
411 274 377 275 399 279 365 279 40
409 296 373 296 397 303 358 302 257
405 26 390 27 403 19 387 19 132
403 45 388 45 401 39 385 39 43
403 49 387 49 401 43 385 43 77
408 51 392 51 405 45 389 45 67
406 53 390 53 403 47 387 47 66
404 67 387 66 401 61 385 61 271
404 77 388 77 401 71 385 71 281
406 86 390 86 403 81 387 81 381
404 82 388 82 401 77 385 77 286
405 93 390 94 403 89 387 89 233
407 112 395 109 405 107 390 105 185
408 147 392 146 405 143 389 143 313
408 160 392 160 405 157 389 157 411
404 170 388 171 401 167 385 167 411
407 179 389 179 403 177 387 177 493
405 183 387 183 401 181 384 180 369
409 195 391 194 405 193 385 193 319
408 208 388 208 403 207 383 207 139
406 204 386 204 401 203 381 203 120
408 216 388 216 403 215 382 215 96
410 223 390 223 405 223 384 222 44
406 226 386 225 401 225 381 225 30
408 245 387 245 403 245 381 245 67
409 250 387 250 403 251 379 251 117
410 259 383 259 403 261 377 260 82
412 263 389 262 405 265 376 265 46
415 296 380 295 403 303 365 302 119
413 30 398 30 411 23 395 23 89
409 40 395 39 407 33 392 33 80
413 42 397 42 411 35 395 35 63
409 43 394 44 407 37 391 37 188
412 71 396 71 409 65 393 65 212
410 77 395 77 407 71 391 71 201
409 82 394 82 407 77 392 77 198
411 92 397 92 409 87 395 88 224
411 104 397 103 409 99 395 99 112
409 117 394 117 407 113 391 113 188
413 127 398 128 411 125 395 123 337
409 140 391 140 407 137 391 137 800
413 162 398 162 411 159 394 159 231
412 169 396 167 409 165 393 165 307
409 164 394 164 407 161 391 161 331
409 170 394 171 407 169 391 168 469
412 181 397 181 409 179 393 180 277
411 197 393 196 407 195 389 194 285
415 252 392 252 409 253 385 253 68
417 263 390 263 411 265 382 265 64
419 273 384 275 407 279 374 278 24
419 294 383 294 407 301 368 301 80
420 308 379 308 407 317 362 317 75
415 28 400 28 413 21 397 21 259
417 34 401 34 415 27 399 28 80
414 37 400 38 413 31 397 31 59
417 40 402 40 415 33 399 33 138
417 51 401 51 415 45 399 45 80
417 49 402 49 415 43 399 43 88
419 69 404 69 417 63 402 63 51
417 77 402 77 415 71 399 71 137
419 126 404 126 417 123 402 125 204
415 123 400 123 413 119 397 119 258
419 128 404 129 417 125 402 126 293
419 135 404 135 417 131 401 131 173
415 136 400 136 413 133 397 133 191
415 146 400 146 413 143 397 143 181
417 158 403 158 415 155 400 155 152
416 165 400 163 413 161 398 161 270
418 185 402 185 415 183 399 183 205
417 197 400 199 413 197 397 197 307
419 217 402 215 417 215 393 217 181
419 223 400 224 415 223 395 223 39
421 241 402 241 417 241 397 241 60
422 254 398 254 415 255 390 255 74
423 284 387 285 413 289 375 290 34
428 285 393 286 417 291 381 291 32
425 53 409 53 423 47 407 47 60
421 57 405 57 419 51 403 51 56
425 61 409 61 423 55 407 55 52
423 96 408 96 421 91 405 92 140
425 117 410 117 423 113 408 113 134
425 129 410 129 423 125 407 124 167
423 144 408 144 421 141 406 140 192
421 148 406 148 419 145 403 145 168
423 185 408 185 421 183 405 183 268
425 188 410 189 423 187 407 187 190
422 200 406 201 419 199 403 199 155
425 210 406 210 421 209 401 209 194
427 216 407 216 423 215 403 215 74
425 227 401 227 421 227 401 227 214
423 229 403 229 419 229 399 228 37
423 233 403 233 419 233 398 233 38
425 239 406 239 421 239 401 239 62
426 250 404 250 421 251 398 251 94
429 261 403 261 423 263 395 263 42
428 280 396 280 419 285 386 284 23
431 282 395 284 419 289 383 289 37
433 307 395 306 423 315 379 315 50
429 30 413 30 427 23 410 23 89
429 32 413 32 427 25 411 26 76
431 51 415 51 429 45 413 45 66
427 49 411 49 425 43 409 43 18
427 57 411 57 425 51 409 51 15
429 63 413 63 427 57 411 57 13
427 65 412 65 425 59 409 59 20
429 67 413 67 427 61 411 61 18
427 92 412 92 425 87 410 87 158
429 96 414 96 427 91 412 91 122
431 117 416 117 429 113 414 113 84
429 127 414 127 427 123 412 123 126
431 129 416 129 429 125 414 125 111
428 148 412 148 425 145 411 143 115
427 153 411 152 425 149 408 150 112
429 185 414 185 427 183 412 183 130
430 216 412 215 427 215 407 215 68
429 222 409 221 425 221 405 221 133
433 231 413 231 429 231 409 230 124
430 249 408 248 425 249 402 249 82
432 256 408 255 427 257 401 257 67
435 264 407 264 427 267 397 267 34
437 38 421 38 435 31 419 31 34
433 40 417 40 431 33 415 33 28
433 42 417 42 431 35 415 35 21
433 49 417 49 431 43 415 43 14
433 57 417 57 431 51 415 51 13
433 65 417 65 431 59 415 59 16
435 67 419 67 433 61 417 61 24
435 78 419 78 433 73 417 73 80
433 82 418 83 431 77 415 77 57
433 131 418 131 431 127 416 127 86
437 129 421 128 435 125 419 124 46
433 154 417 154 431 151 415 151 38
433 163 418 164 431 161 415 160 33
437 176 422 176 435 173 420 173 48
437 184 422 185 435 183 420 183 72
432 200 418 199 431 199 416 200 110
435 204 419 204 433 203 417 202 92
436 208 414 208 433 207 414 207 218
434 218 416 217 431 217 411 217 90
436 229 418 229 433 229 414 229 105
434 241 415 240 431 241 411 241 68
435 246 414 246 431 247 410 246 83
437 254 412 253 431 255 405 255 92
438 259 412 259 431 261 404 261 30
440 262 413 262 433 265 402 266 60
438 274 407 274 433 277 401 277 22
441 276 414 274 435 279 402 279 29
446 284 414 283 435 291 402 289 20
441 47 425 47 439 41 423 41 30
442 68 427 68 441 63 425 62 41
439 86 423 86 437 81 421 81 71
443 94 427 94 441 89 425 89 146
443 102 427 102 441 97 425 97 65
439 106 423 106 437 101 421 101 36
442 145 427 145 441 143 425 142 83
441 160 425 160 439 157 423 157 40
439 164 424 164 437 161 421 161 36
440 173 426 173 439 171 424 170 67
439 169 423 169 437 167 421 167 42
444 208 426 208 441 207 422 207 112
441 204 423 204 437 203 419 203 127
444 224 426 223 441 223 422 223 104
441 231 423 231 439 231 420 231 169
440 227 422 227 437 227 418 227 83
442 241 422 241 439 241 418 241 39
446 250 424 250 441 251 419 251 70
447 272 419 271 441 275 410 275 32
446 55 431 55 445 49 429 49 46
444 64 429 64 443 59 428 59 48
446 73 431 73 445 67 429 67 63
447 92 431 91 445 87 428 88 145
445 106 429 105 443 101 427 101 115
445 121 429 121 443 117 427 117 55
447 136 431 137 445 133 429 133 142
447 144 431 144 445 141 429 140 97
445 170 430 169 443 167 428 167 70
446 183 432 183 445 181 430 181 95
448 187 434 187 447 185 431 183 212
445 200 429 200 443 199 427 198 121
447 206 430 206 445 205 427 205 85
447 216 430 216 445 215 427 215 109
449 229 432 229 447 229 429 229 122
448 235 430 235 445 235 426 235 82
446 243 426 243 443 243 422 243 51
449 259 423 259 443 261 416 261 41
452 273 422 273 445 277 413 277 17
457 306 416 307 447 315 403 315 43
450 51 435 51 449 45 434 45 69
454 55 439 55 453 49 437 49 58
452 66 438 66 451 61 437 61 52
454 73 439 72 453 67 438 66 88
450 70 435 70 449 65 434 65 123
453 90 436 90 451 85 433 85 162
453 116 436 116 451 111 433 109 100
451 162 434 162 449 159 431 157 103
453 200 436 200 451 199 434 199 97
451 206 434 206 449 205 431 205 96
455 210 438 210 453 209 435 209 149
451 214 434 214 449 213 431 213 171
455 218 438 218 453 217 435 217 99
455 227 438 227 453 227 436 227 81
451 231 434 231 449 231 431 231 58
452 237 433 237 449 237 429 237 62
455 244 435 244 451 245 429 245 63
459 257 432 257 451 259 425 259 45
460 303 421 303 451 311 408 311 38
456 34 443 33 455 27 442 26 294
457 62 443 62 457 57 441 56 145
456 78 441 78 455 73 439 73 112
456 94 440 94 455 89 439 89 187
457 112 440 111 455 107 438 107 152
457 114 440 113 455 109 437 107 83
459 131 443 130 457 127 441 127 179
457 133 440 133 455 129 439 128 119
459 146 442 145 457 143 439 141 111
457 179 440 177 455 177 438 175 143
457 187 440 186 455 183 438 185 139
461 185 444 187 459 185 442 187 257
461 201 444 200 459 199 445 199 296
457 205 440 204 455 203 437 201 113
461 210 444 210 459 209 442 209 88
461 217 444 218 459 217 442 216 124
458 237 439 237 455 237 435 237 97
459 248 437 248 455 249 432 249 92
463 251 437 251 455 253 431 253 70
464 266 437 266 459 269 432 268 29
463 274 432 275 455 279 424 279 19
465 273 435 274 459 277 428 277 26
462 45 447 45 461 39 445 39 194
464 53 449 53 463 47 449 47 150
465 57 453 56 465 51 452 51 106
465 60 453 60 465 55 453 55 70
469 69 456 69 465 63 452 63 115
465 94 451 93 465 89 449 89 374
462 113 447 113 461 109 445 109 153
462 119 447 119 461 115 446 115 146
460 134 449 134 463 131 448 131 320
464 157 450 157 463 155 450 154 210
466 216 450 216 465 215 448 215 75
463 224 446 223 461 223 444 223 91
466 226 450 225 465 225 448 225 68
463 233 445 233 461 233 448 233 172
471 255 445 255 465 257 439 257 52
469 259 445 258 465 261 440 260 47
469 263 444 262 465 265 437 265 23
465 261 441 260 461 263 435 262 31
469 52 456 51 469 47 455 46 126
469 59 457 59 467 53 455 53 146
470 153 455 154 469 151 454 151 222
470 168 454 167 469 165 454 165 255
472 163 457 164 471 161 456 161 341
468 171 453 171 467 169 452 169 290
470 185 455 185 469 183 454 183 247
468 187 453 187 467 185 451 185 220
472 195 459 194 471 193 456 193 215
471 202 455 202 469 201 453 201 120
469 204 453 204 467 203 451 203 106
470 208 454 208 469 207 453 207 82
470 210 454 210 469 209 453 209 114
472 220 457 220 471 219 455 219 104
473 231 455 231 471 231 453 231 77
472 240 452 240 469 241 449 241 64
470 250 447 250 467 251 443 251 65
474 260 449 260 469 263 444 262 29
477 295 437 295 467 303 427 302 49
475 301 437 301 467 309 425 309 56
474 46 463 46 475 41 464 41 75
472 56 461 56 473 51 461 51 100
473 125 459 125 473 121 458 121 227
476 122 461 123 475 119 460 119 201
474 138 459 138 473 135 458 135 179
478 142 463 142 477 139 461 139 313
476 186 461 187 475 185 460 185 265
475 193 461 193 475 191 460 191 210
476 216 461 216 475 215 459 215 74
474 222 459 222 473 221 457 221 71
478 244 457 244 475 245 453 245 81
484 304 444 304 477 313 431 311 43
484 318 451 318 475 329 439 329 66
478 56 467 56 479 51 468 51 88
483 66 471 66 483 61 471 61 100
480 69 468 69 483 65 471 65 97
479 81 466 81 479 77 467 77 247
481 91 469 91 481 87 470 87 581
483 129 469 128 483 125 468 125 257
481 144 467 144 481 141 466 141 363
479 141 465 140 479 137 464 137 350
483 176 471 173 483 173 472 174 454
481 179 469 179 481 177 470 177 498
483 195 468 195 483 193 467 193 225
484 200 469 200 483 199 468 199 120
480 208 465 208 479 207 464 207 53
484 226 467 225 483 225 467 225 63
483 235 464 235 481 235 462 235 77
481 242 461 242 479 243 458 243 92
489 253 467 253 483 255 458 255 127
488 294 451 293 483 301 441 301 66
489 300 451 299 483 307 441 307 62
490 304 449 304 483 313 439 313 45
487 71 475 71 489 67 477 67 84
488 89 477 89 489 85 478 85 133
486 114 475 114 487 111 476 111 323
486 153 475 154 487 151 476 151 338
488 152 477 152 489 149 478 149 340
488 179 477 179 489 177 478 177 413
488 186 477 185 489 183 478 183 307
487 202 473 202 487 201 472 201 122
485 204 471 204 485 203 470 203 97
487 218 473 218 487 217 472 217 108
487 237 469 237 487 237 467 237 72
486 237 467 237 485 237 465 237 65
491 240 471 240 489 241 468 241 87
491 248 468 248 489 249 466 249 163
489 249 466 249 485 251 461 251 62
489 254 470 253 487 255 463 255 58
491 298 457 297 489 305 448 305 93
494 313 458 313 487 323 444 323 67
495 322 459 319 487 335 450 337 73
493 43 485 43 495 39 487 39 35
491 61 481 61 493 57 483 57 153
493 73 482 73 495 69 484 69 152
491 198 477 198 491 197 476 197 198
491 210 477 210 491 209 476 209 118
491 216 477 216 491 215 476 215 115
491 222 477 222 491 221 476 221 155
492 229 476 229 491 229 474 229 92
496 252 476 251 495 253 471 253 97
499 39 491 39 501 35 493 35 60
499 49 491 49 501 45 493 45 41
495 45 487 45 497 41 489 41 36
495 53 487 53 497 49 489 49 60
499 57 491 57 501 53 493 53 76
495 59 487 59 497 55 489 55 118
496 87 485 87 497 83 483 82 193
498 173 487 173 499 171 488 171 222
496 177 485 177 497 175 486 175 183
497 191 485 191 497 189 485 189 170
499 214 485 214 499 213 485 213 139
497 210 483 210 497 209 483 209 116
501 220 487 220 501 219 487 219 149
501 21 493 22 503 17 495 17 45
503 37 495 37 505 33 497 33 44
501 41 493 41 503 37 495 37 46
505 39 497 39 507 35 499 35 62
503 45 495 45 505 41 497 41 44
501 53 493 53 503 49 495 49 50
501 59 493 59 503 55 495 55 80
505 67 497 66 507 63 499 63 114
501 69 493 69 503 65 495 65 143
505 73 496 74 507 69 498 70 144
504 89 493 89 505 85 494 85 125
506 159 495 157 507 157 496 155 216
502 179 491 179 503 177 492 177 182
503 194 491 191 503 193 488 191 136
505 192 489 191 505 191 490 190 187
505 220 490 220 505 219 490 219 177
505 225 491 225 503 225 486 225 116
505 231 488 231 505 231 487 231 83
505 235 487 235 505 235 486 235 101
507 240 487 240 505 241 484 241 80
504 255 481 255 503 257 474 259 53
509 321 471 320 503 333 460 333 59
507 33 499 33 509 29 501 29 35
511 67 504 66 513 63 507 62 74
507 71 499 72 509 67 501 68 121
509 102 501 102 511 99 503 99 184
512 159 501 159 513 157 502 156 144
508 167 497 168 509 165 498 166 144
508 181 496 181 509 179 497 179 116
512 197 500 197 513 195 500 195 100
508 204 495 204 509 203 496 202 123
512 207 499 207 513 209 500 209 173
510 212 497 212 511 211 498 211 190
509 218 495 218 509 217 495 217 130
511 229 492 229 509 229 491 229 112
513 241 494 241 513 241 493 241 113
510 238 490 238 509 239 488 239 105
513 29 505 29 515 25 507 25 33
517 96 509 96 519 93 511 93 39
517 124 509 124 519 121 511 121 88
517 130 509 130 519 127 511 127 89
513 140 506 137 515 137 507 136 163
514 151 508 151 517 149 507 148 139
514 198 501 198 515 197 502 197 98
519 214 503 214 519 213 503 213 118
515 233 494 234 515 233 496 233 169
519 235 501 235 519 235 500 235 92
519 37 511 37 521 33 513 33 57
523 33 515 33 525 29 517 29 64
521 45 513 45 523 41 515 41 33
519 66 511 66 521 63 513 62 29
523 69 515 69 525 65 517 65 46
523 76 515 76 525 73 517 73 54
521 90 513 89 523 87 515 86 31
521 94 513 94 523 91 515 90 16
523 120 515 119 525 117 517 117 39
519 122 511 122 521 119 513 119 23
521 126 513 125 523 123 515 123 46
523 124 515 124 525 121 517 121 12
523 130 515 129 525 127 517 127 36
521 144 513 143 523 141 515 141 25
524 202 508 202 525 201 508 201 150
521 212 505 212 521 211 505 211 115
525 216 509 216 525 215 509 215 133
520 222 505 222 521 221 505 221 106
526 240 506 240 525 241 505 241 81
521 248 499 248 521 249 503 248 95
527 294 486 293 521 301 481 301 36
527 26 519 26 529 21 521 21 91
528 37 520 37 531 33 523 33 70
527 41 519 41 529 37 521 37 161
525 61 517 61 527 57 519 57 10
527 64 519 64 529 61 521 61 12
529 62 521 61 531 59 523 58 23
527 72 519 73 529 69 521 69 19
529 77 521 76 531 73 523 72 35
525 80 517 80 527 77 519 77 26
529 86 521 86 531 83 523 83 35
529 110 520 109 531 107 523 108 12
527 128 520 127 529 125 521 125 14
525 170 517 170 527 169 519 168 107
526 193 510 192 527 191 510 190 211
526 198 511 198 527 197 511 197 162
526 204 511 204 527 203 511 203 77
531 217 515 217 531 217 516 216 37
529 225 512 225 529 225 511 225 92
529 229 511 229 529 229 511 229 136
528 242 505 242 527 243 498 244 189
533 33 525 33 535 29 528 29 116
531 57 523 57 533 53 525 53 15
533 72 524 71 535 69 526 68 15
531 78 523 78 533 75 525 75 16
535 94 527 94 537 91 529 91 18
533 101 525 100 535 97 527 97 10
535 124 527 124 537 121 529 121 21
535 132 527 131 537 129 529 129 16
535 137 527 137 537 135 529 135 13
531 142 523 142 533 139 525 139 9
533 149 525 149 535 147 527 147 17
531 155 522 156 533 153 525 153 11
535 155 527 155 537 153 529 153 11
533 171 525 171 535 169 527 168 24
534 191 519 190 535 189 519 189 123
532 187 517 187 533 185 517 185 167
536 202 520 202 537 201 521 201 43
534 206 518 206 535 205 519 205 94
535 219 519 219 535 219 519 219 87
533 233 515 233 533 233 515 233 73
540 295 500 294 537 303 493 302 43
536 299 497 299 533 307 491 307 50
537 325 511 324 533 339 505 337 55
538 29 530 29 541 25 533 25 103
536 27 528 27 539 23 531 23 107
538 63 529 63 541 59 531 59 44
538 76 529 77 541 73 532 73 12
540 80 532 81 543 77 535 77 17
539 82 531 82 541 79 533 79 17
537 86 529 86 539 83 531 83 46
540 98 532 97 543 95 534 95 13
541 112 532 112 543 109 535 109 17
538 119 531 120 541 117 532 116 17
541 122 533 123 543 119 535 119 31
537 127 529 127 539 125 531 124 23
539 133 531 133 541 131 533 131 22
539 142 530 142 541 139 532 139 35
538 140 531 139 541 137 533 137 37
539 149 531 149 541 147 533 147 10
537 171 529 171 539 169 531 170 13
542 194 526 194 543 193 527 193 114
541 206 524 206 541 205 525 205 63
539 216 524 215 541 215 526 215 103
540 225 524 225 541 225 524 225 64
542 25 534 25 545 21 537 21 100
546 29 539 29 549 25 541 25 80
545 34 536 32 547 29 539 28 193
543 57 535 57 545 53 537 53 25
544 85 535 84 547 81 538 81 14
547 94 539 93 549 91 541 91 13
545 110 536 107 547 105 538 104 18
543 118 535 119 545 115 537 115 16
543 129 535 129 545 127 537 127 46
545 133 537 133 547 131 539 131 20
543 143 535 143 545 141 537 139 36
547 149 539 149 549 147 541 147 53
545 147 537 147 547 145 539 145 15
547 157 538 157 549 155 541 155 13
547 163 538 163 549 161 541 161 19
547 173 539 172 549 171 542 172 12
545 190 531 190 547 189 531 189 66
544 198 528 198 545 197 522 197 121
544 202 528 202 545 201 528 201 54
548 200 532 200 549 199 533 199 122
548 206 532 206 549 205 533 205 62
548 214 533 213 549 213 533 213 29
548 244 531 243 547 245 523 245 63
543 249 517 247 545 251 517 251 72
549 292 510 292 547 299 504 300 26
549 296 511 296 549 305 506 305 44
547 315 520 314 545 327 511 325 57
552 36 544 37 555 33 546 32 79
549 41 540 41 551 37 543 37 90
552 43 544 43 555 39 547 39 93
552 49 544 49 555 45 547 45 69
550 72 542 73 553 69 545 69 30
552 83 545 81 555 79 547 79 17
549 99 541 99 551 97 543 97 22
550 104 543 104 553 101 545 101 17
549 135 540 135 551 133 543 131 37
548 145 540 145 551 143 542 142 37
551 161 542 161 553 159 545 159 48
553 157 545 157 555 155 547 155 18
551 165 543 165 553 163 545 163 14
553 163 545 163 555 161 547 161 22
551 179 536 177 553 177 538 176 50
551 194 536 194 553 193 538 193 95
554 229 537 229 553 229 536 229 69
556 27 548 27 559 23 550 23 60
556 45 548 45 559 41 551 41 143
554 49 546 49 557 45 549 45 107
558 59 550 59 561 55 553 55 91
554 60 546 61 557 57 548 56 34
557 92 548 92 559 89 554 90 31
554 102 547 102 557 99 549 99 16
558 106 550 106 561 103 552 103 21
556 106 548 106 559 103 551 103 14
558 117 550 113 561 111 552 111 14
556 132 549 131 559 129 551 129 27
558 129 550 129 561 127 553 127 14
559 135 551 135 561 133 554 131 19
554 157 546 157 557 155 548 155 36
559 161 550 161 561 159 553 159 34
559 169 551 169 561 167 553 167 14
558 175 551 174 561 173 553 172 166
557 194 541 194 559 193 543 193 92
555 198 539 198 557 197 540 197 165
559 208 543 208 561 207 544 207 105
556 223 540 223 557 223 540 223 42
556 229 539 229 557 229 540 229 89
564 21 555 21 567 17 558 16 59
564 37 556 37 567 33 559 33 77
562 35 554 35 565 31 557 31 153
560 43 552 43 563 39 554 39 92
560 49 553 50 563 45 555 45 83
560 63 551 63 563 59 554 59 33
564 63 556 63 567 59 557 57 35
560 101 552 100 563 97 555 98 14
562 118 553 117 565 115 556 114 12
564 133 555 134 567 131 558 131 13
564 142 553 143 567 139 558 139 36
563 154 555 154 567 153 557 151 8
560 157 552 157 563 155 555 155 11
560 163 552 163 563 161 555 161 15
565 180 549 179 567 179 553 179 187
562 183 547 183 565 181 549 181 154
561 190 546 190 563 189 547 189 145
565 196 550 196 567 195 551 195 223
565 200 550 200 567 199 551 199 130
561 201 545 201 563 201 547 201 111
565 208 550 208 567 207 551 207 150
565 212 550 212 567 211 551 211 105
565 220 549 220 567 221 551 220 159
567 227 551 227 567 227 550 227 114
566 322 519 322 565 335 513 335 30
570 26 562 25 573 21 564 21 52
566 33 557 33 569 29 561 29 58
568 41 560 41 571 37 562 37 76
568 59 560 59 571 55 563 55 74
566 78 558 77 569 75 561 74 11
568 84 560 85 571 81 562 82 19
566 108 558 107 569 105 560 104 11
570 124 562 124 573 121 565 121 14
568 144 561 143 571 141 563 140 14
568 160 560 159 571 157 563 157 20
570 163 562 163 573 161 565 160 16
569 183 554 182 571 181 557 181 117
571 189 558 190 573 187 559 188 254
571 194 557 194 573 193 559 193 189
569 225 554 225 571 225 555 225 84
573 304 531 304 573 313 527 313 62
570 325 521 325 569 339 514 338 29
574 29 565 29 577 25 568 24 88
572 53 564 52 575 49 567 48 167
576 65 568 65 579 61 570 60 37
572 70 564 71 575 67 567 67 14
574 84 567 85 577 81 570 81 24
572 90 564 90 575 87 567 87 25
572 100 563 101 575 97 567 97 18
572 132 564 133 575 131 567 131 13
576 145 568 145 579 143 570 142 11
576 156 568 156 579 153 571 152 20
574 173 566 173 577 171 569 171 18
572 171 565 171 575 169 567 169 17
573 210 558 210 575 209 559 208 163
574 233 556 233 577 233 557 233 93
575 315 529 316 575 327 525 327 46
582 31 574 31 585 27 577 27 66
582 41 574 41 585 37 577 37 60
578 61 569 60 581 57 572 56 65
582 118 574 117 585 115 577 115 21
581 126 572 125 583 123 575 124 14
582 137 574 137 585 135 576 136 31
582 165 574 164 585 163 577 162 37
578 188 571 187 581 185 573 185 113
582 196 568 196 585 195 570 195 67
582 202 569 202 585 201 571 201 145
578 216 565 215 581 215 567 215 155
582 304 540 304 583 313 537 313 60
584 325 535 325 585 339 531 339 37
580 323 533 322 581 337 529 336 38
586 25 577 25 589 21 581 20 98
588 27 580 27 591 23 583 23 122
586 33 577 33 589 29 581 29 85
586 43 578 43 589 39 581 39 78
584 39 576 39 587 35 579 35 61
584 45 576 45 587 41 579 41 74
588 45 580 45 591 41 583 41 115
585 86 577 86 589 83 581 83 48
583 103 575 103 587 101 578 100 14
585 143 576 143 587 141 579 141 17
586 161 579 161 589 159 581 159 54
584 157 577 157 587 155 579 154 25
588 167 580 165 591 165 583 165 73
588 171 580 171 591 169 583 169 72
588 175 580 175 591 173 583 173 111
589 181 580 180 591 179 583 179 91
588 193 580 192 591 191 583 191 67
586 198 578 198 589 197 581 197 217
585 212 571 212 587 211 573 211 145
586 216 573 215 589 215 575 215 206
589 334 538 333 591 349 533 350 50
592 32 584 31 595 27 587 26 75
594 34 586 33 597 29 589 29 79
590 41 582 41 593 37 585 37 179
590 53 585 52 593 49 585 49 130
590 59 582 59 593 55 585 55 95
592 65 584 65 595 61 587 61 77
592 72 584 72 595 69 588 69 65
590 77 582 76 593 73 585 73 20
590 92 582 91 593 89 585 88 33
590 111 582 111 593 107 585 108 16
594 127 586 127 597 125 589 125 89
590 157 582 157 593 155 584 154 42
592 208 582 208 595 207 584 207 163
594 227 578 227 597 227 580 227 73
588 237 568 237 593 237 573 237 34
595 28 588 29 599 25 591 25 97
600 33 592 33 603 29 595 29 62
596 41 587 41 599 37 591 37 136
600 44 592 44 603 41 595 41 53
600 56 592 56 603 53 595 52 228
600 63 592 62 603 59 595 59 113
598 79 590 78 601 75 593 74 40
598 96 590 96 601 93 593 92 68
596 105 588 106 599 103 592 104 22
598 131 590 131 601 129 593 129 105
600 127 592 128 603 125 595 125 123
600 135 592 135 603 133 594 133 124
600 155 592 155 603 153 595 153 133
600 161 592 161 603 159 595 159 231
596 165 588 166 599 163 592 164 159
596 171 588 171 599 169 592 170 127
600 175 593 177 603 173 596 175 182
598 187 591 187 601 185 594 185 194
601 202 592 202 603 201 594 201 156
599 221 584 221 599 221 583 221 91
598 229 580 228 601 229 583 229 70
596 331 546 331 599 347 542 347 40
602 26 593 27 605 23 597 22 66
605 31 597 31 609 27 601 27 63
603 37 596 38 607 33 599 33 37
601 41 593 40 605 37 597 37 108
604 47 595 47 607 43 599 42 137
604 58 596 58 607 55 599 55 160
606 72 598 72 609 69 601 69 118
605 80 597 80 607 77 600 77 115
604 90 596 90 607 87 599 86 131
604 96 596 96 607 93 599 92 84
602 122 594 121 605 119 597 119 40
602 139 594 139 605 137 597 137 278
606 169 598 169 609 167 601 167 196
606 177 598 176 609 175 601 175 364
602 185 595 184 605 183 598 183 191
601 196 594 196 605 195 597 195 144
602 192 595 192 605 191 598 191 136
604 208 591 208 607 207 595 207 163
605 228 583 229 607 229 586 229 74
599 235 580 235 605 235 585 235 44
605 325 566 326 609 339 561 341 74
602 326 553 326 605 341 559 340 60
612 29 604 29 615 25 607 25 207
608 55 599 54 611 51 602 50 81
612 94 604 93 615 91 607 91 107
612 102 605 102 615 99 608 99 80
608 103 599 104 611 101 604 99 71
607 110 599 109 611 107 603 107 74
610 115 601 116 613 113 605 112 57
608 128 600 128 611 125 603 125 72
608 133 600 133 611 131 603 131 218
611 135 603 135 615 133 607 133 194
612 143 603 143 615 141 607 141 269
608 155 600 155 611 153 603 153 114
608 161 599 161 611 159 603 159 136
612 169 604 168 615 167 608 167 139
610 184 603 184 613 183 606 183 152
612 182 605 182 615 181 608 181 203
610 233 591 233 615 233 596 233 38
609 277 576 278 613 283 577 283 12
609 312 567 313 613 323 565 323 41
614 27 606 27 617 23 609 23 202
617 31 609 31 621 27 613 26 279
617 43 609 43 621 39 613 39 71
617 49 609 49 621 45 613 45 65
617 65 609 64 621 61 613 61 92
617 70 609 71 621 67 613 67 70
617 94 611 93 621 91 614 89 111
614 98 606 98 617 95 610 95 167
617 110 610 109 621 107 613 107 71
614 114 605 113 617 111 609 111 78
616 116 607 115 619 113 611 113 41
613 127 606 128 617 125 609 125 129
614 141 605 141 617 139 609 138 103
616 149 607 149 619 147 611 146 87
618 153 610 153 621 151 614 151 237
614 167 607 167 617 165 610 165 242
616 171 611 171 619 169 612 169 302
614 175 607 174 617 173 610 173 150
616 187 609 186 619 185 612 185 161
613 200 605 200 617 199 609 199 96
617 217 601 217 617 217 603 217 230
613 305 570 305 617 315 571 315 37
622 19 613 21 625 17 617 16 115
621 27 613 27 625 23 617 23 105
619 35 611 35 623 31 614 31 96
621 53 613 52 625 49 617 47 47
619 57 611 57 623 53 614 52 92
623 82 615 82 627 79 619 79 53
619 108 611 108 623 105 615 105 70
624 125 615 126 627 123 619 122 28
619 135 611 135 623 133 615 133 49
619 143 611 143 623 141 615 140 86
622 157 614 157 625 155 617 155 215
623 169 621 167 627 167 619 168 209
624 175 618 174 627 173 617 171 212
620 182 613 183 623 181 616 182 187
621 245 599 246 625 247 601 247 9
627 35 619 34 631 31 623 30 101
625 37 617 36 629 33 621 32 109
625 45 617 44 629 41 621 41 278
625 69 617 67 629 65 621 64 38
625 106 617 106 629 103 621 102 73
627 122 619 122 631 119 623 119 88
628 129 619 129 631 127 623 127 32
630 131 621 131 633 129 625 129 30
625 135 618 135 629 133 621 132 105
627 141 619 141 631 139 623 139 25
627 194 620 194 631 193 623 193 175
623 231 607 231 629 231 610 231 53
629 227 612 226 633 227 615 227 61
625 305 583 305 633 315 587 315 43
626 322 582 320 631 335 583 334 64
633 31 625 31 637 27 629 28 197
633 29 625 28 637 25 629 24 84
631 45 623 44 635 41 627 40 337
631 53 623 52 635 49 627 48 74
635 66 627 66 639 63 631 63 88
633 78 625 78 637 75 629 75 89
636 81 628 81 639 79 631 79 131
635 94 629 94 639 91 633 91 165
631 114 623 114 635 111 627 111 69
633 126 625 125 637 123 629 123 50
635 131 627 131 639 129 631 129 65
631 143 623 143 635 141 627 141 39
631 149 623 149 635 147 627 147 52
636 154 629 154 639 153 632 153 119
633 153 625 151 637 151 630 151 127
631 159 624 158 635 157 627 157 123
631 190 624 191 635 189 627 189 194
635 196 628 196 639 195 631 195 171
633 215 617 215 639 215 625 215 122
633 221 617 221 637 221 620 221 87
633 227 616 227 637 227 620 227 73
634 256 606 256 637 261 607 261 11
634 267 603 266 639 271 607 271 15
637 55 628 55 641 51 633 51 92
639 53 631 52 643 49 635 49 90
641 58 633 59 645 55 637 55 87
637 70 629 70 641 67 633 67 96
641 74 633 74 645 71 637 71 85
639 78 631 78 643 75 635 75 94
641 94 635 93 645 91 639 91 143
640 92 633 91 643 89 638 89 142
639 110 631 110 643 107 635 107 224
637 141 629 141 641 139 631 141 78
639 147 631 147 643 145 635 145 141
637 151 630 151 641 149 633 148 81
637 159 630 159 641 157 634 157 86
637 169 629 168 641 167 633 166 80
637 182 631 183 641 181 634 181 144
639 219 626 219 641 219 624 219 131
637 223 621 223 641 223 624 223 109
639 233 619 233 643 233 624 233 56
637 303 595 303 643 313 597 313 36
645 54 637 54 649 51 641 51 225
643 72 637 69 647 69 639 69 146
643 102 636 102 647 99 640 98 236
647 137 637 138 651 135 643 135 333
645 133 639 133 649 131 643 131 181
645 169 638 169 649 167 641 167 217
646 188 638 188 649 187 642 187 196
647 194 640 194 651 193 644 193 129
647 217 631 217 651 217 635 217 84
644 311 599 311 651 323 602 323 108
651 125 643 124 655 123 647 122 124
649 131 643 131 653 129 647 128 140
653 137 647 136 657 135 651 134 156
649 135 643 134 653 133 647 131 187
649 141 641 141 653 139 645 139 121
653 151 646 151 657 149 650 149 254
651 153 644 152 655 151 648 151 162
649 167 641 167 653 165 645 165 236
651 194 644 194 655 193 648 193 256
645 227 628 227 653 227 633 227 70
651 265 621 266 657 269 625 270 11
646 301 601 301 653 311 608 311 35
650 305 607 305 657 315 611 315 47
648 342 593 342 657 361 596 361 46
656 93 651 93 661 91 657 91 222
659 100 653 99 663 97 657 96 141
655 98 649 97 659 95 654 95 302
659 111 651 112 663 109 655 109 391
657 119 649 119 661 117 653 116 130
655 131 649 130 659 129 653 128 162
655 167 648 167 659 165 652 165 202
659 171 653 171 663 169 657 169 596
657 179 646 181 661 177 653 177 506
657 184 649 184 661 183 653 183 322
655 180 647 180 659 179 652 178 248
655 192 647 192 659 191 651 191 292
652 231 633 231 661 231 638 231 96
653 303 611 303 661 313 615 313 33
651 318 604 318 659 331 608 331 56
653 330 603 329 661 347 604 347 42
652 341 598 341 661 359 600 359 44
663 103 658 102 667 101 662 100 158
661 105 655 105 665 103 660 103 315
665 125 660 125 669 123 663 123 110
665 153 659 153 669 151 663 151 174
663 198 644 198 669 197 649 196 268
662 277 626 275 669 283 620 281 14
659 343 604 343 669 363 607 363 48
667 109 662 109 671 107 666 107 297
671 119 666 119 675 117 670 117 184
669 123 664 123 673 121 668 121 146
667 127 662 127 671 125 666 125 264
667 135 662 133 671 133 665 132 100
669 139 664 139 673 137 668 137 277
671 166 666 166 675 165 670 165 303
669 171 663 170 673 169 667 169 385
667 179 656 178 671 177 662 177 387
669 174 663 175 673 173 667 173 387
667 196 648 196 673 195 653 194 261
667 209 646 210 673 209 651 209 128
667 225 645 224 673 225 651 225 52
669 228 649 229 675 229 653 229 58
665 231 644 231 671 231 649 232 37
666 237 646 238 673 239 651 239 46
663 274 630 273 671 279 639 278 12
666 278 630 279 673 285 636 285 12
675 101 672 101 679 99 676 99 100
673 103 670 102 677 101 674 100 158
677 105 674 104 681 103 678 102 94
673 115 669 115 677 113 673 113 259
673 125 668 124 677 123 672 122 175
673 127 668 125 677 125 672 123 117
675 169 670 168 679 167 674 167 200
674 188 655 187 679 187 665 186 337
675 197 654 197 681 197 659 197 183
675 207 653 207 681 207 659 207 54
673 220 650 220 677 221 655 221 49
673 241 651 241 681 243 657 243 16
668 301 624 301 677 311 633 311 31
670 305 627 305 679 315 632 315 43
668 308 624 308 677 319 630 319 176
671 320 623 319 681 333 628 332 38
669 323 621 323 679 337 625 337 37
683 87 679 87 687 85 683 84 62
683 93 679 93 687 91 683 91 64
679 109 676 109 683 107 680 107 103
683 149 679 149 687 147 683 147 52
679 147 675 147 683 145 679 145 83
681 161 677 160 685 159 681 159 153
679 159 675 158 683 157 679 157 85
684 169 677 168 687 167 682 167 206
679 192 659 189 685 191 664 189 179
679 200 657 200 685 199 663 199 80
674 227 655 226 683 227 661 227 45
679 232 658 233 685 233 663 231 44
676 238 657 238 683 239 660 239 31
679 262 649 261 687 267 656 267 11
674 301 632 301 683 311 638 311 32
673 308 630 308 683 319 635 320 33
672 337 619 337 683 355 623 355 48
689 115 685 115 693 113 688 113 40
685 121 681 121 689 119 685 119 59
687 137 683 136 691 135 687 135 34
685 139 681 138 689 137 685 137 56
689 140 685 143 693 139 689 141 31
687 161 683 160 691 159 687 159 89
689 157 684 156 693 155 689 155 28
685 157 681 156 689 155 685 155 62
689 165 685 165 693 163 689 163 165
686 194 666 193 693 193 673 193 91
685 207 664 207 691 207 669 207 42
683 213 662 213 691 213 668 213 54
686 219 664 219 693 219 670 219 38
685 220 662 221 693 221 670 221 32
686 228 667 228 693 229 671 229 60
688 236 666 236 693 237 673 237 26
680 269 650 269 689 273 656 273 8
683 270 652 270 693 275 658 275 10
681 289 635 287 691 297 639 295 18
678 311 633 311 689 323 639 322 46
678 325 628 325 689 339 636 339 41
693 89 687 89 697 87 693 86 63
695 85 690 86 699 83 695 82 73
695 91 691 91 699 89 695 89 96
693 115 689 115 697 113 693 113 27
695 121 691 120 699 119 695 119 38
695 133 693 132 699 131 695 131 32
691 135 687 134 695 133 691 133 38
691 145 687 144 695 143 691 143 29
693 161 689 160 697 159 693 159 78
693 178 675 178 695 177 673 177 544
690 184 669 184 697 183 674 183 158
692 180 671 180 699 179 677 179 166
688 217 666 217 695 217 672 217 38
692 219 670 218 699 219 676 219 37
688 261 660 260 697 265 665 264 11
687 311 643 311 699 323 650 323 104
687 320 640 320 699 333 647 334 38
684 318 637 318 695 331 643 331 58
685 323 636 323 697 337 644 337 51
686 344 631 344 699 363 637 363 41
701 85 697 85 705 83 701 82 73
701 91 697 91 705 89 701 89 76
697 135 693 134 701 133 697 133 41
701 139 697 138 705 137 701 136 33
697 201 676 201 705 201 682 201 32
693 198 671 198 701 197 678 197 38
695 203 674 203 703 203 680 203 33
693 215 672 215 701 215 678 215 32
694 236 671 236 701 237 679 237 20
696 236 674 235 705 237 683 236 29
698 242 675 241 705 243 681 242 27
694 249 670 250 703 253 676 251 23
692 267 658 267 701 271 665 271 10
692 279 658 279 703 285 665 285 7
691 307 648 307 703 317 651 317 44
689 321 641 321 701 335 648 335 37
690 335 637 336 703 353 644 353 65
688 342 633 342 701 361 639 361 49
703 87 699 87 707 85 703 84 68
703 115 699 115 707 113 703 113 49
703 121 699 120 707 119 703 118 48
706 125 701 125 711 123 706 123 51
705 141 701 142 709 139 705 139 36
703 151 697 150 707 149 702 149 75
705 170 681 171 709 169 685 169 276
700 180 679 180 707 179 685 179 183
702 190 681 190 709 189 689 187 160
697 194 675 194 707 193 684 193 109
703 192 683 192 711 191 690 191 119
702 198 683 197 709 197 686 197 45
700 209 677 209 707 209 685 209 44
702 240 679 240 709 241 685 241 21
700 300 658 301 711 311 666 311 40
694 307 649 307 707 317 659 317 55
698 320 650 320 711 333 658 333 44
710 107 709 106 717 105 712 104 88
713 123 708 123 717 121 712 121 77
709 137 704 137 713 135 709 135 41
709 143 704 143 713 141 708 140 83
713 149 708 148 717 147 712 147 66
711 153 705 152 715 151 710 151 77
713 155 707 154 717 153 712 153 43
709 157 704 156 713 155 708 155 36
706 205 684 205 713 205 690 205 25
706 203 684 202 713 203 691 202 43
709 215 687 215 717 215 694 215 23
704 295 660 296 717 305 674 305 33
704 302 662 302 717 313 673 313 45
703 318 657 318 717 331 665 331 77
719 71 713 71 723 71 719 70 18
720 85 712 85 723 83 715 83 84
719 89 713 89 723 87 720 86 89
717 91 712 91 721 89 712 89 154
717 95 711 94 721 93 717 92 133
714 99 711 99 719 97 715 97 123
716 101 713 101 721 99 718 99 114
713 107 708 107 719 105 713 105 62
715 111 710 111 719 109 714 109 91
713 115 706 115 719 113 711 113 169
715 127 710 127 719 125 715 125 239
716 135 711 135 721 133 716 133 85
717 143 712 143 721 141 716 141 65
717 151 711 150 721 149 716 148 57
715 164 710 164 719 163 714 162 210
718 170 713 170 723 169 717 168 280
716 172 709 172 721 171 713 170 615
710 191 691 189 719 191 698 189 133
711 268 681 268 723 273 690 273 27
708 276 669 277 719 281 684 281 18
707 321 659 321 721 335 668 335 42
708 326 658 326 723 341 668 341 38
706 331 655 330 721 347 664 347 42
704 338 647 335 719 355 659 355 43
705 340 651 341 721 359 660 359 50
707 343 649 346 723 363 661 363 56
720 71 716 70 725 69 721 69 13
722 74 718 73 727 73 723 72 36
720 75 715 76 725 75 721 74 30
723 94 718 92 727 91 723 91 103
723 98 721 99 729 97 725 96 77
720 107 716 107 725 105 720 104 48
723 113 719 112 727 111 723 110 108
725 117 721 116 729 115 725 115 104
720 115 716 115 725 113 722 112 88
722 139 717 139 727 137 722 137 127
720 151 715 152 725 151 720 151 73
725 161 719 160 729 159 724 159 84
721 164 715 164 725 163 719 161 124
725 166 719 166 729 165 724 164 166
725 173 719 172 729 171 724 171 242
720 174 713 174 725 173 716 172 628
724 178 718 178 729 177 723 177 422
720 203 699 203 729 203 707 203 64
718 205 697 205 727 205 704 205 72
720 209 699 209 729 209 707 209 28
716 211 695 211 725 211 702 211 26
723 238 704 237 729 239 708 239 27
715 263 685 263 725 267 692 265 32
715 289 677 288 727 297 685 297 13
712 307 669 307 727 317 679 317 57
711 314 666 314 725 327 674 327 93
714 319 667 319 729 333 677 333 48
726 72 722 70 731 69 727 68 13
726 75 723 73 731 71 727 70 25
730 95 726 95 735 93 731 92 101
727 124 717 124 733 121 723 121 175
729 128 720 128 735 125 725 125 111
730 143 726 142 735 141 731 140 199
728 145 724 144 733 143 728 143 169
728 232 703 232 733 233 711 233 43
724 245 698 245 733 247 707 247 14
721 258 692 258 731 261 698 259 34
723 277 682 276 735 283 683 282 50
721 302 679 302 735 313 689 313 62
720 309 676 310 735 321 686 321 84
718 318 671 319 733 331 681 331 58
716 319 668 319 731 333 679 333 55
715 328 665 328 731 343 675 343 65
735 135 725 134 741 133 731 132 110
728 205 707 205 737 205 715 205 89
730 213 708 212 739 213 717 213 42
730 222 708 223 739 223 716 224 31
730 232 709 232 739 233 717 233 30
732 234 711 234 741 235 719 235 30
728 246 702 247 737 249 711 249 19
729 275 696 275 741 281 705 281 27
721 318 675 318 737 331 685 331 56
721 325 672 324 737 339 682 339 53
720 329 670 329 737 345 681 345 81
724 332 672 332 741 349 683 349 51
721 344 666 344 739 363 677 363 55
738 83 734 83 743 81 739 80 94
741 137 731 137 747 135 738 135 78
741 142 732 142 747 141 737 141 75
742 163 732 162 747 161 737 160 111
743 174 737 174 747 173 742 173 104
733 203 719 206 743 205 725 205 114
734 217 714 217 743 217 722 217 43
734 273 700 273 747 279 710 278 27
734 278 698 277 745 283 707 283 33
730 291 690 295 745 303 702 303 27
731 311 686 311 747 323 697 323 83
726 329 675 329 743 345 687 345 65
727 334 675 334 745 351 687 351 61
729 336 676 336 747 353 688 353 53
744 83 740 83 749 81 745 80 222
749 81 745 81 753 79 749 78 505
746 79 742 78 751 77 747 76 98
746 85 742 84 751 83 747 82 105
743 113 733 113 749 111 739 111 71
741 157 733 158 749 157 739 156 105
741 207 723 210 751 209 729 207 67
744 219 727 219 753 219 736 219 17
742 228 721 228 751 229 730 229 22
742 244 717 245 753 247 726 247 13
738 254 708 253 749 257 719 257 15
736 262 705 262 749 267 715 266 19
740 266 707 265 753 271 718 270 18
736 268 703 268 749 273 714 273 23
736 275 701 274 749 281 712 281 31
739 284 703 284 753 291 714 291 31
737 300 697 300 753 311 708 311 60
731 326 682 326 749 341 691 342 47
752 79 748 78 757 77 753 76 118
752 85 748 85 757 83 753 82 147
752 146 742 146 759 145 749 144 16
752 148 742 149 759 147 749 146 27
748 181 736 180 755 179 743 179 86
747 213 732 213 755 213 739 213 15
751 211 735 210 759 211 743 211 21
746 270 712 270 759 275 723 275 20
745 278 709 277 759 285 720 283 24
744 282 709 282 759 289 720 289 24
743 288 707 289 757 295 716 295 34
744 304 700 304 759 315 712 315 148
736 331 684 330 755 347 697 347 43
740 334 688 334 759 351 701 351 54
756 81 752 80 761 79 757 78 278
756 89 752 89 761 87 757 86 155
754 139 745 140 761 137 752 137 30
755 151 744 151 761 151 750 150 36
757 174 742 175 765 173 750 172 97
755 207 738 207 763 207 747 206 35
758 212 741 212 765 211 750 213 18
755 215 738 216 763 215 746 215 18
752 229 731 230 761 231 740 230 13
748 280 711 280 763 287 723 287 37
751 306 704 306 765 317 717 317 88
746 311 703 313 765 325 715 325 52
742 332 690 332 761 349 703 349 54
744 342 689 342 765 361 703 361 49
762 83 758 83 767 81 763 80 196
764 127 752 125 771 125 761 125 9
762 152 749 153 769 151 756 151 13
762 168 748 168 771 167 758 166 47
763 174 751 177 771 173 755 174 61
762 184 747 181 771 183 755 182 55
758 192 743 191 767 191 752 190 27
759 195 745 196 769 197 753 195 26
758 225 739 224 767 225 751 226 13
754 280 718 280 769 287 730 287 14
754 296 714 296 771 305 727 305 37
749 300 707 300 767 311 722 311 78
770 103 764 102 773 99 770 100 569
768 123 758 124 775 121 764 119 41
767 146 757 146 775 145 764 144 17
765 152 752 151 773 149 759 149 15
767 157 755 155 775 155 763 156 20
768 184 753 185 777 183 761 183 23
768 182 752 182 777 181 761 181 43
762 268 728 267 777 273 740 272 5
758 292 719 293 775 301 732 301 38
755 308 710 308 773 319 725 319 117
757 318 710 317 777 331 725 331 63
755 322 706 322 775 337 721 337 53
755 337 702 337 777 355 717 355 39
774 92 772 91 781 89 779 87 417
775 106 769 106 781 103 772 103 502
776 137 766 136 783 135 773 134 20
771 139 762 138 779 137 769 136 15
773 166 759 165 781 165 769 165 46
771 170 755 170 779 169 764 168 50
772 180 757 180 781 179 766 179 27
772 190 756 188 783 189 765 188 22
770 199 754 199 781 199 765 199 15
768 213 750 213 779 215 759 213 10
764 276 727 277 779 283 743 283 17
763 281 727 282 779 289 740 290 20
764 293 723 292 781 301 738 301 39
762 324 713 324 783 339 728 338 38
760 327 709 328 781 343 724 343 40
784 91 781 90 789 89 786 89 178
775 226 756 226 785 227 765 227 11
772 275 736 275 787 281 750 281 7
768 302 726 302 787 313 740 313 178
768 312 724 313 789 325 739 325 128
765 311 720 310 785 323 736 323 103
765 320 717 320 785 333 732 333 81
764 331 713 331 787 345 730 345 58
789 95 785 95 795 93 793 92 398
789 105 773 107 795 103 777 105 546
784 149 766 150 795 147 775 148 29
786 168 766 169 793 167 775 168 81
779 238 756 238 793 241 767 241 5
780 266 746 266 795 271 758 271 10
780 281 740 284 795 291 755 291 7
773 319 725 319 795 333 742 333 140
769 326 718 325 791 341 735 341 61
769 328 718 327 791 343 735 343 46
770 335 717 336 793 353 733 353 44
767 343 710 342 791 363 728 363 43
787 154 768 153 797 151 778 151 18
787 191 772 193 797 191 781 191 14
786 220 765 219 797 221 778 220 11
788 227 766 226 797 227 777 226 13
786 257 753 255 801 261 768 261 12
781 304 737 304 801 315 753 315 173
777 312 733 313 799 325 750 326 187
776 325 722 324 799 341 743 340 147
777 336 724 335 801 353 742 353 52
798 53 787 49 807 45 795 46 261
798 56 787 57 807 53 795 52 186
795 95 785 95 803 93 792 93 259
798 128 786 129 805 125 793 126 153
791 155 773 153 803 153 784 153 15
796 177 778 176 807 175 788 174 17
791 219 771 218 803 219 781 219 20
793 224 770 224 803 225 781 225 21
791 235 770 235 805 237 779 237 7
791 239 767 237 805 241 778 240 10
781 298 741 299 803 309 757 309 174
804 54 793 51 813 49 801 48 212
806 59 795 59 813 53 801 52 303
804 89 794 89 811 87 802 87 141
805 91 795 91 813 89 803 89 165
798 157 780 156 809 155 790 155 9
800 172 782 172 811 171 793 171 12
801 196 778 197 811 197 791 196 10
801 233 775 233 813 235 787 234 20
799 244 773 244 813 247 783 246 16
789 324 741 324 813 339 758 339 305
785 321 737 320 809 335 755 335 209
807 71 798 75 815 69 806 71 215
806 191 787 191 817 191 798 190 12
803 228 781 227 815 229 793 229 22
803 237 779 237 817 239 792 239 12
799 252 771 251 815 255 784 255 9
796 316 749 316 819 329 768 330 226
794 325 745 326 819 341 764 341 218
814 27 799 26 825 21 810 20 203
816 43 802 46 825 39 813 38 85
816 61 804 61 825 57 813 56 262
812 57 800 57 821 53 809 52 188
816 124 803 122 825 121 812 120 108
815 137 802 136 825 135 811 134 53
812 138 795 137 821 137 803 137 44
815 148 802 147 825 145 811 146 35
809 161 790 160 821 159 802 159 10
810 176 792 176 823 175 803 175 8
809 175 790 175 821 173 802 173 10
811 187 793 187 823 187 804 186 10
814 187 796 186 825 187 806 186 11
807 230 786 230 821 231 797 231 21
806 266 771 267 821 271 785 271 11
798 283 759 285 821 293 780 291 13
800 304 757 304 823 315 776 315 87
801 310 755 310 825 323 774 323 116
796 331 745 331 821 347 764 347 182
820 25 805 24 831 19 816 18 107
818 29 803 28 829 23 814 22 140
820 33 805 32 831 27 816 27 82
820 47 809 44 831 39 820 37 112
818 51 803 51 829 47 813 46 159
820 127 803 128 829 125 813 125 56
819 141 805 140 831 139 816 138 45
817 167 799 165 829 165 811 164 11
816 216 790 215 831 217 803 217 25
816 222 790 222 831 223 804 223 19
814 233 790 233 831 237 804 235 15
809 261 777 261 827 265 797 263 10
808 298 765 298 831 309 784 309 86
804 302 762 302 827 313 780 313 73
803 322 754 322 829 337 774 337 173
804 330 752 330 831 347 773 347 282
822 27 807 26 833 21 817 19 71
826 37 811 37 837 31 821 30 90
824 145 809 145 835 143 819 143 69
826 145 807 146 837 143 817 145 66
820 220 794 220 835 221 809 221 26
819 251 789 251 835 255 803 255 14
814 276 778 276 835 283 797 283 15
809 317 761 317 835 331 782 331 93
828 31 812 29 839 25 823 23 63
828 39 813 39 839 31 823 29 62
828 47 813 46 839 37 823 35 44
827 193 807 194 839 195 819 195 17
824 266 792 265 843 271 810 271 11
818 301 775 301 843 311 795 311 51
815 307 769 307 839 319 789 319 81
815 323 766 324 843 339 787 339 97
812 320 763 320 839 335 784 335 102
836 129 820 129 847 127 831 126 75
837 140 822 139 849 137 833 137 96
832 149 813 151 845 147 826 148 72
837 179 817 177 849 179 831 178 57
834 189 815 189 847 189 827 187 28
833 210 808 210 849 211 823 211 21
831 218 806 217 849 219 821 218 21
829 233 803 233 845 235 819 233 14
833 235 807 235 849 237 822 237 11
833 239 807 238 849 241 822 241 12
824 269 789 269 845 275 807 274 11
826 271 792 271 847 277 809 277 13
825 278 786 278 845 285 805 285 11
825 281 789 282 847 289 807 290 10
818 321 771 320 847 335 792 335 57
821 325 770 325 849 341 792 341 87
841 130 825 129 853 127 836 126 66
839 168 821 170 851 167 833 167 76
836 222 810 222 853 223 825 223 22
831 276 794 276 853 283 814 283 10
825 295 783 295 851 305 803 305 37
825 301 782 301 851 311 804 311 39
824 315 775 315 851 329 798 329 43
827 319 779 319 855 333 801 333 56
848 78 830 78 861 73 841 73 15
838 198 806 198 857 199 824 199 44
840 210 811 207 859 211 832 211 21
842 216 816 216 859 217 832 217 21
843 224 818 223 859 225 831 225 20
841 244 811 244 857 247 826 246 17
839 266 805 266 861 271 823 271 12
836 270 798 268 857 275 818 274 7
829 295 787 295 859 305 812 305 27
831 300 789 301 857 311 809 311 84
831 313 784 314 859 327 806 327 40
854 46 836 45 867 39 849 38 52
852 61 834 61 865 57 847 55 57
849 67 832 66 863 61 845 60 60
851 108 835 107 863 105 846 104 71
845 235 819 235 863 237 835 239 12
845 241 818 239 863 245 835 243 18
847 259 814 258 867 263 833 263 16
835 295 791 295 863 305 815 305 33
838 306 789 307 863 319 813 319 56
836 315 788 315 865 329 811 329 37
859 58 841 57 873 51 854 51 64
856 70 839 69 869 65 850 65 33
859 109 841 108 873 105 854 105 51
855 106 837 105 871 101 853 100 62
859 150 843 148 873 147 856 146 111
846 267 811 267 869 273 830 273 14
848 269 813 269 871 275 833 275 10
844 280 802 279 869 287 824 287 14
844 294 799 295 869 305 823 305 41
863 107 845 106 877 103 858 102 88
857 229 823 227 879 231 843 231 16
856 239 826 235 879 241 846 239 16
858 248 826 247 879 251 845 251 17
854 249 822 249 875 253 841 252 18
854 254 822 254 875 259 842 259 17
856 258 824 257 877 263 843 263 16
853 266 816 265 875 271 838 271 10
853 273 817 272 877 279 838 279 10
852 287 809 287 879 295 826 295 63
846 308 800 308 875 321 824 321 59
849 310 802 309 879 323 827 323 38
860 163 827 162 883 161 847 159 96
859 235 828 235 881 239 847 239 12
860 262 826 263 883 269 845 269 16
854 287 813 288 881 299 836 299 41
853 299 810 299 881 309 833 309 55
846 342 789 342 881 363 817 363 89
874 115 855 114 891 111 871 110 72
868 168 836 169 891 167 856 166 23
864 258 832 258 887 263 853 263 19
866 274 828 274 891 281 851 281 13
863 276 824 276 887 283 847 283 12
859 317 810 317 891 331 836 331 58
854 334 799 334 889 353 828 353 65
870 172 838 172 893 171 859 171 26
872 238 837 237 895 241 859 241 16
873 246 839 246 897 251 860 250 16
873 250 840 250 897 255 861 255 12
870 248 837 248 893 253 858 253 10
864 310 816 310 895 323 842 323 68
861 313 813 313 893 327 841 328 37
861 336 805 337 897 355 835 355 50
883 100 861 99 901 95 875 95 69
887 103 864 103 901 99 875 99 74
884 115 864 114 901 111 880 110 52
883 121 864 120 899 117 879 116 60
876 165 843 163 903 163 864 164 51
877 191 842 190 901 191 865 190 11
876 215 842 214 901 217 864 217 7
877 260 842 259 901 265 865 266 14
877 272 841 272 903 279 865 277 15
867 293 823 293 899 303 851 303 35
870 313 821 313 903 327 849 327 40
867 331 813 331 903 349 842 349 49
863 335 808 334 899 353 837 353 57
885 158 853 158 909 155 874 155 38
883 176 849 176 907 175 871 174 17
883 250 849 250 909 255 872 255 16
871 316 822 317 905 331 850 331 37
872 324 821 323 907 339 849 339 42
872 331 819 330 909 349 857 348 78
897 102 875 101 915 97 888 97 75
894 113 874 112 911 109 890 108 54
890 158 857 159 915 155 880 156 65
889 189 854 188 915 189 877 188 8
887 209 852 210 913 211 876 211 6
889 214 855 214 915 215 878 216 11
891 232 855 232 915 237 862 238 10
890 252 855 251 915 257 878 256 13
889 260 854 259 915 265 877 265 13
885 265 850 265 911 271 873 271 12
890 269 852 269 915 275 876 275 10
883 271 847 270 911 277 870 277 14
881 297 836 297 911 307 863 307 43
879 303 833 303 911 315 860 315 54
881 306 834 306 915 319 862 319 69
880 309 831 309 915 323 862 323 66
880 310 832 310 913 323 860 323 50
879 316 828 315 915 331 860 331 46
877 317 829 318 915 333 858 333 46
879 323 827 323 915 339 857 339 43
899 90 874 90 917 85 893 84 39
901 115 879 115 919 111 897 110 67
903 117 881 116 921 113 898 112 44
893 189 859 190 921 191 885 191 11
892 231 857 231 917 235 879 234 8
895 236 860 235 921 239 884 239 8
893 254 859 254 919 259 882 259 16
886 295 842 295 917 305 869 305 42
906 83 883 82 925 77 901 76 28
899 187 868 186 925 187 889 185 11
897 239 861 239 923 245 885 243 9
891 313 842 313 927 327 872 327 49
886 338 830 339 927 359 863 359 52
916 103 889 103 933 99 905 99 67
910 105 886 105 929 101 906 100 56
903 264 870 263 933 269 893 269 10
900 274 862 273 929 281 887 282 13
900 281 857 278 931 289 886 289 14
900 289 859 289 933 299 887 299 35
896 295 852 295 929 305 881 305 31
892 316 843 316 929 331 873 331 36
893 319 844 319 931 335 874 335 38
893 326 840 326 931 343 872 343 60
889 334 833 334 929 353 867 353 39
919 107 894 107 937 103 913 102 60
915 121 892 121 935 117 911 116 51
909 259 873 259 935 265 895 265 9
909 272 871 272 939 279 897 279 9
906 268 868 267 935 275 893 273 8
902 289 859 289 935 299 888 299 33
899 306 854 307 935 319 882 318 47
895 324 841 324 935 341 875 341 44
924 104 900 103 945 99 920 98 63
921 111 897 111 941 107 917 106 78
915 175 879 174 943 173 905 173 12
914 236 879 235 941 239 903 240 12
908 295 864 295 941 305 893 305 105
911 294 867 294 945 305 897 305 47
906 307 859 307 941 319 889 319 45
902 321 850 321 941 337 883 337 34
927 73 903 73 949 67 923 66 14
929 78 903 78 949 73 924 72 13
926 88 901 88 947 83 922 82 34
926 94 901 95 947 89 921 89 27
926 125 902 123 947 123 922 123 41
921 219 886 220 949 221 909 220 10
922 235 890 233 951 239 914 238 11
912 302 865 303 947 315 897 315 60
912 301 867 301 949 313 898 313 62
913 309 865 309 951 323 897 323 48
905 343 847 344 947 363 881 364 62
923 208 889 208 953 211 915 210 11
924 223 889 225 953 229 915 229 8
929 249 898 248 957 253 920 253 15
925 261 885 263 955 269 916 268 12
924 282 883 282 957 291 912 291 12
917 292 873 292 953 303 904 303 44
920 294 875 294 955 305 906 305 61
917 298 872 298 953 309 903 309 74
918 311 869 311 957 325 902 325 45
915 319 863 319 955 335 897 335 50
940 119 914 123 963 117 936 115 23
930 219 894 217 959 221 921 220 15
932 235 896 235 961 239 923 239 8
928 265 891 265 959 271 919 271 6
921 313 873 312 961 327 906 327 42
921 320 869 321 963 337 904 337 56
916 327 862 327 959 345 898 345 48
917 337 860 337 963 357 898 357 56
914 340 856 341 959 361 893 361 49
939 67 913 68 965 59 937 59 14
939 85 913 89 965 81 941 79 12
938 214 903 214 967 217 930 216 9
940 253 909 252 969 257 931 258 9
937 262 899 261 967 269 927 269 13
931 278 890 278 965 287 920 287 11
932 285 891 285 969 295 922 295 12
930 289 886 289 965 299 918 299 46
927 313 877 313 967 327 911 327 72
925 326 869 325 967 343 906 343 94
922 329 867 329 965 347 905 347 58
924 335 867 336 969 355 905 356 60
951 115 926 115 975 111 948 110 29
945 196 911 195 975 197 937 197 12
943 208 911 210 975 211 937 211 9
940 276 900 276 975 285 930 285 11
940 280 898 280 975 289 929 289 13
933 299 887 299 971 311 920 311 60
935 306 889 307 975 319 922 319 58
930 311 881 311 971 325 916 325 49
929 317 879 318 971 333 914 333 45
932 319 880 319 975 335 917 335 52
930 329 875 329 975 347 913 347 48
954 114 931 113 981 109 954 108 35
945 214 914 212 977 215 938 215 13
943 284 902 284 979 293 933 293 12
940 308 892 308 981 321 927 321 69
933 332 874 335 979 351 915 351 58
957 89 934 90 983 83 965 83 9
953 200 919 199 985 201 947 199 12
955 208 919 208 985 211 948 209 9
953 235 919 235 985 241 947 239 10
954 244 921 245 985 249 945 247 11
951 256 917 255 983 261 944 261 11
945 310 894 309 985 323 930 323 61
939 319 887 319 983 335 925 335 45
938 330 883 330 985 349 922 349 57
936 334 878 333 983 353 919 353 44
959 213 923 211 991 215 955 214 11
957 219 922 220 989 223 951 222 10
960 229 921 229 991 233 954 232 12
960 256 926 255 993 263 955 263 13
953 278 911 278 989 287 943 287 11
947 305 899 305 989 319 935 319 63
940 335 883 335 989 355 924 355 55
976 101 945 101 999 97 966 97 25
963 262 927 262 997 269 957 269 11
959 282 917 282 997 291 951 291 11
961 278 919 278 999 287 953 287 11
956 283 913 286 995 295 947 295 8
960 287 917 286 999 297 951 296 14
959 292 913 292 999 303 950 302 17
953 305 904 305 997 319 942 319 51
952 321 899 321 999 337 939 338 66
949 319 897 319 995 335 936 335 62
948 328 897 329 995 347 933 347 72
976 127 937 124 1003 123 961 122 65
974 123 947 122 1001 119 973 117 20
968 243 933 243 1001 249 965 248 9
963 300 913 300 1005 313 951 313 52
958 302 910 302 1001 315 945 315 30
960 304 912 304 1003 317 949 317 72
956 312 905 313 1001 327 945 327 72
954 337 896 337 1005 357 939 357 64
975 178 941 177 1009 177 972 177 6
975 191 941 192 1009 193 972 192 7
976 221 941 220 1009 223 970 222 10
978 252 942 252 1011 257 972 257 13
973 265 936 264 1009 271 967 271 13
971 275 930 275 1009 283 964 283 11
969 276 927 276 1007 285 962 284 13
970 278 928 278 1009 287 963 287 16
969 282 926 282 1007 291 961 291 15
964 302 916 302 1007 315 953 315 41
959 331 903 331 1011 351 947 351 43
957 333 897 334 1007 353 942 353 58
980 256 945 256 1013 261 973 261 14
970 300 919 297 1013 313 959 313 18
987 212 952 213 1019 215 981 214 9
987 241 950 242 1019 247 981 247 11
988 253 952 254 1019 259 983 259 12
984 269 944 267 1023 277 978 275 12
973 315 921 315 1021 331 963 331 62
997 146 964 145 1027 145 991 144 14
993 204 958 204 1027 205 990 205 13
993 210 957 211 1027 213 990 213 10
992 212 955 211 1025 215 987 214 10
995 221 960 222 1029 223 990 223 10
993 219 959 218 1027 221 989 221 10
983 286 938 287 1025 297 976 297 13
987 287 942 287 1029 297 980 297 10
984 282 941 282 1027 293 979 291 12
984 300 936 300 1029 313 976 313 15
999 215 964 215 1035 219 997 217 7
988 301 939 302 1033 315 981 313 13
983 310 932 310 1031 325 974 325 43
1006 144 974 143 1041 141 1005 140 13
1006 167 970 166 1041 165 1004 165 8
1003 198 969 197 1041 199 1004 200 12
1001 220 965 220 1037 223 997 223 11
1004 227 969 226 1039 229 999 229 11
1005 244 972 244 1041 247 1002 245 7
994 291 947 291 1039 303 988 302 10
990 311 939 311 1039 325 982 326 32
1009 107 976 106 1043 101 1003 101 18
1012 195 977 195 1047 197 1013 195 17
1000 279 953 278 1043 289 995 289 11
1001 283 957 282 1045 293 996 293 15
1016 180 980 180 1051 181 1014 180 11
1013 215 977 213 1049 217 1010 216 5
1016 232 981 233 1051 237 1014 235 11
1023 141 991 141 1059 135 1024 133 16
1020 141 988 139 1057 137 1022 137 10
1021 160 987 159 1059 159 1023 157 7
1021 205 985 205 1059 207 1019 207 12
1020 201 983 201 1057 203 1018 203 12
1022 219 988 219 1059 221 1019 219 11
1022 231 988 231 1057 235 1021 235 8
1011 289 964 290 1059 301 1007 301 19
1010 294 961 293 1057 305 1004 305 18
1009 303 958 303 1059 317 1003 317 12
1005 305 954 305 1055 319 998 319 13
1006 310 955 310 1059 325 1000 325 12
1025 144 992 144 1061 141 1025 141 12
1023 180 985 178 1061 179 1023 179 14
1022 188 989 185 1061 187 1019 189 14
1024 191 989 191 1061 193 1023 192 11
1023 210 987 209 1061 211 1023 211 9
1025 242 990 242 1061 247 1024 246 10
1016 287 970 287 1063 297 1013 298 18
1015 293 970 293 1063 305 1013 305 12
1014 301 964 300 1063 313 1008 313 21
1011 307 961 307 1061 321 1005 322 11
1031 173 995 173 1067 173 1031 172 11
1031 180 997 177 1069 179 1030 177 9
1028 188 993 188 1067 189 1027 189 12
1032 223 996 221 1067 225 1030 227 12
1030 241 997 240 1069 245 1032 244 6
1019 308 968 308 1071 323 1015 323 19
1008 339 949 340 1069 361 1005 360 109
1038 85 1003 85 1077 77 1039 76 81
1040 134 1005 134 1077 131 1040 130 22
1036 160 1001 159 1075 159 1037 157 29
1038 179 1003 179 1077 179 1038 179 9
1037 197 1001 197 1075 197 1037 198 15
1027 285 982 285 1075 295 1025 295 10
1026 296 976 296 1077 309 1022 309 18
1021 313 968 313 1075 329 1017 329 13
1021 316 968 317 1077 333 1017 333 17
1017 314 963 313 1073 331 1011 333 16
1015 333 957 333 1075 353 1008 354 85
1040 79 1004 79 1079 71 1041 70 92
1044 94 1010 93 1083 87 1046 86 92
1040 162 1006 162 1079 161 1043 160 21
1041 181 1007 181 1081 181 1043 181 9
1042 201 1006 201 1081 205 1043 204 9
1043 221 1007 221 1081 225 1042 224 25
1041 243 1006 243 1079 247 1042 247 5
1023 315 971 315 1079 331 1018 331 16
1018 334 960 335 1079 355 1012 355 90
1046 78 1011 77 1087 69 1048 68 143
1047 84 1011 83 1087 75 1048 74 195
1046 138 1011 138 1085 135 1048 134 41
1050 140 1016 140 1089 137 1052 136 35
1046 163 1011 162 1085 161 1048 161 22
1050 168 1016 167 1089 167 1053 165 25
1050 219 1014 217 1089 221 1051 219 17
1049 234 1014 231 1089 239 1051 239 18
1044 259 1007 259 1089 265 1044 263 9
1024 332 965 332 1085 353 1018 353 82
1050 82 1014 81 1091 73 1044 74 204
1053 148 1018 145 1091 143 1054 142 46
1055 198 1019 198 1095 199 1057 199 17
1052 215 1016 215 1091 219 1053 217 15
1056 220 1021 217 1095 223 1058 223 15
1051 222 1016 222 1091 225 1052 225 15
1052 247 1017 248 1091 253 1054 251 8
1048 266 1009 267 1091 273 1049 273 7
1038 307 985 306 1093 321 1034 321 18
1037 311 985 313 1093 327 1036 327 16
1028 338 968 339 1091 359 1022 359 86
1056 111 1021 113 1099 107 1060 106 64
1057 183 1021 181 1097 181 1058 181 32
1059 178 1024 178 1101 179 1062 178 39
1061 223 1027 223 1099 229 1060 227 26
1057 229 1021 229 1097 233 1059 233 16
1059 235 1023 235 1099 239 1060 239 23
1043 299 994 299 1097 313 1040 314 16
1066 85 1026 85 1107 77 1067 76 129
1061 91 1021 91 1105 83 1060 83 123
1063 114 1026 115 1105 109 1066 108 29
1065 139 1029 138 1107 135 1068 133 36
1062 172 1026 172 1103 171 1064 171 39
1063 170 1028 170 1105 169 1066 168 55
1065 174 1030 177 1107 173 1068 172 46
1065 181 1030 181 1107 181 1069 180 36
1067 233 1031 232 1107 237 1070 237 17
1051 296 1002 297 1105 309 1052 311 11
1067 109 1031 108 1109 103 1069 102 49
1069 126 1033 124 1111 121 1072 120 23
1071 239 1035 239 1113 243 1074 243 16
1067 232 1031 231 1109 239 1071 239 41
1073 89 1031 89 1115 81 1070 81 68
1075 235 1039 234 1117 239 1078 239 28
1077 237 1040 236 1119 241 1080 241 13
1073 253 1037 253 1115 259 1076 259 12
1060 296 1010 296 1117 309 1062 309 16
1060 301 1010 302 1117 315 1061 316 12
1060 308 1011 309 1117 323 1060 324 22
1080 92 1036 93 1121 85 1075 85 20
1083 254 1043 253 1125 259 1079 258 14
1064 294 1011 291 1121 307 1065 307 12
1066 295 1016 296 1123 309 1068 309 17
1065 301 1016 301 1123 315 1067 315 15
1087 257 1047 256 1131 263 1089 262 18
1073 285 1027 288 1129 297 1077 299 11
1089 257 1051 257 1135 263 1093 262 19
1090 266 1051 266 1137 273 1090 275 10
1076 292 1029 293 1137 307 1079 306 12
1079 297 1029 297 1137 311 1085 311 21
1094 73 1055 72 1143 63 1100 62 62
1098 109 1053 109 1141 103 1093 103 26
1095 115 1051 117 1141 111 1096 109 20
1093 115 1051 117 1139 109 1092 109 32
1080 297 1030 297 1143 311 1086 311 14
1101 114 1057 113 1147 107 1099 108 34
1104 259 1066 259 1149 265 1108 264 11
1085 301 1034 301 1147 315 1089 315 11
1109 64 1061 66 1161 55 1110 54 41
1114 77 1064 78 1167 67 1111 68 60
1117 66 1067 65 1171 55 1115 54 46
1108 266 1065 267 1169 275 1114 275 15
1126 214 1087 214 1179 217 1136 217 13
1126 223 1087 222 1179 225 1134 224 14
1126 79 1080 79 1181 69 1130 69 42
1129 217 1089 215 1181 221 1138 221 19
