120 75 78 76 67 61 21 62 70
120 114 78 114 67 105 21 106 52
121 129 78 129 67 121 20 121 38
120 127 76 127 65 119 19 119 51
120 136 78 136 67 129 20 129 61
121 134 80 135 69 127 23 127 92
119 147 76 147 65 141 18 141 104
125 47 83 48 73 31 27 32 80
123 54 81 55 71 39 25 40 103
125 51 83 52 73 35 27 36 100
124 63 83 64 73 49 27 50 115
125 71 84 72 73 57 27 58 59
126 82 85 82 75 69 29 70 58
124 118 82 118 71 109 25 109 52
127 122 85 122 75 113 29 114 48
123 125 82 126 71 117 25 117 57
127 136 86 136 75 129 29 129 69
132 45 91 46 81 29 36 30 60
129 73 87 73 77 59 32 60 76
130 147 88 147 79 141 33 140 123
136 158 91 158 81 153 30 153 159
117 181 69 181 77 183 25 183 181
142 306 90 305 79 319 21 318 60
136 50 95 51 87 35 41 36 50
137 67 96 68 87 53 42 54 55
136 83 94 84 85 71 40 72 42
136 122 94 122 85 113 40 113 45
134 128 93 129 83 121 38 121 37
138 134 96 135 87 127 42 127 45
138 145 97 145 87 139 41 139 85
141 178 95 178 85 175 35 176 127
143 185 96 185 87 183 34 181 107
143 191 97 191 87 189 36 189 93
143 197 97 197 87 197 35 197 101
140 206 93 206 83 207 31 207 113
143 228 97 228 87 231 36 231 114
143 236 97 235 87 239 36 238 115
139 39 97 38 89 21 45 22 96
141 47 100 48 91 31 46 32 64
139 76 98 77 89 63 44 64 61
139 118 98 118 89 109 44 109 72
139 136 97 136 89 129 44 129 60
140 132 100 133 91 125 44 125 84
144 171 98 171 89 167 39 167 173
149 176 102 176 93 173 43 173 159
151 183 102 185 93 183 43 183 94
145 188 99 188 91 187 41 187 90
148 206 102 206 93 207 42 207 155
148 212 102 212 93 213 42 213 137
145 208 98 208 89 209 37 209 112
145 216 98 215 89 217 38 217 108
147 232 100 231 91 235 40 234 115
152 318 102 318 93 333 36 332 110
144 34 103 35 95 17 50 18 113
147 52 107 53 99 37 55 38 102
145 92 105 93 97 81 53 81 45
144 103 102 103 95 93 49 93 58
144 108 103 109 95 99 50 99 52
144 113 103 113 95 103 50 104 76
146 129 105 129 97 121 53 121 65
144 142 103 142 95 135 50 135 59
148 143 107 143 99 137 54 137 79
146 151 105 151 97 145 52 145 77
146 154 105 154 97 149 52 149 87
144 158 103 158 95 153 49 153 120
147 159 107 160 99 155 54 155 123
148 169 104 169 95 165 48 166 203
155 185 107 187 99 185 47 183 154
153 196 107 196 99 195 50 195 153
151 199 106 199 97 199 46 198 116
153 215 107 215 99 217 48 217 147
152 225 105 225 97 227 46 227 107
149 242 105 239 95 245 44 245 99
156 290 104 289 95 301 38 300 107
153 67 112 67 105 53 60 53 90
151 74 110 75 103 61 59 62 103
151 87 110 87 103 75 60 76 66
152 88 112 89 105 77 62 78 85
149 101 109 102 101 91 57 92 65
151 111 112 112 103 103 59 103 70
153 126 112 127 105 119 61 119 94
151 158 110 158 103 153 59 153 79
156 190 110 190 101 189 52 189 178
154 199 109 199 101 199 51 199 152
155 210 109 210 101 211 51 210 185
156 214 111 213 103 215 53 215 138
159 230 112 229 105 233 54 233 105
159 241 113 240 105 245 55 245 120
161 290 109 289 101 301 43 300 118
162 304 110 303 103 317 46 317 120
154 103 114 104 107 93 63 94 146
154 99 114 100 107 89 63 90 92
154 116 114 116 107 107 63 107 100
156 128 116 129 109 121 66 122 67
157 127 118 127 111 119 68 120 63
154 134 114 134 107 127 63 127 97
156 150 116 150 109 145 66 145 87
156 163 116 163 109 159 65 159 80
160 215 115 215 107 217 58 216 149
164 226 118 226 111 229 60 228 185
162 245 118 244 111 249 57 250 206
164 315 114 314 107 329 51 329 121
167 321 118 320 111 335 56 334 129
153 42 123 45 117 31 83 30 154
159 103 119 103 113 93 71 94 138
159 122 119 121 113 113 70 113 81
160 161 121 161 115 157 72 157 129
159 160 120 160 113 155 70 155 108
159 169 120 169 113 165 70 165 69
159 165 119 165 113 161 70 161 87
160 174 121 174 115 171 73 171 114
162 180 123 180 117 177 75 177 150
165 216 120 215 113 217 63 217 124
168 228 122 228 115 231 64 231 172
171 315 121 314 115 329 59 328 121
166 123 127 123 121 115 77 114 101
167 198 128 197 123 197 82 197 167
175 303 125 302 119 315 64 314 113
169 145 134 148 129 143 91 142 119
164 151 130 152 125 147 89 149 151
170 154 134 154 129 149 91 149 93
167 159 131 159 127 155 88 155 183
171 184 134 183 129 181 90 181 116
169 187 132 187 127 185 88 185 98
169 193 132 192 127 191 88 191 105
169 194 133 194 125 191 86 191 157
182 299 132 298 127 311 72 310 125
183 321 134 320 129 335 74 334 137
174 159 140 160 135 155 97 155 133
173 170 137 170 133 167 94 167 116
173 179 138 180 133 177 94 177 153
172 180 136 180 131 177 92 177 128
174 189 138 188 133 187 94 187 114
176 219 140 220 135 221 96 221 241
177 233 139 236 135 239 95 239 258
188 283 140 283 135 293 81 292 126
187 298 138 297 133 309 80 308 192
177 58 147 59 141 45 107 44 34
179 174 143 174 139 171 101 171 116
180 193 143 192 139 191 101 191 118
179 212 145 212 141 213 102 213 195
176 213 141 214 137 215 98 215 173
181 238 143 238 139 241 100 240 151
180 245 143 245 139 249 100 247 202
178 70 147 70 143 59 111 60 15
180 100 148 100 145 91 114 92 15
178 134 146 135 143 129 107 129 33
179 138 149 139 145 133 112 132 31
185 172 150 172 147 169 110 169 114
182 176 147 176 143 173 105 173 112
182 194 147 194 143 193 105 193 119
186 192 150 192 147 191 109 191 135
187 220 150 220 147 221 108 221 117
184 225 148 225 145 227 105 226 93
185 242 149 242 145 245 106 245 169
195 298 148 297 145 309 93 309 149
196 304 150 303 147 315 96 314 191
186 51 156 52 153 39 120 40 16
185 68 155 69 151 57 118 58 23
184 98 154 97 151 89 119 89 16
185 113 154 115 151 107 118 107 9
191 185 156 185 153 183 116 183 149
189 189 154 189 151 187 113 187 144
190 212 154 212 151 213 113 212 110
190 223 154 223 151 225 112 224 106
192 231 156 231 153 233 115 233 101
188 238 152 238 149 241 109 241 208
191 242 154 242 151 245 112 245 177
189 254 152 253 149 259 98 259 238
203 330 151 330 149 347 92 346 78
207 337 155 336 153 355 91 353 163
190 62 160 63 157 51 125 52 20
190 67 160 68 157 57 125 58 21
190 81 160 81 157 71 124 72 28
188 94 158 94 155 85 123 86 26
190 98 160 98 157 89 125 89 19
192 144 162 144 159 139 127 140 34
196 183 162 183 159 181 122 181 71
192 187 158 187 155 185 118 185 159
191 193 153 191 155 191 119 190 301
195 212 160 212 157 213 119 213 268
194 209 158 209 155 209 117 209 127
194 237 159 236 157 239 117 239 123
193 110 162 111 161 103 128 103 20
198 115 167 115 165 107 133 107 19
195 116 164 117 161 109 128 109 15
194 130 159 131 161 125 127 123 59
196 133 166 133 163 127 131 127 29
195 141 166 140 163 135 132 135 71
195 163 166 162 163 159 132 158 76
200 196 165 194 163 195 126 194 157
198 202 163 201 161 201 124 200 132
201 202 167 202 165 201 129 200 236
201 213 167 213 165 213 128 212 217
201 228 167 227 165 229 128 229 149
199 239 163 238 161 241 124 241 143
210 309 164 309 163 321 112 321 201
201 52 171 53 169 41 138 42 21
199 90 170 90 167 81 135 82 29
200 150 169 150 167 145 135 145 43
203 148 173 148 171 143 138 142 28
199 167 171 166 167 163 136 163 61
206 191 172 190 171 189 137 189 86
206 203 173 203 171 203 136 203 314
202 207 169 207 167 207 131 207 151
205 209 171 209 169 209 133 209 314
205 217 173 216 171 217 136 217 134
203 231 169 231 167 233 131 233 116
204 33 174 36 173 23 141 23 18
206 58 177 59 175 47 144 48 45
206 66 177 66 175 55 144 56 49
205 78 175 79 173 69 141 69 28
208 82 179 83 177 73 146 74 38
203 86 175 87 173 77 140 76 32
209 172 180 171 177 169 147 169 25
206 175 177 175 175 173 142 173 21
208 181 178 181 177 179 144 179 23
207 189 176 189 173 187 139 187 79
210 197 177 198 175 197 143 196 104
207 208 175 207 173 207 138 207 377
209 215 177 215 175 215 141 215 291
209 224 177 224 175 225 140 225 177
211 227 178 228 177 229 143 229 132
221 295 177 295 177 305 129 304 116
218 297 173 296 173 307 124 306 112
210 79 180 80 179 69 147 69 41
212 84 182 87 181 77 150 78 39
213 127 183 126 181 121 148 121 19
212 135 184 133 181 129 149 128 26
212 202 180 202 179 201 145 201 194
214 200 182 200 181 199 147 199 94
214 206 182 206 181 205 147 205 108
216 211 184 211 183 211 149 211 169
216 217 184 217 183 217 149 217 71
214 226 182 226 181 227 147 227 98
214 237 183 237 181 239 148 239 151
226 292 183 291 183 301 135 300 105
227 306 181 305 183 317 133 316 191
215 69 186 70 185 59 156 59 104
217 189 186 191 185 187 151 185 49
229 304 185 303 185 315 137 314 191
224 36 195 36 195 23 164 24 238
221 69 191 70 191 59 160 60 192
225 86 199 87 193 81 162 80 216
223 222 191 222 191 223 158 223 32
233 281 190 280 191 289 143 288 213
235 299 192 299 193 309 145 308 175
223 81 197 81 197 71 167 69 273
229 132 201 129 201 125 173 125 313
229 147 201 147 201 143 173 145 331
225 164 198 164 197 161 167 161 386
228 208 199 207 199 207 169 207 72
231 217 202 216 201 217 169 218 33
241 254 198 253 199 259 152 258 137
240 266 197 266 199 273 151 272 177
239 268 195 268 197 275 149 274 154
240 317 191 316 197 329 140 329 109
232 95 204 95 205 87 176 87 196
229 193 203 194 203 193 175 192 432
245 245 203 244 205 249 158 249 98
242 241 201 241 203 245 158 245 111
245 261 203 261 205 267 158 267 134
247 261 204 261 207 267 160 267 134
247 265 205 264 207 271 160 270 154
245 285 203 284 205 293 158 292 149
247 292 204 292 207 301 161 300 128
245 290 202 290 205 299 159 298 207
247 303 205 302 207 313 160 312 96
246 303 203 302 205 313 158 312 96
245 309 201 309 203 321 154 321 117
245 332 195 331 203 347 149 346 112
238 30 210 30 211 17 182 15 211
240 200 213 200 213 199 186 199 351
237 219 209 219 209 219 179 219 18
251 241 210 241 213 245 167 245 132
249 247 206 246 209 251 162 251 85
252 259 210 259 213 265 167 264 148
249 263 206 263 209 269 163 269 147
249 296 207 295 209 305 163 304 146
252 309 206 309 209 321 161 320 79
254 318 207 317 211 331 159 330 75
247 65 218 66 219 55 188 55 371
245 101 216 101 217 93 187 94 332
245 178 216 177 217 175 185 174 346
242 198 215 198 215 197 188 197 239
247 208 218 207 219 209 190 210 109
256 234 216 234 219 237 176 237 95
254 236 214 236 217 239 174 239 98
257 245 215 245 219 249 173 249 135
253 246 211 246 215 251 169 251 109
257 280 216 279 219 287 174 286 116
257 283 215 283 219 291 173 291 110
253 287 212 286 215 295 170 294 108
254 301 211 300 215 311 167 310 110
252 42 223 44 225 31 194 32 170
250 53 220 53 221 41 190 42 233
252 92 223 92 225 83 194 83 220
250 101 220 101 221 93 192 94 237
251 102 223 103 225 95 193 95 161
249 140 220 140 221 135 190 135 404
252 148 221 148 223 143 190 144 405
253 159 224 159 225 155 194 155 201
248 162 220 163 221 159 190 159 153
251 166 222 167 223 163 192 163 147
249 176 220 176 221 173 190 173 180
252 182 221 181 223 179 191 179 353
247 204 222 204 223 203 194 203 257
262 240 221 239 225 243 181 243 104
262 251 221 250 225 255 180 255 160
262 256 221 256 225 261 181 261 152
258 253 217 252 221 257 176 257 182
260 265 219 265 223 271 178 271 107
262 270 221 270 225 277 180 277 132
261 281 219 281 223 289 178 288 144
262 291 221 291 225 299 181 299 125
262 311 216 311 221 323 172 322 69
266 323 219 322 223 337 169 336 147
267 331 217 330 223 347 167 346 79
268 336 217 335 223 353 166 352 70
257 32 227 32 229 19 195 20 203
257 32 227 32 227 19 205 18 232
259 42 229 43 231 31 199 32 129
255 58 225 58 227 47 197 47 166
254 65 225 66 227 55 197 56 132
256 90 227 90 229 81 198 81 227
257 86 227 86 229 77 198 77 239
257 100 225 102 229 93 197 94 174
258 118 229 118 231 111 200 111 141
258 123 229 124 231 117 199 117 138
258 129 229 129 231 123 200 123 195
255 140 225 140 227 135 195 135 336
254 150 225 152 227 147 195 148 338
256 164 226 163 227 159 197 160 150
257 170 227 170 229 167 198 167 187
255 187 225 187 227 185 195 185 138
254 202 226 202 227 201 198 201 249
253 207 225 207 227 207 197 206 121
257 217 230 217 231 217 201 217 66
267 243 227 243 231 247 187 247 128
264 247 223 247 227 251 182 251 149
267 258 227 257 231 263 187 263 138
264 263 223 263 227 269 183 268 155
264 273 225 272 229 279 186 278 123
268 294 226 294 231 303 186 302 104
263 291 223 291 227 299 183 298 119
273 329 223 329 229 345 173 344 54
263 33 234 34 237 21 206 21 156
260 36 230 36 233 23 201 23 143
261 45 231 45 233 33 201 35 151
260 52 231 53 233 41 202 42 83
261 104 231 105 233 97 202 97 144
264 114 235 114 237 107 206 107 207
262 122 233 121 235 115 204 115 163
262 131 233 131 235 125 203 125 162
261 167 231 166 233 163 201 163 157
263 174 233 174 235 171 203 171 115
261 179 231 179 233 177 201 177 286
259 207 231 208 233 207 204 207 184
261 213 233 213 235 213 206 213 186
270 250 230 250 235 255 191 254 112
269 258 228 258 233 263 189 263 144
268 276 229 276 233 283 189 282 127
275 318 228 318 235 331 183 331 63
278 323 229 323 237 337 183 337 75
277 332 227 331 233 349 190 351 155
265 30 237 30 239 17 208 18 190
266 106 237 107 239 99 208 99 222
269 189 240 189 243 187 212 187 294
266 202 239 202 241 201 212 201 283
264 204 237 204 239 203 210 203 302
275 236 236 236 241 239 200 239 107
278 287 238 287 243 295 201 295 110
274 296 235 296 239 305 196 304 100
279 309 235 309 241 321 192 320 40
278 313 232 312 239 325 189 324 63
270 41 241 41 245 29 213 30 87
274 69 244 71 247 61 217 62 280
271 86 247 85 245 77 219 76 771
272 95 244 95 247 87 216 87 284
275 99 246 99 249 91 218 92 157
271 146 242 146 245 141 214 141 308
275 153 246 153 249 149 219 149 361
273 175 243 175 247 173 214 172 226
271 181 241 180 245 179 213 178 187
279 233 240 234 245 237 204 237 207
282 243 244 243 249 247 207 245 139
279 247 240 247 245 251 202 251 140
281 252 242 252 247 257 204 257 259
280 264 242 263 247 269 205 268 107
278 269 240 269 245 275 203 275 119
280 292 240 292 245 301 202 300 94
284 322 237 321 245 335 193 334 61
278 52 249 52 253 41 221 42 152
278 59 249 59 253 49 222 50 193
276 93 248 93 251 85 221 85 262
280 91 252 91 255 83 225 83 301
278 100 249 101 253 93 222 93 150
282 125 251 125 255 119 224 119 80
279 129 254 127 253 123 227 121 278
278 144 247 144 251 139 219 139 391
279 146 249 146 253 141 221 141 226
277 147 247 148 251 143 220 143 366
279 151 250 151 253 147 222 147 305
281 174 251 173 255 171 223 170 319
277 189 248 189 251 187 220 187 221
279 190 250 191 253 189 222 189 313
281 194 252 194 255 193 224 193 258
280 206 251 206 255 205 224 205 178
276 210 248 209 251 209 220 209 215
279 220 249 220 253 221 222 220 125
284 262 245 262 251 267 209 266 142
285 266 246 266 253 271 211 271 150
287 271 249 271 255 277 213 277 91
285 273 247 273 253 279 212 279 146
286 57 257 58 261 47 230 48 493
282 82 253 82 257 73 226 74 304
282 104 253 105 257 97 227 97 248
286 108 257 109 261 101 231 101 293
282 112 253 113 257 105 226 105 204
282 142 253 142 257 137 224 137 348
282 189 253 189 257 187 226 187 297
284 191 255 191 259 189 228 189 243
292 226 255 227 261 229 224 227 132
290 230 253 229 259 231 221 231 95
292 233 255 232 261 235 222 235 78
292 240 255 240 261 243 221 243 171
292 249 255 249 261 253 218 251 161
289 247 251 247 257 251 215 250 188
292 282 255 282 261 289 221 288 123
290 112 261 112 265 105 234 106 360
295 229 259 229 265 231 226 230 85
297 242 260 241 267 245 227 244 171
302 323 253 323 263 337 210 336 121
299 238 262 238 269 241 229 241 197
302 240 266 240 273 243 235 243 226
301 253 264 253 271 257 231 257 162
301 264 264 264 271 269 232 268 136
303 273 266 273 273 279 234 278 285
301 281 264 280 271 287 232 287 142
299 284 262 284 269 291 229 290 125
303 288 266 287 273 295 232 295 132
304 293 266 292 273 301 230 301 142
300 291 261 291 269 299 227 298 95
308 234 271 233 279 237 240 239 204
308 254 271 254 279 257 240 257 195
306 270 270 269 277 275 238 274 231
306 277 270 276 277 283 238 282 165
315 334 263 334 275 351 218 350 97
311 175 275 175 283 175 244 174 260
312 294 273 294 281 303 238 303 161
317 303 275 303 285 313 239 312 82
320 315 275 315 285 327 235 327 161
316 311 270 311 281 323 232 322 136
317 317 270 316 281 329 231 329 138
315 164 279 162 287 161 248 160 251
315 217 279 217 287 221 248 219 244
318 222 283 222 291 223 253 223 214
317 225 281 225 289 227 250 227 230
315 233 279 231 287 235 249 237 376
315 243 279 242 287 245 249 243 400
317 262 281 262 289 267 250 266 204
320 300 278 299 287 309 241 308 102
325 302 281 301 291 311 246 311 142
321 305 278 304 289 315 242 314 108
325 322 278 321 289 335 238 335 104
323 231 289 231 297 233 261 233 161
324 237 289 236 297 239 260 239 183
323 270 289 270 297 275 260 275 235
320 270 285 269 293 275 256 274 353
324 283 288 282 297 289 260 289 157
325 295 280 294 295 303 245 303 137
326 311 282 311 293 323 241 323 119
322 39 292 40 299 27 267 27 212
324 69 294 70 301 59 268 59 124
326 79 296 79 303 69 270 69 125
326 101 296 101 303 93 271 93 123
326 112 296 112 303 105 271 105 118
322 120 292 120 299 113 267 113 207
326 125 296 125 303 119 271 119 124
327 230 293 229 301 231 265 231 114
325 233 291 233 299 235 262 235 104
328 242 295 242 303 245 267 245 161
328 250 295 249 303 253 267 252 111
326 267 293 266 301 271 265 271 183
329 279 294 279 303 285 265 285 126
327 291 291 291 301 299 260 298 70
333 313 289 312 301 325 253 324 141
331 43 301 43 309 31 277 32 82
330 47 299 47 307 35 274 35 90
331 61 301 62 309 51 276 51 113
331 71 301 71 309 61 276 61 135
328 75 297 75 305 65 272 65 119
329 87 300 87 307 79 274 79 67
327 91 298 91 305 83 272 84 128
331 93 302 93 309 85 278 84 63
331 99 302 99 309 91 277 91 59
331 106 302 107 309 99 277 100 98
330 110 299 110 307 103 275 103 99
328 121 298 121 305 115 273 114 63
324 134 298 134 305 129 277 129 129
331 144 302 144 309 139 278 140 35
328 148 298 148 305 143 273 143 35
328 178 299 178 305 175 274 175 115
328 188 302 189 307 187 280 189 121
329 196 301 196 307 195 277 195 454
327 225 302 224 309 225 278 225 248
330 223 297 224 305 225 270 225 186
331 227 299 227 307 229 272 229 117
334 227 301 227 309 229 274 229 113
334 235 300 235 309 237 273 237 154
332 233 298 233 307 235 271 235 108
330 263 297 262 305 267 269 267 169
330 270 297 270 305 275 269 275 176
332 270 298 270 307 275 271 275 205
333 283 298 282 307 289 268 289 93
334 297 293 297 305 305 261 305 87
332 33 304 33 311 21 283 22 110
333 41 302 42 311 29 278 30 72
337 46 307 47 315 35 283 36 83
337 65 307 66 315 55 283 55 168
335 69 305 70 313 59 281 60 56
335 91 306 90 313 83 282 83 141
335 106 305 106 313 99 281 99 112
337 123 307 123 315 117 284 117 263
333 151 303 151 311 147 280 147 25
335 172 306 172 313 169 282 169 71
333 177 304 178 311 175 280 175 72
336 181 308 181 315 179 285 178 70
331 205 305 206 311 205 283 205 158
336 231 302 231 311 233 275 233 158
339 250 306 249 315 253 280 252 113
336 254 302 253 311 257 276 257 136
339 257 306 257 315 261 279 261 122
343 313 298 312 311 325 262 324 52
345 316 300 316 313 329 263 328 66
341 61 311 60 319 49 287 50 113
338 58 309 58 317 47 286 48 82
339 69 309 69 317 59 285 59 66
343 73 313 73 321 63 289 63 74
341 86 311 86 319 77 287 78 225
338 95 309 95 317 87 286 87 98
340 127 311 127 319 121 288 121 146
341 140 313 140 321 135 291 135 38
342 157 313 157 321 153 290 153 77
342 176 313 176 321 173 289 173 53
339 187 309 185 317 183 285 184 91
341 223 313 224 321 225 290 224 116
344 244 312 244 321 247 287 247 94
341 247 308 246 317 249 282 249 130
341 252 308 251 317 255 282 254 173
342 256 310 255 319 259 284 259 192
344 261 312 261 321 265 285 265 160
347 291 310 291 321 299 280 299 84
347 39 319 38 327 27 299 28 78
344 79 316 78 323 69 294 69 164
347 102 319 103 327 95 295 95 181
345 144 317 144 325 139 296 139 31
345 147 316 147 325 143 295 143 46
346 155 317 155 325 151 295 152 115
344 159 315 159 323 155 292 155 76
346 172 317 172 325 169 293 169 68
348 239 315 238 325 241 291 241 115
346 237 314 237 323 239 288 238 107
348 263 316 263 325 267 291 267 137
346 259 314 259 323 263 289 263 131
350 261 318 261 327 265 293 265 105
350 269 318 269 327 273 293 273 83
352 284 316 284 327 291 288 291 60
348 281 312 281 323 287 285 287 62
350 288 313 287 323 295 284 294 78
351 29 323 30 331 17 301 17 41
353 72 324 72 333 63 302 63 91
351 71 323 71 331 61 301 61 93
349 104 321 105 329 97 298 97 170
351 114 324 114 331 107 302 108 296
349 121 321 121 329 115 300 115 217
352 138 325 138 333 133 305 133 90
353 148 325 148 333 143 303 143 116
349 151 321 151 329 147 299 147 84
353 164 324 164 333 161 302 161 85
354 174 324 174 333 171 301 171 105
351 170 321 170 329 167 297 167 85
353 175 323 175 331 173 299 173 87
354 183 324 183 333 181 301 181 126
352 183 322 183 331 181 299 181 43
353 219 325 218 333 219 303 219 119
351 232 319 232 331 233 297 233 209
351 249 319 249 329 253 295 252 147
355 256 324 256 333 259 300 259 199
357 281 322 281 333 287 295 287 51
360 308 316 308 331 319 284 318 75
358 42 330 43 339 31 309 31 42
354 61 326 60 335 51 305 51 66
354 78 327 78 335 69 306 69 96
354 86 327 87 335 79 306 79 115
358 125 330 124 339 119 309 118 172
356 155 329 155 337 151 308 151 92
356 179 326 179 335 177 303 177 72
355 194 326 194 335 193 304 193 98
359 220 331 220 339 221 309 220 106
358 226 327 226 337 227 304 227 136
360 230 329 230 339 231 306 231 181
358 239 327 239 337 241 304 241 72
356 248 325 248 335 251 302 251 185
358 265 328 265 337 269 304 269 117
356 267 325 267 335 271 302 271 100
362 284 325 284 337 291 298 291 79
361 286 325 286 337 293 298 293 103
361 298 322 297 335 307 292 306 68
365 306 323 306 337 317 291 317 80
365 312 322 311 337 323 289 322 80
362 55 333 56 343 45 312 46 113
362 52 333 52 343 41 312 42 117
364 69 336 69 345 59 316 59 170
360 98 333 98 341 91 310 89 177
362 106 334 106 343 99 313 99 182
364 112 335 112 345 105 315 105 177
364 108 336 108 345 101 315 101 182
359 136 333 136 341 131 313 131 168
362 159 334 159 343 155 313 155 98
363 168 333 168 343 165 311 165 112
363 185 334 185 343 183 312 183 107
363 194 334 194 343 193 313 193 237
367 217 340 217 345 219 315 219 161
367 227 337 227 341 229 308 229 174
362 235 331 235 341 237 308 237 97
365 235 335 235 345 237 313 237 95
364 260 333 259 343 263 310 263 140
365 265 335 265 345 269 313 269 84
367 276 335 275 345 281 310 281 96
365 288 330 289 343 297 301 295 92
369 288 332 287 345 295 305 295 68
372 316 326 316 343 329 292 329 81
368 52 339 52 349 41 318 41 106
365 65 338 65 347 55 318 55 142
366 93 339 93 347 85 318 85 262
367 100 340 100 349 93 320 93 253
369 106 342 106 351 99 321 99 195
366 114 338 114 347 107 317 107 65
368 133 341 134 349 129 321 128 163
367 139 341 140 349 135 322 135 272
365 143 338 143 347 139 319 139 235
369 142 343 142 351 137 324 139 259
369 170 339 170 349 167 318 167 111
367 179 337 179 347 177 316 177 74
367 176 337 176 347 173 315 173 79
370 178 341 178 351 175 320 175 160
371 230 341 230 351 231 319 231 223
371 243 341 243 351 245 319 245 73
371 252 341 252 351 255 319 255 137
369 260 339 259 349 263 317 263 105
369 264 339 263 349 267 317 267 99
372 272 340 272 351 277 316 277 70
373 281 339 281 351 287 314 287 75
370 283 333 282 347 289 309 288 79
373 299 332 299 349 307 303 307 103
376 303 335 303 351 313 305 312 141
374 78 348 78 357 69 327 67 148
371 112 343 112 353 105 323 105 68
375 121 347 121 357 115 327 115 47
374 168 345 168 355 165 325 165 111
375 181 347 181 357 179 327 179 117
376 222 344 222 353 223 321 223 216
372 227 343 228 353 229 321 229 160
376 239 347 239 357 241 326 241 116
376 250 347 250 357 253 326 253 150
376 258 347 257 357 261 326 261 140
372 264 343 263 353 267 321 267 151
374 260 345 259 355 263 323 263 161
377 291 339 291 353 299 312 299 67
382 314 337 314 355 327 303 326 76
379 38 351 39 361 27 332 26 110
381 35 352 35 363 23 333 24 163
379 50 351 50 361 39 331 39 155
381 61 353 61 363 51 334 51 177
381 123 353 123 363 117 333 117 100
377 135 351 135 359 131 332 131 261
379 218 351 218 361 219 331 219 172
381 235 352 235 363 237 332 237 115
380 262 351 261 361 265 330 265 109
375 265 345 265 359 269 329 269 228
381 282 346 281 359 287 321 286 78
385 296 346 296 361 305 319 305 89
386 306 344 306 361 317 313 317 100
389 315 342 314 361 327 312 327 96
390 336 340 336 361 353 305 352 138
385 39 359 38 369 27 340 27 247
384 40 357 40 367 29 337 31 255
383 102 354 102 365 95 334 95 195
383 115 354 115 365 109 335 109 130
387 158 359 158 369 155 339 155 146
387 160 359 160 369 157 339 157 150
383 181 356 181 365 179 336 179 229
385 215 356 215 367 215 337 215 64
385 220 356 220 367 221 337 221 107
387 230 359 229 369 231 339 231 188
383 228 354 229 365 229 334 229 112
387 237 359 237 369 239 339 238 79
387 245 359 245 369 247 339 247 85
383 247 354 247 365 249 334 249 84
383 260 355 259 365 263 335 263 136
389 288 352 287 367 295 327 294 161
388 300 349 300 365 309 321 309 87
388 34 360 35 371 23 342 23 391
390 130 363 130 373 125 345 125 298
390 143 364 143 373 139 349 139 361
390 213 362 213 373 213 343 213 87
392 217 364 217 375 217 345 217 99
389 225 360 224 371 225 341 225 101
389 228 360 228 371 229 341 229 170
390 244 362 244 373 247 343 247 58
389 247 360 246 371 249 341 249 82
393 245 364 245 375 247 345 247 109
392 258 364 258 375 261 345 261 158
389 254 360 254 371 257 341 257 159
392 270 361 270 373 275 339 275 175
394 277 361 277 373 283 337 283 119
392 279 358 279 371 285 335 285 101
396 288 360 287 375 295 335 295 171
397 311 354 311 373 323 326 323 83
394 77 367 77 381 67 353 68 529
395 127 372 128 379 123 358 123 335
398 225 370 224 381 225 352 225 115
394 230 366 230 377 231 347 231 120
396 235 368 236 379 237 350 237 155
398 237 370 238 381 239 352 239 116
394 243 366 243 377 245 348 245 100
397 256 370 256 381 259 352 259 147
400 276 368 274 381 281 346 280 107
402 57 376 56 387 47 358 48 432
401 148 374 147 385 143 357 143 396
402 218 374 219 385 219 356 219 222
400 223 372 222 383 223 354 223 119
401 235 374 235 385 237 356 237 188
401 232 374 232 385 233 356 233 172
401 243 374 243 385 245 356 245 75
399 245 372 245 383 247 354 247 101
403 251 376 251 387 253 359 253 118
403 256 376 256 387 259 358 259 154
400 262 372 262 383 265 353 265 125
407 286 369 286 385 293 346 293 107
406 291 368 291 385 299 344 299 145
407 298 367 298 385 307 341 307 129
407 305 365 304 385 315 339 314 106
409 309 365 309 387 319 339 319 130
406 81 380 81 391 73 363 73 217
407 198 380 197 391 197 361 196 410
409 215 382 215 393 215 365 215 139
407 232 380 231 391 233 363 233 114
409 238 382 237 393 239 365 239 197
406 255 380 254 391 257 363 257 143
409 258 381 258 393 261 364 261 169
406 263 377 263 389 267 357 267 115
411 283 377 283 391 289 353 289 56
413 313 368 313 389 325 340 325 129
415 320 370 320 391 333 340 333 193
410 211 384 211 395 211 367 211 321
410 253 384 252 395 255 367 255 229
411 258 383 258 395 261 366 261 162
413 267 383 267 395 271 362 271 75
420 313 376 313 397 325 350 324 160
418 215 392 215 403 215 376 215 190
418 224 392 224 403 225 375 225 271
416 228 390 228 401 229 374 229 105
418 232 392 232 403 233 376 232 112
420 245 394 245 405 247 378 247 203
418 247 391 247 403 249 375 249 245
423 265 394 265 405 269 373 269 88
419 283 384 283 401 289 363 289 65
422 293 385 292 403 301 361 301 167
427 313 383 313 405 325 357 325 159
426 320 381 320 403 333 353 332 177
421 25 402 25 411 17 391 17 31
417 29 398 29 407 21 390 22 50
422 77 403 78 411 71 392 71 106
421 206 399 206 409 205 388 205 211
420 212 397 211 407 211 383 211 192
425 217 400 217 411 217 384 217 164
423 236 398 236 409 237 382 237 229
421 234 396 234 407 235 380 235 140
421 249 396 249 407 251 380 251 185
425 253 399 253 411 255 383 255 96
422 255 395 254 407 257 379 257 109
426 260 398 260 411 263 381 263 181
428 288 391 288 409 295 369 295 98
428 303 386 303 407 313 361 313 122
431 323 385 323 407 337 356 337 112
427 37 409 37 417 29 398 29 163
425 43 407 43 415 37 396 35 153
425 69 407 69 415 61 397 59 239
427 81 409 81 417 75 398 75 83
427 135 410 135 417 131 399 131 138
428 144 410 145 417 141 399 141 321
428 153 410 153 417 147 399 149 175
424 179 406 179 413 177 394 177 55
426 181 408 181 415 179 396 179 123
427 204 406 204 415 203 392 203 212
429 221 404 221 415 221 389 221 117
427 230 402 230 413 231 387 231 150
429 226 404 226 415 227 389 227 125
430 233 406 232 417 233 391 233 144
427 234 402 234 413 235 387 235 224
429 245 404 245 415 247 389 247 101
431 253 405 253 417 255 390 255 108
432 279 398 279 415 285 379 285 35
435 295 397 294 417 303 373 303 176
435 298 395 297 415 307 371 307 216
437 301 396 301 417 311 369 311 379
436 307 394 307 417 317 371 317 130
432 28 417 30 423 21 404 21 59
430 40 411 38 419 31 400 31 124
429 47 411 47 419 43 400 41 108
429 59 412 57 419 51 401 52 87
431 67 414 67 421 61 403 61 278
433 79 415 79 423 73 404 73 64
431 83 413 83 421 77 402 77 54
432 87 415 87 423 81 404 81 57
433 133 419 133 423 129 406 129 101
432 139 414 139 421 135 403 135 187
429 177 412 177 419 175 402 175 101
435 212 413 211 423 211 399 211 220
432 217 408 217 419 217 393 217 135
436 215 412 215 423 215 398 215 128
434 221 410 221 421 221 395 221 163
436 228 412 228 423 229 397 229 172
434 236 410 236 421 237 395 237 160
436 238 412 238 423 239 398 239 160
436 244 412 243 423 245 398 245 240
433 247 408 247 419 249 393 249 151
436 251 411 251 423 253 397 253 135
434 251 410 251 421 253 395 253 115
435 256 409 256 421 259 393 259 129
435 262 407 262 421 265 391 265 102
442 298 402 298 423 307 380 307 165
440 303 400 303 421 313 376 313 156
439 310 397 310 419 321 373 321 112
441 308 400 308 421 319 376 319 172
443 313 401 314 423 325 376 325 146
442 319 397 319 421 331 372 331 86
438 32 417 31 425 23 406 23 88
439 51 422 52 429 43 412 44 102
437 83 419 83 427 77 409 77 54
438 87 419 87 427 81 409 81 70
437 145 420 145 427 141 410 141 201
439 171 422 167 429 167 412 167 96
435 175 418 175 425 173 408 173 198
433 179 418 179 425 177 407 177 184
439 202 421 202 429 201 411 200 194
439 206 416 206 427 205 404 205 241
440 213 416 213 427 213 402 213 245
438 219 414 219 425 219 399 219 112
442 218 418 219 429 219 404 219 232
438 242 414 242 425 243 400 243 237
441 246 419 245 429 247 404 247 495
441 260 413 260 427 263 398 263 121
444 279 410 279 427 285 391 285 33
442 279 409 279 425 285 389 285 24
441 285 406 285 425 291 386 292 89
444 290 408 290 427 297 387 297 167
445 294 405 294 425 303 383 303 318
446 300 406 300 427 309 383 309 190
444 305 403 305 425 315 380 315 160
448 308 407 308 429 319 384 319 118
441 38 426 39 433 31 415 31 183
440 42 423 42 431 35 413 35 203
441 77 424 77 431 71 413 71 124
445 79 427 79 435 73 417 73 159
443 85 426 85 433 79 415 79 30
444 87 428 87 435 81 418 81 85
445 137 428 137 435 133 418 133 194
442 147 426 146 433 143 416 142 166
441 185 423 185 431 183 412 183 244
441 204 423 204 431 203 414 202 395
443 212 420 211 431 211 408 211 246
447 213 424 213 435 213 411 213 396
445 215 422 215 433 215 408 215 244
449 303 409 303 431 313 388 312 107
449 307 409 307 431 317 386 317 202
453 335 403 334 431 351 375 351 42
446 34 428 34 437 27 419 27 56
449 37 432 37 439 29 421 29 115
446 143 430 141 437 139 420 137 70
447 176 430 176 437 175 420 174 124
447 183 430 183 437 181 420 181 192
455 283 420 283 439 289 401 289 146
453 290 415 290 437 297 397 297 122
458 302 419 301 441 311 398 311 164
462 334 412 334 441 351 386 350 44
463 340 411 339 441 357 383 356 53
453 42 436 42 445 35 427 35 133
454 173 438 173 445 171 428 170 150
458 208 437 207 447 207 424 207 373
456 217 427 217 445 217 412 216 222
456 224 425 225 443 225 410 223 255
459 237 428 235 445 237 411 239 236
460 256 429 257 445 259 413 260 170
458 288 421 288 443 295 403 295 133
460 292 423 292 445 299 405 299 133
463 291 426 291 447 299 407 299 167
462 300 423 300 445 309 403 309 177
459 34 443 35 451 27 434 26 76
461 133 445 133 451 127 435 125 222
459 178 441 178 449 175 431 173 111
464 212 435 211 453 211 423 210 387
462 222 431 221 449 221 416 220 185
467 230 435 230 453 231 419 231 191
468 297 431 297 453 305 413 305 141
465 38 449 38 457 31 440 31 176
467 44 451 44 459 37 442 37 252
463 42 447 42 455 35 438 35 135
467 52 451 52 459 45 442 46 194
465 66 449 63 457 59 440 57 214
467 155 452 153 459 151 443 153 87
465 177 449 173 457 173 439 172 214
466 181 448 181 457 179 438 179 102
468 185 449 185 459 183 440 183 114
471 213 441 212 459 213 429 213 268
471 218 439 218 457 219 424 219 258
469 232 437 231 455 233 421 233 34
469 281 435 281 455 287 419 287 64
472 286 435 287 457 293 419 293 224
472 291 436 291 457 299 418 299 149
469 120 454 122 461 117 445 118 358
471 157 456 154 463 153 447 151 109
474 220 442 220 461 221 427 221 151
477 279 443 279 463 285 426 285 89
475 288 440 288 461 295 423 295 141
479 305 438 305 463 315 419 315 32
475 40 462 40 469 33 457 33 384
477 55 467 56 471 51 461 51 288
475 97 459 97 467 93 451 91 74
477 110 465 109 469 105 459 106 473
475 126 461 123 467 121 453 119 519
479 156 463 156 471 153 454 153 204
484 233 452 233 471 235 437 235 38
478 240 446 240 467 243 435 243 52
479 252 450 252 467 255 433 255 24
483 261 454 261 471 265 440 265 21
484 279 451 279 471 285 435 285 117
484 285 450 285 471 291 435 291 139
485 288 450 288 471 295 434 295 85
485 313 446 313 469 325 426 325 46
483 31 466 30 475 23 458 23 411
481 37 468 36 473 31 462 31 546
483 40 467 41 477 35 459 36 750
483 50 473 50 477 45 467 45 214
479 48 469 48 473 43 463 43 278
479 73 469 74 473 69 462 69 388
483 91 473 91 477 87 467 87 152
483 126 471 125 477 123 467 123 144
483 136 473 136 477 133 467 133 192
489 196 460 196 477 195 447 195 338
484 196 456 196 473 195 443 195 325
487 200 457 200 475 199 443 201 178
487 229 455 229 475 231 441 231 56
488 235 458 235 477 237 443 237 31
485 255 457 256 473 259 439 259 26
488 258 457 257 475 261 443 261 14
487 265 458 265 475 269 445 269 23
485 264 456 265 473 269 443 268 12
486 281 453 281 473 287 437 287 96
493 284 460 284 477 291 440 291 271
491 303 452 303 477 313 434 312 33
488 38 477 37 481 31 471 31 224
485 48 475 48 479 43 469 43 239
487 60 477 60 481 55 471 55 81
485 85 475 85 479 81 469 81 107
485 93 475 93 479 89 469 89 108
489 101 479 101 483 97 473 97 16
485 112 474 113 479 109 468 109 134
487 111 477 111 481 107 471 107 50
485 126 474 125 479 123 468 122 120
489 122 479 122 483 119 473 119 39
489 134 479 134 483 131 473 131 18
491 186 475 185 483 185 467 183 238
489 201 462 200 479 199 449 200 170
490 209 462 209 479 209 449 209 82
494 222 463 222 483 223 449 223 115
490 240 461 241 479 243 448 243 38
493 249 462 249 483 253 449 252 24
490 253 461 253 479 257 448 257 18
495 263 463 264 483 267 453 267 12
495 279 464 279 483 285 448 285 121
493 293 456 293 479 301 439 301 87
493 311 451 311 481 321 435 321 63
491 35 481 34 485 29 475 29 147
491 42 480 43 485 37 474 38 202
491 60 481 60 485 55 475 55 75
494 68 484 67 489 63 478 63 32
493 79 483 79 487 75 477 75 12
495 96 485 96 489 93 479 93 14
493 93 482 93 487 89 477 89 52
491 105 481 105 485 101 475 101 57
495 124 485 124 489 121 479 120 24
492 193 477 192 485 191 471 191 204
496 193 482 192 489 191 475 191 124
499 205 472 207 489 205 460 207 100
496 207 467 207 485 207 454 207 84
503 218 477 219 489 219 454 219 134
497 225 469 225 487 227 456 227 52
498 233 466 233 487 235 453 235 28
497 240 467 240 487 243 456 243 30
498 253 468 253 487 257 455 257 15
501 285 467 285 489 291 452 291 35
502 295 464 295 489 303 448 303 72
500 300 462 300 487 309 445 309 35
502 304 462 303 489 313 446 312 35
503 310 460 310 489 321 442 321 57
501 56 490 56 495 51 485 51 29
499 52 493 50 493 47 482 47 58
500 67 490 68 495 63 484 63 14
498 79 488 79 493 75 483 75 14
497 95 487 95 491 91 481 91 16
497 101 487 101 491 97 481 97 21
501 104 491 104 495 101 485 101 26
501 175 491 175 495 173 484 173 60
497 186 485 187 491 185 477 185 101
503 205 476 206 493 205 465 206 138
502 208 477 209 493 209 466 209 110
502 211 477 211 493 211 465 211 112
503 237 475 237 495 239 455 239 61
502 244 475 244 493 247 460 247 21
503 279 469 279 491 285 456 285 43
507 279 473 279 495 285 459 285 46
504 285 467 286 493 291 456 291 118
507 290 471 290 495 297 457 297 112
507 313 463 313 493 325 445 325 43
504 36 494 36 499 31 488 31 82
504 48 494 48 499 43 489 43 54
507 81 495 81 501 77 490 77 34
506 91 496 91 501 87 490 87 12
503 101 493 101 497 97 487 97 24
502 109 492 109 497 105 487 105 51
505 106 495 106 499 103 489 103 43
507 115 496 115 501 111 491 111 20
505 112 495 112 499 109 489 109 42
506 138 497 138 501 135 491 135 19
504 135 495 136 499 133 489 133 22
503 146 493 146 497 143 487 143 17
507 149 496 150 501 147 490 147 24
505 157 494 157 499 155 488 154 13
507 173 496 173 501 171 491 171 27
503 177 493 177 497 175 486 175 29
507 200 478 200 497 199 466 199 156
506 207 481 207 497 207 470 207 102
510 205 483 204 501 205 472 204 109
508 212 482 211 499 211 471 211 97
509 227 477 227 499 229 465 229 74
508 231 476 231 497 233 463 233 43
509 283 477 283 497 289 461 289 104
509 37 498 38 503 33 493 33 70
512 46 502 46 507 41 497 41 57
512 60 502 59 507 55 496 55 45
509 63 498 63 503 59 492 57 21
511 70 501 71 505 65 495 66 32
512 91 502 91 507 87 496 87 10
513 102 502 102 507 99 497 99 60
509 105 499 105 503 101 493 101 45
511 107 501 107 505 103 495 103 27
512 114 502 114 507 111 497 111 20
511 122 500 123 505 119 495 119 19
508 133 498 132 503 129 493 129 20
510 142 501 142 505 139 494 140 19
509 144 499 144 503 141 493 141 33
510 164 500 166 505 163 494 164 22
512 170 501 170 505 169 495 168 44
508 177 498 177 503 175 492 175 17
514 229 482 229 503 231 469 231 42
513 244 483 244 503 247 471 247 23
514 277 482 277 503 283 467 283 31
517 277 484 277 505 283 469 283 48
516 23 505 23 511 17 499 17 37
514 32 504 32 509 27 499 27 50
516 36 506 36 511 31 501 31 59
514 38 504 38 509 33 499 32 56
518 42 508 41 513 37 503 36 50
516 50 506 50 511 45 501 45 79
518 62 508 62 513 57 502 57 30
518 69 508 69 513 65 503 65 40
517 84 506 83 511 79 500 79 17
516 107 506 107 511 103 501 103 47
518 128 508 129 513 125 503 125 30
514 138 505 138 509 135 499 135 20
516 173 506 173 511 171 500 171 11
517 179 506 179 511 177 501 177 29
518 177 508 177 513 175 503 175 19
519 185 508 185 513 183 502 182 94
519 209 493 209 511 209 483 208 102
519 218 485 218 509 219 475 219 67
523 222 491 222 513 223 479 223 128
519 224 487 224 509 225 475 225 103
522 226 490 226 513 227 478 227 78
523 233 491 233 513 235 479 235 57
525 27 515 25 519 21 510 20 63
520 40 510 40 515 35 505 35 57
524 50 513 50 519 45 508 45 29
522 64 512 64 517 59 507 60 46
520 85 509 85 515 81 503 81 26
522 81 511 81 517 77 506 78 18
520 89 509 90 515 87 504 87 32
523 100 512 100 517 95 506 96 35
520 111 510 110 515 107 504 106 25
525 121 514 122 519 119 509 119 34
522 130 512 130 517 127 507 127 25
524 142 514 141 519 139 508 139 47
524 154 514 153 519 151 509 150 34
524 163 514 163 519 161 508 161 11
520 171 510 171 515 169 504 169 25
527 231 495 231 517 233 483 233 79
528 274 496 274 519 279 485 279 132
529 279 495 280 519 285 484 285 76
526 295 489 295 515 303 475 303 42
526 42 516 42 521 37 510 35 47
530 53 520 53 525 49 515 49 69
528 57 518 57 523 53 513 53 27
530 64 520 63 525 59 515 59 38
525 81 515 81 521 77 509 77 18
530 88 519 88 525 83 513 83 16
526 89 515 89 521 85 509 84 16
528 111 517 111 523 107 513 105 49
528 117 518 117 523 113 512 113 58
528 124 518 124 523 121 513 121 41
530 130 520 130 525 127 515 127 31
526 150 516 150 521 147 511 146 46
528 154 518 154 523 151 513 151 30
530 175 520 175 525 173 514 172 28
531 216 500 216 523 217 487 217 161
529 220 498 220 521 221 486 221 223
534 230 502 229 525 231 491 231 126
532 226 500 226 523 227 489 227 137
533 237 502 236 525 239 491 239 226
527 241 498 240 521 243 486 243 134
533 239 502 238 525 241 491 241 107
533 244 501 244 525 247 491 247 137
533 253 502 255 525 257 491 255 46
532 284 498 284 523 291 487 291 63
534 283 501 282 525 289 489 289 75
533 291 503 292 523 299 490 299 69
534 48 522 45 529 43 519 43 30
534 55 524 55 529 51 519 51 33
532 60 521 59 527 55 516 55 38
536 67 525 66 531 63 519 62 29
532 73 521 74 527 69 516 70 29
534 91 523 91 529 87 518 87 17
532 93 521 93 527 89 516 89 18
536 93 525 93 531 89 520 89 18
536 108 526 108 531 105 520 106 40
532 115 522 114 527 111 517 111 52
536 118 525 119 531 115 521 114 67
536 122 526 122 531 119 521 119 36
532 149 522 150 527 147 517 147 53
534 171 523 172 529 169 518 169 15
536 176 525 175 531 173 520 173 17
534 181 523 183 529 179 518 178 105
539 199 509 199 531 199 500 199 122
540 224 508 224 531 225 497 225 335
537 226 506 228 529 229 495 229 143
540 234 508 233 531 235 497 235 134
536 236 504 235 527 237 493 237 209
538 240 506 240 529 243 495 243 94
538 261 507 261 531 265 497 264 52
538 25 528 25 533 19 522 18 123
540 56 529 56 535 51 522 51 31
539 64 529 64 535 59 523 59 23
542 74 531 74 537 69 526 69 20
542 79 531 79 537 75 526 75 26
538 112 528 112 533 109 523 109 37
538 120 527 120 533 117 522 117 43
538 140 527 140 533 137 522 137 30
542 153 531 153 537 151 526 151 52
542 159 531 160 537 157 526 157 45
539 170 530 172 535 169 525 168 26
544 194 515 194 537 193 507 193 176
543 199 513 200 535 199 504 199 217
542 224 511 224 533 225 499 225 427
541 237 510 237 533 239 499 239 107
543 237 511 237 535 239 501 239 380
542 244 510 244 533 247 499 247 89
543 252 512 251 535 255 502 254 96
544 247 514 247 537 251 503 249 258
546 270 515 270 537 275 504 275 110
544 25 534 24 539 19 529 19 152
548 130 536 130 543 127 531 127 18
548 138 536 137 543 135 531 134 16
544 139 532 139 539 137 527 136 47
544 155 533 155 539 153 528 153 104
548 153 537 153 543 151 532 151 50
546 162 536 161 541 159 530 159 45
548 159 537 160 543 157 532 157 50
544 169 534 169 539 167 529 166 35
546 176 536 178 541 175 531 174 24
550 216 521 216 543 217 512 215 422
548 220 521 220 541 221 511 221 312
550 243 519 243 543 245 511 245 141
550 248 520 248 543 251 511 249 208
550 254 520 256 543 259 511 259 217
547 274 516 274 539 279 506 279 113
553 48 543 48 549 43 538 43 19
554 52 540 53 549 47 536 48 25
552 60 540 60 547 55 535 54 21
552 112 541 112 547 109 536 109 22
550 128 538 128 545 125 533 125 24
554 147 542 145 549 143 537 142 37
550 174 539 174 545 171 534 171 18
556 196 527 195 549 195 516 197 559
555 207 534 207 549 207 528 207 521
556 218 527 218 549 219 524 219 521
554 244 524 244 547 247 515 247 196
554 257 524 257 547 261 515 260 219
552 268 522 269 545 273 513 273 200
554 273 525 272 547 277 515 277 180
556 279 524 279 549 285 515 284 111
558 40 547 39 553 35 542 34 24
557 83 547 83 553 79 542 79 21
555 101 544 99 551 97 539 95 24
560 112 549 115 555 109 545 108 16
559 140 548 141 555 137 543 137 23
558 153 546 153 553 151 542 151 33
556 157 544 158 551 155 539 155 38
558 159 546 160 553 157 542 157 60
556 169 545 169 551 167 540 167 29
559 187 549 186 555 185 544 185 174
562 229 533 230 555 231 524 232 178
560 235 531 236 553 237 522 237 86
558 246 529 247 551 249 520 249 195
562 252 533 252 555 255 524 256 260
561 276 530 276 555 281 522 281 116
561 23 549 23 557 17 545 17 34
565 48 554 48 561 43 549 43 44
565 57 554 57 561 53 549 52 16
564 97 552 97 559 93 548 93 15
562 108 550 107 557 105 546 104 16
566 122 554 122 561 119 550 119 15
564 128 553 128 559 125 548 125 17
559 135 550 134 557 131 545 131 24
565 140 554 140 561 137 549 137 24
566 148 555 148 561 145 550 145 13
563 173 552 172 559 171 548 171 20
568 235 545 234 561 237 533 237 137
566 235 538 235 559 237 531 237 75
563 262 537 262 557 265 527 266 311
565 272 535 272 559 277 526 277 130
571 31 559 33 567 25 555 25 59
567 29 555 29 563 23 551 23 61
570 43 558 44 565 39 553 40 33
571 50 560 49 567 45 556 44 29
567 61 556 62 563 57 552 58 23
569 77 558 77 565 73 554 74 31
568 81 556 81 563 77 552 76 29
569 83 557 83 565 81 553 79 27
569 95 558 94 565 91 553 91 10
567 95 556 95 563 91 552 91 15
571 106 560 107 567 103 556 103 9
571 113 560 115 567 109 555 109 16
569 126 558 126 565 123 553 123 15
569 136 559 136 565 133 554 133 18
568 135 556 136 563 133 552 133 15
571 161 560 161 567 159 556 159 26
572 182 561 182 567 181 556 181 21
568 181 557 181 563 179 552 178 23
571 189 560 190 565 189 554 189 37
570 211 545 209 565 211 537 211 294
572 222 545 223 567 223 537 223 248
569 226 539 225 563 227 535 226 226
569 239 542 239 563 241 535 241 136
573 274 542 274 567 279 535 278 44
575 28 563 29 571 23 559 23 28
573 34 562 35 569 29 557 29 37
575 43 563 44 571 39 559 39 42
574 50 563 50 571 45 560 45 24
577 58 567 57 573 53 563 53 29
575 70 564 69 571 65 559 64 44
577 85 566 85 573 81 561 81 12
577 93 566 93 573 89 562 89 11
573 97 562 96 569 93 557 93 12
575 103 564 104 571 101 560 100 19
573 108 562 109 569 105 558 105 18
577 124 566 123 573 121 562 120 30
577 141 566 139 573 139 562 138 16
573 143 562 143 569 141 558 141 17
575 171 565 171 571 169 560 169 16
577 175 566 175 573 173 562 173 15
575 177 564 177 571 175 560 175 28
573 187 563 186 569 185 558 185 19
578 215 552 214 573 215 545 216 133
578 253 553 252 573 255 547 255 120
578 277 547 277 573 283 539 283 31
579 27 567 26 575 21 563 21 33
583 44 571 44 579 39 567 39 16
581 56 570 55 577 51 567 51 20
581 61 571 61 577 57 567 57 24
581 89 571 89 577 85 567 85 28
583 109 572 108 579 105 568 105 30
579 114 568 114 575 111 563 111 11
581 112 569 113 577 109 565 108 17
579 138 568 138 575 135 564 135 12
579 143 568 143 575 141 564 140 13
579 149 568 149 575 147 564 146 21
581 171 571 171 577 169 567 170 15
581 177 571 176 577 175 567 175 12
581 181 570 181 577 179 566 179 10
579 191 569 191 575 189 565 189 28
583 195 573 195 579 193 569 193 13
581 194 571 195 577 193 567 193 11
580 213 554 212 575 213 547 213 129
582 217 556 218 577 217 549 217 171
582 226 557 226 577 227 551 227 171
584 234 560 235 579 235 554 236 282
582 245 557 244 577 247 551 247 137
584 251 560 250 579 253 553 253 146
582 257 557 257 577 259 551 259 154
581 256 555 257 575 259 549 259 117
585 26 573 27 581 21 569 22 61
585 71 574 71 581 67 570 66 18
587 86 576 86 583 81 572 82 14
586 96 576 94 583 91 571 92 23
586 102 576 102 583 99 573 99 24
589 155 578 154 585 153 573 151 22
586 212 559 211 581 211 554 209 153
586 225 561 223 581 225 555 224 227
586 227 562 227 581 227 555 226 238
588 248 568 247 585 249 562 248 255
586 251 561 251 581 253 555 253 92
587 263 559 263 581 267 551 267 120
588 269 559 269 583 273 552 273 49
590 50 580 47 587 45 576 43 14
594 63 583 63 591 59 579 59 34
592 80 581 81 589 77 577 76 12
589 97 579 95 587 91 577 91 46
590 102 580 102 587 99 576 99 20
595 112 583 112 591 109 579 109 29
595 118 583 117 591 115 580 115 32
595 138 584 137 591 135 580 135 20
591 134 580 134 587 131 576 130 21
591 155 581 156 587 153 578 153 41
593 159 583 159 589 157 579 157 35
591 163 581 163 587 161 577 161 50
595 167 585 167 591 165 581 165 35
595 177 585 177 591 175 581 175 28
593 179 583 179 589 177 579 177 18
595 187 585 187 591 185 580 185 29
591 196 581 196 587 195 577 194 23
590 198 580 198 587 197 576 197 47
591 212 579 212 587 211 575 211 96
595 210 583 210 591 209 579 209 94
595 216 583 216 591 215 579 215 100
595 236 577 236 591 237 572 237 115
593 251 569 250 589 253 563 253 112
600 23 590 22 597 17 586 17 158
596 59 586 57 593 53 582 52 53
596 77 585 77 593 73 582 73 16
597 122 586 122 593 119 582 119 44
599 134 588 134 595 131 584 131 58
600 141 589 141 597 139 586 139 59
597 163 586 163 593 161 583 161 57
598 185 585 184 593 183 583 183 55
596 190 586 190 593 189 583 189 97
597 200 586 200 593 199 583 199 99
599 198 589 198 595 197 585 197 64
598 216 587 216 595 215 583 215 132
597 225 582 225 593 225 578 225 129
596 251 574 250 593 253 568 253 102
599 257 573 257 595 259 568 259 160
602 265 573 265 595 269 565 269 125
604 50 593 50 601 45 590 44 63
606 50 595 50 603 45 592 45 60
606 55 595 55 603 51 592 51 55
603 64 591 63 599 59 588 59 56
602 71 591 71 599 67 588 67 45
604 70 593 69 601 65 590 65 39
606 89 595 89 603 85 592 84 24
602 87 591 87 599 83 587 83 21
604 118 593 118 601 115 590 115 107
604 147 592 147 601 145 588 144 70
602 185 593 184 599 183 589 183 80
604 187 595 191 601 187 591 186 148
607 210 595 210 603 209 592 209 108
607 229 590 229 603 229 586 229 58
604 250 580 250 601 253 577 253 99
610 257 581 257 603 259 577 259 195
605 291 568 291 601 299 561 299 33
603 295 563 292 599 303 558 303 43
612 22 601 22 609 17 598 16 248
610 28 599 29 607 23 596 23 215
608 53 597 53 605 49 594 49 64
612 55 602 55 609 51 599 51 102
612 74 601 73 609 69 598 69 62
608 93 597 93 605 89 594 89 18
607 96 597 96 605 93 594 93 25
612 98 601 98 609 95 598 95 34
612 126 600 126 609 123 597 123 174
612 138 602 137 609 135 599 135 228
613 153 601 153 609 151 598 151 194
610 159 599 159 607 157 596 157 146
612 159 602 159 609 157 598 157 240
610 168 601 170 607 167 597 167 169
610 177 601 179 607 175 597 175 235
608 194 599 194 605 193 596 193 254
610 225 596 225 607 225 587 224 84
610 231 594 230 607 231 591 231 66
604 237 586 237 605 237 585 237 97
614 269 581 269 605 273 574 273 61
612 292 574 293 609 301 567 300 44
614 26 603 26 611 21 600 21 306
618 32 603 31 615 27 605 27 206
618 36 607 36 615 31 604 31 180
616 40 605 39 613 35 602 34 100
614 69 604 68 611 65 601 64 56
618 83 607 82 615 79 604 78 48
616 81 605 81 613 77 602 77 38
614 94 603 94 611 91 600 91 28
618 124 607 124 615 121 604 121 239
616 134 606 134 613 131 603 131 319
616 155 605 155 613 153 602 153 220
614 167 604 167 611 165 600 165 217
618 177 608 177 615 175 604 175 217
616 179 606 178 613 177 602 177 141
618 196 609 196 615 195 606 195 147
619 217 605 218 613 217 601 216 113
617 230 596 231 613 231 596 231 64
618 250 595 250 615 253 590 253 115
619 263 589 263 611 267 581 267 82
622 24 611 25 619 19 608 19 181
624 22 613 22 621 17 610 17 238
624 41 618 41 621 37 619 37 341
624 40 614 39 621 35 611 34 126
622 49 611 50 619 45 609 44 201
623 54 613 53 621 49 610 49 120
622 73 611 73 619 69 608 68 117
624 83 613 82 621 79 610 79 78
622 89 611 89 619 85 608 85 53
620 104 613 105 617 101 606 100 145
624 116 613 116 621 113 610 113 111
620 120 609 120 617 117 606 117 166
620 138 610 138 617 135 607 135 217
622 140 612 140 619 137 609 137 307
620 153 610 153 617 151 606 150 165
624 153 613 153 621 151 611 151 151
622 167 611 167 619 165 608 165 304
620 173 610 173 617 171 606 171 157
624 177 615 177 621 175 612 175 154
622 192 613 192 619 191 609 191 187
621 208 609 208 617 207 606 207 224
622 235 603 235 621 235 603 235 45
618 235 599 235 617 235 598 235 36
620 267 591 267 617 271 586 271 98
621 288 586 288 619 295 580 295 35
628 67 619 65 625 63 616 61 117
628 75 617 75 625 71 614 71 244
628 81 617 79 625 77 614 75 203
630 126 619 126 627 123 616 123 229
626 130 615 131 623 127 612 128 244
630 136 619 135 627 133 616 133 178
630 133 619 133 627 131 616 130 191
626 188 618 188 623 187 614 187 167
630 194 622 194 627 193 618 193 161
629 194 620 194 625 193 616 193 164
628 202 618 203 625 201 610 199 359
628 208 618 208 625 207 615 207 194
630 248 607 247 627 249 603 250 89
627 256 602 256 625 259 598 259 278
627 267 598 267 625 271 594 271 106
625 284 590 281 623 291 585 291 44
625 291 588 291 623 299 583 299 35
635 23 624 20 633 17 621 15 172
632 77 622 76 629 73 619 72 248
636 81 627 81 633 77 624 78 176
634 81 625 81 631 77 623 77 179
632 89 621 88 629 85 619 84 179
632 95 620 94 629 91 618 91 68
632 97 621 97 629 93 618 93 80
636 123 624 125 633 121 622 120 169
633 145 624 143 629 143 621 142 290
632 148 618 148 629 145 615 145 324
636 155 625 155 633 153 622 153 302
636 169 622 170 633 167 619 168 411
636 181 627 180 633 179 624 179 199
632 188 623 190 629 187 620 188 179
636 190 628 189 633 189 625 187 176
632 225 615 225 629 225 613 225 45
633 229 615 229 631 229 614 229 37
631 229 613 229 629 229 611 229 36
631 256 605 256 633 259 606 259 208
639 261 613 261 633 265 605 265 149
631 267 603 267 629 271 598 271 107
632 279 599 279 631 285 595 285 45
630 279 597 279 629 285 593 285 41
631 284 596 284 629 291 592 291 35
634 287 598 287 633 293 595 293 28
632 295 593 296 631 305 588 304 35
640 46 629 45 637 41 627 41 193
638 50 628 50 635 45 625 45 190
638 63 628 63 635 59 625 58 137
637 69 627 69 635 65 625 64 153
638 83 629 82 635 79 626 78 138
638 88 628 89 635 85 626 84 160
640 141 629 141 637 139 626 139 123
638 148 628 147 635 145 625 144 172
638 153 627 154 635 151 624 152 247
638 173 627 173 635 171 624 171 228
638 194 630 194 635 193 627 193 153
638 192 630 192 635 191 627 191 298
642 202 632 202 639 201 629 201 186
638 208 627 208 635 207 624 207 194
640 212 629 212 637 211 626 211 164
641 218 628 218 639 217 625 217 119
637 227 622 227 635 227 619 227 62
636 233 619 233 635 233 617 233 31
643 244 621 244 639 247 609 249 60
642 265 613 265 639 269 609 269 109
637 267 608 267 635 271 604 271 107
638 270 608 270 637 275 604 275 65
636 291 600 291 635 299 595 299 39
645 38 634 38 643 33 632 32 75
644 61 632 60 641 57 630 56 215
645 80 635 81 643 77 633 77 122
645 89 636 88 643 85 634 84 92
647 97 636 96 645 93 634 93 85
644 114 633 113 641 111 630 111 101
647 118 637 118 645 115 634 115 70
643 117 633 115 641 113 630 113 76
647 149 637 148 645 147 634 147 176
646 165 634 165 643 163 632 163 115
646 171 635 171 643 169 633 169 201
647 182 638 182 645 181 635 179 201
646 187 635 188 643 185 632 186 189
644 200 634 200 641 199 631 199 232
647 206 637 206 645 205 635 205 205
644 212 633 212 641 211 629 211 173
645 216 634 216 643 215 631 215 137
645 227 629 226 643 227 626 227 35
642 252 615 252 641 255 613 255 178
642 260 615 260 641 263 613 263 187
642 270 612 270 643 273 611 273 129
643 277 612 277 643 283 612 283 74
643 281 610 281 643 287 608 285 35
653 43 642 42 651 37 640 36 117
649 46 638 46 647 41 636 41 116
651 108 641 108 649 105 638 105 58
649 142 639 141 647 139 636 139 121
653 168 643 166 651 165 640 165 75
654 173 646 173 651 171 640 171 123
654 183 645 182 651 181 643 181 191
652 187 643 186 649 185 640 185 154
651 199 641 199 649 197 639 196 305
649 208 639 208 647 207 637 207 176
647 224 634 225 647 225 631 225 94
650 231 632 231 649 231 631 231 33
654 241 633 241 651 243 626 243 45
653 238 633 237 651 239 631 237 79
649 253 623 252 647 255 621 255 84
647 265 620 265 647 269 616 269 100
649 288 612 288 649 295 610 295 39
647 291 610 291 647 299 607 299 28
651 313 611 312 651 325 603 325 49
659 34 649 34 657 29 646 29 199
659 55 647 57 657 51 646 51 133
657 51 647 52 655 47 645 47 201
659 94 648 94 657 91 646 91 169
655 118 644 118 653 115 642 115 80
659 122 648 122 657 119 646 119 76
659 132 648 132 657 129 646 129 156
657 142 646 141 655 139 644 139 95
657 165 647 165 655 163 644 163 92
655 169 645 168 653 167 642 167 74
659 175 649 174 657 173 646 172 211
658 181 648 181 655 179 646 179 196
660 189 651 188 657 187 649 187 159
656 208 645 208 653 207 643 207 124
657 225 639 225 655 225 640 225 44
657 221 643 221 655 221 641 221 57
655 254 631 254 655 257 629 257 106
655 260 628 260 657 263 629 263 85
655 291 618 291 655 299 615 299 30
655 312 612 312 657 323 609 323 52
663 38 652 38 661 33 650 33 119
663 45 653 45 661 41 651 40 114
661 59 650 59 659 55 648 55 107
661 67 650 67 659 63 648 63 124
663 63 652 63 661 59 650 59 223
661 81 653 80 659 77 651 77 223
665 96 654 97 663 93 652 93 276
663 126 652 126 661 123 650 123 100
665 151 656 150 663 149 654 148 190
661 155 647 153 659 153 647 153 241
661 159 651 159 659 157 648 157 114
661 163 651 163 659 161 648 161 106
662 185 654 185 659 183 651 183 204
665 186 658 186 663 185 655 185 141
662 194 654 193 659 193 651 192 174
666 196 656 196 663 195 654 195 134
661 219 647 219 659 219 645 219 73
663 223 648 223 661 223 646 223 56
662 229 645 229 661 229 644 229 37
660 266 631 265 659 269 629 269 97
661 277 628 277 661 283 625 283 40
671 45 661 45 669 41 659 41 228
671 120 660 120 669 117 658 117 148
671 159 661 159 669 157 659 157 116
671 173 661 173 669 171 659 171 122
667 176 657 177 665 175 655 175 217
672 186 664 187 669 185 662 185 385
669 198 660 198 667 197 658 197 115
667 200 658 200 665 199 656 199 164
666 229 650 229 665 229 648 229 38
671 264 643 264 669 267 640 267 56
667 298 628 298 669 307 626 307 75
665 306 623 306 667 317 621 317 70
677 81 667 80 675 77 665 77 329
677 102 667 102 675 99 665 99 280
677 151 667 151 675 149 665 149 136
677 157 666 157 675 155 664 155 250
675 171 665 170 673 169 663 169 228
675 194 663 194 673 193 663 193 196
675 202 666 202 673 201 663 201 133
673 208 662 208 671 207 661 207 183
675 218 661 218 673 217 659 217 208
678 216 663 215 675 215 662 215 87
676 223 659 223 675 223 657 223 54
671 253 647 252 673 257 655 258 66
674 259 646 259 675 263 652 263 71
674 274 643 273 675 279 641 279 102
683 88 676 87 681 85 674 85 237
681 173 671 173 679 171 671 171 442
683 177 676 177 681 175 674 174 251
683 184 675 185 681 183 673 183 214
681 189 673 188 679 187 670 188 159
679 200 669 200 677 199 667 199 309
681 206 671 206 679 205 669 205 210
679 206 669 206 677 205 667 205 157
678 221 664 222 677 221 663 221 79
680 229 662 229 679 229 661 229 63
678 237 658 236 677 237 657 238 32
676 272 647 271 677 277 647 275 213
677 298 637 298 679 307 637 307 118
674 305 632 304 677 315 631 315 105
687 86 679 85 685 83 679 83 205
685 123 678 123 683 121 676 120 215
685 131 678 131 683 129 676 128 376
687 141 677 141 685 139 675 139 288
684 151 675 151 683 149 673 149 150
685 157 674 156 683 155 673 155 280
689 171 683 171 687 169 680 169 264
689 196 679 196 687 195 677 195 163
684 200 675 200 683 199 674 199 188
689 204 680 204 687 203 677 203 272
687 206 677 206 685 205 675 205 185
683 210 673 210 683 209 673 209 203
681 259 655 259 683 263 654 263 52
681 279 646 280 683 285 646 286 172
683 311 640 311 687 323 640 323 85
694 117 688 117 693 115 687 115 123
691 117 685 117 691 115 685 115 138
691 121 684 121 689 119 682 119 94
693 123 687 123 691 121 684 121 95
693 134 687 131 691 131 685 129 313
695 137 689 137 693 135 687 135 257
693 159 687 159 691 157 685 157 211
695 177 688 176 693 175 686 175 239
690 181 680 181 689 179 679 179 592
691 192 681 192 689 191 679 191 224
693 208 683 208 689 207 679 207 311
693 208 683 208 691 207 681 207 130
690 221 675 221 689 221 675 220 107
691 265 662 265 693 269 663 269 83
687 273 655 274 689 279 655 279 165
691 276 659 276 693 281 659 281 162
698 103 695 102 695 101 692 100 329
701 105 697 105 699 103 695 103 190
699 109 695 109 697 107 693 107 300
701 120 695 119 699 117 693 117 230
699 122 693 120 697 119 691 117 113
701 131 695 132 699 129 693 130 88
697 134 690 135 695 131 688 133 162
701 149 695 150 699 147 692 149 222
701 157 695 158 699 155 693 155 80
697 164 691 161 695 161 689 159 117
701 163 695 162 699 161 693 160 284
697 171 691 170 695 169 689 169 249
699 175 693 174 697 173 691 173 319
700 186 691 187 699 185 689 185 373
700 190 690 190 699 189 689 189 311
697 202 688 202 695 201 686 201 243
699 212 687 212 699 211 687 211 202
694 261 667 261 697 265 669 265 78
696 274 665 274 699 279 666 279 195
694 279 662 279 697 285 662 285 70
693 304 653 304 699 315 654 315 186
691 306 649 306 695 317 650 317 248
691 311 647 312 695 323 648 323 97
707 115 702 116 705 113 699 113 168
706 135 701 134 703 133 698 133 198
705 151 701 151 703 149 698 149 206
708 169 703 167 705 165 700 163 190
704 175 699 176 701 173 697 174 227
704 182 694 182 703 181 693 181 221
703 183 692 182 701 181 691 181 192
706 197 697 195 705 195 695 195 169
702 200 692 200 701 199 691 199 214
704 206 695 206 703 205 693 205 237
699 268 669 268 701 273 668 273 86
699 265 669 265 703 269 673 269 97
700 272 670 272 703 277 670 277 136
700 294 662 294 705 303 663 303 106
700 300 660 300 705 309 662 309 111
713 90 709 89 711 87 706 87 255
709 88 705 87 707 85 703 84 127
711 92 707 91 709 89 705 88 176
711 118 706 118 709 115 704 116 218
710 129 709 129 709 129 702 127 133
709 127 703 127 707 125 699 125 195
709 139 705 139 707 137 702 137 103
709 147 705 147 707 145 702 145 177
713 156 709 155 711 155 707 154 108
713 161 709 160 711 159 706 159 51
710 165 705 164 707 163 702 163 144
713 169 709 168 711 167 706 167 159
712 184 703 184 711 183 702 183 196
710 198 700 198 709 197 699 197 175
708 200 699 200 707 199 697 199 218
711 219 697 219 711 219 696 219 120
703 261 676 261 709 265 679 265 85
708 265 678 265 711 269 680 269 62
709 270 679 270 711 275 681 274 64
707 296 668 296 711 305 669 305 87
705 312 659 311 709 323 662 323 76
719 113 715 113 717 111 713 111 100
719 121 715 121 717 119 712 119 68
715 135 711 135 713 133 708 132 87
717 139 712 139 715 137 710 137 100
719 141 714 141 717 139 712 139 90
715 147 711 146 713 145 708 145 84
720 161 714 160 717 159 713 159 61
717 165 713 165 715 163 710 163 76
719 171 714 171 717 169 712 169 167
715 169 711 168 713 167 708 167 155
716 190 707 190 715 189 706 189 254
718 204 709 204 717 203 708 203 366
716 217 702 217 715 217 700 217 126
715 223 701 223 715 223 700 223 62
708 270 680 269 713 273 680 274 61
710 265 681 265 713 269 682 269 87
710 282 677 279 715 289 677 287 92
711 308 669 308 717 319 671 319 119
721 107 716 107 719 105 710 105 128
725 115 720 115 723 113 718 113 90
723 123 719 123 721 121 716 120 86
725 147 720 146 723 145 718 145 101
723 157 718 156 721 155 716 155 50
723 165 719 164 721 163 716 163 66
722 187 715 187 721 187 713 185 179
720 192 711 192 719 191 710 191 215
720 202 711 202 719 201 710 201 312
722 208 713 208 721 207 712 207 450
719 219 704 220 719 219 705 219 205
720 241 701 241 721 243 699 243 13
707 287 670 288 719 299 679 299 37
716 307 674 308 723 319 677 319 107
731 113 727 113 729 111 725 111 71
731 119 726 119 729 117 724 116 70
727 117 722 116 725 115 720 114 93
729 121 724 121 727 119 722 119 74
731 143 726 142 729 141 724 141 73
727 141 722 140 725 139 720 139 90
731 159 726 159 729 157 723 157 60
731 168 726 168 729 167 724 166 77
731 179 725 179 729 177 722 176 128
731 188 723 188 729 187 721 187 213
729 192 721 192 727 191 719 191 187
727 228 712 228 729 229 712 228 86
717 290 681 290 729 301 689 300 31
720 301 677 301 727 311 688 311 124
726 311 683 311 729 323 682 323 154
735 147 729 147 733 145 727 145 54
737 151 731 151 735 149 730 149 54
733 153 727 153 731 151 725 151 52
737 165 731 164 735 163 729 163 94
737 163 731 162 735 161 729 161 53
733 174 727 174 731 173 725 173 138
733 181 726 180 731 179 724 178 156
728 266 700 267 733 269 711 271 23
728 311 687 311 735 323 688 323 128
743 81 740 80 739 79 736 78 92
743 95 739 95 741 93 737 93 80
741 105 738 104 739 103 735 102 82
743 113 738 113 741 111 731 111 274
743 109 738 109 741 107 736 107 117
739 119 734 119 737 117 732 117 69
743 121 738 120 741 119 736 118 60
743 127 737 127 741 125 735 125 96
743 137 738 137 741 135 736 135 85
739 139 734 139 737 137 732 137 55
743 145 736 145 741 143 736 143 42
741 161 735 161 739 159 733 159 29
742 180 735 180 741 179 734 179 292
729 301 683 301 737 311 691 311 120
729 306 687 306 737 317 691 317 229
747 91 743 91 745 89 741 88 134
747 97 743 97 745 95 741 95 110
747 105 738 105 743 103 734 103 217
749 119 743 119 747 117 741 117 78
749 133 743 133 747 131 741 131 32
747 149 741 148 745 147 739 146 36
745 153 740 153 743 151 738 151 37
745 159 739 159 743 157 737 157 31
747 167 741 166 745 165 739 165 75
747 171 741 170 745 169 739 169 52
745 174 739 174 743 173 737 172 195
737 301 697 301 745 311 708 311 99
753 87 748 87 751 85 746 84 118
753 105 748 105 751 103 746 102 89
755 111 750 111 753 109 749 108 78
753 113 747 113 751 111 745 111 100
755 115 749 115 753 113 748 113 77
750 137 745 137 749 135 743 134 37
755 141 749 141 753 139 747 139 102
752 147 746 147 751 145 745 145 40
751 145 745 145 749 143 743 142 35
754 167 748 167 753 165 746 164 65
744 304 703 304 753 315 708 315 72
757 86 752 85 755 83 750 82 87
761 93 756 93 759 91 754 91 65
757 97 753 97 755 95 750 94 41
756 101 753 101 755 99 751 99 92
759 97 754 97 757 95 753 95 44
760 135 755 134 759 133 753 133 47
760 149 755 149 759 147 753 147 118
756 145 750 144 755 143 749 143 40
756 157 750 156 755 155 749 155 36
757 163 750 162 755 161 748 161 37
759 173 753 173 757 171 751 171 229
759 188 749 189 759 187 749 187 676
750 281 719 281 755 287 722 287 17
746 297 701 297 755 307 711 307 55
765 125 760 125 763 123 758 122 102
763 121 758 121 761 119 756 118 99
767 131 761 131 765 129 759 129 75
763 129 757 129 761 127 756 127 66
764 139 757 138 763 137 756 136 141
767 147 762 146 765 145 760 145 59
764 145 759 144 763 143 757 143 87
763 153 757 152 761 151 755 151 98
765 151 760 151 763 149 757 149 82
764 163 759 162 763 161 757 161 50
762 168 756 168 761 167 755 167 51
767 176 761 176 765 175 759 175 227
753 303 711 303 763 313 719 313 73
755 301 715 301 765 311 731 311 149
773 93 768 93 771 91 766 92 93
771 125 766 125 769 123 764 122 92
768 137 765 138 767 135 761 135 112
771 153 766 152 769 151 764 150 71
773 161 767 160 771 159 765 159 88
761 274 726 273 769 281 732 279 33
757 286 723 287 767 293 729 294 22
775 75 770 75 773 73 768 72 130
775 81 770 81 773 79 769 78 156
778 103 774 103 777 101 771 100 116
775 122 770 121 773 119 768 118 96
775 129 770 129 773 127 768 127 119
775 163 769 163 773 161 767 160 45
767 246 732 247 775 251 738 252 127
768 260 733 260 777 265 739 265 159
764 261 730 263 773 267 736 268 134
767 276 732 275 775 283 738 282 106
783 77 778 76 781 75 776 74 194
787 103 782 102 783 99 779 99 113
784 106 778 105 781 103 777 103 140
780 109 776 109 779 107 773 106 126
783 117 778 116 781 115 776 114 248
782 130 778 128 781 127 776 127 206
784 148 779 148 783 147 778 146 88
785 165 780 164 783 163 778 162 67
773 252 737 252 783 257 745 257 205
769 297 729 297 779 307 736 307 60
771 297 732 297 781 307 738 307 77
774 301 733 301 783 311 741 311 131
770 301 730 301 781 311 738 311 74
788 168 783 168 787 167 782 167 165
790 172 785 172 789 171 783 171 212
787 171 782 171 785 169 780 169 202
779 251 743 250 789 255 750 255 259
775 247 739 249 785 251 747 251 211
779 259 744 259 789 263 751 261 290
773 305 733 305 787 315 743 315 115
794 82 790 81 793 79 788 79 132
792 85 788 85 791 83 786 83 177
793 170 787 170 791 169 786 169 176
798 171 794 171 797 169 793 169 138
798 172 794 172 797 171 792 170 134
785 304 742 304 801 313 753 314 255
806 154 791 153 807 151 793 150 243
805 159 792 159 807 157 793 157 105
814 109 810 109 813 107 808 107 457
809 161 796 161 811 159 797 159 166
812 171 804 171 811 169 804 171 268
817 139 804 138 819 135 807 136 119
813 143 799 145 815 141 801 141 224
815 146 801 146 817 143 803 143 142
812 148 798 148 815 147 800 146 139
825 172 821 173 825 171 813 171 569
832 174 827 174 831 173 826 173 553
828 180 823 179 829 179 818 179 734
831 93 817 92 835 89 820 88 297
830 126 815 125 833 123 818 122 31
833 130 818 130 837 127 821 127 20
832 149 819 149 837 147 821 147 16
829 152 814 151 833 151 817 149 18
829 161 815 161 833 157 818 159 86
836 178 831 179 835 177 831 176 745
834 185 829 183 835 183 831 185 790
837 77 822 77 841 73 826 72 209
837 85 822 85 841 81 826 80 313
837 93 822 92 841 89 826 88 181
837 142 822 141 841 139 826 139 21
837 148 823 147 841 145 826 144 9
841 81 826 81 845 77 830 76 216
843 85 828 84 847 81 832 80 206
845 89 830 89 849 85 834 84 201
841 93 826 92 845 89 830 88 245
842 140 826 139 845 137 830 137 11
842 141 827 141 847 139 831 138 11
845 160 831 159 849 159 834 158 66
853 90 839 87 857 87 842 87 244
856 113 841 113 861 111 845 109 20
852 138 837 137 857 135 841 135 10
852 144 837 144 857 141 841 142 13
857 143 841 143 861 141 846 140 16
854 147 839 148 859 147 844 147 9
854 155 840 155 859 153 844 153 14
856 151 841 151 861 149 845 149 13
856 159 842 158 861 157 845 156 20
862 68 848 67 867 63 852 62 203
862 92 847 92 867 89 851 90 215
860 116 844 116 865 113 849 113 15
859 147 843 147 863 145 848 144 13
866 73 852 73 871 69 856 68 230
868 83 851 82 873 79 858 78 277
864 155 848 153 869 153 853 151 24
862 165 841 162 869 163 849 163 25
866 168 846 168 873 167 853 166 38
839 261 773 261 871 273 795 273 179
840 310 772 309 873 331 799 330 48
839 316 773 316 873 337 796 337 54
838 322 774 321 871 343 796 342 71
870 79 855 79 875 75 860 74 289
872 85 857 85 877 81 862 80 262
872 90 858 89 877 87 862 87 250
873 120 859 119 879 117 863 116 15
870 135 855 135 875 133 859 132 14
871 192 853 189 877 191 859 190 186
841 287 774 287 875 303 798 304 131
843 314 777 314 877 335 800 335 38
876 69 861 69 881 65 866 64 166
878 85 863 85 883 81 868 80 265
876 88 861 88 881 85 866 84 417
878 90 863 90 883 87 868 86 254
877 110 863 110 883 107 869 105 25
878 116 863 115 883 113 868 112 13
875 127 861 125 881 123 865 122 12
878 149 858 149 885 147 866 147 28
874 163 855 164 883 163 861 161 15
873 172 853 172 883 171 862 171 8
849 257 782 258 885 269 807 269 98
850 282 786 282 885 297 810 295 133
849 287 783 287 883 303 807 303 124
850 300 784 301 885 319 808 319 34
848 312 782 312 883 333 807 333 64
847 313 781 313 881 335 804 336 41
850 316 784 316 885 337 808 337 44
848 333 781 333 883 359 802 359 37
849 334 785 333 885 359 808 359 37
887 133 871 133 891 131 874 131 26
883 160 863 160 891 159 871 158 10
883 169 863 169 891 167 871 169 12
851 253 785 253 887 265 810 263 138
853 259 786 259 889 271 811 271 118
854 273 788 273 889 287 814 287 205
856 279 791 279 891 295 816 295 143
853 312 788 312 889 333 812 333 38
850 323 782 324 887 347 812 347 43
854 337 787 337 889 363 813 363 62
890 141 873 140 895 139 873 139 49
891 145 875 145 897 143 882 142 41
887 161 868 160 897 159 874 160 9
857 264 789 264 895 277 816 277 135
859 316 793 316 895 337 819 337 29
861 337 795 338 897 363 821 363 53
895 132 880 130 901 129 886 127 39
896 143 881 143 901 141 887 140 48
868 230 805 231 903 235 829 235 40
863 264 794 263 901 277 822 277 172
869 315 803 317 903 337 831 337 58
864 320 798 320 899 341 821 342 28
864 332 800 331 901 357 826 357 74
865 337 799 338 901 363 827 364 51
903 66 891 65 907 63 895 61 412
901 111 886 111 907 107 891 107 203
903 122 887 122 909 119 893 119 105
904 139 887 140 909 137 887 135 111
897 178 876 178 905 177 885 176 29
896 184 877 184 907 183 887 183 85
868 292 800 292 909 309 828 310 128
863 289 795 289 905 305 825 305 108
866 295 798 295 905 313 826 314 59
875 322 811 320 909 343 832 344 35
911 55 896 55 915 51 902 49 215
907 122 892 121 913 119 898 117 114
909 146 896 146 913 145 901 143 99
901 168 882 167 911 167 890 165 13
875 294 805 293 915 311 834 311 86
915 31 901 31 921 25 907 24 115
912 59 898 59 917 55 903 54 186
911 124 896 123 917 121 902 120 85
907 161 889 162 919 159 897 160 49
876 289 807 289 917 307 837 307 56
879 293 810 293 921 311 840 312 47
917 62 903 61 923 57 909 57 137
917 74 903 72 923 67 909 69 157
917 88 903 85 923 83 909 82 140
919 126 904 125 925 123 909 123 99
917 132 903 133 923 129 909 128 82
915 171 896 169 925 169 904 169 78
884 289 815 290 927 307 846 307 31
880 310 812 310 927 331 843 331 59
879 313 813 313 923 335 840 335 66
924 44 909 43 931 39 915 38 134
926 42 910 42 933 37 917 36 191
923 83 907 83 929 79 914 77 129
923 90 907 91 929 87 914 86 120
890 304 822 305 931 325 852 325 46
928 48 912 49 935 43 919 43 184
928 76 912 75 935 73 919 71 143
927 108 907 107 937 103 916 103 135
929 112 908 110 939 107 920 109 125
929 168 909 168 939 167 918 166 37
892 289 823 289 937 307 856 307 41
894 287 825 287 939 305 857 304 36
894 293 825 293 939 311 857 312 37
898 296 834 296 939 315 865 316 57
935 39 918 41 943 33 926 32 160
931 105 913 103 941 101 922 103 115
930 114 910 115 941 111 920 111 130
929 153 910 153 941 151 919 151 55
933 152 912 151 943 149 922 148 39
931 157 911 156 943 155 922 154 25
897 309 829 310 943 331 859 331 68
938 82 921 81 947 77 929 77 95
940 107 919 106 951 103 929 102 53
941 127 923 128 951 123 931 123 112
937 149 916 149 947 147 926 146 38
904 314 833 314 951 337 868 337 82
902 320 831 320 949 343 866 343 78
900 333 830 333 949 359 865 358 46
903 334 829 335 951 361 869 361 66
944 132 924 131 955 129 934 128 65
943 151 922 151 955 149 933 149 15
907 318 837 318 955 341 872 341 119
909 333 838 334 957 359 874 360 66
947 155 927 154 959 153 937 152 12
947 163 927 164 959 161 935 159 18
913 306 843 306 963 327 880 327 55
911 328 840 328 959 353 876 353 114
956 127 937 126 967 123 947 123 66
956 132 935 131 967 129 946 128 35
919 319 848 320 969 343 886 343 141
917 323 846 323 967 347 884 347 140
915 326 844 326 965 351 882 351 223
963 168 942 168 975 167 953 167 30
922 323 852 323 973 347 890 347 185
967 92 947 91 979 87 959 86 81
968 117 947 116 981 111 959 113 86
965 124 944 123 977 121 956 120 99
927 259 859 259 981 271 896 271 101
927 324 857 325 979 349 896 349 127
929 326 858 326 981 351 898 352 124
927 331 856 332 979 357 895 357 82
927 337 853 337 977 363 885 363 118
974 113 952 115 987 109 965 108 80
974 123 953 123 987 123 965 121 37
972 132 951 131 985 129 963 129 56
970 160 949 159 983 159 961 159 26
974 166 953 165 987 165 965 164 31
930 265 863 263 983 279 899 280 62
934 316 864 316 987 339 904 339 133
931 321 860 321 983 345 900 346 128
976 101 956 101 989 97 968 96 78
976 119 955 121 989 115 967 113 94
940 282 869 283 993 299 911 299 60
938 323 867 324 991 347 908 348 125
936 331 864 331 989 357 906 357 80
982 105 962 104 995 101 974 100 71
982 147 960 147 997 145 974 144 21
945 266 875 267 999 281 917 281 91
945 280 875 280 999 297 917 297 57
941 316 870 316 995 339 912 339 151
943 323 871 323 997 347 913 347 182
940 329 871 326 995 355 913 356 134
987 90 966 90 1001 85 979 84 61
989 94 967 92 1003 89 981 88 74
990 145 963 145 1001 143 977 141 32
949 316 878 316 1005 339 922 339 139
948 328 876 328 1003 353 919 353 118
993 114 963 115 1007 111 981 110 48
953 325 881 324 1009 349 925 349 126
954 328 883 328 1011 353 927 354 120
1002 57 985 57 1015 53 996 53 12
1003 133 976 133 1013 131 985 130 19
958 318 887 318 1015 341 931 341 181
956 321 885 321 1013 345 929 345 158
1009 92 988 90 1023 87 1002 85 62
964 324 893 323 1023 347 939 348 141
971 331 899 331 1023 357 939 357 163
1014 141 986 143 1025 141 998 139 16
970 318 899 318 1029 341 945 341 165
968 323 896 322 1027 347 943 347 202
1016 103 989 103 1031 99 1002 99 90
1011 148 989 147 1033 145 1002 145 21
1011 179 983 179 1033 179 1003 178 26
977 331 905 331 1031 357 949 357 173
979 327 907 328 1033 353 949 354 193
1025 101 996 101 1039 97 1009 97 35
987 251 923 250 1041 263 968 262 35
986 263 923 264 1041 277 967 277 38
986 336 912 336 1037 363 951 363 147
1025 146 999 145 1045 143 1013 143 41
1028 149 1002 148 1047 147 1021 147 37
1026 165 997 168 1045 165 1019 166 23
990 262 928 259 1045 275 970 275 94
990 268 926 268 1045 281 971 281 56
985 279 913 280 1045 299 960 299 19
1030 144 1003 143 1049 141 1021 140 34
1030 173 1003 173 1049 169 1023 171 27
997 267 931 268 1053 281 978 281 125
997 283 926 283 1055 301 978 301 111
995 290 922 291 1055 309 972 309 40
999 248 930 248 1061 261 981 260 40
999 290 927 291 1063 309 980 309 78
1007 288 937 289 1071 305 989 306 69
1003 292 932 293 1067 311 985 311 123
1004 299 934 299 1069 319 987 319 51
1025 167 983 168 1075 165 1018 167 87
1040 193 999 193 1077 193 1031 194 35
1010 248 941 248 1075 261 994 260 82
1012 246 943 245 1077 259 996 258 70
1010 273 940 271 1075 287 993 286 92
1012 285 942 286 1077 303 995 304 58
1012 296 942 296 1077 315 996 313 61
1016 255 945 255 1081 267 1000 267 140
1016 283 947 283 1081 301 1000 301 61
1014 287 943 287 1079 305 996 305 58
1054 165 1009 163 1089 161 1043 159 46
1052 190 1015 191 1089 191 1044 190 20
1020 251 950 249 1085 263 1004 262 62
1019 257 950 256 1085 269 1005 269 57
1019 262 950 262 1085 275 1004 276 83
1019 291 951 291 1085 309 1006 309 46
1055 148 1011 151 1093 145 1048 144 64
1054 187 1015 187 1091 187 1047 187 23
1026 283 957 284 1093 301 1012 301 35
1060 149 1018 148 1099 145 1053 144 41
1059 180 1013 179 1097 179 1051 179 25
1030 316 959 316 1099 339 1013 337 23
1065 126 1025 125 1105 121 1060 120 146
1062 173 1019 172 1103 173 1058 171 16
1065 192 1023 192 1105 193 1059 193 16
1065 190 1023 190 1103 191 1059 190 13
1070 166 1027 166 1113 165 1065 165 12
1069 191 1027 189 1109 191 1063 191 13
1074 132 1032 133 1115 127 1069 127 125
1076 174 1033 175 1119 173 1072 173 13
1076 196 1031 196 1119 197 1070 197 11
1082 104 1040 104 1123 97 1078 96 89
1083 132 1041 131 1125 127 1078 127 138
1078 179 1031 177 1121 179 1072 178 12
1081 187 1038 185 1125 187 1077 187 17
1077 200 1035 199 1121 201 1072 201 11
1078 199 1034 199 1123 199 1073 200 23
1089 127 1047 126 1131 121 1085 121 173
1088 132 1047 131 1131 127 1085 126 124
1091 137 1049 140 1131 133 1087 132 80
1089 141 1043 141 1129 137 1082 137 60
1088 156 1042 156 1131 153 1085 152 25
1094 101 1051 100 1137 93 1091 92 84
1094 125 1051 124 1135 119 1090 118 126
1091 134 1050 133 1133 129 1088 128 109
1092 179 1047 179 1137 179 1089 179 11
1090 194 1046 194 1135 195 1086 195 10
1098 91 1055 90 1141 83 1095 82 33
1097 126 1053 125 1139 121 1093 120 158
1096 157 1053 156 1141 155 1092 154 13
1092 160 1048 160 1139 159 1089 157 25
1091 242 1042 242 1141 249 1087 249 17
1099 163 1055 161 1145 159 1098 160 18
1101 172 1057 172 1147 171 1098 172 15
1102 175 1058 175 1149 175 1100 175 10
1099 187 1054 186 1145 187 1096 186 9
1103 190 1061 192 1149 191 1101 191 8
1103 203 1059 203 1149 205 1100 206 19
1101 204 1056 205 1147 207 1099 206 9
1111 156 1065 156 1155 155 1106 153 38
1107 181 1065 182 1153 183 1107 182 15
1106 223 1061 223 1153 227 1103 227 6
1101 260 1052 260 1153 269 1099 269 10
1100 269 1051 270 1151 279 1097 279 12
1115 147 1074 149 1161 143 1114 143 91
1112 176 1068 175 1161 175 1111 175 7
1111 179 1066 179 1157 179 1110 178 10
1112 193 1071 193 1161 195 1114 193 9
1110 205 1066 205 1159 207 1109 207 14
1109 220 1065 217 1157 223 1108 223 9
1107 268 1059 268 1157 277 1103 277 14
1108 272 1061 274 1161 283 1109 284 10
1121 113 1078 113 1167 107 1126 105 197
1115 190 1071 190 1165 191 1113 190 11
1118 216 1073 215 1167 219 1116 219 9
1115 215 1070 215 1163 219 1114 219 20
1119 225 1074 225 1165 229 1118 229 11
1113 275 1066 274 1165 285 1112 286 8
1114 315 1067 317 1167 331 1113 332 14
1123 145 1081 144 1171 141 1124 140 92
1124 149 1082 148 1171 145 1125 144 79
1123 189 1077 189 1173 191 1123 190 12
1122 221 1078 220 1171 225 1123 224 12
1121 220 1075 220 1169 223 1118 223 6
1120 291 1069 292 1171 303 1117 303 11
1127 121 1087 122 1175 115 1127 114 179
1131 135 1087 134 1179 131 1132 130 124
1128 147 1084 146 1175 143 1128 143 88
1126 220 1082 220 1175 223 1126 223 11
1129 234 1083 233 1179 239 1129 239 19
1125 267 1076 267 1177 279 1125 278 7
1134 114 1090 113 1183 107 1135 106 99
1132 123 1089 122 1181 117 1134 116 74
1133 143 1088 143 1181 139 1134 138 115
1136 146 1093 146 1183 143 1137 142 90
1132 159 1086 160 1181 159 1131 158 25
1134 196 1089 196 1183 197 1135 197 11
1136 211 1088 212 1183 215 1133 215 9
1133 232 1087 231 1183 237 1135 237 11
1134 227 1089 227 1185 233 1133 232 20
1127 312 1077 313 1183 327 1128 325 12
1135 183 1091 182 1187 183 1138 182 18
1140 217 1094 217 1191 221 1142 220 10
1138 223 1092 223 1189 227 1139 227 9
1128 329 1073 329 1189 347 1129 348 10
1131 333 1073 335 1191 353 1133 352 15
1146 141 1104 140 1195 137 1149 136 98
1148 144 1106 143 1197 141 1151 140 97
1141 177 1095 176 1195 177 1143 175 17
1144 183 1098 183 1197 183 1146 182 19
1143 196 1097 195 1193 197 1143 196 12
1142 202 1094 201 1193 203 1142 203 6
1142 211 1096 210 1193 213 1144 212 11
1132 327 1076 323 1193 345 1135 346 19
1149 126 1106 126 1201 121 1153 120 63
1147 195 1102 195 1201 197 1150 197 11
1148 217 1105 218 1203 221 1150 219 14
1156 144 1112 144 1205 141 1159 140 91
1151 218 1104 218 1205 223 1154 222 10
1143 331 1089 331 1205 349 1146 351 16
1163 129 1118 129 1213 123 1167 123 125
1162 195 1112 193 1213 197 1159 195 13
1165 119 1122 118 1217 113 1170 112 85
1167 155 1125 153 1221 149 1172 151 62
1162 203 1117 202 1219 205 1168 204 10
1164 237 1117 238 1217 243 1167 243 15
1176 121 1129 123 1227 115 1181 114 109
1170 181 1127 181 1223 181 1175 181 40
