118 44 78 45 59 31 15 32 338
120 56 80 57 63 43 19 44 179
122 179 80 179 63 179 18 179 78
120 225 78 225 61 229 18 229 48
123 184 81 181 65 183 21 182 21
127 187 84 187 69 187 23 187 8
124 222 84 223 67 227 21 226 59
131 47 91 49 75 35 31 37 221
132 72 91 73 75 61 30 62 87
138 130 95 131 79 125 31 125 68
133 175 94 175 79 175 35 175 39
131 180 91 180 77 181 31 180 18
134 189 93 189 77 189 30 189 12
135 230 91 229 77 237 31 237 18
145 114 101 114 87 107 41 108 37
141 141 99 142 83 137 40 139 89
139 165 99 165 85 165 40 164 49
137 173 95 171 83 173 40 173 41
139 209 97 209 85 213 43 214 17
147 55 102 56 89 41 40 42 84
150 131 107 132 93 127 45 127 26
143 155 105 156 91 153 49 153 111
146 181 106 181 93 181 50 182 93
146 186 106 186 93 187 50 187 106
145 200 107 201 93 203 50 203 44
143 205 102 204 89 207 45 207 18
158 319 107 319 93 337 51 335 345
153 55 109 56 95 41 46 42 73
154 69 109 70 95 57 46 58 63
158 68 113 68 99 55 50 56 64
153 86 109 86 95 75 46 75 86
156 93 113 93 99 83 51 84 40
154 113 113 114 99 107 55 108 24
153 117 112 117 99 111 51 110 15
154 122 111 122 97 117 48 115 21
152 138 108 137 95 133 49 134 44
151 154 113 153 99 151 55 150 171
147 171 109 172 95 171 53 171 136
149 168 112 168 99 167 58 167 214
149 184 111 185 97 185 55 185 139
162 261 112 261 97 271 41 271 107
162 288 112 287 99 301 43 300 153
160 304 109 303 95 319 37 318 142
163 308 113 307 99 323 43 322 157
159 47 115 48 103 33 55 34 72
160 61 116 62 103 49 54 50 88
162 91 118 91 105 81 57 81 72
160 125 116 128 103 123 57 123 35
157 131 114 132 101 127 54 126 38
167 276 118 276 105 289 50 289 251
164 76 120 77 107 65 59 67 89
160 158 121 157 109 155 66 154 157
159 194 121 193 109 195 68 194 232
171 257 121 257 109 267 62 269 216
171 297 123 297 109 311 57 312 286
171 69 128 70 115 57 67 58 58
168 89 125 90 113 79 66 79 84
171 136 128 136 117 131 68 132 47
171 141 129 142 117 137 70 137 56
169 144 125 144 113 141 65 141 55
170 146 127 147 115 143 67 143 73
169 168 127 168 115 167 67 167 159
176 293 127 293 115 307 73 307 351
177 315 128 314 117 331 63 330 97
174 60 131 61 119 47 72 48 88
174 66 130 66 119 53 71 53 64
174 88 132 89 121 79 73 80 52
176 92 134 93 123 83 76 84 61
176 139 134 140 123 135 76 135 54
173 143 130 143 119 139 72 140 34
171 207 133 206 123 209 81 207 414
170 238 129 237 119 243 75 242 55
182 279 134 279 123 291 69 290 187
178 294 131 294 119 309 65 309 188
183 69 140 70 129 57 82 58 61
180 80 138 80 127 69 81 70 56
182 76 139 76 129 65 82 66 63
181 85 140 87 129 77 87 78 113
178 101 136 102 125 93 79 93 62
181 124 140 125 129 119 85 119 38
180 135 138 136 127 131 79 131 40
180 141 137 141 127 137 81 137 118
182 152 139 152 129 149 82 149 119
178 154 136 154 125 151 78 151 90
181 157 139 157 129 155 83 155 108
180 168 138 169 127 167 80 168 89
173 202 135 202 125 205 82 205 333
187 256 139 256 129 265 76 265 175
183 259 135 259 125 269 72 269 137
183 268 136 268 125 279 71 278 135
185 301 137 300 127 315 74 314 162
185 61 141 60 131 47 84 48 83
184 65 141 66 131 53 84 54 67
183 90 141 91 131 81 85 82 101
183 97 141 97 133 89 87 90 130
185 132 144 132 133 127 88 128 30
185 156 143 155 133 153 87 153 109
185 162 141 163 131 161 82 161 103
185 181 141 181 131 181 82 181 65
187 184 144 183 135 185 87 185 35
187 247 140 247 131 255 77 255 170
192 258 144 257 135 267 83 266 135
188 267 141 266 131 277 78 276 150
192 281 145 281 135 293 82 292 149
191 300 144 299 135 313 82 312 135
191 342 136 341 133 363 79 364 109
189 38 149 38 139 23 93 22 246
189 56 147 57 137 43 88 42 106
193 67 150 67 141 55 94 56 64
191 74 148 75 139 63 92 64 105
189 115 149 116 139 109 94 109 19
189 121 149 122 139 115 95 116 15
191 139 148 139 139 135 92 135 53
188 142 146 145 137 141 91 141 148
192 146 150 147 141 143 95 143 109
191 240 150 239 141 247 91 246 176
195 279 148 279 139 291 87 290 154
195 301 148 300 139 315 86 315 130
193 302 146 302 137 317 85 316 151
195 306 148 306 139 321 87 320 114
197 317 148 316 139 333 91 331 198
197 324 145 324 137 343 79 342 70
194 58 153 59 143 45 97 46 112
193 119 152 119 143 113 98 113 23
194 124 157 125 145 119 98 120 30
195 150 154 150 145 147 100 147 116
196 157 154 157 145 155 99 155 89
199 161 155 161 147 159 95 158 163
200 166 155 166 147 165 98 165 84
200 175 155 175 147 175 98 175 84
196 179 151 179 143 179 93 179 58
193 228 154 228 145 233 102 232 75
201 251 155 250 147 259 97 259 147
197 264 151 263 143 273 91 273 117
201 269 155 268 147 279 96 278 119
198 271 152 270 143 281 92 280 141
199 284 153 283 145 295 94 294 180
198 305 152 304 143 319 92 318 117
204 321 154 321 147 339 87 339 77
207 330 154 329 147 349 88 348 70
200 34 161 33 153 19 112 19 160
199 52 158 53 149 39 103 40 129
201 49 159 48 151 35 107 36 136
202 60 159 62 151 49 105 50 68
200 67 157 67 149 55 103 56 102
197 97 160 97 151 89 110 89 163
202 119 161 120 153 113 108 113 24
201 159 159 159 151 157 104 157 75
203 172 160 172 151 171 102 171 108
202 181 159 181 151 181 103 181 104
205 179 161 179 153 179 105 179 68
198 207 159 207 151 209 107 208 52
201 232 162 231 151 237 111 237 149
206 249 160 249 153 257 102 256 120
204 260 159 259 151 269 101 268 127
203 280 157 279 149 291 98 290 148
204 294 159 293 151 307 101 306 153
206 305 161 304 153 319 103 318 101
208 57 166 58 159 45 114 46 87
207 67 164 67 157 55 112 56 75
201 109 162 109 155 103 109 101 61
203 135 163 136 155 131 111 131 41
203 139 162 139 155 135 110 135 39
204 156 163 156 155 153 109 153 115
207 159 163 159 155 157 106 158 96
209 174 164 174 157 173 108 173 121
207 244 162 244 155 251 106 250 132
211 259 166 258 159 267 109 266 208
210 289 166 288 159 301 109 300 202
212 126 172 127 165 121 121 122 74
213 139 172 139 165 135 121 135 53
209 142 169 143 163 139 119 139 66
211 165 168 165 161 163 112 163 165
211 188 168 188 161 189 114 189 151
214 197 172 197 165 199 119 199 79
212 243 169 242 163 249 114 249 172
215 249 169 249 163 257 113 257 128
215 255 169 254 163 263 113 262 137
215 276 169 276 163 287 113 286 108
217 292 171 292 165 305 115 305 233
217 309 171 308 165 323 115 322 86
214 310 168 309 161 325 110 324 70
219 79 178 80 171 69 127 70 103
214 130 175 130 169 125 127 126 96
217 145 177 145 171 141 127 141 63
219 174 176 174 169 173 122 173 95
216 207 177 206 171 209 129 208 59
215 236 177 234 169 241 125 240 73
218 247 173 247 167 255 118 254 126
221 255 177 255 171 263 122 262 128
219 261 175 260 169 269 120 268 145
217 280 173 280 167 291 118 291 142
221 282 176 281 171 293 122 292 115
219 66 179 67 173 55 129 55 127
223 77 182 78 177 67 133 68 49
222 95 181 95 175 87 135 88 121
221 149 181 148 175 145 130 146 86
222 170 179 170 173 169 125 169 123
224 172 181 172 175 171 127 171 119
220 192 179 192 173 193 127 193 105
226 260 182 260 177 269 128 269 140
226 268 182 267 177 277 129 276 150
226 273 182 273 177 283 129 282 153
223 287 178 286 173 299 124 298 157
224 295 180 294 175 307 126 306 109
224 307 178 306 173 321 122 321 142
223 102 185 103 179 95 136 95 161
220 120 184 122 179 117 137 117 99
229 146 188 146 183 143 139 143 79
229 159 188 159 183 157 137 157 73
223 217 185 217 179 221 137 220 34
228 239 185 239 181 245 133 245 108
231 248 187 248 183 255 135 255 182
228 246 184 246 179 253 130 253 163
227 251 184 251 179 259 131 259 158
231 260 187 260 183 269 135 268 138
227 262 184 262 179 271 131 270 214
229 273 185 273 181 283 133 282 138
228 271 184 271 179 281 131 280 145
231 284 188 284 183 295 135 294 206
231 293 187 293 183 305 135 304 184
227 62 190 62 185 51 143 51 250
235 76 194 76 189 65 144 65 107
233 117 194 116 189 109 148 108 146
228 123 193 124 187 119 148 120 100
229 130 194 129 189 125 146 125 195
233 145 194 145 189 141 146 141 79
231 148 191 148 187 145 144 145 81
234 168 193 168 189 167 144 167 64
229 190 190 190 185 191 143 192 132
228 202 190 203 185 205 143 207 174
228 209 190 208 185 211 143 211 156
232 214 194 214 189 217 147 217 101
228 215 190 216 185 219 143 219 88
231 218 191 217 187 221 145 221 70
229 232 190 231 185 237 142 236 76
234 237 193 237 189 243 143 243 77
234 243 191 242 187 249 140 249 139
232 239 189 239 185 245 137 245 104
234 275 191 275 187 285 139 285 140
234 280 191 280 187 291 139 290 142
232 277 189 276 185 287 137 286 181
237 100 197 101 193 93 151 93 197
239 105 199 106 195 99 151 99 176
236 127 199 128 195 123 156 123 333
233 132 197 132 191 127 149 127 344
236 147 196 147 191 143 148 143 98
240 155 199 155 195 153 150 153 87
236 152 195 152 191 149 146 149 89
238 159 197 159 193 157 147 157 78
239 170 199 170 195 169 151 169 89
239 177 199 178 195 177 150 177 76
236 221 197 221 193 225 150 225 63
241 259 200 259 195 267 147 266 116
239 266 197 266 193 275 146 275 146
241 277 199 277 195 287 148 287 104
238 277 195 276 191 287 144 286 114
237 299 194 298 191 311 144 310 217
242 81 200 81 197 71 152 71 80
240 103 201 104 197 97 156 97 256
242 105 204 106 201 99 160 99 195
239 107 199 108 197 101 156 101 245
243 146 203 146 199 143 154 143 97
243 161 202 161 199 159 154 159 94
242 161 200 161 197 159 152 159 80
245 165 204 165 201 163 156 163 128
243 173 203 174 199 173 154 173 131
240 179 200 179 197 179 153 179 78
241 230 201 230 197 235 153 235 141
245 233 204 233 201 239 156 238 68
246 270 204 269 201 279 155 278 153
246 286 204 286 201 297 154 297 207
245 38 207 39 203 25 163 26 124
244 121 209 122 205 117 166 118 333
249 143 209 143 205 139 160 138 145
247 168 208 168 205 167 162 167 243
242 202 207 201 203 203 167 203 391
248 204 210 205 207 207 169 207 394
248 237 206 237 203 243 156 242 106
251 247 209 246 207 253 161 253 100
248 261 206 261 203 269 157 269 152
248 288 206 287 203 299 157 298 181
249 294 208 293 205 305 160 304 93
251 40 214 41 211 27 170 28 148
249 36 212 36 209 23 169 24 191
253 68 216 66 213 55 171 53 380
253 78 209 78 213 69 164 68 221
255 83 215 83 213 73 167 74 146
250 113 212 113 209 107 168 107 140
248 120 212 120 209 115 170 115 209
252 124 216 124 213 119 170 119 386
255 155 215 155 213 153 166 155 326
254 190 215 190 213 191 171 191 302
252 209 212 209 213 211 170 211 169
253 223 214 223 211 227 168 227 82
257 237 215 237 213 243 167 243 80
253 250 211 250 209 257 163 256 186
256 260 215 259 213 267 168 267 94
255 296 215 295 213 307 165 307 119
259 309 213 308 213 323 163 322 66
257 51 219 51 217 39 177 40 162
259 86 219 87 217 77 173 78 118
258 142 217 143 215 139 170 139 254
260 161 221 161 219 159 177 159 263
258 167 219 167 217 165 175 165 408
259 181 221 181 219 181 177 181 309
258 187 219 186 217 187 176 187 308
256 185 218 185 215 185 174 185 317
261 221 221 221 219 225 175 225 47
258 217 219 217 217 221 175 221 132
258 223 217 223 217 227 174 226 57
259 236 219 235 217 241 172 241 92
258 239 217 239 215 245 171 245 143
260 246 219 246 217 253 172 253 104
260 261 218 261 217 269 172 269 163
260 38 225 39 221 25 183 26 395
262 62 225 62 223 51 183 52 295
263 67 227 68 225 57 185 57 233
260 71 223 71 221 61 181 61 188
264 139 226 139 225 135 183 135 314
263 135 225 135 223 131 182 131 418
263 153 227 154 225 151 184 152 316
264 159 226 159 225 157 184 157 471
264 163 227 163 225 161 184 161 511
263 164 225 165 223 163 182 163 442
261 201 222 201 221 203 179 202 342
263 225 222 225 221 229 176 229 85
263 227 222 226 221 231 176 231 119
266 228 226 228 225 233 181 233 83
265 238 224 237 223 243 179 243 164
264 247 224 246 223 253 178 253 127
263 251 221 253 221 257 177 257 185
263 270 222 270 221 279 176 278 121
266 272 226 272 225 281 181 281 204
268 295 226 295 225 307 180 306 129
273 313 226 312 223 329 171 328 43
273 325 224 324 223 343 170 343 97
269 78 233 78 231 69 190 68 202
266 80 228 80 227 71 187 70 125
269 109 229 108 227 101 189 102 232
271 209 231 209 231 211 189 211 257
270 256 230 256 229 263 185 263 105
272 266 230 268 229 277 186 276 196
268 277 228 277 227 287 183 287 144
268 287 228 286 227 297 183 296 107
274 304 230 303 231 317 180 317 81
277 318 228 318 229 335 175 333 38
270 76 234 76 233 67 193 67 173
271 83 235 82 233 73 192 73 198
272 226 232 226 237 229 188 230 185
276 228 237 228 237 233 194 233 128
277 247 237 246 237 253 194 253 186
276 259 237 259 237 267 193 266 123
272 258 234 257 233 265 190 264 103
272 280 233 279 233 289 189 289 108
273 289 236 288 235 299 194 298 124
278 61 243 62 243 51 199 53 557
279 227 241 226 241 231 198 231 122
282 232 243 232 243 237 200 237 146
282 238 243 238 243 243 200 242 217
279 248 241 248 241 255 198 255 134
282 256 243 256 243 263 201 263 126
278 287 239 287 239 297 196 296 111
278 291 240 290 241 301 197 300 127
281 306 235 306 239 319 191 318 69
285 229 247 229 247 233 206 233 184
285 236 247 236 247 241 205 241 172
283 248 245 248 245 255 203 255 100
285 258 246 258 247 265 205 265 163
287 263 248 263 249 271 207 271 129
286 280 249 279 249 289 208 288 136
285 285 246 285 247 295 205 295 125
280 167 256 169 253 167 227 168 91
280 179 256 177 253 177 227 177 134
291 223 254 223 255 227 214 227 129
289 234 250 234 251 239 209 239 117
292 254 253 254 255 261 214 261 158
290 251 252 250 253 257 212 257 105
292 267 254 267 255 275 214 275 103
293 283 250 283 251 293 209 293 332
293 297 251 297 255 309 209 308 89
295 221 258 221 259 225 220 224 196
295 227 258 227 259 231 218 231 92
296 234 259 234 261 239 220 239 170
294 240 256 240 257 245 215 245 96
295 243 257 243 259 249 218 249 173
297 255 259 254 261 261 220 261 140
293 252 256 252 257 259 216 259 135
295 258 257 258 259 265 218 265 144
293 269 256 268 257 277 216 277 151
297 287 257 287 259 297 216 297 181
299 301 254 301 259 313 210 313 47
301 301 256 301 261 313 217 312 57
303 328 251 328 257 347 200 349 31
307 338 252 338 259 359 198 358 73
293 105 268 108 267 103 238 103 312
289 131 265 128 263 125 237 124 466
302 221 266 221 267 225 228 225 170
300 225 263 225 265 229 224 229 138
299 241 261 241 263 247 222 247 113
302 244 265 243 267 249 227 249 151
300 258 263 258 265 265 225 265 165
302 273 265 273 267 281 226 281 145
298 286 261 285 263 295 222 294 261
310 340 256 340 263 361 201 360 109
297 91 273 91 271 87 245 88 173
301 123 272 123 273 119 244 119 229
304 223 267 223 269 227 229 227 164
307 245 271 245 273 251 233 251 138
305 253 269 253 271 259 231 259 110
307 264 271 263 273 271 234 270 114
307 271 270 271 273 279 233 279 139
303 279 267 278 269 287 229 286 129
320 334 267 334 271 355 208 354 62
318 340 263 340 271 361 209 360 151
301 109 276 109 275 105 249 105 219
303 111 278 112 277 107 251 107 193
302 117 275 117 275 113 246 113 179
303 130 276 130 275 127 248 127 193
311 236 274 236 277 241 238 240 161
312 239 276 239 279 245 240 245 118
312 249 276 249 279 255 240 255 150
309 251 272 250 275 257 235 257 238
312 287 274 286 277 297 236 296 107
326 338 269 338 277 359 215 358 81
307 89 282 85 281 81 255 80 94
307 115 282 115 281 111 255 111 93
307 121 281 121 281 117 251 118 310
310 124 285 125 285 121 259 122 95
306 136 282 136 281 133 255 133 203
310 141 286 138 285 137 259 139 157
310 148 286 148 285 145 260 143 105
310 179 286 183 285 179 260 181 77
317 227 282 227 285 231 248 231 170
312 226 279 225 281 229 243 229 178
314 244 278 243 281 249 243 248 172
317 268 284 267 285 275 247 275 228
319 299 278 300 283 311 237 310 76
314 164 289 166 289 165 263 164 81
314 172 290 172 289 171 264 171 76
319 218 288 219 291 221 257 220 296
319 224 284 224 287 227 249 227 285
319 253 279 255 287 259 244 261 343
322 255 288 255 291 261 254 261 188
320 286 282 285 287 295 247 295 144
321 291 279 290 287 301 241 301 222
335 323 280 323 291 343 233 342 57
332 339 279 338 289 359 228 358 108
320 167 296 167 295 165 271 165 93
320 171 296 172 295 171 270 171 48
324 232 290 233 293 237 255 237 140
328 253 294 253 297 259 255 257 284
326 259 292 258 295 265 258 264 341
324 270 289 270 293 277 255 275 447
336 303 292 302 303 315 256 314 43
343 330 291 330 301 349 245 348 45
329 212 304 211 305 213 281 213 286
333 215 307 215 309 217 284 217 323
347 269 299 267 309 279 256 281 287
345 306 302 307 311 319 262 318 12
355 341 300 341 313 363 251 362 207
345 206 321 205 323 207 297 207 131
364 229 317 229 327 235 278 235 186
360 271 316 271 325 281 275 281 23
359 289 315 290 327 303 278 303 57
357 292 311 292 323 305 269 304 71
359 300 316 302 327 315 278 315 20
363 335 309 335 323 355 263 354 97
354 35 332 33 333 27 310 26 208
354 39 332 38 333 31 310 31 135
352 41 330 45 331 35 308 37 154
352 52 330 52 331 45 307 45 109
350 50 328 50 329 43 305 43 107
350 56 327 56 329 49 307 50 120
352 177 330 177 331 177 308 177 131
350 176 328 175 329 175 306 175 123
350 181 328 181 329 181 305 181 84
363 298 319 298 329 309 281 310 18
370 333 317 333 331 353 269 353 142
360 36 338 37 339 29 316 27 129
361 47 339 47 339 39 318 40 180
356 48 334 48 335 41 311 41 253
356 54 337 55 335 47 311 47 143
358 125 336 124 337 121 314 121 160
356 122 334 122 335 119 312 119 205
356 132 334 132 335 129 312 129 244
358 134 336 134 337 131 314 131 144
358 166 336 166 337 165 314 165 136
356 170 334 170 335 169 312 169 151
370 233 325 233 337 239 286 239 111
374 238 326 238 339 245 293 247 278
373 264 323 263 337 273 288 275 33
376 273 329 272 337 283 288 284 16
370 313 319 315 335 331 279 329 24
375 325 321 324 339 343 281 341 67
375 332 323 331 337 351 280 350 161
375 343 322 342 337 363 276 363 170
371 340 318 339 335 359 274 359 194
362 59 338 59 343 53 319 53 55
363 130 339 130 341 127 316 127 149
377 219 332 218 343 223 291 225 476
378 235 330 235 343 241 302 242 127
374 288 334 288 341 301 297 301 18
378 337 325 337 341 357 282 356 183
380 334 327 333 343 353 284 352 204
368 49 348 50 349 43 327 43 186
367 57 345 57 349 51 325 51 66
365 57 343 57 347 51 323 51 71
368 61 345 61 349 55 325 55 99
365 61 343 61 347 55 323 55 40
369 131 347 132 349 129 327 129 211
368 135 348 136 349 133 327 133 180
368 171 348 172 349 171 327 171 221
369 176 346 176 347 175 324 175 145
365 179 343 179 349 179 324 179 152
370 183 346 183 349 183 323 183 126
371 188 348 189 351 189 325 188 231
371 201 348 201 351 203 313 204 373
385 247 336 247 351 255 297 255 44
385 260 336 260 351 269 297 269 62
384 337 331 337 347 357 288 357 152
386 343 333 342 351 363 290 363 160
376 51 355 52 357 45 335 45 108
375 59 354 59 357 53 334 53 77
371 63 349 63 353 57 329 57 61
376 126 355 126 357 123 335 123 142
376 172 354 172 357 171 335 171 288
377 181 354 181 357 181 332 181 177
374 190 352 191 355 191 330 191 307
387 244 343 244 355 251 308 251 134
388 253 340 253 355 261 301 261 56
390 256 342 256 357 265 303 265 78
385 292 339 292 353 305 306 306 13
390 321 339 322 357 337 299 338 24
387 324 337 324 353 341 298 341 27
387 329 336 329 353 347 295 347 117
390 341 335 341 355 361 297 360 106
378 53 357 54 359 47 337 47 134
380 57 360 58 361 51 339 51 113
378 124 357 124 359 121 337 121 203
380 174 355 172 361 173 335 172 191
392 240 350 240 363 247 315 245 86
391 245 347 245 361 253 312 253 82
396 251 347 253 363 261 309 261 59
392 251 343 251 359 259 305 259 57
389 288 346 288 359 301 309 301 15
392 292 348 292 361 305 311 304 16
395 323 346 324 363 341 309 339 64
396 222 357 223 367 227 321 227 167
397 256 349 256 365 265 311 265 58
392 292 346 292 365 305 318 304 32
393 183 368 183 373 183 347 183 219
405 251 356 251 373 259 319 259 56
403 251 355 251 371 259 317 259 61
403 256 354 256 371 265 317 265 62
400 286 359 286 373 299 324 299 18
401 292 359 292 373 305 325 305 28
397 301 354 298 371 313 326 312 26
409 333 357 333 373 353 313 353 48
408 340 355 340 375 361 315 360 73
405 343 351 341 371 363 311 362 69
399 179 376 179 381 179 353 178 202
398 184 374 184 379 183 354 183 178
401 195 357 196 381 193 337 194 593
399 199 358 199 381 197 339 197 538
410 251 362 251 379 259 325 259 62
412 256 363 256 381 265 327 265 69
410 256 362 256 379 265 325 265 61
401 277 359 278 377 289 325 289 29
405 290 363 290 377 303 330 303 19
407 293 364 293 379 305 332 305 26
410 338 358 338 377 357 318 357 77
413 339 361 339 381 359 322 359 92
404 112 384 110 387 109 367 108 130
402 115 383 118 385 115 364 113 173
403 160 377 159 385 159 357 157 273
406 174 383 174 387 173 363 173 239
411 247 364 247 383 255 330 255 57
413 251 365 251 383 259 329 259 62
417 249 369 249 387 257 333 257 44
415 254 367 254 385 263 331 263 88
415 258 367 258 385 267 331 267 92
415 275 372 275 387 285 338 285 37
411 285 366 285 383 297 332 298 20
416 331 368 330 387 349 330 348 54
418 337 366 337 387 355 329 355 55
409 102 390 102 393 99 373 99 265
408 107 388 104 391 103 371 103 211
409 138 390 135 393 135 373 133 247
407 172 385 172 389 171 370 170 243
421 281 375 282 393 293 342 293 38
416 290 373 290 389 303 342 303 25
420 294 375 294 393 307 345 307 9
421 335 370 335 391 353 333 353 57
413 126 394 126 397 123 377 122 208
415 177 392 178 397 177 372 177 133
414 187 390 187 395 187 370 187 148
413 191 371 189 395 191 351 190 308
424 253 376 253 395 261 341 261 66
428 249 380 249 399 257 345 257 34
426 260 377 260 397 269 343 269 59
427 294 385 294 399 307 349 307 14
429 333 378 333 399 351 342 351 44
430 341 377 340 399 361 340 360 85
421 147 402 147 405 145 385 145 188
419 161 400 163 403 161 382 161 155
423 183 400 183 405 183 381 183 190
420 179 398 180 403 179 379 180 136
422 181 400 181 405 181 385 180 163
430 254 381 256 401 263 347 263 44
434 260 384 261 403 271 351 270 68
431 275 387 275 403 285 354 285 18
434 327 383 327 403 345 346 345 31
423 54 413 54 411 51 400 52 233
424 102 411 101 411 99 399 99 192
421 118 413 119 411 117 401 117 582
423 141 404 141 407 139 387 139 180
423 159 403 159 407 159 386 158 198
427 185 403 185 409 185 385 183 192
433 290 391 289 407 303 357 303 12
435 332 388 331 407 349 350 349 49
428 24 416 24 415 19 403 20 227
430 43 418 43 417 39 404 40 154
429 95 418 96 417 93 405 93 117
427 99 415 98 415 97 403 97 183
426 98 411 97 413 95 400 93 184
427 115 415 114 415 113 404 114 127
429 129 418 129 417 127 406 128 129
433 179 413 177 417 177 397 179 204
442 244 394 244 415 251 361 251 78
441 275 396 275 413 285 364 285 21
433 26 422 26 421 21 409 21 317
435 30 423 30 423 25 410 26 378
434 65 422 65 421 61 409 61 85
435 70 424 71 423 67 411 67 47
435 73 424 74 423 71 412 72 21
435 80 424 80 423 77 411 77 35
433 93 422 94 421 91 409 91 19
431 97 420 98 419 95 407 95 46
431 104 420 104 419 101 407 101 45
433 131 422 131 421 129 409 129 21
436 184 418 183 421 183 403 183 272
448 242 399 242 421 249 367 249 111
448 246 399 246 423 253 369 253 71
446 252 397 253 419 261 366 259 57
448 323 399 323 423 339 368 339 62
439 26 428 25 427 21 415 21 349
437 24 426 24 425 19 413 19 329
439 35 427 36 427 31 415 32 176
437 58 425 58 425 55 413 55 232
439 65 428 65 427 61 415 61 24
441 71 430 71 429 67 418 67 53
441 80 429 79 429 77 417 76 42
441 102 429 102 429 99 417 99 23
439 125 428 125 427 123 415 123 28
451 244 403 244 425 251 371 251 88
453 249 405 249 427 257 373 257 91
453 258 404 258 427 267 373 267 59
443 31 432 31 431 27 420 27 202
445 29 434 29 433 25 422 25 201
445 34 434 35 433 31 422 32 158
447 39 436 39 435 35 424 35 77
443 59 432 59 431 55 420 55 33
443 65 432 65 431 61 419 61 54
443 96 432 96 431 93 420 93 49
445 98 434 98 433 95 421 95 69
445 111 433 111 433 109 421 109 31
447 109 435 109 435 107 423 107 40
443 109 431 110 431 107 419 107 15
445 150 434 149 433 149 422 149 28
445 189 429 190 431 189 414 189 227
449 185 432 185 435 185 418 185 217
459 238 412 239 435 245 381 245 186
457 242 408 242 431 249 377 249 148
460 289 412 291 433 305 377 305 17
459 318 411 318 435 333 382 333 83
460 339 408 339 433 359 374 358 54
451 64 440 64 439 61 428 61 49
451 80 440 80 439 77 428 77 21
449 94 438 94 437 91 426 91 19
449 107 435 107 437 105 425 104 12
449 115 437 116 437 113 425 113 11
451 119 439 119 439 117 427 117 11
451 129 440 129 439 127 428 127 11
453 159 441 161 441 159 429 157 21
465 237 417 237 441 243 388 243 155
461 235 411 233 437 241 384 241 168
463 247 415 247 439 255 385 254 161
465 244 418 244 441 251 388 251 251
461 245 413 245 437 253 383 252 343
465 260 417 260 441 269 388 269 253
465 267 417 267 441 277 388 277 151
463 338 411 338 437 357 379 358 57
459 37 447 38 447 33 435 33 35
459 49 447 50 447 45 434 44 11
455 51 443 52 443 47 430 47 11
455 60 443 60 443 57 431 55 14
459 65 447 65 447 61 435 61 32
455 66 444 67 443 63 431 64 29
455 89 443 90 443 87 431 87 60
458 103 448 103 447 101 435 101 18
455 107 444 107 443 105 431 105 39
457 110 445 109 445 107 433 107 24
457 117 445 117 445 115 433 115 10
458 122 447 121 447 119 435 119 15
458 126 447 126 447 125 434 123 22
454 131 443 131 443 129 431 129 11
469 224 423 224 447 229 397 229 98
472 243 424 243 447 249 394 249 195
467 246 419 245 443 253 390 253 179
469 251 421 251 445 259 392 259 187
469 256 421 256 445 265 392 264 254
469 264 421 264 445 273 392 273 185
469 271 421 270 445 281 392 280 138
468 294 419 294 443 307 386 306 15
463 317 421 316 445 331 391 331 46
467 322 420 322 443 337 391 337 93
472 336 420 336 447 355 389 354 28
462 22 450 22 451 17 438 18 40
464 29 453 30 453 25 441 25 22
465 35 454 35 453 31 441 31 18
462 49 451 49 451 45 438 46 14
463 57 451 58 451 53 438 53 11
462 76 451 76 451 73 439 73 27
462 90 451 90 451 87 439 87 33
462 96 451 96 451 93 439 93 58
460 92 449 92 449 89 437 89 54
464 102 453 102 453 99 441 99 39
463 119 451 119 451 117 438 118 23
465 121 453 121 453 119 442 118 27
462 129 451 129 451 127 440 127 23
464 127 452 126 453 125 441 124 18
464 133 452 134 453 131 442 131 22
460 142 449 143 449 141 438 141 17
463 146 451 147 451 145 440 145 16
463 176 451 176 451 175 439 175 31
473 226 428 226 451 231 401 231 150
475 225 430 224 453 229 403 229 129
471 230 425 230 449 235 398 235 133
473 266 425 266 449 275 396 275 170
473 269 426 269 449 279 397 279 117
471 299 430 299 453 311 403 311 14
475 321 429 320 453 335 401 335 50
474 334 422 334 449 353 392 353 41
474 339 422 339 449 359 391 358 48
470 29 459 30 459 25 447 25 29
466 33 455 33 455 29 443 29 52
470 48 458 47 459 43 447 44 41
471 56 459 56 459 51 447 51 13
467 55 455 55 455 51 443 52 29
468 59 456 59 457 55 444 55 14
467 65 455 65 457 59 445 59 44
469 69 456 68 457 65 444 65 21
470 94 459 94 459 91 447 89 57
470 96 459 96 459 93 447 93 62
468 103 457 104 457 101 445 101 41
466 112 454 113 455 109 443 110 27
468 125 457 124 457 123 445 123 18
468 131 457 131 457 129 446 129 21
468 178 456 178 457 177 445 177 19
469 173 457 173 457 173 445 173 31
477 198 436 197 459 199 414 199 249
478 205 435 205 457 207 404 206 236
481 229 436 230 459 235 409 235 338
477 262 430 262 455 271 403 271 325
481 269 433 269 457 279 404 279 127
480 273 433 273 457 283 405 283 97
481 278 437 277 459 287 411 286 97
477 315 431 315 457 329 405 329 70
478 319 429 319 457 333 405 333 75
481 321 434 321 459 337 407 337 60
474 28 463 28 463 23 451 23 32
472 43 461 43 461 39 449 39 25
474 92 463 92 463 89 451 89 47
472 133 461 133 461 131 450 131 21
472 140 461 141 461 139 449 139 25
475 165 463 166 463 165 451 165 22
476 176 464 176 465 175 451 175 26
482 201 439 201 461 203 414 203 198
487 264 441 264 465 273 414 273 153
485 267 438 267 461 277 408 277 113
484 273 437 273 461 283 411 282 141
481 287 438 286 461 297 416 299 137
486 293 440 293 465 305 414 305 103
480 22 469 22 469 17 457 17 63
483 66 470 66 471 61 458 61 17
478 66 466 67 467 63 454 63 19
482 89 470 89 471 85 459 86 38
478 96 466 96 467 93 455 93 34
482 94 470 94 471 91 459 91 42
482 166 470 166 471 165 459 165 24
482 171 471 171 471 171 460 170 14
478 170 466 170 467 169 455 169 25
480 174 469 174 469 173 457 173 15
480 179 468 179 469 179 457 179 18
480 183 467 182 469 183 456 183 58
487 197 445 198 467 199 422 199 188
491 287 446 286 471 297 422 297 163
487 312 445 311 469 325 419 325 112
488 22 476 20 477 17 465 16 38
484 26 473 25 473 21 461 21 30
487 45 476 45 477 41 465 41 35
488 57 476 57 477 53 464 53 23
488 70 476 70 477 65 464 66 13
488 74 475 74 477 71 464 72 18
488 100 476 99 477 97 465 96 30
488 111 477 111 477 109 465 109 22
488 166 476 166 477 165 466 165 22
496 246 453 246 477 253 429 253 91
493 270 448 270 473 279 423 279 174
496 272 452 272 477 281 429 280 320
496 288 453 288 477 299 429 299 276
496 298 453 297 477 309 429 308 254
495 295 450 296 475 307 426 308 226
497 303 453 303 477 315 429 315 187
493 305 448 303 473 317 424 316 155
494 310 450 310 475 323 427 323 129
496 314 454 313 477 327 430 326 118
492 316 449 315 473 329 423 329 124
494 45 482 45 483 41 471 41 25
494 57 482 57 483 53 471 53 41
492 73 480 73 481 69 468 69 18
494 93 482 94 483 91 471 91 40
494 104 482 103 483 101 471 101 53
490 105 478 105 479 103 467 103 63
490 109 478 109 479 107 467 107 32
490 115 478 115 479 113 467 113 44
494 133 482 133 483 131 471 131 36
492 139 480 138 481 137 469 137 46
490 146 478 147 479 145 467 145 40
494 144 482 145 483 143 471 143 50
494 156 482 156 483 155 471 155 36
493 173 482 173 483 173 470 172 8
499 205 460 206 481 207 439 209 342
499 208 461 211 481 209 438 210 425
497 226 457 227 479 231 434 232 605
498 275 455 275 479 285 431 284 370
502 283 459 283 483 293 436 293 268
500 305 457 304 481 317 434 316 218
498 37 486 37 487 33 475 33 33
496 76 483 76 485 73 472 73 17
500 78 487 78 489 75 476 75 15
500 97 487 98 489 95 476 96 47
497 108 486 107 487 105 475 105 49
498 126 486 127 487 125 475 125 28
497 139 486 139 487 137 475 137 69
498 172 486 171 487 171 475 171 20
505 201 467 201 489 203 446 202 381
503 253 462 257 485 263 439 264 43
507 269 465 270 489 277 443 277 101
508 318 462 318 489 333 437 333 80
505 31 493 33 495 27 482 27 27
504 37 491 37 493 33 480 33 24
504 39 490 41 493 35 479 36 57
504 47 492 48 493 43 479 41 19
503 51 492 51 493 47 481 47 27
506 57 493 57 495 53 482 53 25
501 96 489 96 491 93 478 94 21
503 102 492 102 493 99 482 98 33
502 115 489 116 491 113 478 114 25
502 123 489 124 491 121 478 122 20
501 141 490 141 491 139 479 139 37
504 148 491 148 493 147 480 147 103
503 179 492 179 493 179 479 180 17
517 252 477 251 495 261 453 259 51
509 254 469 255 491 263 445 262 123
511 271 468 271 493 279 447 278 145
511 275 470 275 495 283 447 285 203
509 272 467 272 491 281 445 280 112
507 294 470 294 491 303 450 303 242
508 300 468 300 491 311 447 311 155
513 322 466 322 495 337 443 337 71
508 38 494 38 497 33 484 34 25
509 47 497 47 499 43 487 44 21
507 52 496 53 497 49 485 49 21
510 65 497 65 499 61 486 61 31
508 72 495 72 497 69 484 68 20
510 119 497 119 499 117 486 117 28
508 123 494 123 497 121 483 120 27
512 121 498 121 501 119 488 119 19
511 130 498 130 501 129 487 127 16
508 133 495 133 497 131 484 131 21
511 146 495 146 501 145 483 144 197
507 150 495 150 497 149 484 149 77
509 166 497 165 499 165 486 164 32
519 257 479 257 499 265 456 265 63
515 259 475 259 501 265 458 265 63
513 266 471 266 497 273 449 274 106
517 311 472 312 499 325 450 325 79
517 323 469 323 499 339 446 338 60
516 325 467 325 497 341 443 341 57
514 26 502 25 503 23 491 21 35
517 46 504 45 507 41 493 39 27
518 97 505 101 507 95 499 93 46
515 113 502 113 505 111 491 110 25
515 119 502 119 505 117 492 117 22
513 137 500 136 503 135 489 135 40
513 164 501 165 503 163 490 161 27
513 182 500 183 503 181 490 179 47
517 195 506 195 507 195 496 195 156
521 250 485 249 507 257 464 257 38
521 31 509 31 511 27 499 27 18
519 92 507 92 509 89 496 89 31
520 109 507 110 509 107 496 109 30
523 148 511 148 513 147 500 147 52
519 152 507 152 509 151 496 151 59
523 154 511 155 513 153 500 154 55
521 166 508 166 511 165 498 164 22
520 207 507 207 509 207 498 207 325
521 203 510 203 511 203 500 203 159
520 211 509 210 511 211 498 211 296
527 249 493 248 513 255 475 254 96
523 255 485 255 509 261 471 260 63
528 255 491 255 513 261 473 261 89
524 285 489 285 509 293 471 293 104
526 292 488 292 511 301 470 301 74
525 314 480 314 509 327 459 327 40
526 20 513 21 517 17 503 16 31
525 33 514 31 515 29 503 29 18
529 38 515 37 519 33 506 33 21
525 39 514 41 515 35 501 35 23
527 55 515 55 517 51 506 52 20
527 61 515 61 517 57 505 57 55
529 65 516 65 519 61 506 61 27
529 82 516 82 519 79 506 79 11
525 97 513 98 515 95 502 96 18
527 116 514 116 517 113 504 113 9
525 117 513 117 515 115 502 115 17
529 119 517 119 519 117 506 117 12
529 127 516 127 519 125 506 125 17
527 139 514 138 517 137 504 137 20
525 185 513 185 515 185 503 185 21
525 205 513 205 515 205 503 205 168
531 278 500 277 519 285 483 285 184
533 292 496 292 519 301 478 301 115
531 319 485 318 515 333 464 333 37
535 44 522 43 525 39 512 41 15
533 56 521 55 523 51 510 51 17
535 60 523 60 525 57 513 57 21
533 78 520 78 523 75 510 75 28
533 79 522 80 525 77 511 76 19
533 87 520 86 523 83 510 82 12
535 127 522 127 525 125 512 125 19
535 137 522 137 525 135 512 136 19
532 132 521 133 523 131 510 131 20
533 139 520 139 523 137 510 137 15
531 170 519 170 521 169 509 169 9
532 181 520 181 523 181 510 181 13
535 205 523 205 525 205 513 205 20
536 247 502 246 523 251 486 251 156
538 263 504 264 525 269 489 269 405
536 278 502 278 523 285 486 285 130
538 274 505 274 525 281 489 281 304
534 284 499 284 521 291 483 291 109
538 60 526 61 529 57 516 57 22
540 63 527 62 531 59 518 59 14
539 70 526 71 529 67 516 66 20
541 80 528 81 531 77 518 77 13
539 88 526 88 529 85 515 84 15
540 96 528 96 531 93 518 93 13
540 149 528 148 531 145 518 146 10
541 154 528 154 531 153 518 153 12
538 158 526 158 529 157 516 157 9
538 182 526 181 529 181 517 181 20
540 207 528 206 531 207 518 207 33
544 243 511 241 531 245 496 246 199
544 252 511 252 531 257 495 257 284
544 261 511 261 531 267 496 267 157
540 258 507 257 527 263 491 263 180
540 265 506 265 527 271 491 271 174
544 263 511 263 531 269 496 270 248
542 276 509 276 529 283 493 283 298
540 282 506 282 527 289 491 289 179
544 299 505 299 531 309 487 309 113
541 305 499 305 527 317 481 317 66
546 49 536 50 537 45 526 45 22
545 79 532 79 535 75 522 75 13
545 91 532 91 535 89 522 89 16
547 104 534 104 537 101 524 101 14
542 109 530 110 533 107 520 107 17
546 127 534 127 537 125 524 125 14
544 135 532 135 535 133 523 134 12
542 137 530 137 533 135 520 135 18
546 136 534 136 537 135 525 135 12
542 139 530 139 533 137 520 137 8
544 156 532 156 535 155 522 155 22
546 156 534 156 537 155 524 155 22
544 172 532 172 535 171 522 171 14
542 170 530 170 533 169 520 169 11
543 195 527 195 533 195 517 194 37
545 212 532 212 535 213 522 213 91
547 231 527 231 537 233 519 233 300
546 274 513 274 533 281 498 280 205
548 280 514 280 535 287 499 287 143
546 304 505 304 533 315 488 315 91
550 37 541 39 541 33 531 35 27
550 43 541 41 541 39 530 41 62
552 57 540 58 543 53 530 53 26
551 74 538 75 541 71 529 71 16
550 113 537 113 541 111 528 111 18
548 124 536 125 539 123 527 125 19
550 127 538 127 541 125 529 127 21
549 142 536 142 539 141 526 141 12
552 166 541 166 543 165 532 165 20
552 188 541 188 543 187 532 187 15
552 194 541 194 543 195 532 194 14
552 239 531 239 541 241 520 241 281
554 246 531 246 543 249 519 249 197
552 291 514 292 539 301 497 303 110
558 300 518 300 543 311 498 311 135
554 55 542 55 545 51 532 51 25
558 51 545 51 549 47 536 47 28
557 71 545 69 549 67 536 67 16
558 84 545 82 549 81 535 80 40
558 90 542 89 549 87 532 87 35
558 96 545 96 549 93 536 93 21
554 115 541 115 545 113 532 113 16
557 191 543 190 547 191 534 191 16
554 207 542 206 545 207 533 207 32
557 235 534 235 549 237 523 237 114
555 235 536 235 545 237 533 238 215
559 269 529 267 547 275 514 276 53
562 276 528 276 549 283 514 283 87
561 284 526 284 549 293 511 293 152
561 295 522 295 549 305 506 305 76
557 295 515 295 545 305 502 305 94
559 305 517 305 547 317 501 317 97
562 310 518 310 549 323 501 323 62
564 84 552 84 555 81 543 81 21
562 88 550 87 553 85 541 85 34
564 90 551 90 555 87 542 87 24
560 92 547 92 551 89 538 89 20
564 110 552 110 555 107 541 107 29
564 116 551 117 555 113 541 114 27
564 154 553 154 555 153 544 153 46
560 152 549 152 551 151 540 151 43
559 157 548 157 551 157 540 157 44
564 166 552 166 555 165 543 165 47
560 174 548 173 551 173 539 173 20
564 178 552 178 555 177 544 177 32
565 186 553 185 555 185 543 185 95
562 189 551 189 553 189 542 189 17
564 197 550 195 555 197 541 196 21
562 199 549 198 553 199 540 198 30
560 214 547 214 551 215 538 215 77
565 218 552 218 555 219 541 219 66
570 228 547 228 555 229 538 228 171
568 234 545 233 555 235 536 235 97
567 249 545 249 553 253 529 253 125
562 280 527 280 551 287 513 287 85
567 307 524 307 555 319 509 319 117
568 40 555 40 559 35 546 35 39
566 61 554 61 557 57 544 57 23
568 111 555 111 559 109 546 108 29
566 117 553 118 557 115 541 115 23
566 129 553 129 557 127 544 127 14
569 143 557 144 561 143 548 141 37
566 152 554 152 557 151 545 151 57
570 161 558 160 561 159 549 159 77
566 158 554 158 557 157 545 157 49
566 164 554 164 557 163 545 164 49
565 173 554 174 557 173 546 173 84
570 184 558 183 561 183 549 183 97
567 189 556 190 559 189 547 189 100
566 191 554 192 557 191 546 191 20
566 201 554 201 557 201 545 201 45
569 199 558 199 561 199 550 199 78
566 212 553 212 557 213 544 213 62
568 229 551 230 559 231 541 231 84
573 291 535 291 561 301 520 301 119
569 305 526 305 557 317 511 317 106
573 313 528 313 561 327 511 327 89
574 48 561 48 565 43 552 43 26
575 55 562 55 567 51 554 51 20
572 71 559 71 563 67 550 68 25
572 135 559 134 563 133 550 133 23
574 137 562 137 565 135 553 136 35
576 141 562 139 567 139 553 138 69
575 183 565 184 567 183 557 184 70
575 189 565 189 567 189 557 189 77
571 195 561 195 563 195 552 194 144
575 199 563 199 567 199 554 199 90
572 211 560 211 563 211 550 211 57
574 235 555 235 565 237 546 237 61
570 276 537 276 563 283 529 283 76
578 33 565 33 569 29 556 29 95
579 34 567 33 571 29 558 30 93
579 39 567 40 571 35 558 36 123
579 52 566 52 571 49 558 49 26
581 62 568 61 573 59 559 57 31
579 79 567 78 571 75 558 75 24
577 74 564 74 569 71 556 71 18
577 96 565 95 569 93 556 93 36
581 174 571 175 573 173 562 173 354
577 188 567 187 569 187 559 187 58
579 195 569 195 571 195 560 195 111
577 213 564 212 569 213 556 213 87
579 222 565 221 571 223 555 223 81
579 233 561 233 571 235 552 235 89
582 241 562 241 573 243 551 243 63
581 290 545 289 571 299 531 298 152
583 24 571 23 575 19 562 19 162
585 39 574 39 577 35 566 35 171
585 51 572 51 577 47 564 47 26
585 56 572 56 577 53 563 52 32
585 86 573 86 577 83 564 83 31
587 123 575 123 579 121 566 121 192
585 131 573 130 577 129 565 128 134
587 135 575 134 579 133 566 133 110
586 143 573 143 577 141 564 141 85
583 154 571 154 575 153 562 152 262
587 164 575 164 579 163 566 162 235
583 166 572 166 575 165 564 166 198
583 176 572 174 575 175 564 175 282
583 191 573 191 575 191 565 191 91
585 195 575 195 577 195 566 195 128
583 197 572 197 575 197 564 197 209
581 247 559 247 575 249 552 249 46
588 276 555 276 579 283 543 283 86
584 280 550 280 575 287 538 287 153
586 298 546 298 577 309 531 309 300
591 21 579 21 583 17 571 17 170
590 49 577 48 583 45 571 45 105
589 52 577 53 581 49 568 49 31
593 51 582 49 585 47 573 46 83
591 67 579 66 583 63 570 63 30
593 71 580 70 585 67 572 66 37
589 82 577 83 581 79 569 79 19
589 84 577 84 581 81 568 81 20
589 89 577 90 581 87 569 87 52
591 98 579 98 583 95 571 95 59
591 117 579 117 583 115 570 115 166
593 115 580 115 585 113 572 113 167
593 131 581 131 585 129 572 129 145
591 127 579 127 583 125 571 125 157
591 133 579 133 583 131 570 131 116
591 146 579 146 583 145 571 144 136
591 174 579 174 583 173 571 173 168
589 176 577 176 581 175 569 175 207
591 197 581 197 583 197 573 197 128
589 201 581 203 581 201 573 203 137
593 215 580 215 585 215 572 215 49
589 241 570 240 581 243 559 243 55
593 239 572 238 585 241 563 240 57
591 245 569 245 585 247 562 247 37
590 268 557 265 581 273 550 273 43
592 276 559 276 585 283 551 283 86
594 282 560 282 585 289 548 289 117
599 21 587 21 591 17 579 16 132
597 59 585 58 589 55 577 55 138
595 84 582 84 587 81 575 80 50
597 106 585 103 589 103 577 101 110
597 121 587 121 589 119 579 119 172
597 127 586 127 589 125 577 125 197
597 133 586 133 589 131 578 132 130
599 149 587 148 591 147 581 148 462
595 152 583 152 587 151 574 150 178
597 156 585 156 589 155 577 155 265
597 174 586 174 589 173 578 173 193
597 191 587 191 589 191 579 191 106
595 209 583 209 587 209 574 209 165
599 233 581 233 591 235 572 235 46
595 251 571 251 587 255 561 255 36
600 276 567 276 591 283 556 283 106
596 307 553 307 587 319 540 319 86
603 35 587 35 595 31 579 31 322
601 44 589 44 593 41 581 39 69
603 53 592 52 595 49 583 48 164
603 67 591 65 595 63 583 62 232
605 127 592 127 597 125 584 125 148
605 172 594 172 597 171 586 171 297
603 185 593 186 595 185 586 185 132
603 203 586 201 595 203 578 202 304
601 209 587 208 593 209 582 209 188
600 213 588 212 593 213 580 213 100
603 209 590 209 595 209 583 209 64
604 245 582 245 597 247 574 247 26
604 302 563 302 595 313 550 313 95
611 31 599 32 603 27 591 27 112
609 35 598 35 601 31 589 31 123
609 61 597 59 601 57 589 56 177
611 68 602 68 603 65 594 65 224
607 102 594 102 599 99 586 99 60
611 107 598 107 603 105 590 105 167
608 103 596 104 601 101 588 101 64
609 131 596 131 601 129 589 129 138
609 178 599 178 601 177 592 178 247
610 180 601 179 603 179 593 179 238
611 187 602 187 603 189 594 188 160
607 187 597 188 599 187 590 186 174
609 191 599 191 601 191 592 190 315
610 215 598 215 603 215 590 215 49
606 239 585 239 599 241 577 241 31
608 243 586 243 601 245 579 245 28
606 282 571 282 599 289 562 289 114
609 284 574 283 601 291 563 291 143
607 307 569 309 599 319 559 317 95
617 29 605 28 609 25 597 24 73
616 43 605 43 609 39 597 39 95
614 39 603 39 607 35 595 35 100
612 46 601 47 605 43 593 43 181
614 46 603 46 607 43 595 42 168
614 70 607 72 607 67 597 65 210
617 93 604 94 609 91 596 91 68
613 116 600 115 605 113 592 113 147
616 125 604 127 609 123 596 122 114
616 131 604 131 609 129 596 129 132
614 140 602 139 607 139 594 137 186
615 170 603 170 607 169 595 169 316
614 177 605 178 607 177 597 177 240
613 193 604 193 605 193 596 193 242
613 191 603 191 605 191 596 191 277
613 201 600 202 605 201 593 202 209
616 203 606 203 609 203 598 203 200
612 207 601 207 605 207 593 207 137
616 209 604 209 609 209 597 209 123
614 233 596 233 607 235 588 234 40
615 237 593 237 607 239 585 239 60
617 295 575 295 609 305 567 305 127
617 300 576 300 609 311 564 311 100
616 311 572 311 609 323 560 324 70
617 318 570 318 609 333 558 333 46
613 321 565 321 605 337 552 337 39
616 323 569 323 609 339 556 339 38
622 27 609 27 615 23 602 23 56
622 41 610 40 615 37 603 37 183
620 39 609 39 613 35 601 35 203
622 76 610 77 615 73 602 74 79
622 105 610 105 615 103 603 102 84
618 108 606 107 611 105 598 105 46
621 163 609 163 613 163 601 162 199
622 162 610 162 615 161 602 161 87
620 201 609 201 613 201 602 201 139
620 207 609 207 613 207 601 207 197
620 213 608 213 613 213 601 213 170
622 218 608 218 615 219 601 219 69
621 220 605 220 613 221 598 221 81
622 224 606 224 615 225 598 225 87
621 232 601 231 613 233 594 233 49
625 278 591 278 615 285 579 285 113
618 333 585 335 611 351 574 353 76
626 24 613 23 619 19 606 19 60
625 48 613 48 617 45 605 45 78
628 60 616 60 621 57 609 57 128
626 64 615 64 619 61 608 61 122
624 68 612 68 617 65 605 65 123
624 82 612 82 617 79 604 78 108
628 90 616 90 621 87 609 87 81
628 100 616 99 621 97 609 97 131
624 109 612 109 617 107 605 106 45
628 133 617 132 621 131 608 131 172
628 135 616 134 621 133 609 133 100
624 144 612 144 617 143 605 141 179
626 164 614 164 619 163 607 163 81
628 186 619 185 621 185 611 184 143
624 207 613 206 617 207 605 207 234
623 261 595 262 617 267 587 267 12
626 283 590 283 619 291 580 291 118
623 299 583 299 617 309 568 310 125
627 299 587 299 621 309 577 309 112
627 319 581 318 621 333 569 333 39
630 33 618 33 623 29 610 28 140
630 53 618 53 623 49 611 48 144
634 110 622 110 627 107 615 107 86
634 150 622 150 627 149 615 148 92
632 162 620 162 625 161 613 161 108
630 170 619 170 623 169 611 169 155
634 176 621 175 627 175 614 175 322
632 182 623 182 625 181 616 181 241
634 203 623 203 627 203 616 203 132
634 239 614 239 627 241 606 241 38
634 256 607 257 627 261 598 260 10
632 281 598 281 625 289 588 289 82
629 285 594 285 623 293 584 293 121
630 307 586 306 623 319 576 319 100
629 315 584 315 623 329 572 329 41
640 21 628 22 633 17 621 17 307
640 43 628 43 633 39 621 38 262
638 39 626 39 631 35 618 35 140
638 45 626 45 631 41 619 41 157
640 51 628 50 633 47 621 46 187
638 56 626 56 631 53 619 53 174
636 84 624 84 629 81 617 80 69
640 98 629 97 633 95 622 95 118
638 113 626 113 631 111 619 111 51
639 123 628 123 633 121 621 121 109
636 135 624 135 629 133 617 133 152
636 146 624 146 629 145 617 144 138
640 150 628 148 633 149 621 147 152
638 158 626 158 631 157 619 157 91
640 160 628 160 633 159 621 159 121
636 162 624 162 629 161 617 161 106
636 178 626 178 629 177 619 177 233
636 187 627 187 629 187 620 187 228
638 222 622 222 631 223 615 223 80
638 226 622 226 631 227 614 227 106
635 293 597 293 629 303 586 303 173
635 297 595 297 629 307 586 307 133
642 29 631 28 635 25 623 25 259
644 47 632 47 637 43 625 42 120
642 111 630 111 635 109 623 109 123
642 117 630 117 635 115 623 115 113
642 143 630 142 635 141 623 141 146
644 146 633 145 637 145 626 144 219
646 175 635 174 639 175 628 173 298
646 195 636 195 639 195 629 195 191
644 197 634 197 637 197 627 197 227
646 201 635 201 639 201 629 201 97
641 224 626 224 635 225 618 225 97
644 222 628 222 637 223 621 223 104
641 233 620 233 635 235 613 235 57
643 266 613 267 637 271 605 272 13
639 289 603 289 635 297 596 297 162
647 291 608 291 637 301 601 300 129
642 297 602 297 637 307 593 307 89
644 304 602 304 639 315 593 313 93
640 312 595 312 635 325 586 325 52
652 25 640 25 645 21 633 21 210
648 31 637 31 641 27 630 27 161
650 29 639 29 643 25 632 25 203
648 141 638 141 641 139 629 137 199
650 147 640 147 643 145 633 145 212
650 154 639 154 643 153 632 153 210
647 150 633 149 641 149 622 149 325
649 172 639 172 643 171 632 171 255
650 186 642 185 643 185 635 185 447
648 199 637 199 641 199 630 199 181
649 237 629 237 641 239 621 239 26
645 264 618 264 641 269 611 269 12
651 266 621 266 645 271 616 270 9
651 295 608 296 643 305 601 305 96
658 68 647 68 651 65 640 65 244
654 70 643 70 647 67 637 66 283
654 99 643 99 647 97 635 96 169
654 115 645 113 647 113 637 112 178
657 124 645 123 651 121 639 120 217
658 129 643 131 651 127 636 129 374
657 153 645 152 651 151 639 151 307
656 185 648 186 649 185 641 185 228
656 205 645 205 649 205 638 205 117
657 207 647 207 651 207 640 207 150
654 209 642 209 647 209 635 209 79
657 213 644 213 651 213 638 213 115
660 231 639 231 651 233 632 233 52
653 296 614 296 649 305 607 305 90
654 313 609 313 651 327 601 326 42
660 77 653 77 653 75 646 75 518
664 101 653 100 657 99 646 98 322
664 107 657 107 657 105 647 104 215
662 126 648 127 655 125 641 125 365
659 149 648 148 653 147 641 147 284
661 169 651 169 653 169 645 167 395
662 174 654 173 655 173 647 173 301
663 195 652 195 657 195 646 195 246
659 201 649 202 653 201 641 201 351
661 207 651 207 655 207 644 207 150
661 230 640 229 655 231 637 231 104
664 235 644 235 655 237 635 237 38
660 324 611 323 657 339 603 339 48
665 77 659 77 659 75 653 75 257
668 85 656 87 661 83 653 82 570
670 115 662 114 663 113 656 113 180
665 131 654 131 659 129 647 129 343
667 137 657 136 661 135 650 135 368
666 152 654 152 659 151 647 151 298
665 162 653 162 659 161 647 161 336
665 194 654 193 659 193 648 193 184
670 198 659 197 663 197 652 197 118
665 201 654 201 659 201 648 201 191
669 205 659 205 663 205 652 205 102
667 211 656 211 661 211 649 211 90
671 229 651 229 663 231 644 231 42
664 290 626 290 661 299 620 299 122
665 303 626 302 659 311 615 311 98
662 321 614 320 659 335 607 335 43
676 99 670 99 669 97 663 97 290
674 111 665 110 667 109 660 109 228
672 111 663 110 665 109 658 109 138
676 127 669 128 669 127 662 127 245
672 155 660 155 665 153 654 153 381
676 169 669 169 669 169 662 169 250
676 176 668 176 669 175 661 175 313
673 209 663 209 667 209 656 209 100
677 233 658 233 667 235 647 235 35
670 318 624 319 669 333 617 332 38
682 79 677 78 675 77 670 77 205
677 90 673 89 671 87 666 88 426
680 95 675 94 673 93 668 93 356
679 100 675 100 673 99 668 99 279
682 118 675 118 675 117 668 117 114
682 120 675 120 675 119 668 119 114
678 172 671 171 671 171 664 170 302
677 195 666 195 671 195 660 195 94
681 205 671 205 675 205 665 205 122
676 213 664 213 671 213 658 213 87
677 297 638 298 675 307 632 307 48
688 81 683 80 681 79 676 79 218
687 122 679 122 679 121 671 121 207
684 141 679 137 677 137 672 137 262
688 162 683 162 681 161 676 161 162
684 174 677 174 677 173 670 173 304
687 182 676 182 681 181 670 181 352
685 182 674 182 679 181 668 181 230
683 186 672 186 677 185 666 185 205
685 189 674 189 679 189 668 189 204
687 193 676 193 681 193 670 193 270
683 195 672 195 677 195 666 195 177
683 209 671 209 677 209 665 209 103
683 217 671 217 679 217 663 216 181
683 278 647 277 681 285 643 283 10
692 90 687 90 685 89 680 88 83
691 95 686 94 683 93 678 92 113
694 125 689 126 687 125 681 125 78
690 132 685 132 683 131 678 131 146
692 141 687 141 685 137 680 139 93
692 158 687 157 685 157 681 156 105
694 160 689 160 687 159 682 159 108
691 190 680 190 685 189 674 189 283
693 199 682 199 687 199 676 199 150
691 201 680 201 685 201 674 201 183
689 208 678 207 683 207 672 207 148
693 204 682 204 687 205 676 205 201
691 209 680 209 685 209 674 209 169
699 76 695 74 693 73 688 73 158
700 81 695 80 693 79 688 79 168
699 100 692 98 691 97 686 97 65
694 102 690 102 691 101 685 101 86
697 130 693 130 691 129 686 129 93
696 136 691 136 689 135 684 135 134
697 138 693 140 691 137 686 136 122
697 145 693 145 691 143 686 143 167
696 162 691 162 689 161 684 161 95
696 178 689 178 689 177 682 177 198
699 203 688 203 693 203 682 203 142
699 209 688 209 693 209 683 209 95
694 276 662 277 693 283 658 283 11
693 288 660 285 693 297 662 295 43
692 293 649 293 691 303 649 303 35
690 297 648 297 689 307 646 307 32
691 300 650 299 691 309 647 309 45
702 101 696 101 697 99 692 99 79
696 107 691 106 695 105 685 105 167
705 112 701 113 699 111 694 110 73
704 110 699 110 697 109 692 109 108
702 116 697 116 695 115 690 114 118
704 119 699 118 697 117 692 117 59
702 126 697 126 695 125 690 124 53
702 134 697 134 695 133 690 133 92
702 141 697 140 695 139 690 138 106
706 141 701 137 699 137 694 136 74
704 144 699 144 697 143 692 143 136
702 162 696 162 695 161 690 161 94
703 194 692 193 697 193 687 193 133
703 205 692 205 697 205 687 205 94
705 203 694 203 699 203 689 203 113
705 209 695 209 699 209 689 209 87
701 215 688 215 695 215 681 215 215
704 222 687 222 699 223 682 223 89
699 226 683 226 695 227 678 227 152
703 228 687 228 699 229 682 229 108
695 272 664 273 695 279 659 277 9
692 323 645 322 695 337 642 337 159
708 77 703 76 701 75 696 74 158
709 136 705 136 703 135 698 135 81
712 140 706 140 705 139 700 139 92
712 156 706 156 705 155 699 155 104
707 209 697 209 701 209 691 209 384
708 224 692 224 703 225 686 225 149
705 276 671 275 703 283 668 283 10
701 293 662 293 701 303 658 303 33
703 315 657 315 705 329 652 330 199
718 114 713 114 711 113 706 112 94
716 116 711 116 709 115 699 115 210
717 134 711 134 711 133 705 133 67
717 148 711 148 711 147 705 147 93
715 144 709 144 709 143 703 143 67
713 150 707 150 707 149 701 149 102
717 162 711 162 711 161 705 161 120
713 172 707 172 707 171 701 171 73
715 203 705 203 709 203 701 203 282
714 248 689 247 711 251 686 251 7
708 299 666 299 709 309 665 309 72
709 305 667 306 711 317 665 317 119
707 317 660 318 711 329 663 328 133
706 326 657 326 709 341 654 342 113
719 87 715 86 713 85 708 85 91
720 93 714 92 713 91 707 90 68
722 100 715 97 715 99 710 98 175
719 130 713 130 713 129 707 129 98
721 158 715 158 715 157 709 157 59
725 166 717 165 717 165 709 166 137
719 166 712 166 713 165 706 165 43
723 176 717 176 717 175 711 175 101
717 218 703 218 713 219 698 219 85
719 224 703 224 713 225 697 225 72
729 79 725 78 723 77 719 76 121
726 93 721 92 719 91 715 91 141
727 110 722 109 721 109 716 108 129
725 116 719 116 719 115 713 114 124
729 120 723 120 723 119 717 119 46
725 122 719 122 719 121 713 121 53
727 146 721 146 721 145 715 145 85
725 162 719 162 719 161 713 160 47
727 170 720 169 721 169 715 169 110
727 207 710 207 723 207 706 207 240
725 211 709 211 721 211 705 211 305
721 223 706 223 721 223 706 223 192
723 243 702 244 719 245 697 247 13
719 302 677 302 721 313 676 313 152
718 321 671 321 721 335 669 335 105
733 81 728 82 727 81 722 80 108
733 100 728 100 727 99 722 98 69
733 107 729 106 727 105 722 105 62
735 111 729 110 729 109 723 109 148
731 114 725 114 725 113 719 112 132
732 131 725 131 725 133 719 132 168
735 143 727 142 727 141 721 141 138
733 140 727 140 727 139 721 139 49
732 197 716 196 729 197 712 195 225
731 209 714 210 727 209 710 209 259
729 217 712 217 725 217 708 217 189
731 219 714 218 727 219 710 219 107
729 242 710 241 727 243 704 243 11
724 299 683 299 727 309 683 309 153
723 304 680 305 725 315 680 315 128
738 79 733 78 731 77 726 76 96
739 140 733 140 733 139 726 139 54
737 150 730 149 731 149 725 149 48
741 154 734 154 735 153 728 153 64
737 158 730 158 731 157 724 157 61
737 164 730 164 731 163 724 163 45
741 170 734 169 735 169 728 168 153
738 224 722 224 735 225 718 225 58
739 228 720 228 735 229 717 229 59
728 327 678 326 733 343 677 344 14
743 118 738 118 737 117 732 116 107
745 120 740 120 739 119 734 119 151
743 124 737 123 737 123 731 122 120
743 130 737 130 737 129 731 128 45
747 134 740 134 741 133 734 133 43
743 138 737 138 737 137 731 136 71
745 150 739 150 739 149 733 148 60
745 166 738 165 739 165 732 164 77
747 162 741 162 741 161 735 161 57
743 178 736 178 737 177 730 177 371
743 191 729 189 739 191 725 189 436
741 208 724 208 737 209 722 208 128
745 224 726 224 741 225 724 225 72
737 262 707 261 737 267 707 267 14
740 266 710 266 741 271 709 271 15
738 273 706 272 739 279 707 278 15
753 73 749 71 747 71 742 70 143
753 120 748 120 747 119 742 118 79
754 134 749 134 747 131 741 130 226
749 176 743 175 743 175 737 175 196
747 193 733 193 743 193 735 195 253
748 199 732 198 745 199 727 199 94
748 205 731 205 745 205 728 205 20
748 217 731 217 745 219 728 219 58
741 287 704 287 743 295 704 296 12
741 325 693 326 747 341 694 342 10
759 71 755 70 753 69 748 68 153
755 124 750 124 749 123 744 123 76
755 142 750 142 749 141 744 141 50
755 146 750 145 749 145 744 147 65
755 160 749 159 749 159 743 159 74
759 178 752 177 753 177 747 177 167
752 207 738 207 751 207 731 207 46
755 203 735 203 749 203 731 203 93
748 287 711 288 751 295 712 295 9
743 319 697 319 753 335 701 335 10
761 68 757 68 755 67 750 66 171
761 75 757 74 755 73 750 72 192
764 90 761 87 759 87 753 87 133
767 98 763 98 759 95 756 96 236
762 99 756 98 755 97 749 96 149
764 101 763 103 757 99 754 100 147
764 106 760 106 759 105 755 105 228
765 114 760 114 759 113 754 112 162
763 119 758 117 757 119 752 121 102
765 124 760 124 759 123 754 122 114
761 171 755 171 755 171 749 170 114
757 260 728 259 757 265 728 265 28
755 265 727 266 757 271 727 271 34
751 331 700 329 759 347 702 345 10
766 77 762 76 761 75 757 74 136
771 114 766 114 765 113 760 113 132
772 123 766 124 765 123 760 122 81
769 134 764 134 763 133 758 132 61
767 164 762 164 761 163 756 163 128
769 170 763 170 763 169 758 169 90
767 174 761 174 761 173 755 173 97
763 199 747 199 761 199 744 199 166
753 337 702 336 763 355 705 355 8
755 335 704 335 765 353 707 353 12
777 75 772 74 771 73 766 72 227
773 81 769 80 767 79 762 79 124
773 172 767 172 767 171 761 171 90
777 168 771 167 771 167 766 167 175
775 178 769 178 769 177 763 177 167
761 322 713 323 769 337 718 336 8
759 326 708 323 767 341 713 341 8
779 70 774 69 773 69 768 68 120
783 111 778 110 777 111 772 110 279
779 160 774 159 773 159 768 159 49
779 174 774 177 773 173 767 171 133
767 330 717 330 777 347 721 346 8
789 116 784 116 783 115 778 115 296
788 120 781 120 781 119 777 118 333
787 160 782 160 781 159 776 159 79
783 170 780 170 779 169 771 168 54
789 174 784 173 783 173 778 173 237
785 177 780 176 779 177 773 177 262
780 229 741 229 787 233 744 233 202
781 239 743 239 787 243 748 244 211
799 90 794 90 793 89 788 88 247
797 96 791 95 791 95 787 94 667
799 112 793 111 793 111 789 111 639
797 174 792 173 791 173 786 172 228
798 178 792 177 793 177 787 177 323
801 176 796 176 795 175 790 175 301
784 231 744 230 791 235 748 234 282
788 229 748 231 795 233 755 233 247
805 120 795 121 799 119 793 119 680
788 227 745 227 797 231 750 231 265
793 238 753 237 801 243 758 243 181
796 341 741 337 811 359 748 361 6
825 57 808 55 825 51 807 50 162
825 63 808 63 825 59 807 58 155
822 143 806 142 821 141 804 140 60
807 248 755 248 821 255 764 255 85
810 252 759 251 825 259 768 259 67
806 261 755 263 823 271 763 269 47
809 314 758 314 825 329 767 329 83
829 52 812 51 829 47 811 46 153
829 60 812 59 829 55 811 54 161
831 73 814 73 831 69 813 67 207
827 78 810 78 827 73 810 72 256
832 81 815 80 831 77 814 76 337
829 85 813 87 829 85 812 84 271
831 89 815 89 831 87 816 87 176
832 96 817 99 831 93 816 95 163
812 265 759 266 827 275 769 275 52
813 281 760 281 831 297 771 297 209
811 312 760 310 827 327 769 326 156
833 48 816 48 833 43 815 42 155
833 78 816 78 833 73 816 72 294
835 107 818 104 835 101 817 101 28
838 113 820 113 837 111 819 110 22
833 112 816 111 833 109 815 108 50
837 125 820 125 837 123 819 122 25
837 153 820 152 837 151 820 150 7
837 159 820 159 837 157 820 157 33
819 190 772 191 833 191 781 191 394
817 254 765 253 835 261 775 260 86
816 262 763 259 833 271 774 270 57
817 269 764 269 833 279 774 279 72
820 276 767 277 837 287 777 288 85
819 307 765 308 837 323 775 322 139
818 325 765 325 835 339 775 341 39
816 318 763 318 833 335 773 334 109
839 58 822 58 839 53 821 52 276
843 83 826 82 843 79 826 78 215
840 124 823 123 841 121 822 121 15
843 139 826 138 843 137 826 137 16
841 141 824 141 841 139 824 139 12
843 151 826 150 843 149 825 148 6
826 193 775 192 843 195 785 193 390
826 243 771 245 843 251 786 249 196
821 259 770 260 839 267 782 267 149
821 298 767 300 839 313 777 312 163
824 305 769 303 843 321 781 321 103
825 312 773 313 843 327 781 327 55
845 75 827 73 845 71 827 70 216
847 87 831 86 847 83 830 82 90
845 105 829 103 847 101 829 99 14
849 122 830 121 849 119 830 118 20
847 141 830 140 847 139 829 139 6
829 195 779 195 849 199 790 197 196
828 234 774 233 847 241 786 240 119
830 238 776 238 849 245 788 245 136
829 255 774 255 849 263 787 263 115
828 292 772 292 847 305 784 305 65
830 303 775 304 849 317 786 315 108
828 307 772 307 847 323 785 323 72
828 313 773 315 849 329 785 330 37
854 68 837 68 855 63 837 63 415
851 79 833 79 851 75 833 74 386
855 85 837 85 855 81 837 81 230
852 105 832 106 851 103 834 101 14
850 136 833 135 851 133 833 133 18
855 148 837 148 855 147 838 146 6
853 143 834 145 853 143 836 142 9
835 189 788 189 853 189 799 189 359
834 202 782 202 853 205 793 203 186
833 251 778 251 853 259 791 259 104
831 272 775 272 851 283 788 282 83
835 277 779 277 855 289 792 289 54
832 295 775 295 851 309 788 309 53
833 299 776 299 851 313 791 314 62
835 307 778 307 853 323 790 323 37
833 323 779 322 853 341 792 340 15
856 74 839 73 857 69 839 69 213
860 102 842 102 861 99 839 97 79
857 118 838 119 857 115 840 115 13
858 141 840 140 859 139 841 138 9
860 147 842 146 861 145 843 145 9
857 158 840 156 857 155 840 154 12
839 195 786 195 857 197 798 197 184
839 201 786 201 857 203 798 203 150
836 241 781 241 857 247 794 248 231
839 245 783 245 861 253 797 253 150
840 257 785 257 861 267 798 267 176
838 261 782 261 859 271 796 270 123
840 268 784 268 861 279 798 279 110
838 272 782 272 859 283 796 283 104
837 283 781 283 857 295 794 295 81
837 288 781 288 857 301 794 301 89
840 295 782 295 861 309 798 309 47
838 296 785 297 861 311 796 311 68
863 64 845 63 863 59 845 58 235
865 77 848 78 865 75 848 74 323
865 85 848 84 865 81 848 80 416
866 108 848 107 867 105 849 103 18
862 128 845 125 863 125 846 124 14
866 158 849 158 867 157 849 156 9
846 201 791 202 865 203 807 203 76
843 238 787 238 865 245 802 245 124
845 247 789 246 867 255 803 255 79
845 253 788 252 867 261 803 261 124
844 272 788 272 867 283 803 283 97
842 287 785 287 863 301 799 301 83
844 291 787 291 865 305 801 305 104
844 308 787 308 867 325 801 325 60
870 57 854 58 871 53 854 53 246
868 113 851 113 869 109 850 109 14
872 118 853 117 873 115 853 114 12
872 137 854 136 873 135 855 134 8
872 141 854 141 873 139 854 139 11
869 150 852 151 871 149 853 148 12
851 213 795 213 873 217 811 217 99
849 242 793 242 871 249 808 249 53
848 249 792 250 871 259 807 259 141
850 255 794 259 873 267 809 268 116
846 267 790 266 869 277 805 277 110
848 277 791 277 871 289 807 289 76
850 279 793 279 873 291 808 291 80
849 289 793 290 869 303 806 303 72
846 300 789 300 869 315 805 315 68
851 302 794 302 873 317 809 317 55
876 48 859 47 877 43 859 42 207
878 64 861 63 879 59 861 58 378
877 122 860 121 879 119 860 118 16
876 129 857 129 877 127 858 127 15
876 145 857 145 877 143 858 143 9
875 161 857 161 877 159 859 159 19
861 187 811 187 877 187 823 187 322
856 229 801 227 879 235 816 234 54
851 244 796 243 877 253 808 253 124
884 67 867 67 885 63 868 62 428
880 73 863 72 881 69 864 68 297
880 75 863 75 881 71 864 70 338
882 83 864 82 883 79 865 78 361
883 122 865 121 885 119 867 118 13
859 261 802 261 883 271 819 272 67
861 267 804 267 885 277 820 277 56
858 270 800 270 881 281 817 281 88
887 69 871 68 889 65 871 64 567
885 81 863 83 887 77 869 76 491
886 127 869 127 889 125 871 123 15
886 142 870 143 889 141 871 140 8
889 145 871 144 891 143 873 142 16
863 229 812 230 891 235 829 236 54
864 240 810 240 889 247 829 247 40
864 254 807 254 887 263 822 263 86
863 264 806 264 887 275 823 275 67
890 54 873 53 893 49 874 48 644
869 218 821 218 893 223 835 223 73
864 236 810 236 893 243 824 243 39
871 252 814 252 897 261 832 261 113
895 155 869 156 901 155 876 153 19
873 256 816 256 899 265 835 267 64
899 153 875 154 905 153 880 152 22
902 158 877 157 907 155 883 155 14
898 167 874 166 905 165 879 165 29
880 254 823 254 907 263 843 263 101
882 254 825 254 909 263 845 263 76
882 264 825 264 909 275 845 275 75
879 267 821 265 905 277 841 278 114
878 272 820 272 905 283 840 283 65
887 277 831 277 915 289 852 287 22
887 283 829 282 911 295 849 295 54
917 108 900 108 919 105 902 104 114
892 221 843 220 921 225 856 225 67
889 217 838 216 919 221 855 221 87
890 249 835 249 919 257 849 258 108
891 258 834 257 919 267 854 267 75
923 69 905 69 927 67 907 65 198
920 99 903 98 923 95 905 94 115
920 134 903 133 923 131 905 131 56
928 108 910 108 931 105 913 104 78
926 110 908 110 929 107 911 106 84
930 112 913 109 933 109 915 108 51
905 252 845 252 929 261 865 261 76
933 89 918 88 935 85 919 84 69
934 114 916 114 937 111 919 110 56
936 124 920 123 939 121 922 120 73
904 238 851 238 939 245 876 245 55
902 244 845 243 937 251 872 251 63
908 261 851 261 939 271 874 271 65
905 259 848 259 935 269 870 269 103
909 274 856 274 939 287 867 287 138
938 74 922 71 941 69 924 68 115
934 142 914 143 941 139 916 140 57
916 236 856 236 945 243 880 243 62
914 259 856 259 945 269 880 269 93
910 263 853 263 941 273 876 273 113
947 24 929 23 951 17 931 18 153
947 124 930 123 951 121 933 120 115
916 215 859 215 951 219 883 219 48
917 238 861 239 949 245 887 245 53
915 243 858 243 947 251 882 251 67
919 247 858 248 949 255 885 255 62
919 254 862 254 951 263 886 263 83
916 256 858 256 947 265 882 265 100
949 67 931 66 953 63 935 61 107
949 118 932 117 953 115 935 114 72
923 213 863 213 955 217 892 217 209
921 219 863 219 957 223 890 223 49
923 265 864 265 955 275 889 275 114
955 165 931 167 963 163 938 163 34
929 228 875 228 959 233 899 233 55
965 110 944 110 969 107 949 106 122
935 226 882 226 967 231 906 231 64
935 252 877 252 969 261 904 261 145
968 65 950 63 975 59 953 59 72
962 170 941 172 971 169 946 168 37
962 180 935 180 971 179 945 179 56
941 205 887 205 971 207 911 207 193
940 222 883 221 971 227 911 226 73
939 228 885 228 971 233 910 233 89
933 239 877 240 971 245 903 246 44
974 47 953 48 981 41 959 41 99
947 237 887 237 981 243 909 243 109
976 61 956 60 983 55 961 55 67
974 102 949 101 985 99 958 97 120
977 191 952 190 987 191 961 190 91
953 232 895 232 985 239 919 239 174
951 239 894 238 985 245 918 245 148
980 90 956 90 991 85 965 84 63
981 169 959 165 991 167 966 167 28
981 181 957 181 991 181 965 180 41
978 186 955 188 989 187 964 187 46
953 215 897 215 989 219 925 219 202
957 219 901 220 993 223 929 223 357
957 221 901 223 993 225 930 227 191
984 117 960 116 995 113 969 112 88
987 142 962 141 999 139 971 139 22
988 166 965 165 997 165 971 164 23
988 176 963 175 999 175 973 174 44
986 180 961 179 997 179 971 177 47
986 181 961 181 997 181 971 180 68
988 187 961 187 997 187 969 188 57
959 207 904 207 995 211 930 209 195
993 89 968 89 1005 83 978 82 86
990 109 964 109 1001 105 975 104 72
994 117 969 116 1005 113 979 112 101
989 159 963 157 1001 157 974 158 7
993 174 968 174 1005 173 979 173 48
992 180 967 181 1003 179 977 179 65
996 121 972 120 1007 117 981 117 51
998 121 974 120 1009 117 983 117 43
1000 124 975 123 1011 121 985 120 39
998 128 973 127 1009 125 983 124 33
995 176 969 175 1007 175 980 174 52
1003 127 979 127 1015 123 988 122 58
1000 144 975 142 1013 141 985 141 13
1003 142 976 140 1015 139 988 139 13
1014 126 989 124 1025 121 999 121 46
1012 153 986 153 1025 151 998 150 9
1015 155 989 154 1029 153 1001 152 10
1018 163 992 165 1029 161 1002 161 10
1016 169 991 169 1029 167 1002 167 26
1020 130 994 132 1033 129 1004 130 21
1020 144 994 143 1033 141 1006 140 11
1021 153 996 152 1035 151 1007 150 8
1027 108 1000 109 1041 103 1012 105 110
1024 114 998 113 1037 109 1010 109 68
1025 165 998 165 1039 163 1012 162 11
1032 164 1005 164 1047 163 1018 162 15
1040 83 1014 81 1053 77 1026 76 111
1038 117 1012 119 1051 113 1024 114 61
1037 125 1011 125 1051 121 1024 121 32
1037 133 1011 133 1051 129 1023 130 39
1036 132 1010 131 1049 129 1023 129 43
1036 151 1009 150 1051 149 1023 148 17
1036 155 1009 155 1051 153 1023 153 19
1038 159 1011 158 1053 157 1025 156 19
1038 164 1011 164 1053 163 1025 162 13
1052 76 1025 75 1067 69 1039 67 107
1054 79 1027 77 1069 73 1041 71 86
1055 140 1029 139 1071 137 1039 137 21
1040 187 998 187 1071 187 1025 187 42
1059 66 1035 66 1075 61 1047 59 38
1060 77 1033 76 1075 71 1047 70 76
1073 96 1038 97 1089 91 1056 91 38
1078 70 1041 70 1093 63 1055 61 244
1076 81 1037 84 1091 77 1051 78 204
1084 81 1051 80 1101 75 1065 75 158
1080 117 1045 117 1103 113 1067 112 15
1079 124 1045 123 1103 119 1067 118 15
1087 86 1053 86 1109 79 1068 80 57
1108 73 1075 74 1125 69 1089 67 41
1116 167 1089 168 1137 167 1111 167 18
1123 119 1085 118 1145 115 1107 114 19
1139 83 1100 84 1171 75 1125 75 42
1170 63 1128 63 1187 57 1144 57 46
1168 183 1130 184 1205 185 1166 183 32
1179 65 1137 65 1215 55 1170 55 65
1183 59 1145 58 1221 49 1179 48 60
1183 119 1145 118 1221 113 1179 112 56
1182 175 1144 176 1219 175 1178 175 51
1188 143 1150 143 1225 145 1184 143 49
1188 177 1149 180 1225 179 1184 179 43
1186 182 1147 182 1223 181 1182 181 51
