127 111 84 114 67 107 17 107 126
136 145 87 145 69 141 23 141 168
132 214 86 213 69 217 18 216 57
135 141 89 142 71 137 17 137 114
140 169 91 169 73 169 17 169 62
137 215 91 215 73 219 22 219 183
137 211 90 211 73 215 21 215 122
135 216 88 216 71 221 18 221 84
138 226 91 225 75 231 21 230 48
141 278 88 277 71 291 19 291 287
146 68 98 69 81 55 23 56 65
145 73 95 72 79 61 23 59 103
142 91 93 91 77 81 25 81 231
140 115 96 116 81 109 36 111 315
140 125 93 125 77 119 25 119 195
143 171 93 171 77 171 21 171 95
144 177 95 177 79 177 24 177 67
143 222 97 222 81 227 31 227 57
140 229 93 228 77 235 25 233 45
147 244 98 244 81 253 26 252 73
146 246 95 246 79 255 22 255 173
148 274 97 274 81 287 23 286 128
150 64 103 64 87 49 31 50 121
153 158 104 158 87 155 31 155 164
149 161 99 161 83 159 27 159 128
151 158 102 158 85 155 29 155 146
151 167 102 168 87 167 31 165 295
149 175 99 175 83 175 27 175 147
145 211 100 211 85 215 39 214 211
150 278 99 278 83 291 26 290 137
150 319 99 318 83 337 26 336 130
155 59 106 60 91 45 35 46 168
159 71 107 71 91 57 37 58 131
155 67 107 67 91 53 35 54 125
156 170 108 170 93 169 42 169 389
155 248 106 248 91 257 35 256 100
158 253 108 253 93 263 36 262 146
157 254 106 253 91 263 34 263 114
156 293 106 292 91 307 35 306 168
151 118 108 118 95 111 45 109 431
157 166 112 166 97 165 47 165 357
159 172 109 171 95 171 41 171 257
160 232 112 232 97 239 33 238 102
159 241 110 240 95 249 39 248 92
160 275 110 274 95 287 39 286 121
161 280 112 280 97 293 41 292 123
166 228 118 227 105 233 53 233 49
166 233 118 232 105 239 50 239 80
166 246 117 246 103 255 48 255 108
162 251 116 251 103 261 47 260 232
168 255 119 255 105 265 49 264 99
166 269 116 269 103 281 47 280 125
166 277 117 276 103 289 48 288 133
164 304 115 303 101 319 45 318 176
171 234 122 234 109 241 54 241 94
171 279 122 278 109 291 54 290 109
171 289 122 289 109 303 54 302 119
174 319 124 318 111 337 54 336 105
170 39 125 39 113 23 64 24 350
174 122 129 122 117 115 66 116 454
172 147 127 149 115 145 66 146 185
170 181 125 181 113 181 63 181 302
177 238 128 238 117 245 62 245 96
176 250 127 250 115 259 60 258 157
178 263 129 262 117 273 63 272 139
176 282 127 282 115 295 61 294 107
177 282 129 282 117 295 62 294 138
178 293 129 293 117 307 63 306 149
175 313 126 312 115 329 60 328 103
176 48 133 48 121 33 74 34 242
180 116 135 116 123 109 72 110 207
176 150 131 150 119 147 69 148 251
180 158 135 158 123 155 73 155 189
176 173 131 173 119 173 69 173 273
178 177 133 177 121 177 71 177 126
180 184 135 184 123 185 73 185 167
181 202 134 202 123 205 71 205 268
179 259 130 259 119 269 64 268 141
181 262 134 261 123 271 69 270 167
179 272 130 271 119 283 65 282 151
182 279 134 278 123 291 69 290 97
179 286 130 285 119 299 65 299 137
183 300 134 300 123 315 68 315 162
181 59 138 59 127 45 77 45 136
183 129 138 129 127 123 77 123 125
181 173 136 173 125 173 75 173 183
185 175 140 175 129 175 80 175 60
186 199 139 199 129 201 77 201 197
187 218 140 218 129 223 76 223 103
184 246 136 246 125 255 71 255 106
184 255 136 254 125 263 72 262 228
184 273 136 273 125 285 72 284 131
186 299 139 298 129 313 77 312 130
185 55 141 57 131 43 81 44 180
188 122 141 123 131 117 83 116 129
186 150 141 150 131 147 80 147 159
188 146 143 146 133 143 83 143 188
190 152 145 152 135 149 85 149 181
189 227 142 227 133 233 80 231 83
191 233 143 232 133 239 79 238 117
189 250 143 250 133 259 79 258 122
192 260 145 259 135 269 82 268 131
190 289 143 288 133 301 81 300 186
191 320 141 319 131 337 75 336 149
195 326 141 326 135 345 75 344 100
194 33 151 34 141 17 93 18 293
192 125 147 125 137 119 87 119 148
192 150 147 150 137 147 87 147 240
193 236 146 236 137 243 85 243 128
194 247 147 247 137 255 84 254 123
197 249 150 248 141 257 88 256 143
195 256 149 255 139 265 86 265 148
197 287 150 286 141 299 89 298 149
203 222 156 222 147 227 95 226 132
197 233 151 233 143 239 95 238 131
201 247 154 247 145 255 93 255 126
200 261 154 261 145 271 93 271 166
199 265 152 264 143 275 92 274 156
200 283 153 282 145 295 94 294 165
202 296 156 295 147 309 96 308 169
201 306 155 306 147 321 96 320 160
205 133 161 136 153 131 103 131 488
203 215 157 215 149 219 96 219 231
204 249 158 249 149 257 98 257 161
203 279 157 279 149 291 98 290 152
207 283 161 283 153 295 103 295 115
203 299 156 299 149 313 98 312 131
208 321 158 321 151 339 94 338 128
208 323 157 322 151 341 91 340 96
194 177 164 177 155 177 122 177 83
209 220 162 220 155 225 104 225 287
209 236 164 236 157 243 108 243 108
210 247 164 247 157 255 107 254 151
211 249 166 249 159 257 109 257 122
212 269 166 269 159 279 109 278 163
210 265 164 265 157 275 107 275 135
209 267 163 267 155 277 105 277 155
209 298 165 297 157 311 107 310 156
209 303 164 303 157 317 106 316 225
202 222 173 223 165 227 118 226 393
212 230 168 229 161 235 110 235 194
216 233 172 233 165 239 116 239 316
215 263 170 263 163 273 113 273 86
213 267 168 267 161 277 111 276 105
213 301 168 301 161 315 112 314 226
208 97 179 98 171 91 139 92 245
205 101 175 102 167 95 134 95 405
207 145 177 145 169 143 137 143 320
220 240 175 240 169 247 119 247 114
222 264 177 263 171 273 122 272 102
219 267 174 267 167 277 117 276 138
210 79 181 81 173 73 141 74 442
213 88 183 88 175 81 143 81 246
213 95 183 96 175 89 143 89 183
215 99 189 100 177 93 143 93 353
211 151 183 151 175 149 145 149 224
211 186 183 186 175 187 145 187 245
213 195 182 195 175 197 142 197 240
224 257 179 256 173 265 123 265 178
224 265 179 265 173 275 123 274 123
225 289 181 288 175 301 126 300 345
227 298 182 298 177 311 125 311 377
225 309 178 308 173 323 122 322 193
218 69 187 69 181 61 147 61 351
221 80 190 81 183 73 148 71 337
218 89 187 89 181 83 147 83 279
213 149 185 149 179 147 148 147 355
215 153 186 153 179 151 149 151 208
218 155 190 155 183 153 153 153 80
216 151 188 151 181 149 151 149 109
216 166 188 165 181 165 151 166 146
215 184 186 183 179 185 149 183 213
216 186 188 186 181 187 151 187 145
217 207 186 207 179 209 146 209 291
219 216 188 216 181 219 151 218 296
224 33 196 34 189 23 159 24 164
224 65 192 65 185 57 155 58 177
225 96 193 96 189 91 155 91 375
225 105 194 105 185 99 152 99 201
224 121 195 121 189 117 158 117 173
221 147 194 147 187 145 157 145 72
222 166 194 166 187 165 157 167 120
220 168 192 168 185 167 155 168 129
220 190 192 190 185 191 155 191 128
220 193 192 192 185 193 155 191 208
235 309 189 308 185 323 129 325 387
229 35 201 37 195 27 165 28 75
225 66 197 67 191 59 156 59 126
229 71 198 71 191 63 157 63 170
230 90 198 89 193 83 160 83 228
226 91 195 91 191 87 156 85 265
232 92 202 92 195 85 161 84 309
225 114 195 114 191 109 159 110 169
230 121 202 121 195 117 165 117 113
227 136 199 136 193 133 163 133 52
233 33 205 33 199 23 170 24 41
235 35 207 35 201 25 172 26 62
234 45 206 46 201 37 171 37 63
235 74 207 75 201 67 172 68 148
232 78 205 81 199 73 170 75 223
235 96 203 95 199 91 167 92 341
234 101 202 101 197 95 164 95 213
235 106 203 106 199 101 166 101 251
234 127 203 127 197 123 164 123 132
236 68 209 69 203 61 174 62 117
236 76 209 76 203 69 174 69 178
236 83 209 84 203 77 174 78 142
236 89 209 90 203 83 173 84 307
241 103 210 103 203 97 169 97 211
243 110 211 110 207 105 174 105 273
236 134 209 134 203 131 174 131 109
245 123 218 123 211 119 181 119 110
247 73 220 77 215 69 185 67 70
248 93 220 92 215 85 186 87 116
248 95 220 96 215 91 185 92 146
251 110 224 110 219 105 190 105 201
252 106 224 106 219 101 189 101 222
249 112 217 112 215 107 180 107 226
251 137 223 141 219 135 190 133 139
260 230 221 230 219 235 176 235 250
254 93 226 92 221 85 192 87 59
253 128 225 129 221 125 192 125 102
257 132 230 132 225 129 196 127 122
257 138 230 137 225 137 196 137 132
275 298 219 298 221 317 156 316 71
279 314 223 315 225 335 160 335 23
258 117 231 118 227 113 198 114 64
284 295 228 295 231 313 169 313 22
266 166 239 166 235 165 207 165 63
268 162 241 162 237 161 209 160 57
278 289 221 289 233 307 169 307 32
284 284 225 284 241 303 178 304 35
284 289 229 289 239 307 171 307 33
295 315 241 313 241 337 181 337 24
279 119 252 120 251 115 224 116 29
306 269 245 269 251 285 180 283 45
309 280 248 280 255 295 184 294 56
307 300 253 300 253 319 193 319 22
314 271 253 271 261 285 191 284 55
317 268 257 267 265 281 195 281 81
316 273 255 273 263 287 193 287 99
310 291 259 292 263 309 204 309 63
310 297 258 297 265 315 201 315 19
324 270 263 270 273 283 203 283 104
319 279 259 279 271 295 198 295 138
317 298 264 297 273 315 207 315 25
312 335 255 335 269 355 196 354 11
326 285 267 284 277 301 214 301 62
321 289 267 289 277 307 219 307 54
323 297 269 297 279 315 214 315 21
323 293 270 293 277 311 218 311 28
324 295 271 295 279 313 223 313 31
309 28 284 26 283 17 257 19 237
311 34 286 34 285 25 260 26 194
309 37 285 38 283 29 256 29 106
309 119 284 118 283 115 257 115 92
308 127 284 127 283 123 257 124 110
306 126 281 127 281 123 243 122 269
309 177 284 177 283 177 257 177 103
335 268 274 267 285 281 215 281 124
333 273 272 273 283 287 213 287 91
331 274 270 274 281 289 211 289 71
331 281 273 281 285 297 215 296 84
313 27 288 26 287 21 261 21 596
317 40 288 39 289 31 265 32 104
311 42 288 43 289 35 261 35 80
315 117 290 117 289 113 263 113 102
315 129 290 128 289 125 263 125 150
314 164 290 164 289 163 263 163 192
312 166 288 166 287 165 261 165 317
340 273 279 273 291 287 221 287 99
337 276 275 276 287 291 216 291 84
330 301 277 302 287 321 223 321 32
317 31 295 32 293 23 269 24 162
320 41 294 41 295 33 268 33 104
320 45 295 45 295 37 271 38 64
325 113 300 113 297 109 271 109 88
322 119 298 119 295 115 277 116 311
322 125 295 125 293 121 267 122 252
318 166 294 166 293 165 269 165 187
319 171 296 171 295 171 270 171 161
345 270 284 269 297 283 227 283 74
342 269 281 269 293 283 223 283 86
344 276 282 276 295 291 225 291 86
342 276 281 276 293 291 223 291 95
345 276 284 276 297 291 227 291 97
337 291 288 292 295 309 235 309 55
336 297 285 297 295 315 234 315 33
327 35 304 36 303 27 279 28 180
328 43 303 43 303 35 273 34 153
326 47 301 47 301 39 274 39 86
326 43 301 43 301 35 274 35 113
324 47 299 47 299 39 275 40 56
326 130 304 130 303 127 279 129 145
321 177 298 177 299 177 265 177 271
327 174 299 173 301 173 274 173 119
325 181 297 181 299 181 271 181 158
329 187 303 187 303 187 275 187 174
350 266 289 266 301 279 231 279 151
351 271 289 271 303 285 233 284 132
345 288 285 289 303 303 234 305 74
341 290 291 289 299 307 239 307 62
342 317 289 317 299 339 239 339 22
345 321 292 321 303 343 243 343 22
342 327 286 326 299 349 237 348 11
334 45 309 45 309 37 283 37 134
332 45 307 45 307 37 280 37 92
331 48 310 49 309 41 282 41 99
329 48 308 49 307 41 280 41 62
329 119 306 119 305 115 281 115 100
329 126 306 126 305 123 281 123 110
332 147 310 149 309 147 285 147 95
329 170 306 169 305 169 281 169 191
334 181 308 181 309 181 281 181 203
334 190 309 191 309 191 281 191 319
356 275 295 274 309 289 238 289 122
351 307 294 308 307 327 241 327 32
348 341 291 341 307 361 239 363 14
338 38 315 39 315 31 291 32 163
338 48 315 49 315 41 291 42 89
336 118 313 119 313 115 289 115 129
338 116 315 117 315 113 291 113 123
337 177 312 177 313 177 285 177 171
336 181 314 181 315 181 287 181 242
359 273 298 273 313 287 242 288 118
361 278 295 277 315 293 244 293 150
353 305 297 303 311 323 243 321 29
355 311 298 311 311 331 244 330 24
362 268 301 268 317 281 247 281 76
365 271 303 275 319 289 249 287 73
363 280 301 280 317 295 246 295 68
363 333 306 332 321 353 257 351 12
348 170 321 172 323 171 294 171 295
350 181 323 181 325 181 296 181 171
352 179 325 179 327 179 307 179 223
350 188 322 188 325 189 296 189 250
365 295 312 295 325 313 264 313 29
363 320 310 319 323 341 262 341 14
368 322 313 321 327 343 264 343 14
355 155 329 155 331 155 303 155 156
366 226 327 225 333 231 289 231 110
361 223 320 223 329 227 284 226 113
362 228 320 228 329 233 275 231 140
368 283 308 281 329 299 263 297 60
375 301 323 301 333 317 275 317 14
359 181 332 181 335 181 306 181 91
380 253 318 254 337 265 266 265 192
380 259 319 259 337 271 267 271 98
379 319 321 320 337 341 274 339 13
387 257 326 257 345 269 275 269 112
385 273 325 271 343 287 273 286 51
385 278 324 278 343 293 272 293 43
385 295 325 295 345 313 277 313 29
369 107 348 109 349 103 327 101 103
367 109 346 113 347 107 325 109 59
374 177 347 178 351 177 324 177 184
374 187 347 187 351 187 322 187 201
374 192 348 191 351 193 322 193 134
374 201 347 201 351 203 321 204 211
391 254 331 254 349 265 279 265 151
373 97 352 99 353 93 331 95 161
375 141 349 143 355 137 328 139 395
377 146 356 146 357 145 335 144 155
377 161 356 161 357 159 335 158 247
378 183 351 183 355 183 327 183 102
379 179 357 181 357 179 333 181 204
379 187 353 187 357 187 329 187 105
394 261 333 260 353 273 282 273 61
396 266 335 265 355 279 286 277 55
394 268 332 268 353 281 281 282 60
397 277 336 276 357 291 287 291 50
393 279 332 281 353 293 283 293 43
397 282 337 281 357 297 287 297 41
395 283 335 283 355 299 285 299 41
396 295 337 295 357 313 285 313 74
383 149 361 149 363 147 340 147 184
383 201 354 201 359 203 326 204 221
402 277 342 276 363 291 294 291 64
389 159 367 159 369 157 346 157 175
385 160 363 160 365 159 342 159 205
388 185 363 185 367 185 339 185 141
409 247 346 249 369 259 300 259 223
407 254 346 254 369 265 300 264 177
403 265 344 264 365 277 296 277 89
407 268 347 268 369 281 300 281 146
394 154 373 156 375 153 352 152 102
391 159 369 159 371 157 348 157 177
391 174 369 174 371 173 348 173 187
411 252 351 252 373 263 305 263 202
411 259 351 259 373 271 304 271 180
408 262 348 263 371 275 302 275 307
410 316 348 316 371 337 301 337 15
395 134 384 135 381 133 370 134 139
414 249 355 248 377 259 309 259 269
416 257 357 258 379 269 311 270 353
416 268 356 268 379 281 310 281 338
414 284 354 283 377 299 309 298 423
414 296 354 296 377 313 309 312 174
421 312 362 312 381 331 314 331 13
400 45 389 46 387 41 375 42 221
402 94 389 94 387 91 374 91 33
398 93 385 91 385 89 371 90 24
400 98 387 98 385 95 372 95 26
397 103 385 103 383 101 369 99 39
398 115 388 115 385 113 374 113 26
401 185 381 185 383 185 365 184 291
421 296 362 296 385 313 318 312 140
407 33 395 33 393 29 380 29 131
406 35 393 35 391 31 379 31 255
405 92 393 92 391 89 378 89 22
405 98 393 98 391 95 378 95 25
405 105 394 107 393 105 379 104 44
404 136 392 136 389 135 379 133 36
408 189 390 188 391 189 372 188 271
404 193 387 194 389 195 370 195 400
427 292 367 292 389 309 314 310 626
435 325 379 324 391 347 324 346 83
409 30 396 29 395 25 382 25 135
412 31 401 32 399 27 387 28 157
409 37 397 38 395 33 382 33 217
411 62 399 63 397 59 384 59 14
409 127 397 127 395 125 382 125 16
413 140 401 140 399 139 387 138 14
411 138 399 138 397 137 385 137 27
411 145 399 144 397 143 384 143 24
413 166 401 166 399 165 387 165 75
411 170 399 170 397 169 384 169 99
413 185 395 185 397 185 378 185 225
411 190 394 191 395 191 376 191 357
440 321 383 321 399 343 330 343 206
439 325 383 325 399 347 337 345 264
418 23 406 24 405 19 392 20 179
419 45 406 46 405 41 392 41 43
419 51 407 51 405 47 393 47 19
419 57 407 57 405 53 393 53 23
415 57 403 57 401 53 389 53 86
417 62 405 63 403 59 391 59 14
415 70 403 70 401 67 389 67 15
417 73 405 72 403 69 391 69 17
419 77 407 76 405 73 393 73 18
418 90 407 90 405 87 393 88 27
417 96 404 96 403 93 390 93 21
416 110 404 111 403 109 390 109 36
415 111 402 111 401 109 388 109 22
414 121 403 121 401 119 389 119 13
419 142 407 142 405 141 393 141 22
419 152 406 151 405 151 392 151 13
415 166 403 166 401 165 389 165 47
415 174 403 173 401 173 388 173 74
419 185 401 185 403 185 384 185 156
417 189 399 188 401 189 383 190 296
419 191 401 190 403 191 384 191 272
422 31 411 31 409 27 397 27 151
425 88 413 88 411 85 399 86 55
425 104 412 103 411 101 398 101 14
420 108 408 108 407 105 394 105 19
421 147 409 146 407 147 395 145 19
431 44 417 43 417 39 403 39 32
427 58 415 58 413 55 401 55 36
426 72 414 73 413 69 400 69 16
428 77 416 77 415 73 402 75 29
430 113 418 114 417 111 404 111 18
427 115 414 115 413 113 400 113 31
426 124 415 124 413 123 401 122 10
430 127 418 127 417 125 405 125 10
429 129 417 129 415 127 403 127 15
434 28 422 28 421 23 408 23 30
436 41 424 41 423 37 410 38 21
432 53 420 52 419 49 407 49 32
432 84 420 84 419 81 407 80 28
436 86 424 86 423 83 411 83 53
433 104 420 103 419 101 407 101 14
432 111 420 111 419 109 406 109 13
436 117 424 117 423 115 411 114 26
434 122 422 122 421 121 408 120 14
433 136 420 137 419 135 405 135 10
436 140 424 140 423 139 411 139 17
436 138 424 138 423 137 411 137 16
431 161 420 161 419 161 406 161 16
437 171 424 171 423 171 410 171 29
434 177 422 178 421 177 408 177 16
442 26 429 26 429 21 416 21 37
439 50 426 50 425 45 412 46 19
438 84 426 84 425 81 413 81 36
440 90 428 90 427 87 413 88 55
440 96 428 96 427 93 415 93 28
438 115 426 115 425 113 413 113 32
442 123 430 122 429 121 417 121 21
442 129 430 129 429 127 416 128 27
438 134 425 134 425 133 412 133 25
437 145 426 145 425 143 413 143 20
438 169 426 169 425 169 412 169 20
442 171 428 171 429 171 415 171 22
438 173 426 173 425 173 412 173 32
440 178 428 177 427 177 414 177 11
440 181 428 181 427 181 414 181 22
446 40 434 40 433 35 421 35 29
444 49 432 50 431 45 418 46 23
448 57 434 57 435 53 421 53 14
444 60 431 60 431 57 418 57 15
443 73 432 73 431 71 419 71 28
446 87 434 88 433 85 421 86 50
448 90 436 90 435 87 423 87 67
448 96 436 96 435 93 422 93 45
444 98 432 98 431 95 418 96 41
447 111 435 110 435 107 422 108 24
446 111 434 111 433 109 420 109 34
444 121 432 121 431 119 419 119 21
448 123 436 123 435 121 423 121 27
445 127 434 127 433 125 421 125 22
446 176 433 175 433 175 420 175 37
452 42 439 42 439 37 427 39 46
454 52 440 51 441 47 427 47 27
452 72 439 73 439 69 425 69 22
451 112 440 111 439 109 427 108 26
450 136 437 136 437 135 424 135 20
454 174 441 173 441 173 429 174 29
450 189 437 188 437 189 424 189 113
459 29 447 29 447 25 435 25 27
459 35 447 36 447 31 434 31 55
460 57 446 57 447 53 433 53 19
456 59 443 60 443 55 429 55 16
458 84 445 85 445 81 432 81 48
460 82 447 82 447 79 434 80 35
457 104 446 103 445 101 433 101 28
459 141 447 141 447 139 434 140 34
457 172 445 172 445 171 432 171 22
458 177 445 178 445 177 432 177 18
458 183 445 183 445 183 432 183 36
471 325 423 324 447 341 393 341 249
465 37 454 37 453 33 441 33 27
465 47 452 47 453 43 439 43 32
464 55 451 56 451 51 437 51 18
462 53 449 54 449 49 435 49 21
466 61 452 60 453 57 439 57 17
462 60 448 59 449 55 435 56 23
464 67 451 67 451 63 438 64 17
462 79 449 79 449 75 436 76 33
462 74 448 71 449 71 435 69 15
465 93 453 94 453 91 443 91 100
461 96 449 96 449 95 437 96 23
461 107 450 109 449 107 437 107 24
466 128 453 129 453 127 440 127 28
463 144 451 144 451 143 438 143 23
465 166 453 166 453 165 441 165 12
461 179 449 179 449 179 436 179 35
464 183 452 183 451 183 438 183 20
473 321 425 322 449 337 396 337 106
477 328 427 328 453 345 397 345 44
467 28 455 28 455 23 443 23 30
471 38 459 37 459 33 445 35 34
472 49 459 50 459 45 447 47 25
472 61 458 61 459 57 445 56 26
470 65 456 65 457 61 443 62 20
472 73 458 73 459 69 445 69 17
472 82 458 82 459 79 445 79 26
469 96 457 96 457 93 445 93 30
471 97 459 98 459 95 446 95 30
469 101 457 101 457 99 444 99 26
468 104 455 105 455 103 442 103 24
467 109 455 110 455 107 442 107 50
471 113 459 113 459 111 446 111 27
477 24 463 26 463 21 451 21 66
477 36 464 36 465 31 450 32 27
473 44 460 44 461 41 447 40 27
474 95 462 95 463 93 451 93 55
475 102 463 101 463 99 450 99 54
475 103 463 103 463 101 450 101 34
473 140 461 140 461 139 448 140 43
477 169 465 170 465 169 452 168 11
488 326 438 326 465 343 410 343 53
483 43 471 42 471 39 458 39 28
483 49 470 50 471 45 457 46 29
481 53 468 53 469 49 455 50 19
481 95 469 95 469 93 457 93 47
479 92 466 92 467 89 453 89 38
483 145 470 144 471 143 457 143 47
488 244 447 245 471 253 421 252 160
491 272 449 271 471 281 425 280 55
491 302 449 302 471 313 426 313 165
488 318 442 317 467 333 415 333 53
492 332 440 332 469 351 411 351 52
485 28 471 29 473 23 457 25 49
489 37 476 37 477 33 464 33 23
487 45 474 45 475 41 462 41 23
487 65 473 65 475 61 461 59 17
487 114 474 113 475 111 461 111 37
489 126 475 126 477 125 463 125 29
487 130 473 129 475 129 461 130 19
485 148 472 148 473 147 459 147 103
489 144 476 144 477 143 463 143 75
489 154 476 154 477 153 464 153 84
489 150 476 151 477 149 463 149 83
488 193 476 193 477 193 458 194 161
496 263 453 263 477 271 430 271 34
493 273 451 272 475 281 429 280 39
494 302 453 302 475 313 430 313 182
497 328 447 328 475 345 419 345 52
491 26 477 26 479 21 464 21 21
495 35 481 37 483 31 468 30 15
491 50 478 50 479 45 466 45 21
495 67 481 67 483 63 468 63 21
491 73 477 73 479 71 465 70 12
491 80 477 79 479 77 465 75 40
491 112 479 113 481 111 467 111 19
495 120 481 120 483 117 468 117 11
491 144 477 144 479 143 465 143 77
491 160 477 159 479 159 465 157 41
493 179 479 183 481 181 467 180 64
492 189 481 189 481 189 469 189 84
502 261 460 261 483 269 437 269 99
498 261 455 261 479 269 432 269 108
500 308 457 308 481 321 433 321 77
503 323 455 323 483 339 429 339 72
501 23 488 23 489 19 476 19 23
501 63 488 63 489 59 475 60 24
497 86 482 85 485 83 472 83 42
498 88 487 88 487 85 475 85 38
500 97 487 97 489 93 475 95 27
499 107 486 107 487 105 474 104 26
499 115 485 115 487 113 473 113 15
501 131 487 131 489 129 475 129 10
497 133 483 133 485 131 471 131 9
499 148 485 148 487 147 473 147 40
497 144 483 144 485 143 471 143 40
496 154 483 154 485 153 471 153 42
496 195 485 195 485 195 473 195 59
498 207 485 207 487 207 475 207 77
501 210 488 210 489 211 476 211 76
497 208 484 208 485 209 472 209 90
507 230 464 230 489 235 442 235 351
506 299 466 299 489 309 445 309 87
503 295 463 295 487 305 443 305 107
506 327 455 328 485 345 430 344 62
510 331 459 331 489 349 432 349 70
504 26 492 25 493 21 480 21 19
505 84 493 84 493 81 479 81 36
504 92 491 92 493 89 479 89 29
503 111 489 112 491 109 477 109 10
507 123 493 123 495 121 481 121 9
503 121 489 121 491 119 476 119 21
506 134 493 135 495 133 481 133 8
505 139 491 139 493 137 479 137 27
503 145 489 144 491 143 477 143 24
502 152 489 153 491 151 478 151 46
506 163 495 162 495 161 484 162 18
502 203 490 202 491 203 478 202 90
512 253 473 252 495 259 452 258 185
512 260 473 260 495 267 452 267 264
509 257 469 256 491 265 447 266 187
508 261 469 261 491 269 447 269 214
509 267 469 268 491 275 447 276 222
508 274 469 275 491 283 448 284 176
512 279 473 278 495 287 452 287 337
510 281 471 280 493 289 450 289 283
512 288 473 288 495 297 453 297 214
510 293 471 293 493 303 450 303 156
510 289 471 289 493 299 450 299 230
512 297 474 296 495 307 452 307 126
514 320 466 320 495 335 442 335 121
508 27 494 28 497 23 482 23 17
510 49 498 50 499 45 486 45 28
508 57 495 57 497 53 483 54 33
511 61 498 62 499 57 487 59 18
512 70 499 71 501 67 487 67 9
508 76 495 76 497 73 483 73 13
510 100 495 100 499 97 485 97 16
512 119 499 119 501 117 487 117 23
509 116 497 115 499 113 485 113 18
512 129 499 129 501 127 486 127 20
512 135 499 135 501 133 487 133 19
513 187 500 187 501 187 488 187 43
512 209 499 208 501 209 488 209 51
516 249 477 249 499 255 457 254 183
514 245 475 245 497 251 454 251 315
516 263 477 261 499 271 457 271 297
517 265 480 266 501 273 460 273 230
518 271 480 271 501 279 460 279 180
516 273 478 274 499 281 458 282 251
516 289 477 290 499 299 457 299 231
520 331 469 331 501 349 444 349 83
514 46 500 45 503 41 489 41 17
518 54 504 53 507 49 493 49 19
518 63 504 63 507 59 493 59 32
516 69 502 67 505 65 491 64 10
514 72 500 72 503 69 489 69 19
518 110 505 109 507 107 493 107 11
516 122 501 123 503 121 489 121 10
514 132 501 132 503 131 489 131 18
514 152 501 152 503 151 485 149 30
516 177 502 178 505 177 491 177 13
518 179 505 179 507 179 494 179 21
514 181 503 183 505 183 490 181 18
517 187 504 189 505 189 492 188 17
517 204 503 205 505 205 493 204 32
516 216 502 216 505 217 491 217 72
523 280 487 280 505 287 469 287 288
519 295 480 295 503 305 459 305 252
522 307 479 307 505 319 458 319 76
523 310 479 310 505 323 456 323 123
526 326 476 326 507 343 452 343 197
524 36 511 36 513 31 501 31 34
525 70 510 70 513 67 499 67 15
522 75 509 74 511 71 497 71 18
520 78 506 79 509 75 494 75 26
520 80 507 80 509 77 495 77 17
524 88 511 88 513 85 499 85 17
522 90 509 89 511 87 497 87 14
524 94 510 94 513 91 498 91 22
524 108 511 106 513 105 499 105 19
520 113 507 114 509 111 496 111 16
522 135 509 135 511 133 498 133 17
522 133 509 133 511 131 498 131 10
522 170 508 169 511 169 498 169 21
523 172 511 171 513 171 499 169 26
524 168 511 168 513 167 500 167 16
522 183 509 183 511 183 497 183 22
524 191 511 191 513 191 500 191 28
531 222 515 222 509 223 492 223 88
525 235 507 235 513 237 493 237 77
522 233 505 233 511 235 492 235 121
523 239 503 239 511 241 490 241 114
526 255 501 255 513 259 486 259 136
524 259 497 259 511 263 483 263 163
524 291 486 291 509 301 467 301 109
530 308 487 308 513 321 466 321 99
529 318 481 318 511 333 459 333 92
527 325 483 324 509 341 455 341 99
529 330 478 329 511 347 454 347 97
527 39 516 40 517 35 505 33 36
526 71 512 71 515 67 501 68 14
526 98 512 98 515 95 501 95 21
530 108 517 107 519 105 505 105 14
528 126 514 124 517 123 503 122 13
526 131 512 130 515 129 501 129 16
528 133 515 133 517 131 504 131 14
528 139 514 139 517 137 503 137 13
526 154 512 154 515 153 501 153 15
525 169 513 170 515 169 502 169 16
529 171 517 171 519 171 506 170 23
527 187 516 187 517 189 505 189 40
526 195 513 195 515 195 503 195 11
529 191 518 190 519 191 507 190 32
528 213 515 212 517 213 504 213 66
526 218 512 218 515 219 500 219 102
526 231 508 231 515 233 496 233 83
532 251 507 251 519 255 493 255 84
527 250 501 250 515 253 489 253 178
528 257 501 257 515 261 487 261 129
534 265 504 265 519 271 491 272 14
536 316 489 316 519 331 469 330 148
534 49 521 49 523 45 510 45 21
531 94 519 92 521 91 508 90 19
536 110 525 108 525 107 511 107 47
531 122 518 123 521 121 507 121 12
532 146 521 147 523 145 511 146 20
533 164 519 162 523 163 511 163 13
533 170 521 170 523 169 511 170 14
533 195 522 193 523 195 511 195 10
534 216 519 216 523 217 508 217 75
539 271 507 271 525 277 492 277 8
536 289 499 289 521 299 480 299 122
539 295 501 295 525 305 482 305 49
540 303 499 303 525 315 479 315 119
541 44 528 44 531 39 517 39 30
539 42 526 41 529 37 515 37 27
537 46 524 46 527 41 513 41 19
539 47 527 45 529 43 515 43 22
538 63 523 62 527 59 513 59 20
541 87 527 86 531 83 517 83 17
539 103 525 102 529 101 514 99 11
541 148 529 149 531 147 519 147 23
541 154 530 155 531 153 519 153 56
538 216 523 216 527 217 512 217 121
543 246 519 246 531 249 506 249 130
541 257 516 257 529 261 502 261 58
544 293 506 293 531 303 489 303 165
546 305 503 305 531 317 485 317 120
547 53 534 53 537 49 523 49 30
545 51 532 52 535 47 521 47 23
545 56 532 57 535 53 521 53 10
547 67 534 67 537 63 523 63 16
547 78 534 77 537 75 524 75 19
543 80 530 80 533 77 520 77 22
547 84 533 85 537 81 522 81 22
547 111 533 110 537 109 523 110 13
547 125 534 125 537 123 523 123 22
545 123 531 125 535 121 521 120 19
545 152 533 152 535 151 523 151 36
543 156 531 156 533 155 521 155 23
547 161 535 162 537 161 524 161 36
545 164 533 164 535 163 522 163 30
547 175 535 176 537 175 525 175 25
547 186 535 185 537 185 525 185 14
547 189 535 189 537 189 525 189 14
545 197 533 197 535 197 521 196 16
547 213 534 212 537 213 523 213 69
543 216 529 216 533 217 518 217 114
544 231 527 229 533 233 509 231 130
544 241 521 240 533 243 510 243 114
546 255 517 256 533 259 507 259 66
550 291 512 291 537 301 497 301 38
549 295 509 295 535 305 492 305 39
545 312 503 311 533 325 484 325 142
549 38 536 37 539 33 525 32 40
553 34 539 33 543 29 529 29 48
551 96 537 95 541 93 527 94 37
551 107 537 106 541 105 527 104 37
553 117 540 118 543 115 529 115 57
549 121 536 121 539 119 526 119 30
551 123 538 124 541 121 527 122 31
553 131 540 131 543 129 530 129 28
549 136 535 136 539 135 526 135 18
549 148 537 148 539 147 525 146 34
549 156 537 156 539 155 527 155 44
551 164 538 164 541 163 528 163 62
551 178 538 177 541 177 528 177 88
549 174 537 174 539 173 527 173 32
548 181 536 181 539 181 526 180 35
551 189 539 189 541 189 528 189 45
549 201 536 201 539 201 526 201 41
553 212 539 212 543 213 529 213 153
550 250 529 249 539 253 515 253 105
556 312 513 311 543 325 493 325 57
559 47 545 48 549 43 535 43 15
557 61 544 60 547 57 534 57 28
559 89 545 88 549 87 535 86 27
553 91 542 92 545 89 532 89 29
558 189 547 189 549 189 538 189 106
554 195 543 195 545 195 533 195 67
559 224 542 224 549 225 532 227 73
558 241 536 240 547 243 525 243 120
556 243 534 242 545 245 522 244 107
559 253 535 253 545 257 519 257 87
559 269 528 269 547 275 514 275 7
563 309 519 309 549 323 500 323 58
561 315 515 315 547 329 496 329 106
563 73 549 73 553 69 539 69 23
565 69 552 69 555 65 541 65 15
564 78 551 78 555 75 541 75 15
565 85 551 84 555 81 541 81 22
564 105 551 104 555 103 541 102 222
564 131 553 133 555 129 543 131 111
562 165 551 166 553 165 539 163 233
564 162 553 163 555 161 541 162 358
560 185 549 185 551 185 540 185 152
562 193 551 192 553 193 542 193 221
565 212 551 212 555 213 541 213 166
561 214 545 214 551 215 536 215 167
561 235 542 235 551 237 531 237 38
564 246 541 246 553 249 529 249 126
562 254 537 254 551 257 525 257 63
562 270 531 271 551 275 517 275 10
567 287 531 287 555 295 525 296 30
565 289 525 289 551 299 510 298 41
570 21 558 20 561 17 547 15 141
569 43 556 43 559 39 546 38 60
571 49 559 51 561 45 549 47 42
571 52 557 51 561 47 547 47 34
568 54 555 55 559 51 545 51 21
568 81 555 80 559 77 545 77 23
570 91 557 93 561 89 545 88 81
569 119 559 117 559 117 548 117 330
566 123 555 123 557 121 545 121 108
568 127 556 127 559 125 546 125 192
570 131 558 130 561 129 548 128 160
568 142 555 142 559 141 545 141 135
568 139 555 138 559 137 545 137 129
569 144 555 144 559 143 545 143 201
566 163 555 165 557 163 545 163 300
570 170 558 169 561 169 548 169 227
566 172 555 171 557 171 545 171 325
566 173 555 171 557 173 545 172 214
566 190 556 191 557 191 546 191 191
566 197 555 197 557 197 543 199 172
567 228 549 228 557 229 539 229 65
569 241 547 240 559 243 536 243 94
573 291 534 291 561 301 519 301 45
571 295 532 295 559 305 516 305 33
571 297 532 297 559 307 517 307 66
576 25 565 25 567 21 555 21 265
574 29 563 29 565 25 553 25 158
574 41 561 41 565 37 551 37 115
573 58 559 58 563 55 549 55 38
572 76 558 75 563 73 549 73 22
575 87 562 85 565 85 553 83 69
574 92 562 92 565 89 552 89 61
576 111 563 111 567 109 553 109 285
574 123 562 123 565 121 553 121 273
576 127 563 127 567 125 554 125 197
574 129 561 129 565 127 553 128 205
572 148 559 148 563 147 550 147 319
574 144 561 144 565 143 552 142 407
576 158 563 158 567 157 553 157 302
572 162 559 161 563 161 550 161 377
574 172 562 171 565 171 552 171 227
574 195 564 195 565 195 555 195 135
572 201 561 202 563 201 555 203 198
576 222 560 222 567 223 550 223 71
576 314 532 314 565 327 515 327 111
582 45 570 44 573 41 560 41 92
582 51 569 50 573 47 560 46 126
578 76 565 76 569 73 555 73 38
582 101 569 101 573 99 560 99 124
580 123 568 123 571 121 559 121 294
580 129 569 130 571 127 560 128 212
582 146 567 145 573 145 559 144 211
582 152 569 152 573 151 559 151 281
576 211 562 211 571 211 557 211 144
579 214 565 214 569 215 555 215 82
580 233 562 232 571 235 552 233 53
581 237 560 237 571 239 551 239 76
585 327 535 327 573 343 517 343 67
586 27 573 27 577 23 564 23 211
586 31 573 31 577 27 564 27 130
588 37 572 36 579 33 568 33 235
588 45 578 45 579 41 568 41 121
584 49 572 48 575 45 563 45 97
586 53 574 52 577 49 565 48 185
588 53 576 52 579 49 567 48 154
588 78 575 79 579 75 566 76 83
588 97 575 98 579 95 565 94 128
584 103 571 104 575 101 562 101 139
588 123 575 122 579 121 565 121 229
586 174 575 174 577 173 566 173 230
587 184 578 184 579 183 569 183 247
584 187 574 187 575 187 565 187 173
588 203 576 203 579 203 567 203 150
589 211 575 210 579 211 567 211 260
585 214 571 214 575 215 561 215 97
589 291 552 291 579 301 538 301 36
588 299 548 298 577 309 533 309 104
590 312 545 312 579 325 530 325 128
588 321 540 321 577 337 523 337 131
594 25 582 25 585 21 573 21 237
590 21 577 22 581 17 568 17 254
594 23 582 24 585 19 573 19 161
591 41 579 41 583 37 570 37 102
594 53 582 52 585 49 572 47 166
592 55 579 55 583 53 570 51 276
594 64 583 63 585 61 574 59 239
594 98 581 98 585 95 571 95 57
594 127 580 127 585 125 571 125 112
590 170 577 169 581 169 568 168 261
594 178 584 178 585 177 575 177 203
590 180 580 178 581 179 571 178 176
592 185 582 185 583 185 573 185 249
592 191 582 191 583 191 573 191 351
593 197 585 199 585 197 576 199 237
590 199 577 201 581 199 569 201 168
590 228 572 227 581 229 563 229 42
590 242 568 242 581 245 558 245 78
591 297 552 297 581 307 537 307 131
595 305 552 305 585 317 538 317 114
597 310 552 310 585 323 537 323 136
595 326 546 327 585 343 529 343 195
598 24 586 23 589 19 577 19 122
598 31 586 31 589 27 577 27 186
596 27 584 27 587 23 575 23 207
598 39 586 39 589 35 577 35 177
600 100 586 101 591 97 577 99 69
596 103 582 104 587 101 573 101 61
599 113 586 113 591 111 577 110 99
598 112 584 111 589 109 575 109 102
598 146 583 147 589 145 574 146 310
599 153 586 152 591 151 577 151 196
596 178 586 178 587 177 577 177 241
599 186 590 185 591 185 581 186 169
595 190 586 189 587 189 577 189 141
598 193 588 193 589 193 579 193 246
597 201 584 202 589 201 575 202 179
597 207 585 207 589 207 576 207 144
596 215 585 214 589 215 575 215 121
598 215 585 215 591 215 578 215 81
597 242 575 242 587 245 564 245 76
599 297 558 297 589 307 545 307 111
606 32 593 31 597 27 584 26 269
602 35 589 35 593 31 581 31 113
603 76 590 76 595 73 581 73 79
605 102 592 102 597 99 583 99 64
605 108 593 108 597 105 584 105 77
602 110 589 110 593 107 580 107 90
602 121 588 121 593 119 579 117 179
601 127 588 127 593 125 579 125 90
603 173 593 174 595 173 584 173 281
605 199 590 197 597 199 583 198 407
605 201 593 201 597 201 585 201 109
601 203 590 203 593 203 580 203 213
605 207 593 207 597 207 585 207 81
601 209 589 209 593 209 581 209 140
606 222 590 222 597 223 581 223 94
601 236 583 237 595 239 574 239 83
607 69 594 70 599 65 586 66 98
609 76 596 76 601 73 587 72 81
607 80 594 80 599 77 585 76 68
607 100 594 100 599 97 586 96 60
609 140 597 140 601 139 588 138 163
607 160 594 160 599 159 585 159 128
611 207 599 207 603 207 591 206 66
611 211 599 211 603 211 591 211 221
611 214 598 214 603 215 599 215 345
607 218 593 219 599 219 584 219 90
608 227 592 226 601 227 581 229 58
609 231 590 232 601 233 581 233 52
611 251 583 251 603 253 576 251 107
612 300 570 300 603 311 558 311 115
608 309 563 309 599 321 551 321 134
612 320 564 320 603 335 556 335 95
613 53 600 53 605 49 592 49 98
615 51 602 51 607 47 594 47 133
617 65 604 65 609 61 596 60 143
613 94 601 94 605 91 592 91 68
616 98 605 97 609 95 596 95 92
613 129 601 128 605 127 592 127 94
613 131 601 130 605 129 592 128 82
617 150 604 150 609 149 595 148 127
613 162 600 162 605 161 592 161 82
613 178 604 177 605 177 595 176 178
617 180 607 179 609 179 599 179 167
613 183 603 183 605 183 595 183 155
615 199 603 199 607 199 595 198 110
615 226 598 226 607 227 589 227 86
613 238 592 238 605 241 582 241 61
613 265 583 261 605 269 574 270 10
615 304 573 303 607 315 561 315 129
618 307 574 307 609 319 562 319 154
615 322 563 323 607 337 549 338 107
623 31 610 31 615 27 601 27 126
621 67 608 67 613 63 600 62 176
621 78 608 78 613 75 600 75 91
621 107 609 107 613 105 600 105 70
623 131 610 130 615 129 602 128 174
619 141 606 140 611 139 598 138 115
621 144 607 144 613 143 599 143 221
621 158 608 158 613 157 600 157 108
619 170 606 169 611 169 600 169 146
623 172 610 171 615 171 602 170 134
623 178 613 178 615 177 604 177 241
623 184 614 184 615 183 606 183 229
619 203 608 203 611 203 600 203 109
623 224 606 224 615 225 598 225 69
620 257 594 257 613 261 586 261 9
619 298 579 298 611 309 567 309 173
619 307 576 307 611 319 563 319 133
622 315 573 315 615 329 563 329 91
618 315 570 315 611 329 559 329 84
625 35 612 35 617 31 604 31 243
625 37 612 37 617 33 604 33 182
627 43 614 43 619 39 606 39 117
625 49 612 48 617 45 604 44 218
629 113 616 113 621 111 608 111 103
629 127 617 127 621 125 609 125 197
625 137 613 136 617 135 604 135 112
625 158 612 158 617 157 604 157 116
625 164 612 163 617 163 604 162 108
625 195 615 195 617 195 607 195 226
629 222 611 222 621 223 603 223 105
627 226 610 226 619 227 601 227 75
628 230 612 230 621 231 604 231 51
625 228 608 228 617 229 599 229 124
627 237 608 236 621 239 598 239 57
628 269 606 268 621 275 584 273 12
625 319 578 319 619 333 566 333 70
633 23 621 23 625 19 613 18 63
631 50 619 50 623 47 610 47 253
634 88 621 88 625 85 617 85 373
635 97 622 97 627 95 614 95 91
630 125 619 127 623 123 611 125 178
635 166 622 165 627 165 614 165 183
632 176 621 174 625 175 613 173 294
633 180 624 180 625 179 616 179 301
633 189 625 189 625 189 617 188 203
631 197 620 197 623 197 612 197 195
633 201 622 201 625 201 614 201 122
633 211 622 211 625 211 614 211 92
630 224 614 224 623 225 605 225 112
630 233 611 234 623 235 603 235 68
632 235 612 235 625 237 604 237 61
630 241 609 241 625 243 602 243 33
630 300 589 300 623 311 578 311 135
631 305 589 305 623 317 577 317 127
630 313 584 313 623 327 572 327 87
629 319 582 319 623 333 570 333 68
641 58 629 58 633 55 621 55 162
641 64 629 64 633 61 621 61 250
639 77 631 77 631 75 623 75 363
637 85 628 84 629 83 620 82 355
637 107 625 106 629 105 617 104 133
637 105 625 104 629 103 617 102 170
637 144 626 144 629 143 618 143 251
637 152 625 152 629 151 617 151 291
638 168 627 168 631 167 619 167 259
641 183 633 183 633 183 625 183 262
638 181 631 181 631 181 623 181 247
637 186 629 185 629 185 621 184 311
639 187 631 187 631 187 623 187 201
641 209 628 209 633 209 622 209 88
640 235 620 235 633 237 612 237 48
635 241 614 241 629 243 606 243 33
635 274 601 275 629 281 590 281 9
637 281 602 282 631 289 593 289 8
635 330 584 330 629 347 572 347 65
644 62 633 62 637 59 625 59 175
645 68 634 67 637 65 626 64 304
647 74 639 73 639 71 632 71 517
647 82 639 80 639 79 631 78 318
646 137 635 136 639 135 628 135 173
642 135 632 135 635 133 624 133 333
644 142 633 142 637 141 625 141 167
645 150 633 149 637 149 625 148 226
646 196 635 195 639 195 627 197 223
644 201 633 201 637 201 626 201 193
642 205 631 205 635 205 624 205 81
644 209 633 209 637 209 625 209 314
644 222 629 222 637 223 621 223 82
646 226 629 226 639 227 621 227 84
642 228 625 228 635 229 617 229 64
642 235 621 235 635 237 614 237 43
641 241 620 241 635 243 612 243 28
643 282 607 282 637 291 599 289 13
645 282 609 280 639 287 603 286 12
648 75 641 75 641 73 634 73 307
649 140 638 140 641 139 629 139 175
648 172 640 172 641 171 633 171 355
650 195 639 195 643 195 631 195 181
650 199 639 199 643 199 632 199 146
645 213 632 213 641 213 627 213 188
648 228 631 228 641 229 623 229 53
649 233 630 233 643 235 622 235 48
647 239 626 239 641 241 619 241 43
649 239 629 239 643 241 627 240 53
646 315 599 316 641 329 591 329 65
648 330 596 329 643 347 586 347 43
654 80 647 78 647 77 639 76 506
659 107 652 107 651 105 644 105 161
654 150 642 151 647 149 634 150 303
654 168 647 168 647 167 639 167 334
658 178 647 178 651 177 640 177 357
656 197 645 197 649 197 637 197 110
654 201 643 201 647 201 636 201 163
656 205 645 205 649 205 637 205 143
654 213 642 213 647 213 635 213 112
654 209 642 209 647 209 635 209 80
656 215 644 215 649 215 637 215 79
655 224 639 224 649 225 632 225 90
657 224 641 224 651 225 633 225 116
658 227 639 228 651 229 633 229 43
654 257 628 258 649 261 620 261 11
653 315 607 316 649 329 598 329 62
660 84 649 83 653 81 641 80 794
663 94 656 95 655 93 651 92 380
661 101 653 100 653 99 646 99 207
664 158 657 161 657 157 651 157 315
662 174 657 173 655 173 647 173 572
662 189 651 189 655 189 643 189 163
664 197 653 197 657 197 645 197 124
660 199 649 199 653 199 642 199 105
660 209 649 209 653 209 641 209 173
662 215 649 215 657 215 645 215 93
663 222 647 222 655 223 638 223 129
660 237 639 237 653 239 632 239 31
657 312 612 312 653 325 603 325 67
657 317 610 317 653 331 601 331 55
656 326 607 326 657 339 602 339 68
667 72 662 72 659 71 654 70 300
667 90 662 90 659 89 654 89 239
666 98 661 99 659 97 652 97 178
667 105 661 105 659 103 652 103 533
666 110 659 110 659 109 652 109 148
668 116 661 116 661 115 654 115 129
668 119 661 119 661 117 654 117 150
671 128 666 128 663 127 656 127 110
670 136 665 135 663 135 658 136 141
666 138 660 140 659 139 652 139 147
671 145 666 145 663 145 658 145 185
666 155 660 151 659 151 652 149 238
665 218 649 217 659 219 643 219 92
669 228 651 227 663 229 645 229 61
665 231 646 231 659 233 639 233 46
666 256 639 257 661 261 632 261 8
664 260 635 259 659 265 629 265 9
667 277 633 278 663 285 627 285 13
666 306 622 308 663 319 615 319 70
673 73 668 72 665 71 660 70 197
673 78 668 78 665 77 660 77 239
676 83 673 81 669 81 664 81 161
674 97 669 98 669 95 661 94 199
673 120 665 120 665 119 659 119 320
674 134 670 134 667 133 662 133 148
672 184 660 183 665 183 653 183 217
676 180 665 180 669 179 657 179 521
676 187 664 187 669 187 657 187 265
672 189 660 189 665 189 653 189 277
674 193 662 193 667 193 655 193 208
672 195 660 195 665 195 653 195 190
672 209 659 209 665 209 653 209 126
674 217 656 216 667 217 653 217 118
675 235 655 235 667 237 645 237 52
671 262 642 261 667 267 636 268 8
669 313 621 313 667 327 615 327 54
680 130 676 130 673 129 668 129 220
678 135 674 139 671 135 666 137 129
680 142 675 142 673 141 668 141 203
678 152 669 151 671 151 667 152 130
679 158 674 158 671 157 666 157 110
680 162 676 162 673 161 668 161 106
681 187 671 187 675 187 665 187 288
680 190 669 189 673 189 662 189 236
678 195 666 195 671 195 659 195 205
681 197 670 197 675 197 663 197 435
680 200 668 201 673 201 661 201 238
678 208 666 207 671 207 659 207 99
682 204 670 205 675 205 663 205 146
679 218 665 218 673 219 657 219 165
676 242 653 243 671 245 647 246 30
678 251 652 252 673 255 646 253 11
673 319 626 319 671 333 618 333 50
685 73 680 73 677 73 672 73 131
686 118 681 118 679 117 674 117 125
684 115 679 114 677 113 672 113 84
689 124 683 124 681 123 676 123 58
684 128 679 128 677 127 672 127 97
688 132 683 132 681 131 676 131 87
684 139 679 139 677 135 672 133 154
688 152 683 152 681 151 676 151 65
684 156 680 156 677 155 672 155 105
687 203 677 203 681 203 670 203 202
683 217 669 217 677 217 662 217 122
684 272 653 272 681 277 649 276 11
678 313 631 313 677 327 626 327 25
682 319 635 319 681 333 629 333 34
678 328 627 328 677 345 621 345 94
678 325 629 325 677 341 621 343 77
693 71 688 70 685 69 680 68 161
690 73 686 72 683 71 678 71 159
695 74 690 74 687 73 682 72 151
692 77 688 76 685 75 680 75 158
692 109 687 109 685 109 680 109 134
690 109 685 108 683 107 678 107 150
690 116 685 116 683 115 678 115 83
694 114 689 114 687 113 682 113 122
690 158 685 158 683 157 678 157 115
691 191 680 191 685 191 674 191 356
691 205 681 205 685 205 674 205 221
693 203 683 203 687 203 676 203 148
693 209 683 209 687 209 676 209 132
689 215 676 215 683 215 670 215 264
691 233 673 233 683 235 663 235 73
691 261 663 260 687 265 657 265 14
688 300 645 300 687 311 641 311 7
687 319 640 319 687 333 634 333 57
699 98 693 98 691 97 684 97 72
696 106 691 106 689 105 684 105 129
701 102 695 102 693 101 687 101 93
696 113 691 112 689 111 684 110 87
696 134 691 134 689 133 684 133 120
698 138 693 138 691 137 686 137 120
700 170 695 169 693 169 687 169 86
700 189 692 189 693 189 684 189 181
696 190 685 189 689 189 679 189 181
695 209 685 209 689 209 678 209 152
694 217 677 217 689 217 674 217 347
694 224 677 224 689 225 671 225 174
698 226 681 226 693 227 675 227 144
695 230 677 230 689 231 671 231 185
693 251 666 254 689 257 660 258 13
697 291 659 292 693 301 654 299 10
692 296 652 297 691 307 646 307 13
691 315 644 315 691 329 640 329 30
689 315 643 315 689 329 638 329 35
691 321 643 321 691 335 638 335 51
704 112 699 112 697 111 692 110 83
706 146 700 146 699 145 693 145 108
702 148 696 148 695 147 689 147 110
702 158 696 158 695 157 689 157 103
704 162 697 162 697 161 690 161 89
706 164 699 164 699 163 692 163 61
704 196 695 195 697 195 688 195 144
706 199 697 199 699 199 690 199 287
701 197 693 197 695 197 686 197 227
701 254 675 251 699 257 673 259 9
701 277 667 277 699 283 662 283 9
701 285 664 286 699 293 658 292 13
698 298 657 299 697 309 652 309 14
696 319 649 319 697 333 644 333 38
708 86 703 86 701 85 696 85 95
712 88 707 88 705 87 700 87 89
707 90 703 90 701 89 697 89 56
711 96 705 95 703 95 698 95 84
708 108 703 107 701 107 696 109 113
708 118 701 118 701 117 695 117 127
712 114 706 114 705 113 699 113 119
712 120 706 120 705 119 699 119 71
707 129 703 130 703 129 697 129 145
710 140 704 140 703 139 697 139 92
708 156 702 156 701 155 695 155 84
709 176 702 175 703 175 697 174 109
713 215 697 215 705 215 691 215 199
708 220 693 220 703 221 686 221 216
708 226 692 226 703 227 686 227 167
708 264 679 264 705 269 675 269 13
704 309 660 309 705 321 657 321 55
715 57 709 57 709 57 703 55 14
715 61 711 61 709 61 705 59 55
716 76 709 76 707 75 702 74 91
718 110 712 109 711 109 705 108 114
714 108 709 108 707 107 702 106 90
716 119 710 118 709 117 702 116 125
718 126 712 126 711 125 705 125 75
714 144 708 144 707 143 701 143 97
718 146 712 146 711 145 705 145 77
714 160 708 159 707 159 700 159 58
716 168 709 167 709 167 702 167 46
715 172 707 171 707 171 700 171 158
715 186 706 185 709 185 700 185 127
713 191 703 192 707 191 698 190 336
715 213 700 213 711 213 697 213 414
713 224 692 225 707 225 690 225 145
715 239 696 238 711 241 691 239 12
706 302 665 302 707 313 661 313 13
706 312 661 313 707 325 657 326 21
705 321 654 320 707 335 654 335 58
706 322 657 322 707 337 663 339 163
707 332 655 332 709 349 651 349 144
723 61 718 62 715 61 711 60 60
720 78 715 78 713 77 708 77 109
724 88 719 88 717 87 712 86 67
723 93 717 92 715 91 711 91 54
724 102 719 102 717 101 712 100 103
720 105 714 105 713 103 707 103 79
724 109 717 108 717 107 711 107 99
724 136 717 136 717 135 710 135 72
722 140 716 140 715 139 709 139 113
724 156 717 156 717 155 710 155 54
719 207 702 207 715 207 697 207 284
721 217 704 217 717 217 699 217 155
714 332 662 332 717 349 660 349 221
730 85 725 84 723 83 718 82 69
730 114 725 114 723 113 718 112 120
728 120 722 119 721 119 715 118 126
730 122 724 121 723 121 717 120 131
728 138 721 138 721 137 714 136 81
727 152 720 151 721 151 714 151 70
730 160 722 159 723 159 716 159 55
725 175 718 175 719 175 712 174 222
725 181 716 181 719 181 710 181 450
727 197 710 196 723 197 705 196 280
723 209 706 209 719 209 701 209 166
723 215 706 214 719 215 701 215 186
723 220 706 221 719 221 701 221 151
723 240 701 238 719 241 695 240 12
719 298 681 297 719 309 677 307 10
721 296 682 297 723 307 679 307 12
719 317 671 317 721 331 669 331 131
718 329 665 329 721 345 665 345 177
734 118 729 118 727 117 721 116 137
732 128 725 128 725 127 719 126 120
732 134 725 134 725 133 718 133 81
735 132 728 132 729 131 722 131 63
734 138 727 138 727 137 720 137 68
734 148 728 148 727 147 721 146 98
736 146 730 146 729 145 723 145 110
736 152 730 152 729 151 723 151 148
736 160 729 160 729 159 722 159 57
734 166 727 166 727 165 720 165 61
731 226 714 226 727 227 709 227 64
728 299 687 299 729 309 684 309 11
725 295 686 295 727 305 684 305 11
727 302 686 303 729 313 683 313 12
724 320 675 321 727 335 674 335 150
725 327 673 328 729 343 673 343 175
742 67 737 66 735 65 730 64 137
742 72 737 72 735 71 730 70 189
740 118 735 118 733 117 728 116 106
742 115 737 114 735 113 730 112 117
741 131 733 130 733 129 727 130 102
742 140 737 140 735 139 730 139 97
738 162 732 162 731 161 725 161 72
735 191 718 191 731 191 713 191 531
727 317 681 317 731 331 679 331 147
728 329 680 328 733 345 676 346 193
743 98 740 99 737 97 734 98 84
744 144 738 145 737 143 731 143 48
746 153 740 153 739 153 733 151 61
746 160 739 160 739 159 732 159 102
743 207 725 207 739 207 720 207 67
750 68 745 68 743 67 738 66 179
756 96 749 94 747 93 741 92 73
751 92 747 92 745 91 739 90 202
749 96 745 96 743 95 737 94 227
749 102 743 101 743 101 737 100 244
750 119 744 115 743 117 737 117 136
752 122 746 122 745 121 739 120 173
752 134 747 137 745 133 739 132 57
754 162 749 162 747 161 742 161 89
753 172 747 172 747 171 741 171 160
746 199 728 199 743 199 728 199 112
751 207 729 207 745 207 725 207 50
746 203 728 203 743 203 725 203 58
747 266 713 266 747 271 711 269 13
743 273 710 272 743 279 708 278 14
739 284 705 286 743 293 702 291 11
760 64 755 64 753 63 748 62 156
756 68 751 68 749 67 744 65 195
760 71 755 70 753 69 748 68 185
758 122 753 121 751 121 746 120 177
756 132 751 132 749 131 744 131 124
757 164 751 164 749 163 744 163 181
753 277 719 275 753 283 718 283 13
766 65 761 64 759 63 754 62 112
762 78 757 78 755 77 750 76 168
764 80 759 80 757 79 752 78 118
761 170 755 169 755 169 749 169 184
765 168 759 167 759 167 753 167 154
762 187 744 187 759 187 741 187 133
758 205 740 205 755 205 736 205 28
757 222 742 222 755 223 739 223 47
759 271 727 271 759 277 727 277 12
754 293 716 293 757 301 715 301 10
754 304 712 304 759 315 714 315 16
752 311 706 310 757 323 707 322 16
770 71 765 70 763 69 758 68 159
770 109 765 109 763 109 759 110 193
768 122 762 122 761 121 755 121 58
770 148 764 148 763 147 758 146 66
768 155 762 154 761 153 756 153 79
768 175 761 173 761 173 754 171 76
766 191 748 191 763 191 745 191 91
759 276 726 276 761 283 726 282 14
759 294 722 297 763 303 721 302 19
760 301 719 301 765 311 720 312 15
759 308 718 306 765 319 717 319 14
778 115 772 113 771 113 766 113 200
774 118 768 118 767 117 762 116 132
773 201 759 203 771 201 755 203 446
782 98 777 97 775 97 770 96 362
780 117 774 115 773 115 768 115 243
783 120 779 120 777 119 771 118 238
782 146 776 145 775 145 770 145 121
780 164 774 164 773 163 767 163 68
776 216 759 213 773 217 757 215 292
767 302 725 301 773 313 727 312 15
788 88 783 88 781 87 776 86 270
786 108 781 108 779 107 774 107 392
788 111 783 110 781 109 776 109 391
785 142 781 142 779 141 774 141 366
787 157 782 156 781 155 776 154 267
785 172 771 172 779 171 764 173 296
774 314 730 314 783 327 733 328 16
772 312 726 311 779 325 729 324 15
770 321 725 319 779 333 727 333 13
792 124 789 124 787 123 786 123 317
796 130 791 130 789 129 784 129 224
794 156 789 155 787 155 782 155 316
778 304 736 304 785 315 739 315 30
798 112 793 112 791 111 786 112 572
800 111 799 111 793 109 788 111 728
799 158 794 158 793 157 787 157 320
800 166 796 166 793 165 789 165 482
796 184 786 183 791 183 781 183 344
802 180 792 179 797 179 787 179 671
810 174 804 173 803 173 798 172 674
807 179 797 178 803 179 793 179 746
818 170 813 169 811 169 807 169 307
819 162 802 163 815 159 795 160 233
807 253 761 254 817 259 767 261 217
821 41 801 41 821 37 801 35 115
826 55 807 53 825 49 806 49 107
822 139 805 139 821 137 803 137 54
826 150 808 149 825 147 806 147 28
825 151 808 150 825 149 806 148 24
828 178 819 178 821 177 815 177 416
810 250 763 251 821 257 770 258 209
814 253 766 254 825 259 775 260 176
809 304 761 304 821 317 771 319 65
830 41 811 40 829 35 810 35 188
833 62 814 60 831 55 813 56 207
828 71 810 70 827 67 809 66 222
828 83 811 82 829 81 811 81 188
832 86 815 87 831 85 814 85 154
832 133 814 133 831 131 812 130 24
833 148 813 149 831 147 811 147 11
833 39 815 38 833 33 813 32 164
834 71 816 70 833 67 815 65 262
834 81 816 80 833 77 815 76 203
833 106 814 105 833 103 813 101 35
833 112 815 112 833 109 813 108 31
833 120 813 120 833 117 813 117 33
836 147 816 147 837 145 815 145 20
839 41 821 40 839 35 820 34 127
843 75 826 74 843 71 824 70 180
849 50 830 50 849 45 830 44 184
849 58 830 57 849 53 830 52 310
845 68 827 67 845 63 826 62 202
847 79 830 78 847 75 829 74 133
844 101 825 100 845 97 825 97 20
848 139 830 136 849 135 830 134 12
851 71 829 73 851 67 831 68 431
852 112 833 112 853 109 834 107 16
850 118 832 118 851 115 831 115 16
852 118 833 117 853 115 834 115 15
851 125 833 125 851 123 832 122 16
851 131 832 131 851 129 832 128 20
859 112 841 114 859 109 841 109 13
856 123 837 123 857 121 838 120 18
858 141 839 139 859 139 839 138 8
857 144 838 144 857 143 838 141 10
861 145 842 146 861 145 842 143 10
857 155 839 154 857 153 838 151 8
862 58 844 57 863 53 843 52 294
863 63 844 63 863 59 844 58 320
865 69 847 69 865 67 846 67 244
867 127 847 127 867 125 847 125 18
862 143 843 143 863 141 842 142 12
864 141 845 141 865 139 846 139 19
865 153 848 152 867 151 848 150 12
863 176 847 176 863 175 846 175 200
872 48 854 47 873 43 854 42 188
869 75 853 74 869 71 851 70 421
871 81 853 81 871 79 851 79 581
871 106 851 106 871 103 851 102 15
871 113 852 113 873 111 853 112 11
878 39 860 38 879 33 860 32 367
876 46 858 45 877 41 858 40 309
875 76 858 75 875 71 857 70 307
877 85 859 84 877 81 859 80 308
874 87 857 85 875 83 856 82 310
873 97 854 96 875 93 855 92 123
876 138 857 137 877 135 858 134 8
874 143 855 142 875 141 855 141 15
878 141 860 140 879 139 860 138 14
874 141 854 140 875 139 855 139 13
874 152 855 152 875 151 855 150 6
873 156 855 156 875 155 855 155 11
882 83 863 82 883 79 864 78 442
881 116 862 115 883 113 863 112 23
880 125 861 124 883 121 863 120 19
890 61 872 60 887 57 873 56 586
889 77 871 77 889 75 871 73 414
892 76 874 75 891 73 875 71 339
888 130 871 130 891 127 871 127 12
889 148 871 148 891 147 872 146 11
885 152 866 152 887 151 867 150 14
891 125 872 124 893 121 873 121 19
890 149 872 149 893 149 873 147 15
897 176 880 177 899 175 881 177 202
871 252 802 249 905 263 824 261 205
873 267 804 265 907 281 825 280 227
873 272 802 272 907 287 824 287 182
873 337 801 334 907 363 824 365 103
909 94 891 93 913 91 894 90 83
911 120 891 120 913 117 893 116 15
878 270 807 270 913 285 829 285 130
877 275 805 275 911 289 828 289 164
876 284 805 284 911 299 828 299 106
877 287 805 287 913 303 829 303 159
879 297 807 296 915 317 831 318 102
877 328 806 329 913 353 829 354 55
877 333 806 333 911 357 827 359 51
917 48 902 47 917 43 902 42 186
917 100 898 101 919 97 900 96 69
885 255 814 255 921 267 837 269 137
884 282 811 281 921 299 837 299 173
881 300 809 300 917 319 832 319 92
881 306 808 306 917 327 832 327 69
880 333 807 333 919 359 832 359 87
884 336 810 336 921 361 834 361 51
926 77 909 75 927 73 910 72 188
920 81 902 80 923 77 904 76 145
920 89 902 88 923 85 903 85 116
921 102 903 102 923 99 904 98 81
921 132 905 133 923 129 906 130 74
922 128 905 130 925 125 906 126 52
889 229 818 229 925 235 843 236 213
888 266 817 266 927 281 841 281 126
886 284 814 283 923 301 839 301 134
888 293 816 293 925 311 840 311 92
887 297 815 298 925 317 840 317 89
885 311 813 312 923 333 837 333 51
888 315 813 313 925 337 838 336 114
887 331 813 331 927 357 839 357 92
929 63 910 62 931 59 912 58 200
926 91 908 90 929 87 910 86 96
927 100 908 100 929 97 910 96 93
930 124 911 123 933 121 913 120 36
892 226 821 226 929 233 846 233 131
895 230 824 230 933 237 850 237 130
894 256 821 257 933 269 848 269 145
892 266 819 267 931 281 845 281 132
897 277 823 277 931 293 851 293 317
889 302 817 302 929 323 843 323 108
891 307 819 307 931 329 845 329 59
896 319 825 319 933 343 846 343 91
891 331 815 331 931 357 842 357 59
892 327 820 325 931 353 845 352 41
891 335 814 335 929 361 839 361 44
935 31 919 29 937 25 919 25 92
934 102 914 103 937 99 916 100 72
935 121 918 119 939 117 919 117 47
931 158 902 157 939 157 910 156 13
897 235 825 235 935 243 851 243 55
899 258 829 259 939 271 853 271 79
896 264 823 262 935 277 849 275 122
895 270 822 270 935 285 849 285 154
896 266 822 266 935 281 849 281 101
898 275 823 273 937 289 850 288 83
895 284 821 283 935 301 849 301 96
898 292 825 291 939 311 852 311 90
898 297 825 297 939 317 852 317 88
895 329 822 329 935 355 849 355 36
940 48 920 48 943 43 923 42 128
942 52 923 51 945 47 926 45 124
939 73 923 71 941 69 924 67 75
905 219 835 215 943 223 862 224 63
902 307 828 307 943 329 856 329 41
897 311 826 312 941 333 851 333 53
901 315 827 313 943 335 856 336 47
904 339 831 338 943 363 859 364 54
944 23 926 22 947 17 928 16 89
944 68 926 67 947 63 928 62 67
939 153 911 153 949 151 920 149 8
910 214 840 214 949 219 869 218 87
908 275 835 275 951 291 863 291 142
909 291 836 291 951 313 863 311 76
907 299 833 299 949 319 863 319 106
908 307 835 307 949 329 862 329 47
910 329 833 329 951 355 866 354 34
954 31 936 29 957 25 938 24 102
952 73 934 72 955 69 936 68 55
942 169 914 169 953 167 923 166 9
912 276 838 277 955 293 868 293 83
912 289 838 289 955 307 868 308 67
913 301 838 301 955 321 869 321 72
959 24 939 24 963 17 943 17 130
957 33 938 32 961 27 941 27 96
957 66 938 65 961 61 941 60 81
959 70 940 69 963 65 943 65 58
955 120 936 120 959 117 939 117 49
954 153 926 153 963 151 934 152 11
948 154 921 153 959 151 930 151 12
950 156 923 156 961 155 931 154 6
918 280 844 280 963 297 875 297 58
915 297 841 297 959 317 871 317 59
916 323 851 323 959 347 882 347 49
961 31 942 30 965 25 945 23 78
961 114 942 113 965 111 945 111 39
958 159 929 158 969 157 939 156 13
921 251 851 250 969 263 880 264 34
921 265 848 264 965 279 874 278 37
925 275 850 275 969 291 885 291 72
922 278 849 279 967 295 880 295 77
924 292 853 292 969 309 881 309 85
919 294 845 294 965 313 876 312 56
920 295 845 295 965 315 877 315 28
968 109 947 108 973 105 952 104 79
960 153 932 153 971 151 941 150 17
923 257 852 257 975 269 892 269 14
975 104 952 104 979 101 958 100 88
931 275 856 275 977 291 889 291 69
935 277 860 277 981 293 894 293 58
981 35 960 34 987 29 965 28 68
980 107 958 106 987 103 965 102 89
933 257 864 257 983 269 905 269 13
939 297 864 297 987 317 899 318 84
985 97 959 97 991 93 965 93 90
986 108 964 107 993 105 970 104 96
981 170 953 167 993 169 963 168 30
988 35 965 36 995 29 972 27 125
984 172 956 171 997 171 966 171 45
947 270 871 270 999 287 910 287 74
948 279 874 279 997 295 910 295 74
950 285 875 284 999 303 912 305 137
946 295 874 296 995 315 909 315 80
951 305 881 304 999 327 919 327 67
992 121 963 121 1005 117 969 115 228
993 138 965 138 1005 135 976 135 121
989 159 961 159 1001 157 971 156 23
953 275 879 275 1003 291 916 291 71
953 285 879 286 1003 303 916 304 171
950 305 881 304 1001 327 916 327 75
994 132 968 132 1007 129 978 129 127
997 170 965 170 1009 169 976 169 24
994 176 965 176 1007 175 977 174 202
955 270 879 270 1009 285 917 284 73
957 279 882 281 1007 299 920 297 163
959 295 883 296 1009 315 921 315 70
953 331 887 331 1009 357 921 357 26
1004 113 977 113 1017 109 988 108 101
1000 116 973 116 1013 113 984 112 84
1000 149 971 149 1013 147 979 148 28
1001 149 973 148 1015 145 984 147 25
969 227 888 227 1015 235 929 235 116
964 234 882 235 1013 241 920 241 74
965 251 894 251 1017 263 934 263 20
959 251 885 251 1015 263 923 263 21
961 257 887 257 1013 269 926 269 51
965 280 891 281 1017 297 930 298 126
965 282 891 283 1017 299 929 298 123
964 294 891 294 1017 313 929 313 110
1006 89 977 88 1019 83 989 82 92
1008 148 979 147 1021 145 991 144 13
1009 166 983 166 1021 165 994 165 22
1010 180 982 180 1023 179 993 179 298
969 231 889 231 1019 239 930 239 93
968 278 894 278 1021 295 933 295 117
967 305 892 305 1019 327 937 327 78
963 321 896 321 1021 345 939 345 29
1014 133 989 132 1029 129 1001 128 27
1012 135 984 135 1027 133 997 132 10
1015 138 986 137 1029 135 999 133 10
1014 178 986 177 1027 177 998 177 143
979 235 901 238 1027 247 937 247 88
975 255 901 255 1027 267 948 267 36
972 263 897 263 1025 277 937 277 53
975 275 901 275 1029 291 941 291 68
976 279 901 279 1029 295 941 295 88
975 283 901 284 1029 301 941 301 102
972 282 897 282 1025 299 937 299 106
973 334 904 336 1027 361 943 363 22
1022 84 992 83 1035 77 1005 76 102
1017 89 989 87 1031 85 1001 83 82
1020 97 992 97 1033 91 1004 91 91
1018 110 990 109 1031 105 1002 104 74
980 286 905 286 1035 303 947 304 124
977 282 903 282 1033 299 945 299 186
1026 120 997 119 1039 115 1010 115 58
1023 165 992 164 1037 163 1001 165 30
982 258 908 258 1037 271 950 271 67
986 269 908 269 1039 285 959 285 108
984 277 909 277 1039 293 951 293 103
985 283 911 284 1041 301 953 301 129
982 282 907 282 1037 299 949 298 129
981 290 907 291 1037 309 948 309 99
982 287 907 287 1037 305 949 305 115
983 331 912 331 1037 357 945 358 16
989 329 921 328 1039 355 959 355 24
991 265 916 265 1047 279 960 279 67
989 273 915 273 1043 289 957 289 75
987 280 913 277 1043 297 955 297 121
989 291 915 291 1047 309 958 309 101
991 333 921 334 1043 361 961 363 21
1037 162 1009 161 1051 161 1022 159 17
996 249 926 248 1049 261 967 261 37
993 260 919 260 1049 273 961 272 71
996 278 921 279 1053 295 965 295 108
994 277 919 277 1051 293 963 293 106
1042 114 1015 113 1057 109 1027 109 55
1039 150 1010 149 1055 147 1024 146 13
1043 151 1013 151 1059 149 1029 148 16
1001 294 924 294 1057 313 972 313 74
1013 235 943 235 1065 243 986 243 52
1009 238 939 238 1063 247 983 247 79
1011 240 942 240 1065 249 985 249 72
1004 275 930 275 1063 291 975 291 83
1006 280 931 280 1065 297 977 297 129
1003 281 928 281 1061 297 973 297 153
1000 319 925 319 1061 343 967 344 29
1055 64 1026 63 1071 57 1040 55 61
1053 61 1025 59 1069 53 1039 52 48
1010 284 935 284 1069 301 981 301 138
1061 86 1033 85 1077 79 1047 79 148
1061 110 1037 108 1077 105 1047 105 73
1062 115 1034 115 1077 111 1048 110 44
1060 111 1034 111 1075 107 1046 106 72
1059 123 1032 122 1075 119 1045 118 31
1062 127 1035 127 1077 123 1048 123 43
1056 163 1025 163 1073 161 1042 160 15
1013 273 938 273 1073 289 985 289 68
1015 273 940 274 1075 289 987 289 78
1014 289 939 289 1075 307 987 307 85
1017 292 942 292 1077 311 989 311 170
1026 324 953 324 1077 351 995 349 19
1021 328 949 329 1073 355 991 355 19
1063 136 1033 135 1081 133 1049 132 29
1065 159 1034 158 1083 157 1049 156 10
1020 272 946 272 1081 287 991 288 72
1018 278 943 278 1079 293 991 295 90
1030 333 959 333 1083 359 997 359 71
1069 136 1039 136 1087 133 1055 132 30
1067 150 1037 149 1085 147 1054 145 12
1067 154 1037 154 1085 153 1054 152 14
1067 163 1037 162 1085 161 1053 161 13
1025 275 950 275 1087 291 999 291 61
1073 152 1043 151 1091 149 1060 148 17
1030 220 959 221 1095 229 1009 227 504
1029 272 953 272 1091 287 1002 287 46
1035 299 962 299 1093 321 1009 319 46
1039 231 965 230 1101 237 1016 238 432
1042 219 972 222 1105 227 1020 226 494
1042 225 968 223 1105 233 1019 232 313
1041 233 967 232 1103 239 1018 240 251
1040 270 965 270 1105 285 1012 286 43
1096 90 1056 89 1113 83 1071 84 61
1048 248 973 246 1113 259 1026 259 213
1101 109 1062 111 1119 105 1083 104 12
1051 254 976 253 1115 263 1029 265 180
1052 266 976 266 1119 281 1031 281 140
1048 292 973 292 1115 311 1027 311 32
1052 295 976 294 1119 313 1030 313 39
1050 314 973 314 1117 337 1027 338 42
1058 246 985 246 1123 257 1037 256 225
1058 262 983 262 1125 275 1037 275 190
1056 301 981 300 1123 321 1035 319 79
1054 300 978 301 1121 321 1033 322 66
1106 137 1069 137 1131 133 1091 133 34
1109 141 1074 140 1131 137 1093 135 23
1061 298 986 295 1129 317 1040 315 151
1067 305 992 306 1137 325 1048 327 180
1125 73 1087 73 1141 67 1101 67 74
1073 284 999 283 1141 301 1054 300 96
1074 299 1000 299 1143 319 1056 319 176
1073 313 997 310 1143 335 1053 337 275
1120 129 1081 130 1147 127 1104 125 16
1076 305 1002 307 1145 325 1058 327 176
1136 71 1096 71 1161 63 1119 63 36
1132 67 1089 67 1157 59 1119 58 139
1144 65 1102 65 1169 57 1125 57 26
1149 78 1105 79 1181 69 1139 69 22
1154 107 1113 107 1187 101 1144 100 15
1163 94 1122 93 1197 87 1149 87 15
