104 136 70 134 55 133 19 131 46
109 51 69 51 61 41 18 41 119
112 107 78 107 63 101 26 101 210
113 47 73 47 65 37 22 37 89
112 51 73 51 65 41 22 41 103
121 89 82 89 67 81 24 81 244
122 90 83 90 69 83 27 83 287
121 45 87 46 73 35 37 36 111
121 51 87 52 73 41 36 42 124
118 127 85 127 71 123 34 123 55
132 87 92 87 77 79 35 79 238
127 91 96 92 83 85 47 86 191
135 101 93 101 87 95 47 96 130
139 93 105 94 93 87 57 88 168
136 97 96 97 89 91 46 91 150
138 105 95 105 89 99 41 99 100
141 86 107 86 95 79 59 80 147
142 95 109 95 97 89 62 89 131
146 130 113 129 101 129 65 131 135
152 129 119 129 107 129 71 131 123
159 162 126 162 115 161 80 161 47
160 162 127 162 117 161 82 161 106
160 167 128 167 117 167 83 167 105
162 165 130 165 119 165 85 165 68
166 163 131 161 121 161 86 161 30
165 162 133 162 123 161 88 161 20
162 169 130 169 119 169 85 169 66
165 167 133 167 123 167 88 167 21
220 174 190 175 185 175 154 175 89
224 178 194 178 189 179 158 179 133
220 180 191 180 185 181 154 181 108
229 118 200 119 195 115 164 115 121
227 165 198 165 193 165 162 164 120
231 202 198 202 193 207 159 207 142
230 207 197 207 193 213 157 213 187
233 167 205 166 201 167 168 165 179
234 178 203 178 199 179 165 179 189
236 204 202 204 201 209 165 209 286
238 164 211 165 207 165 177 165 150
237 171 210 171 205 171 177 171 204
240 107 217 108 209 103 185 104 133
241 131 215 131 211 131 183 130 43
244 143 217 141 213 141 185 142 57
243 169 215 169 211 169 182 169 200
247 178 215 178 211 179 176 179 308
247 103 217 103 217 99 185 99 38
247 107 217 107 217 103 185 103 72
247 122 221 123 217 119 189 121 75
246 154 220 154 217 153 190 153 128
250 158 219 158 215 157 182 156 154
254 171 222 170 219 171 185 171 146
250 173 218 173 215 173 181 173 212
251 186 218 186 215 187 182 188 220
250 199 218 199 215 201 181 199 421
251 103 223 103 221 99 189 99 70
253 118 227 118 223 115 195 115 107
255 134 229 137 225 135 197 134 81
253 151 226 154 223 153 188 151 242
256 177 225 177 221 177 186 177 179
257 182 225 182 223 183 189 183 151
260 109 233 109 231 105 201 105 115
261 184 230 184 227 185 193 184 171
264 107 238 107 235 103 206 103 144
266 111 240 113 237 109 208 107 96
277 188 243 187 243 189 207 189 46
275 191 242 191 241 193 205 193 143
273 193 240 193 239 195 203 195 194
278 180 245 180 245 181 210 181 92
282 182 249 182 249 183 214 183 79
279 184 245 184 245 185 210 185 39
304 94 279 91 279 89 253 91 221
304 97 279 97 279 95 253 94 217
308 86 283 85 283 81 257 81 170
306 95 281 93 281 91 255 92 145
306 160 282 163 281 161 255 160 275
313 85 289 85 289 81 263 81 387
313 135 289 134 289 131 263 132 103
314 157 289 157 289 157 262 158 160
318 188 287 187 289 189 256 189 148
312 198 285 197 287 199 254 199 311
320 141 294 141 295 139 268 139 148
321 184 291 184 293 185 260 185 173
322 191 291 191 293 193 260 193 160
322 189 291 189 293 191 260 191 149
325 129 301 129 301 125 276 123 180
325 135 300 135 301 133 275 134 226
324 145 298 144 299 143 272 143 182
327 157 302 158 303 157 276 157 132
326 175 300 175 301 175 274 175 123
328 193 302 194 303 195 276 195 190
331 135 309 139 307 133 281 134 128
333 171 307 170 309 171 282 171 98
335 179 309 177 311 179 284 179 130
336 79 325 79 321 77 309 77 179
339 99 326 99 321 97 313 95 63
334 101 323 101 319 99 308 101 103
340 188 315 187 317 187 290 189 267
343 194 320 193 321 195 297 193 310
337 80 326 80 323 79 312 79 60
341 101 330 100 325 99 313 101 31
338 103 326 103 323 101 311 102 45
342 110 330 111 327 109 315 110 18
337 117 325 117 323 117 309 116 33
340 122 329 122 325 121 313 121 24
340 129 328 130 325 129 313 129 46
344 186 322 186 323 187 301 187 281
347 201 326 201 327 203 305 203 510
351 273 329 273 323 285 300 285 626
343 120 333 120 329 119 317 119 21
352 184 331 184 331 185 310 185 183
353 186 333 186 333 187 311 187 566
353 197 332 197 333 199 311 199 327
350 196 328 195 329 197 307 197 388
351 203 330 203 331 205 309 205 410
353 81 341 83 339 81 325 82 29
352 89 340 90 337 87 323 87 18
351 108 340 108 339 107 325 107 25
353 131 340 132 337 131 324 131 18
359 34 347 35 345 31 332 32 193
361 82 347 82 345 79 331 79 37
359 87 344 88 343 85 329 85 29
357 110 346 110 343 109 332 109 31
356 114 344 114 341 113 329 113 31
357 165 346 164 343 165 331 163 19
364 190 344 190 345 191 324 191 244
364 205 345 206 345 207 323 207 272
367 273 344 274 341 285 330 286 581
364 25 352 26 349 21 335 21 141
362 23 349 23 347 19 333 19 159
364 31 351 31 349 27 335 27 204
364 79 353 82 349 77 334 76 34
362 85 349 86 347 83 333 83 20
363 92 349 92 347 89 333 89 17
364 91 351 92 349 89 335 89 33
363 101 349 101 347 99 333 99 17
366 122 353 122 351 121 337 122 19
362 120 349 121 347 119 333 119 23
365 137 351 138 349 139 335 139 12
364 153 351 153 349 153 335 153 14
367 169 353 169 351 169 337 169 18
365 167 351 167 349 167 335 168 21
362 172 351 174 347 173 331 173 37
369 188 348 188 349 189 328 189 169
366 203 346 203 347 205 325 205 254
370 205 350 205 351 207 329 206 185
369 40 357 41 355 37 342 37 161
372 50 358 51 357 47 343 48 41
370 66 357 66 355 63 342 64 29
370 85 356 85 355 83 341 83 26
368 142 355 142 353 141 340 140 11
371 158 358 159 355 159 341 159 21
369 165 355 165 353 165 340 165 20
371 167 357 166 355 167 341 167 18
372 207 351 207 353 209 332 209 199
374 36 361 35 359 33 346 31 63
378 46 365 47 363 43 350 43 36
376 52 362 53 361 49 348 49 37
374 62 361 62 359 59 346 59 33
374 64 361 64 359 61 346 61 39
378 83 364 83 363 81 349 81 22
376 99 363 99 361 97 347 97 24
376 107 363 107 361 105 347 105 31
376 131 365 132 361 131 349 132 20
374 140 361 142 359 141 346 140 12
376 139 363 139 361 139 348 138 13
378 145 365 144 363 145 350 144 24
373 148 361 149 359 149 345 149 16
381 205 361 205 363 209 342 208 231
382 42 369 42 367 39 354 39 31
382 59 368 55 367 53 353 52 37
381 67 368 68 367 67 353 65 41
380 77 367 77 365 75 352 75 36
382 80 369 80 367 77 353 77 45
380 85 367 86 365 83 352 83 25
382 105 368 105 367 103 353 104 24
384 109 370 108 369 107 355 106 29
381 121 369 122 367 121 354 121 21
380 120 367 120 365 119 352 119 24
381 156 367 157 367 155 353 155 23
380 190 367 189 365 191 351 191 44
389 46 376 46 375 43 362 44 29
385 48 372 48 371 45 357 45 31
387 70 374 70 373 67 360 67 37
387 75 374 76 373 73 359 73 36
389 77 376 78 375 75 361 75 49
390 108 376 109 375 107 361 107 36
390 124 377 124 375 123 361 123 22
389 119 376 119 375 119 361 119 19
386 132 375 133 371 135 357 137 36
389 145 376 145 375 145 360 147 12
390 151 373 150 375 151 361 152 12
389 163 376 163 375 163 362 163 19
394 28 380 29 379 25 364 25 23
391 42 378 42 377 39 363 39 29
393 46 380 47 379 43 366 44 28
391 50 378 51 377 47 364 47 35
391 58 377 57 377 55 362 54 22
395 77 382 77 381 75 367 75 51
393 91 380 91 379 89 365 89 25
394 119 380 117 379 117 365 116 25
392 115 378 114 377 113 363 113 17
393 130 380 130 379 129 364 129 35
395 137 383 137 381 137 368 137 22
393 141 380 141 379 141 366 142 13
394 144 381 144 379 143 366 143 14
393 149 378 149 377 149 362 149 12
395 157 382 157 381 157 367 157 13
391 161 378 161 377 161 363 159 22
393 165 380 165 379 165 365 165 17
393 170 380 170 379 171 365 171 18
396 174 382 174 381 175 367 175 29
393 177 380 177 379 177 364 177 20
395 191 381 191 381 191 366 192 15
399 27 381 27 385 23 367 21 22
397 61 384 62 383 59 370 59 21
399 68 386 68 385 65 371 65 27
399 75 386 75 385 73 371 73 37
399 83 386 83 385 81 372 81 30
402 81 388 81 387 79 374 79 37
401 89 388 89 387 87 374 87 23
397 110 384 110 383 109 369 108 29
399 127 386 128 385 127 372 127 31
399 136 386 135 385 135 372 135 18
398 132 384 132 383 131 369 131 33
397 135 385 136 383 135 370 135 26
397 142 384 142 383 141 370 141 17
396 169 383 169 383 169 368 168 15
401 170 385 170 385 171 371 171 29
400 177 386 176 385 177 371 177 24
399 183 386 182 385 183 371 183 19
398 197 383 197 383 199 369 199 96
405 214 379 214 385 217 358 217 202
407 47 393 47 393 43 378 43 16
404 49 389 49 389 45 374 45 17
405 85 392 85 391 83 377 83 32
404 91 391 91 391 89 377 89 19
403 119 390 118 389 117 376 118 30
406 122 394 122 393 121 380 121 27
403 124 390 124 389 123 376 123 27
403 192 390 191 389 193 375 193 34
403 196 390 196 389 197 375 197 49
408 210 383 210 389 213 363 213 126
412 208 387 208 393 211 367 211 282
410 226 385 226 391 229 365 229 383
407 246 383 245 389 249 363 249 819
421 341 364 341 389 363 325 363 92
410 53 395 53 395 49 380 49 12
410 58 397 60 397 57 382 57 23
414 65 398 63 399 61 384 61 17
411 79 398 80 397 77 383 77 46
408 111 391 109 395 111 374 111 79
409 118 396 117 395 117 382 115 26
408 124 396 124 395 123 382 123 22
411 162 397 162 397 163 383 163 11
411 169 397 169 397 169 383 169 11
411 198 397 198 397 199 383 199 79
414 214 390 216 395 217 369 217 140
419 44 404 44 405 41 390 41 18
415 47 400 46 401 43 385 42 14
415 81 401 82 401 79 387 79 30
418 99 405 99 405 97 392 96 34
415 133 399 134 403 135 385 133 28
417 144 403 144 403 143 389 142 9
419 163 404 163 405 163 391 163 10
415 167 401 167 401 167 387 169 31
419 184 405 184 405 185 391 185 42
416 192 403 191 403 193 389 193 36
419 196 405 196 405 197 391 197 20
416 198 403 198 403 199 389 199 58
420 207 405 207 405 209 390 209 67
418 228 400 228 401 231 381 231 291
433 337 378 337 401 359 342 358 103
424 21 411 21 411 17 397 17 36
422 24 403 23 409 21 395 21 92
424 56 410 56 411 53 395 53 12
423 73 408 73 409 71 394 72 17
420 81 407 81 407 79 393 79 32
422 87 410 88 409 85 396 87 35
424 130 411 130 411 129 397 129 22
425 141 411 141 411 141 397 141 17
422 143 409 145 409 145 395 145 18
423 151 409 154 409 153 396 153 17
423 159 409 159 409 159 395 159 13
423 169 409 169 409 169 395 170 31
425 171 410 172 411 173 397 172 9
423 188 409 188 409 189 395 189 22
424 183 411 184 411 185 397 185 18
425 191 411 192 411 193 397 193 21
424 209 411 209 411 211 398 211 77
425 223 410 223 411 225 395 225 49
425 236 403 237 407 241 385 241 355
441 336 387 336 411 357 350 357 144
429 48 413 48 415 45 398 45 13
429 55 413 54 415 51 399 51 22
426 49 411 49 413 47 397 47 8
428 90 415 89 415 87 401 87 36
430 99 417 97 417 97 403 96 35
428 101 414 101 415 99 401 99 32
430 104 417 104 417 103 403 103 34
426 106 411 109 413 105 397 107 89
428 108 415 109 415 107 402 107 27
428 125 413 126 413 125 399 125 18
428 142 415 141 415 141 401 141 24
426 138 412 139 413 137 399 137 21
429 145 415 146 415 145 401 146 14
428 204 416 204 415 207 402 206 27
431 217 417 217 417 219 403 219 38
430 213 417 213 417 215 403 215 43
431 226 415 226 415 229 398 229 44
434 26 420 27 421 23 406 24 39
436 45 421 48 423 43 407 44 11
432 89 418 89 419 87 405 87 33
436 93 423 93 423 91 409 91 80
431 94 418 94 419 93 405 93 40
434 125 421 126 421 125 407 125 27
432 131 419 132 419 131 405 131 37
436 139 423 139 423 139 409 139 64
434 150 421 150 421 151 407 151 21
436 159 423 157 423 157 409 157 19
437 213 423 213 423 215 409 215 38
437 237 416 238 421 241 400 241 238
450 275 397 275 423 287 363 288 163
448 291 396 290 421 305 363 304 274
451 299 398 300 423 315 364 315 309
447 304 394 303 419 319 360 319 193
448 307 396 306 421 323 362 322 191
450 316 398 316 423 333 365 332 365
451 320 398 321 423 339 364 339 360
449 337 396 337 421 357 364 356 111
438 23 423 24 425 19 410 18 19
442 70 427 70 429 67 414 67 21
438 79 424 79 425 77 411 76 30
438 89 425 89 425 87 411 87 61
438 154 424 154 425 155 411 155 38
440 170 426 170 427 171 413 171 12
438 199 425 199 425 201 411 201 35
442 203 429 203 429 205 416 205 41
438 206 425 205 425 207 412 207 30
441 222 423 222 425 225 409 225 37
440 219 425 219 427 221 411 221 46
441 230 420 231 427 233 408 233 45
456 285 404 285 429 299 372 299 162
452 319 401 318 425 337 367 337 426
455 322 404 322 429 339 372 339 279
454 323 402 323 427 341 369 341 387
456 326 405 326 429 345 373 344 232
452 336 401 335 425 355 368 354 120
448 31 434 30 435 27 420 27 25
444 41 429 42 431 37 415 38 35
448 55 433 55 435 51 419 51 13
445 51 429 51 431 47 415 47 22
444 81 429 83 431 79 416 80 41
446 79 432 80 433 77 418 78 40
446 141 432 141 433 141 418 141 40
446 149 432 149 433 149 418 149 37
445 179 432 178 433 179 419 179 28
445 196 431 194 433 197 420 197 43
444 200 431 199 431 201 418 201 52
446 205 433 205 433 207 420 207 39
444 205 431 205 431 207 418 207 42
444 209 431 209 431 211 417 211 37
458 292 407 292 431 307 374 307 264
459 294 409 294 433 309 377 309 234
461 300 411 300 435 315 379 315 177
457 298 407 298 431 313 375 313 203
459 300 409 300 433 315 377 315 223
458 332 406 332 431 351 374 351 177
449 34 436 35 437 31 423 31 23
453 38 439 39 441 35 427 35 29
451 45 435 45 437 41 421 42 18
452 46 436 47 439 43 423 43 22
454 54 439 54 441 51 425 51 29
452 107 439 107 439 105 426 106 72
452 110 437 111 439 109 423 109 37
450 115 435 115 437 113 421 113 24
452 122 437 122 439 121 423 120 15
451 121 435 120 437 119 421 117 22
454 130 438 130 441 129 425 129 23
452 141 437 141 439 141 424 141 62
454 143 439 143 441 143 427 143 150
452 151 438 151 439 151 424 151 60
451 160 438 160 439 161 425 160 20
450 219 436 219 437 221 423 221 46
450 226 433 226 437 229 420 229 46
454 235 435 235 439 239 419 238 68
456 241 435 241 441 245 417 245 104
458 247 435 247 441 251 416 251 123
458 56 443 56 445 53 430 53 16
459 68 444 69 447 67 431 68 34
459 127 444 127 447 127 431 126 18
460 141 445 141 447 141 431 141 50
459 149 445 149 447 149 431 149 48
456 155 441 156 443 157 428 155 29
458 161 444 160 445 161 430 159 23
456 167 441 167 443 169 428 168 15
456 179 441 179 443 181 428 179 27
459 194 447 194 447 195 434 195 92
456 196 443 196 443 197 431 198 150
459 205 446 205 447 207 434 207 74
456 201 442 201 443 203 427 204 55
456 208 442 208 443 209 429 209 78
457 230 439 230 443 233 427 232 102
462 53 446 52 449 49 433 49 34
463 73 449 73 451 71 435 69 40
463 81 450 81 451 79 438 79 38
463 87 449 89 451 85 437 87 36
463 147 449 147 451 147 436 147 48
465 143 451 143 453 143 438 143 49
465 149 451 149 453 149 438 149 53
463 190 451 190 451 191 438 191 58
465 192 453 192 453 193 440 193 62
464 209 451 209 451 211 438 211 72
462 211 448 211 449 213 436 213 45
465 213 451 213 453 215 438 215 48
461 217 446 217 449 219 434 219 52
465 238 445 238 451 241 430 241 80
476 322 428 322 453 339 399 339 43
470 85 455 85 457 83 442 83 28
469 96 454 96 457 93 442 94 25
471 132 456 131 459 131 444 131 15
469 144 455 145 457 145 442 144 34
469 184 455 184 457 185 442 185 54
469 198 456 198 457 199 443 199 70
472 227 451 227 459 229 437 229 50
473 241 452 241 459 245 437 245 38
472 245 450 245 457 249 434 249 56
470 248 446 248 455 253 427 253 79
471 256 444 256 455 261 426 261 131
476 39 464 39 465 35 452 36 31
473 66 458 66 461 63 446 63 19
475 90 460 91 463 89 447 90 24
476 100 460 101 463 99 447 99 12
473 119 458 118 461 117 445 117 25
476 125 462 126 465 125 450 125 17
477 132 465 130 465 131 450 131 22
473 139 459 139 461 139 446 139 32
475 168 461 169 463 169 447 168 9
477 190 464 189 465 191 451 191 18
477 211 463 211 465 213 451 213 39
471 217 457 217 461 219 446 219 92
477 219 462 219 465 221 449 221 45
478 227 461 226 465 229 447 229 62
485 327 433 326 463 345 407 345 86
479 32 465 33 467 29 452 29 19
483 41 468 43 471 39 456 39 29
479 62 464 62 467 59 452 59 15
479 71 464 70 467 69 452 70 13
479 95 463 95 467 93 453 92 13
481 93 466 93 469 91 454 91 15
479 112 464 112 467 111 451 112 11
481 118 466 118 469 117 454 117 17
481 146 466 146 469 147 454 146 15
480 154 466 155 469 155 454 154 13
483 162 470 162 471 163 456 163 10
483 169 468 168 471 169 456 169 10
479 173 465 171 467 173 453 172 11
480 178 466 178 469 179 454 179 14
481 184 467 184 469 185 454 185 13
480 201 467 201 469 203 457 203 43
481 207 467 207 469 209 456 208 23
483 239 462 239 469 243 447 243 48
481 241 459 241 467 245 445 245 44
485 247 461 247 471 251 447 251 146
482 247 459 247 467 251 444 251 58
481 254 456 254 467 259 439 259 122
485 264 456 264 469 271 437 271 152
487 272 457 272 471 279 437 279 111
487 268 457 268 471 275 439 275 120
492 335 439 335 469 355 410 355 97
485 33 469 33 473 29 457 29 28
487 48 471 49 475 45 459 45 17
487 65 472 66 475 61 460 59 17
487 74 472 73 475 71 460 71 16
487 77 472 77 475 75 460 75 11
487 83 472 83 475 81 459 81 12
489 97 474 96 477 95 461 94 18
487 109 472 108 475 107 459 106 19
488 114 474 115 477 113 462 113 18
488 129 474 130 477 129 462 129 15
489 149 475 149 477 149 463 149 10
488 169 474 170 477 171 462 171 22
485 180 471 180 473 181 458 181 14
487 178 473 178 475 179 460 179 24
487 184 473 184 475 185 460 185 17
486 192 472 192 475 193 461 193 18
486 211 472 211 475 213 461 213 31
488 215 474 215 477 217 461 217 29
485 216 471 216 473 219 457 219 49
489 219 474 219 477 221 461 221 49
485 227 468 226 473 229 454 229 55
491 239 470 239 477 243 456 242 47
487 243 466 243 473 247 449 247 71
491 266 461 266 475 273 443 273 119
492 24 479 21 481 19 467 17 26
491 44 476 45 479 41 463 40 14
493 74 478 73 481 71 466 70 16
491 79 476 79 479 77 464 77 15
491 87 476 87 479 85 463 85 15
492 91 477 91 481 89 465 89 16
494 99 479 99 483 97 468 97 18
491 101 476 100 479 99 464 98 17
494 110 479 108 483 109 467 107 22
492 119 478 118 481 117 466 117 15
490 119 476 120 479 119 464 120 13
494 128 480 128 483 127 469 128 21
491 131 477 132 481 131 466 131 22
495 135 480 135 483 135 468 135 14
491 156 477 158 479 159 465 159 15
493 165 479 164 481 165 467 165 11
492 168 478 168 481 169 466 169 13
491 167 476 166 479 167 464 167 31
491 174 477 174 479 175 464 175 24
490 190 476 190 479 191 464 191 16
492 194 481 194 481 195 466 195 15
492 196 479 196 483 197 467 197 14
492 206 479 207 483 209 469 209 34
490 208 476 208 479 209 465 210 13
493 217 478 217 481 219 466 219 50
493 222 479 222 479 225 452 225 120
494 233 477 235 481 237 461 237 67
495 250 471 250 481 255 455 255 150
500 42 485 42 489 41 473 39 26
498 45 483 45 487 41 471 40 23
496 54 482 55 485 51 471 51 18
500 87 486 86 489 85 475 85 20
495 84 482 85 485 83 470 82 18
496 91 483 91 487 89 469 89 20
498 101 484 101 487 99 472 99 25
496 122 481 121 485 121 470 121 15
500 137 486 138 489 137 474 136 14
500 142 486 141 489 141 475 141 15
498 149 485 147 487 149 475 150 13
498 172 484 172 487 173 473 173 15
496 186 483 185 485 187 472 186 24
495 190 483 190 485 193 472 194 38
496 200 484 200 485 201 472 201 13
498 211 484 211 487 213 472 213 25
500 213 486 213 489 215 475 215 33
499 221 487 220 489 223 473 223 67
501 232 482 232 489 235 458 236 120
500 243 478 243 487 247 460 246 82
503 259 476 259 489 265 460 265 160
506 77 492 77 495 75 480 75 20
504 80 489 80 493 77 477 77 34
506 89 491 91 495 89 481 87 23
504 104 489 105 493 103 479 103 22
501 117 487 116 491 115 475 115 11
503 145 490 145 493 145 478 145 34
502 170 488 169 491 171 477 170 22
502 168 490 171 491 169 478 170 18
502 174 489 175 491 175 477 176 28
502 186 489 185 491 187 478 185 18
502 196 490 196 491 197 479 196 19
502 207 488 206 491 209 476 209 10
506 209 492 209 495 211 480 211 29
502 217 487 217 491 219 477 219 65
505 220 489 220 493 223 476 223 62
506 225 490 225 495 227 479 227 65
504 227 487 227 493 229 467 229 174
509 251 483 250 495 255 469 255 130
507 254 481 254 493 259 465 259 160
507 261 480 261 493 267 464 267 91
509 265 482 264 495 271 465 271 93
510 31 495 30 499 27 484 27 26
508 29 493 29 497 25 482 24 38
508 35 493 35 497 31 482 31 40
510 41 495 41 499 37 483 36 27
508 44 493 44 497 41 481 41 26
509 77 495 78 499 75 484 75 17
508 88 491 91 497 87 481 87 37
510 111 495 111 499 109 484 108 26
512 147 499 147 501 147 488 147 35
511 153 499 153 501 153 488 153 37
510 173 497 173 499 173 486 173 25
508 213 494 213 497 215 483 215 45
510 220 494 220 499 223 483 223 67
511 238 491 237 499 241 478 240 41
514 241 493 241 501 245 479 245 41
513 264 486 263 497 271 463 272 190
514 35 499 35 503 31 488 31 24
518 42 503 42 507 39 492 38 22
517 38 503 38 507 35 492 34 30
513 39 499 40 503 37 488 37 30
513 46 499 48 503 45 487 44 18
514 45 499 45 503 41 487 41 27
516 56 501 55 505 53 489 51 18
517 76 503 77 507 73 492 74 27
513 74 498 72 503 71 487 70 24
517 78 502 78 507 75 491 76 33
513 89 498 89 503 87 486 87 15
515 108 500 107 507 107 493 107 38
517 119 503 120 507 119 492 119 18
517 143 503 144 507 143 492 144 44
518 147 505 147 507 147 493 148 42
515 151 502 151 505 151 491 151 49
518 161 505 160 507 161 494 161 45
514 163 500 162 503 163 489 163 52
518 187 505 187 505 187 493 187 46
517 192 505 192 507 193 494 193 22
513 190 501 189 503 191 490 191 20
515 199 502 199 505 201 492 201 16
517 211 504 211 507 213 493 213 41
513 212 500 211 503 213 488 213 40
515 217 501 217 505 219 489 219 55
516 223 501 222 505 225 489 225 67
522 31 507 31 511 27 496 27 32
522 107 507 106 511 105 496 105 35
520 147 509 145 509 147 495 148 47
520 155 506 154 509 155 495 155 42
519 156 506 156 509 157 495 157 72
519 163 506 163 509 163 496 163 83
519 178 506 178 509 179 495 179 32
521 190 508 190 511 191 498 191 28
524 215 511 215 513 217 499 217 48
523 221 508 221 513 223 497 223 61
520 228 502 228 509 231 490 231 55
525 237 505 236 513 241 492 240 30
523 250 499 250 511 255 486 255 96
522 255 497 254 509 259 483 259 136
526 261 498 261 513 267 484 267 92
521 267 491 267 509 273 478 273 62
529 34 515 34 519 31 503 31 26
528 64 513 63 517 61 502 61 18
529 81 514 81 519 79 504 80 38
529 131 514 131 519 131 504 131 39
527 135 513 133 517 135 502 133 57
527 157 513 157 517 157 502 157 130
529 185 517 185 519 185 505 185 77
529 187 517 190 519 191 507 191 159
529 199 516 199 519 201 505 200 98
525 198 513 197 515 199 502 199 74
525 205 512 206 515 207 501 207 87
530 228 513 228 519 231 500 231 73
531 241 509 241 519 245 497 245 35
529 245 507 245 517 249 493 249 73
531 247 509 247 519 251 495 251 48
529 259 502 259 517 265 488 265 81
531 265 502 265 519 271 489 271 66
533 31 519 30 523 27 506 29 76
531 57 517 58 521 55 506 55 21
533 63 518 63 523 61 508 61 19
533 89 521 87 523 87 511 85 118
532 164 521 165 523 165 511 165 241
534 160 523 163 525 161 513 163 246
532 166 520 166 523 167 511 167 195
533 186 521 186 523 187 511 187 94
534 196 523 196 525 197 513 197 151
534 223 518 223 523 225 507 225 41
541 72 526 72 531 69 516 69 19
536 69 521 69 527 67 512 67 24
536 75 522 76 527 73 512 73 22
539 116 526 116 529 115 516 115 271
536 118 524 118 527 117 514 117 360
539 124 525 124 529 123 515 123 156
541 141 527 141 531 141 516 141 105
539 143 524 143 529 143 514 143 116
540 150 526 150 529 149 516 150 149
541 159 527 160 531 159 517 160 258
539 163 526 164 529 163 516 165 298
536 170 524 170 527 171 514 171 230
539 175 526 175 529 175 516 176 249
539 192 527 192 529 193 517 192 238
539 198 526 198 529 199 517 199 124
541 203 527 203 531 205 517 205 192
538 233 518 234 527 237 507 236 77
541 259 513 259 529 265 499 265 69
542 263 514 263 529 269 499 269 41
544 263 516 263 531 269 502 269 44
542 25 529 25 533 21 519 21 132
545 80 531 81 535 79 521 79 39
543 86 528 85 533 83 518 83 46
547 126 533 126 537 125 523 125 250
547 141 532 141 537 141 522 141 230
545 147 531 147 535 147 520 146 242
542 159 528 160 533 161 518 161 297
546 164 533 165 537 165 524 165 313
543 169 529 168 533 169 519 169 241
544 175 531 174 535 175 521 175 203
544 204 532 204 535 205 522 205 140
549 223 533 223 537 225 524 225 94
545 221 530 221 535 223 519 223 50
548 236 528 236 537 239 517 239 43
546 243 524 243 535 247 512 247 27
544 251 520 250 533 255 507 255 41
544 257 519 257 533 263 510 262 93
548 65 534 65 539 63 524 63 20
549 68 534 67 539 65 524 65 33
550 90 537 90 541 89 527 89 71
548 106 534 103 539 105 524 103 279
552 110 541 110 543 109 531 109 311
551 124 537 124 541 123 528 123 283
552 120 540 120 543 119 529 119 351
553 126 539 126 543 125 531 126 322
549 143 534 143 539 143 523 142 135
550 147 536 146 541 147 526 146 178
549 157 534 157 539 157 524 157 375
551 168 537 168 541 169 527 169 361
548 198 537 198 539 199 528 199 199
550 196 538 196 541 197 530 197 246
548 215 532 215 539 217 524 217 87
552 213 539 213 543 215 528 215 89
548 219 533 219 539 221 524 221 47
552 241 531 241 541 245 519 245 38
553 261 526 261 541 267 508 268 57
558 40 546 39 549 37 537 37 152
556 75 543 76 547 73 534 73 81
556 99 543 99 547 97 533 97 128
554 112 543 112 545 111 532 110 298
555 145 540 144 545 145 530 144 214
554 151 540 151 545 151 530 151 251
558 158 547 158 549 159 537 161 287
554 172 543 173 545 173 533 173 240
558 174 546 174 549 175 537 175 245
554 192 543 192 545 193 534 193 133
557 213 541 213 547 215 532 215 88
555 235 534 235 545 239 524 239 38
557 240 537 240 547 243 525 243 31
557 236 537 235 547 239 526 239 32
554 247 531 246 545 251 521 251 69
558 255 532 255 547 261 519 261 42
560 20 547 20 551 17 538 17 147
562 26 549 26 553 23 540 22 95
560 36 548 35 551 33 539 34 201
560 42 548 41 551 39 539 38 160
560 44 547 43 551 41 534 40 216
564 53 550 54 555 51 541 51 173
564 60 550 59 555 57 540 56 192
560 69 546 70 551 67 536 67 86
562 74 548 74 553 71 538 71 41
564 89 550 89 555 87 540 87 48
562 100 548 100 553 99 538 99 154
562 118 548 118 553 117 538 117 285
560 120 546 119 551 119 537 118 326
560 135 547 134 551 135 538 133 218
562 139 549 139 553 139 542 140 196
562 170 549 170 553 171 540 171 355
560 186 549 186 551 187 540 187 192
564 188 553 188 555 189 544 189 197
564 202 551 202 555 203 541 203 145
560 213 546 213 551 215 536 215 82
561 234 541 234 551 237 531 238 33
565 241 543 241 555 245 535 244 33
565 259 537 259 551 265 523 265 51
567 337 513 337 553 357 493 357 89
568 33 554 34 559 31 545 31 181
570 54 559 54 561 51 551 53 170
570 60 559 61 561 57 551 59 192
569 62 555 63 561 59 543 60 358
566 68 552 69 557 65 542 65 156
568 87 554 87 559 85 544 85 38
567 85 551 84 557 83 542 83 49
566 91 552 91 557 89 542 89 55
568 97 553 96 559 95 544 95 73
566 99 551 100 557 97 542 97 119
570 104 555 104 561 103 546 103 107
570 114 555 113 561 113 546 113 145
568 139 557 138 559 139 548 138 302
570 145 555 145 561 145 545 145 234
570 159 556 159 561 159 546 159 157
570 157 556 157 561 157 546 157 176
566 182 555 182 557 183 546 183 234
570 178 559 178 561 179 550 179 304
566 187 555 189 557 189 546 190 234
570 189 559 190 561 191 551 189 244
566 192 555 192 557 193 547 193 352
570 209 556 209 561 211 547 211 115
570 219 556 219 561 221 546 221 74
570 227 553 227 561 229 543 230 55
570 241 549 241 561 245 538 245 55
573 28 561 28 565 25 552 25 194
576 105 561 104 567 103 552 102 73
574 109 559 108 565 107 550 107 106
574 124 559 124 565 123 550 123 102
572 135 560 135 563 135 551 135 261
576 145 561 145 567 145 552 145 202
572 168 558 168 563 169 549 169 302
574 186 564 186 565 187 555 187 180
572 194 561 194 563 195 553 195 248
575 189 565 189 567 191 557 191 197
571 192 561 192 563 193 553 193 217
572 203 558 204 563 205 548 206 177
574 230 556 230 565 233 546 232 45
574 238 554 238 565 241 544 241 36
574 334 522 334 563 353 505 353 96
577 341 523 342 565 363 503 363 181
581 21 568 22 573 19 559 19 181
582 59 569 59 573 57 560 57 114
582 92 568 92 573 91 559 91 50
580 94 565 95 571 93 556 93 49
582 102 568 102 573 101 559 101 77
578 120 563 120 569 119 554 119 117
580 125 565 126 571 125 556 124 128
578 157 564 157 569 157 555 157 85
579 163 566 162 571 163 557 163 120
581 177 569 175 573 177 565 175 360
579 203 566 203 571 205 558 205 193
580 210 566 209 571 211 557 211 169
581 238 559 239 571 243 548 244 48
578 252 553 252 569 257 542 257 101
584 334 531 334 573 353 514 353 94
583 24 570 24 575 21 561 21 151
583 44 570 43 575 41 559 39 96
583 66 569 67 575 65 560 64 51
585 112 571 109 577 111 563 111 119
587 128 574 127 579 127 565 127 115
584 139 569 141 575 139 560 141 120
583 159 569 159 575 159 560 159 102
587 160 573 160 579 161 565 161 146
583 198 570 199 575 199 561 200 248
585 211 572 211 577 213 564 213 161
584 215 570 215 575 217 561 217 82
587 213 574 213 579 215 566 215 163
584 223 568 223 575 225 559 225 62
584 230 565 230 575 233 560 233 55
583 247 562 246 577 251 552 251 105
593 56 579 56 585 53 571 51 83
591 71 578 70 583 69 569 69 32
593 75 580 75 585 73 571 73 95
595 89 580 90 585 89 571 89 154
591 96 578 96 583 95 569 95 85
593 112 580 110 585 111 571 109 71
589 124 576 124 581 123 567 123 88
593 140 579 139 585 139 570 139 91
593 143 579 143 585 143 570 143 103
593 149 580 149 585 149 571 149 102
589 157 575 156 581 157 567 157 70
591 168 579 168 583 169 573 167 205
593 211 580 211 585 213 572 213 173
593 339 539 340 583 361 522 361 118
599 20 585 20 591 17 576 17 103
597 41 583 41 589 39 575 39 261
595 46 581 45 587 43 573 43 114
599 49 586 49 591 47 578 47 183
595 79 582 79 587 77 573 77 60
599 128 586 128 591 127 577 127 144
599 135 586 135 591 135 578 135 84
597 141 583 141 589 141 574 141 106
595 137 581 136 587 137 573 136 102
599 153 586 153 591 153 577 153 71
597 157 583 157 589 157 575 157 81
599 178 587 179 591 179 579 179 234
597 186 587 186 589 187 579 187 135
599 215 586 215 591 217 577 217 125
599 221 583 221 591 223 576 223 105
595 226 578 226 587 229 569 229 56
599 230 581 230 591 233 572 233 84
601 24 588 23 593 21 580 20 121
605 28 591 28 597 25 583 25 125
601 26 587 27 593 23 580 23 170
605 41 592 41 597 39 584 38 190
605 88 592 89 597 87 584 87 103
605 108 591 108 597 107 583 107 60
601 110 587 110 593 109 579 109 77
605 124 593 124 597 123 584 123 220
605 143 593 141 597 143 585 141 209
601 228 583 228 593 231 574 231 82
603 232 584 232 595 235 575 235 73
607 28 593 28 599 25 585 25 274
611 61 598 60 603 59 590 58 347
611 76 601 75 603 75 593 74 427
611 107 597 106 603 105 589 105 134
607 106 593 106 599 105 585 105 74
611 116 597 117 603 115 589 116 260
607 122 595 123 599 121 587 123 225
606 127 595 126 599 127 587 126 271
611 135 599 135 603 135 589 133 173
609 159 595 158 601 159 587 159 79
608 175 595 175 601 175 588 174 271
611 180 602 179 603 181 594 179 319
606 198 595 198 599 199 587 199 185
607 204 595 203 599 205 587 205 175
607 230 588 230 599 233 579 233 107
616 50 602 51 607 49 594 49 118
615 57 602 57 607 55 594 55 354
617 67 608 68 609 67 601 66 315
617 75 608 73 609 73 601 72 328
613 79 604 78 605 77 596 76 368
615 102 601 102 607 101 593 101 174
614 119 603 119 607 119 595 119 422
615 143 603 143 607 143 595 143 175
613 186 604 186 605 187 597 187 265
613 200 599 200 605 201 594 201 117
617 198 605 197 609 199 598 200 210
618 211 606 211 609 213 597 213 65
612 213 601 213 605 215 593 215 78
609 223 593 223 605 225 588 225 68
617 244 594 244 609 249 584 249 65
622 53 610 53 615 51 603 51 253
619 49 606 49 611 47 598 47 177
619 55 606 55 611 53 598 53 138
623 68 615 68 615 67 607 67 246
621 73 612 73 613 71 605 71 312
623 75 614 74 615 73 607 72 294
620 87 608 86 613 85 600 85 255
621 127 609 127 613 127 601 127 250
622 141 610 141 615 141 603 141 338
619 144 602 146 611 145 594 146 434
623 168 611 168 615 169 605 167 518
619 184 610 184 611 185 603 185 401
622 186 613 187 613 189 606 188 225
620 208 608 207 613 209 601 209 153
622 211 610 211 615 213 602 213 75
622 221 608 221 615 223 600 223 99
621 228 603 228 613 231 595 231 92
622 232 603 232 615 235 595 235 47
620 234 601 234 613 237 593 237 69
618 249 594 249 613 253 588 253 34
624 57 612 57 617 55 605 55 215
627 70 619 70 619 69 611 69 451
626 131 614 131 619 131 607 131 264
626 173 618 172 619 173 610 173 361
624 198 612 198 617 199 605 200 214
628 196 616 196 621 197 609 197 220
625 206 612 205 617 207 605 207 107
624 203 612 203 617 205 605 206 150
625 211 612 211 617 213 605 213 67
626 228 608 228 619 231 600 231 78
626 234 607 234 619 237 599 237 141
624 236 606 237 617 239 595 239 98
627 243 603 243 621 247 598 246 64
634 109 627 109 627 109 619 109 101
630 159 617 159 623 159 609 159 473
633 161 620 160 625 161 612 160 458
633 167 625 166 625 167 617 167 335
632 180 620 180 625 181 612 181 292
630 194 618 194 623 195 611 195 188
631 203 617 203 625 205 612 205 168
634 207 622 207 627 209 615 209 217
634 211 621 211 627 213 614 213 125
632 215 619 215 625 217 612 217 116
632 247 609 247 627 251 597 252 61
629 247 605 247 623 251 598 251 28
636 79 624 78 629 77 616 77 607
639 86 633 87 631 87 627 86 587
639 98 631 97 631 97 623 97 332
635 103 628 103 629 103 621 103 187
638 145 625 144 631 145 617 145 532
636 151 623 151 629 151 616 151 336
640 174 635 175 633 175 624 175 556
636 178 625 178 629 179 617 179 420
638 194 626 193 631 195 618 195 150
639 202 624 201 631 203 617 203 131
638 205 627 205 631 207 620 207 127
636 217 623 217 629 219 616 219 85
639 222 627 222 633 225 616 225 108
639 230 621 230 633 233 614 233 53
638 236 619 236 631 239 610 240 46
638 241 615 241 631 245 607 245 64
644 70 640 69 637 69 632 69 344
646 75 641 74 639 73 634 73 280
644 89 639 89 637 89 632 89 370
646 97 640 98 639 97 632 97 183
646 107 639 107 639 107 632 107 115
644 107 637 107 637 107 630 107 177
646 115 639 115 639 115 631 116 137
644 137 637 139 637 139 630 139 205
644 151 629 155 637 153 622 155 625
644 159 638 160 637 161 629 159 223
644 165 637 166 637 167 629 165 220
642 170 635 170 635 171 627 170 286
644 184 629 185 637 185 622 186 250
642 192 630 192 635 193 623 193 185
646 199 634 199 639 201 626 201 160
643 197 631 196 637 197 625 197 335
646 217 633 217 637 219 624 219 89
646 230 627 230 639 233 619 234 56
641 245 618 245 635 249 611 249 40
652 89 647 91 645 89 640 90 120
650 119 645 118 643 119 637 119 256
649 127 641 127 641 127 636 127 144
652 138 647 138 645 139 640 139 158
648 143 643 143 641 143 636 143 250
648 156 643 156 641 157 636 157 263
652 160 647 160 645 161 640 161 175
652 190 639 190 645 191 632 191 273
648 211 636 211 641 213 629 213 148
650 211 637 211 643 213 631 213 131
647 239 625 239 641 243 619 243 46
650 255 620 254 645 259 617 259 35
656 85 651 85 649 85 644 85 94
654 95 646 96 647 95 641 95 124
657 121 650 123 649 123 646 121 89
656 129 651 128 649 129 644 129 154
658 132 653 132 651 133 646 133 160
658 141 653 140 651 141 646 141 155
656 152 653 149 649 153 644 153 123
657 156 651 156 649 157 644 157 121
658 160 653 160 651 161 646 161 78
654 164 649 164 647 165 642 165 200
656 164 651 164 649 165 644 165 186
654 194 641 193 647 195 634 194 210
657 191 645 191 651 193 638 193 306
658 197 645 198 651 199 638 199 182
653 201 641 201 647 203 634 203 154
656 205 643 205 649 207 645 206 590
657 210 645 211 651 213 638 213 127
654 215 641 215 647 217 633 217 91
657 232 638 232 651 235 630 234 43
653 236 632 235 647 239 625 239 61
659 237 636 237 651 241 629 241 65
658 248 634 248 651 253 625 254 22
664 75 659 74 657 75 652 74 157
662 103 657 103 655 103 650 103 83
662 113 657 113 655 113 650 113 76
662 126 656 126 655 127 649 127 69
662 133 657 137 655 135 650 134 95
662 156 657 156 655 157 650 157 114
660 176 652 176 653 177 645 177 368
660 202 647 204 653 205 640 205 339
659 213 647 213 653 215 640 215 139
661 222 647 222 657 225 640 225 128
659 230 641 230 653 233 633 233 55
663 237 638 237 653 241 631 241 86
667 97 661 96 659 97 651 97 49
668 101 662 101 661 101 655 101 62
668 105 663 105 661 105 656 105 74
668 115 663 115 661 115 656 115 63
666 122 661 122 659 123 653 123 48
668 129 663 128 661 129 656 129 97
666 131 661 130 659 131 654 131 104
670 134 665 134 663 135 643 137 202
666 137 661 139 659 139 654 139 166
668 140 663 140 661 141 656 141 91
668 158 663 158 661 159 656 159 134
666 160 661 160 659 161 654 161 97
670 165 665 165 663 165 658 166 104
666 179 658 181 661 181 650 180 229
668 190 656 190 661 191 650 192 236
667 205 656 205 661 207 649 207 312
670 219 655 219 663 221 649 221 185
671 241 649 241 663 245 635 246 89
665 268 635 266 659 273 636 274 11
664 263 634 261 659 269 629 269 10
665 313 629 312 663 327 622 326 16
672 71 667 70 665 71 660 70 135
674 94 669 94 667 93 661 93 45
675 97 669 97 669 97 662 97 44
674 105 669 105 667 105 662 105 75
674 103 669 103 667 103 662 103 114
674 110 669 110 667 111 662 109 85
674 113 669 112 667 113 662 112 71
672 123 667 122 665 123 660 123 82
674 132 669 132 667 133 662 133 97
676 136 671 138 669 137 664 138 80
674 194 662 193 667 195 656 195 210
675 198 664 198 669 199 657 199 247
673 206 662 205 667 207 655 207 220
676 211 664 211 669 213 658 213 179
673 211 662 211 667 213 656 213 210
683 71 673 71 675 71 666 71 110
678 101 672 101 671 101 665 101 80
682 111 677 110 675 111 670 111 96
680 107 675 106 673 107 668 108 70
680 111 675 111 673 111 668 111 108
680 147 673 146 673 147 666 147 96
680 157 673 156 673 157 667 157 63
682 160 675 160 675 161 668 161 73
677 160 672 160 671 161 665 161 84
681 200 672 200 675 201 666 201 300
676 235 656 235 671 239 650 239 92
680 238 658 237 675 241 654 241 126
675 262 646 263 671 269 639 267 13
688 85 683 85 681 85 676 85 86
688 89 684 89 681 89 677 89 64
687 93 683 93 681 95 676 94 65
684 125 677 125 677 125 670 125 37
684 131 677 130 677 131 671 131 74
688 139 682 138 681 139 675 139 100
684 145 677 144 677 145 671 145 109
688 155 681 154 681 155 674 155 61
688 160 681 160 681 161 674 161 62
688 168 681 168 681 169 674 169 77
685 177 678 177 679 179 671 178 116
685 197 676 197 679 199 669 198 114
688 201 679 201 681 203 672 203 129
683 204 673 204 677 205 668 205 228
685 211 674 211 679 213 667 213 195
683 223 666 222 677 225 660 225 94
682 232 663 232 677 235 657 235 144
682 254 657 253 679 259 651 259 11
692 75 685 75 685 75 677 75 116
692 87 687 87 685 87 680 87 70
691 95 687 93 685 95 677 93 67
691 99 684 99 683 99 677 99 218
690 103 684 103 683 103 677 103 79
694 107 688 106 687 107 682 106 70
692 113 686 112 685 113 679 113 55
690 121 683 121 683 121 676 121 46
692 119 685 119 685 119 678 119 96
692 135 685 135 685 135 679 135 65
694 143 687 142 687 143 680 143 66
694 153 687 152 687 153 681 153 89
692 176 682 176 685 177 676 177 154
695 193 684 193 687 195 677 195 263
693 204 684 203 687 205 677 205 151
688 217 677 217 683 219 669 219 150
697 55 691 53 689 55 684 53 16
697 53 689 51 689 53 681 51 16
696 60 693 59 691 59 683 60 36
700 71 694 71 693 71 688 71 139
696 73 689 73 689 73 685 72 98
698 77 693 77 691 77 686 76 103
696 103 690 103 689 103 683 103 85
700 103 693 103 693 103 687 103 59
697 109 691 109 691 109 684 109 125
695 116 689 117 689 117 682 117 56
697 125 691 125 691 125 684 125 84
700 137 693 136 693 137 686 137 69
696 162 689 162 689 163 682 163 42
696 168 689 168 689 169 682 169 84
695 200 686 200 689 201 680 201 227
695 204 685 204 691 205 681 205 298
694 224 677 224 689 227 671 227 95
691 231 672 231 689 233 670 233 117
696 247 670 245 693 251 668 251 19
694 266 671 268 691 273 665 274 18
703 55 699 53 697 55 692 53 16
702 55 697 51 695 53 690 51 9
703 59 699 58 697 59 691 61 44
706 69 697 69 699 69 695 68 62
702 73 697 73 695 73 690 73 74
702 87 696 87 695 87 690 86 40
704 87 699 87 697 87 692 86 29
702 91 695 90 695 91 690 91 43
706 101 699 100 699 101 693 101 142
704 107 697 107 697 107 690 107 121
704 135 697 134 697 135 690 135 66
703 139 695 138 695 139 688 139 147
705 146 698 146 699 147 692 146 71
705 154 698 154 699 155 691 155 51
705 162 698 162 699 163 691 163 32
705 176 697 176 699 177 691 177 249
705 180 696 180 699 181 690 181 229
703 184 694 184 697 185 688 186 229
703 215 687 215 695 217 679 217 317
699 229 681 229 699 231 681 231 167
711 73 705 72 703 73 698 72 116
708 83 703 82 701 83 696 83 54
711 105 703 105 705 105 697 105 66
712 117 706 115 705 117 699 116 140
710 121 703 120 703 121 697 120 107
708 137 701 136 701 137 694 137 65
710 142 703 142 703 143 696 143 64
709 150 702 149 703 151 695 151 61
709 158 701 158 703 159 695 159 40
711 176 704 176 705 177 698 177 449
707 180 698 180 701 181 692 181 453
706 261 677 261 703 267 672 267 14
704 282 675 281 701 289 671 290 13
718 99 712 98 711 99 706 97 94
713 133 706 133 707 133 700 133 71
716 136 709 136 709 137 703 136 60
713 149 707 148 707 149 700 149 99
717 151 711 151 711 151 704 151 115
716 158 709 158 709 159 702 159 77
713 164 706 164 707 165 700 165 81
713 204 693 205 707 207 689 206 282
711 211 691 212 707 213 687 213 166
711 217 691 216 707 219 687 218 127
711 225 691 224 707 227 687 227 100
720 66 715 65 713 67 708 66 165
719 82 714 82 713 81 709 79 62
720 116 714 116 713 117 708 116 59
722 113 716 112 715 113 709 112 91
721 121 716 121 715 121 710 121 92
722 128 713 128 715 129 708 130 115
720 140 714 140 713 141 707 141 63
722 139 716 138 715 139 709 139 51
721 228 701 228 717 231 697 231 39
716 262 686 265 715 269 683 267 9
727 63 722 62 721 63 716 62 164
726 65 721 64 719 65 714 64 122
730 67 725 66 723 67 718 66 170
728 69 723 68 721 69 716 69 205
728 99 723 99 721 99 716 99 168
729 105 725 104 723 105 718 105 142
726 149 723 147 721 151 715 150 39
725 174 719 173 719 175 712 175 173
718 306 694 306 719 321 694 319 13
734 71 731 70 727 71 724 70 158
735 83 731 82 729 83 724 82 95
734 93 728 92 727 93 721 92 177
732 91 726 90 725 91 719 90 105
732 101 725 100 725 101 718 100 159
732 108 726 108 725 109 720 108 195
731 121 726 121 725 121 719 122 210
736 130 730 130 729 131 724 130 125
733 143 728 143 727 143 721 144 34
733 160 728 160 727 161 721 160 94
735 172 729 172 729 173 722 173 101
729 193 710 194 725 195 706 195 252
733 195 712 195 729 197 710 197 131
732 203 712 203 729 205 708 205 50
732 209 712 209 729 211 708 211 20
730 219 713 219 729 221 709 221 32
725 253 701 255 727 261 698 261 9
729 256 705 258 729 263 700 263 8
740 69 734 68 733 69 728 68 163
741 75 736 74 735 75 730 74 113
738 120 732 120 731 121 726 120 177
739 142 734 142 733 143 727 141 29
739 147 734 149 733 151 728 149 28
737 164 732 164 731 165 726 165 128
741 180 734 179 735 181 727 179 116
739 201 719 201 733 203 711 203 81
735 207 716 206 731 209 711 209 103
734 215 713 214 735 217 714 217 17
735 222 721 221 735 225 718 226 13
745 65 740 64 739 65 734 65 188
743 69 738 69 737 69 732 68 162
747 121 742 120 741 121 735 121 35
746 158 740 158 739 159 733 159 75
743 170 737 170 737 171 731 171 166
745 166 739 166 739 167 733 167 105
745 176 739 176 739 177 733 177 89
737 211 717 211 737 213 716 213 24
734 295 696 296 737 307 695 308 12
753 123 748 122 747 123 742 123 58
749 124 744 124 743 125 737 124 89
753 158 748 158 747 159 742 158 70
752 169 745 168 747 169 741 169 62
747 190 729 190 745 191 721 193 124
749 240 728 239 747 243 725 243 37
744 239 721 242 743 245 720 244 34
757 112 752 112 751 113 745 111 243
755 117 749 116 749 117 743 117 272
759 114 754 114 753 115 748 115 217
759 162 754 162 753 163 747 163 47
751 193 733 191 749 195 729 195 63
753 190 734 190 751 191 731 191 108
751 203 732 203 749 205 728 205 25
751 209 731 209 749 211 728 211 24
753 222 732 222 751 225 734 225 19
753 231 733 231 751 235 730 235 23
763 101 758 100 757 101 752 101 342
765 106 760 106 759 107 754 107 326
763 110 758 110 757 111 752 111 228
764 119 758 118 757 119 752 119 210
761 125 756 127 755 127 749 126 94
757 248 733 247 757 253 731 253 47
755 304 713 304 759 317 714 316 13
767 87 762 86 761 87 756 86 208
771 101 766 100 765 101 759 100 272
767 108 762 108 761 109 756 109 270
767 140 762 140 761 141 756 141 126
769 145 764 144 763 145 758 145 286
767 197 747 196 765 199 744 198 281
766 236 745 236 763 239 743 239 39
763 247 739 247 763 253 737 252 26
779 94 772 92 771 93 768 94 251
773 97 768 96 767 97 762 96 176
773 117 768 116 767 117 762 117 224
773 138 768 138 767 139 762 138 127
775 142 770 142 769 143 764 143 163
777 154 771 154 771 155 765 155 282
773 180 767 179 767 181 761 180 292
771 219 753 219 769 223 750 221 233
767 294 728 294 771 305 729 305 18
765 299 726 300 771 311 727 310 13
779 114 774 114 773 115 768 115 334
783 132 778 132 777 133 772 133 216
779 144 773 144 773 145 768 145 308
781 142 776 142 775 143 770 143 125
781 157 774 158 773 159 768 159 189
779 166 774 165 773 167 769 167 367
781 184 772 184 777 185 767 185 271
781 192 771 191 777 193 765 193 178
781 201 771 201 775 203 765 203 165
780 208 770 207 775 209 766 209 145
775 214 756 214 773 215 753 216 313
778 219 763 218 775 221 758 220 137
775 223 757 222 773 225 754 225 223
779 228 761 228 775 231 756 231 170
789 122 784 122 783 123 778 123 299
789 130 784 130 783 131 778 131 169
785 134 780 134 779 135 774 135 128
787 170 782 169 781 171 776 171 295
786 186 775 186 781 187 771 187 210
785 200 775 199 779 201 772 200 147
788 202 778 201 783 203 772 203 78
788 207 778 207 781 209 771 209 71
780 249 753 248 779 253 755 254 15
778 298 739 298 783 309 740 309 27
791 116 786 116 785 117 780 116 246
795 125 790 124 789 125 784 124 189
791 174 786 173 785 175 780 174 405
789 220 775 222 787 223 772 225 50
779 301 738 301 785 313 741 313 24
793 83 774 83 793 81 773 80 271
793 87 773 87 793 87 774 87 332
799 158 792 158 793 159 786 159 169
799 176 795 173 793 177 788 177 419
783 293 746 294 791 305 749 305 51
801 83 781 83 801 83 781 82 308
801 210 787 211 799 213 784 212 65
803 217 789 217 799 219 785 219 41
805 82 786 81 805 79 785 78 249
804 86 785 86 805 85 785 85 254
806 215 792 215 803 217 788 217 40
811 81 792 81 811 79 790 77 187
810 80 790 79 809 77 788 76 206
809 93 789 93 809 91 788 90 133
809 99 789 97 809 97 788 96 129
820 173 805 172 813 173 800 173 253
813 186 798 185 809 187 795 187 174
811 191 794 192 809 193 792 193 249
818 82 799 83 819 81 798 80 341
818 80 797 79 817 77 799 75 198
817 85 797 85 817 83 796 84 245
817 95 796 95 817 93 796 92 71
819 136 799 135 819 135 798 135 37
824 39 803 38 825 35 803 34 148
825 70 806 70 825 67 805 66 230
824 80 807 77 825 77 804 77 225
819 101 800 102 821 101 800 101 45
822 113 805 115 821 111 802 111 65
823 133 803 133 823 133 803 132 30
822 145 802 145 823 145 802 144 19
822 194 807 196 823 197 807 198 21
828 26 807 25 829 21 807 20 202
826 41 806 42 827 37 806 38 131
831 70 812 70 831 67 811 66 225
825 97 807 96 827 95 809 93 49
832 28 811 28 833 23 811 22 164
834 43 813 42 835 39 812 37 155
836 39 816 39 837 35 815 34 168
832 56 812 55 833 51 812 51 139
835 105 813 105 835 103 813 103 18
833 111 812 113 835 111 814 112 28
837 124 816 123 837 123 815 123 22
837 147 815 148 837 147 817 146 21
840 26 819 25 841 21 820 20 163
842 59 822 58 843 55 823 55 158
839 101 818 100 839 99 819 97 12
837 111 816 111 839 109 817 109 29
846 30 825 29 847 25 825 24 180
846 61 826 60 847 57 826 57 279
846 68 827 68 847 65 827 64 164
846 74 825 72 847 69 825 69 54
845 135 825 135 847 135 825 134 14
849 40 828 39 851 35 829 35 163
850 59 829 58 851 55 830 54 209
852 66 832 65 853 63 832 62 136
851 89 830 88 853 87 830 87 16
851 110 828 111 851 109 843 110 35
849 124 829 124 851 123 830 122 23
853 126 832 125 855 125 833 125 16
859 53 840 52 861 49 841 48 224
857 109 836 108 859 107 837 106 17
855 111 833 111 857 109 834 109 18
855 115 834 114 857 113 835 113 15
857 128 836 128 859 127 837 127 25
859 141 838 141 861 141 839 141 16
854 140 834 139 857 139 835 139 15
856 192 831 191 859 195 832 195 243
870 43 849 42 873 39 851 38 425
868 100 847 99 871 99 849 97 18
867 125 844 125 869 125 847 124 14
868 136 848 136 871 135 850 135 18
866 140 845 140 869 139 847 138 15
871 163 850 163 873 163 851 163 15
844 314 774 311 871 333 791 332 172
877 76 859 76 879 73 859 73 414
876 145 855 144 879 145 857 144 9
878 167 863 168 879 169 865 168 49
846 255 773 254 879 269 791 269 112
878 76 860 76 881 71 861 72 475
878 136 856 135 881 135 858 134 19
881 148 858 147 883 147 861 147 8
877 155 857 154 881 155 858 155 13
877 160 858 160 881 161 859 160 24
885 170 865 170 885 171 865 172 48
877 175 863 175 881 177 862 176 69
883 172 864 171 883 173 864 173 55
879 180 863 179 883 181 861 181 71
853 249 780 249 885 263 798 263 162
884 83 863 81 887 81 865 79 332
883 135 862 135 887 135 865 134 14
885 143 864 139 889 139 867 138 15
886 148 866 146 889 147 867 145 18
891 137 871 137 895 137 872 135 13
889 143 870 144 893 145 872 144 11
894 157 874 156 897 157 876 155 15
889 161 868 160 893 161 872 160 17
862 255 787 255 895 271 808 269 171
863 262 789 262 897 277 809 278 214
901 61 880 61 903 59 883 59 65
902 67 879 66 903 65 880 65 163
899 92 879 91 901 89 881 89 78
895 101 874 100 899 99 877 98 26
897 106 876 105 901 105 879 104 11
901 147 876 146 903 147 878 146 18
898 157 881 156 901 157 882 157 18
896 172 878 171 899 173 879 172 54
901 66 880 65 905 63 882 63 63
907 102 884 103 909 101 887 100 17
900 115 879 114 905 113 882 112 12
908 37 887 36 911 33 889 32 290
917 107 894 108 921 107 898 106 10
917 145 894 145 921 145 897 145 33
920 137 901 136 923 135 904 136 85
921 146 903 145 925 147 903 147 57
926 91 905 90 931 89 909 88 50
929 95 908 94 933 93 912 92 81
927 97 906 97 931 95 909 95 60
929 136 908 133 933 135 912 135 118
931 143 907 145 933 143 908 141 105
899 213 823 211 933 225 844 224 170
930 80 909 79 935 77 913 76 67
932 99 911 99 937 97 915 97 40
930 107 907 107 935 105 911 106 41
934 108 913 108 939 107 916 106 17
940 69 921 69 943 67 924 66 100
938 80 918 78 943 77 922 75 71
942 81 922 82 947 79 926 80 57
946 93 924 93 951 91 929 90 53
951 102 930 101 957 99 935 99 41
948 112 927 111 953 111 931 110 29
953 24 931 24 959 19 936 18 133
954 54 934 53 959 51 938 49 53
911 199 833 198 959 205 864 204 134
911 207 833 207 961 213 868 213 158
913 203 833 203 963 209 867 209 194
964 42 944 41 969 39 948 38 86
964 51 943 50 969 47 948 46 77
969 37 949 37 975 31 953 32 92
968 39 947 39 973 37 952 36 64
969 43 949 41 975 39 953 38 102
968 94 944 94 973 93 951 91 40
967 101 946 100 973 99 951 98 30
969 112 947 113 975 111 953 110 41
967 138 941 136 971 137 946 136 38
926 193 846 195 975 201 875 199 192
921 197 839 197 971 203 873 203 125
973 23 952 23 979 17 957 19 84
975 43 954 43 981 41 959 39 43
970 53 949 52 977 49 955 48 45
973 97 953 97 979 97 959 97 30
975 107 953 109 981 105 959 105 35
927 201 846 201 977 207 882 207 115
934 195 850 195 983 201 887 201 134
987 101 963 100 995 99 971 98 64
986 153 953 153 1003 153 967 153 20
1000 103 979 101 1009 101 985 100 134
989 150 956 149 1007 149 971 149 11
993 170 960 169 1011 171 975 170 9
991 174 958 173 1009 175 973 175 11
1002 76 977 76 1013 73 987 72 21
1003 98 979 97 1015 95 987 95 102
1005 112 981 111 1013 111 989 110 79
997 152 965 150 1015 151 979 151 16
995 160 962 160 1013 161 976 160 10
1007 86 980 86 1019 83 989 83 52
1010 99 984 99 1021 97 994 97 80
1007 161 973 163 1023 163 988 163 14
1014 28 988 28 1025 23 998 22 58
1017 165 984 164 1033 165 998 165 21
1029 139 998 138 1047 137 1014 136 81
1027 146 994 146 1043 145 1010 145 75
1030 55 998 57 1049 51 1015 51 40
1030 85 998 85 1049 81 1014 80 75
1035 131 1002 131 1053 129 1019 129 56
1031 156 997 154 1051 155 1015 154 18
1038 111 1006 111 1057 107 1022 107 89
1039 112 1005 111 1059 109 1024 109 55
1037 124 1004 124 1057 123 1021 123 64
1036 123 1004 123 1055 119 1020 119 52
1036 149 1003 149 1055 149 1020 148 15
1038 159 1006 159 1057 159 1022 159 18
1034 166 999 166 1055 167 1018 167 19
1043 87 1010 86 1063 83 1028 82 75
1043 105 1010 105 1063 103 1028 102 80
1042 119 1010 117 1061 117 1027 116 62
1045 136 1012 135 1065 135 1030 133 24
1045 156 1011 156 1065 155 1029 156 22
1039 158 1007 158 1061 157 1025 157 31
1039 162 1011 161 1061 163 1028 161 24
1051 73 1019 74 1071 67 1036 66 94
1047 86 1014 85 1067 81 1032 80 86
1047 145 1014 145 1069 143 1033 142 27
1050 151 1016 149 1071 151 1035 150 15
1049 164 1017 163 1071 165 1038 166 23
1061 129 1027 128 1083 127 1047 126 24
1066 82 1034 81 1087 77 1052 76 83
1065 142 1030 142 1087 141 1051 139 13
1071 71 1043 72 1093 65 1063 67 102
1071 86 1038 88 1093 81 1056 81 91
1074 97 1040 96 1095 93 1060 92 76
1072 107 1039 106 1093 105 1058 103 68
1070 115 1039 116 1091 113 1056 111 51
1083 64 1050 63 1101 59 1070 57 117
1081 72 1049 73 1101 65 1067 65 82
1075 139 1040 140 1099 135 1061 134 16
1082 48 1047 47 1105 41 1069 39 108
1079 117 1047 118 1103 115 1067 115 45
1082 144 1049 143 1105 143 1065 143 12
1088 59 1055 57 1109 53 1075 52 136
1098 93 1064 93 1121 89 1086 87 74
1096 130 1063 130 1121 129 1084 128 12
1100 129 1066 128 1125 127 1088 126 13
1101 147 1065 147 1125 147 1087 146 10
1096 153 1061 153 1123 155 1084 154 14
1098 174 1065 173 1123 175 1087 174 18
1105 46 1071 45 1129 39 1093 37 76
1107 58 1073 57 1131 51 1096 49 80
1106 150 1070 150 1129 151 1091 151 14
1107 157 1071 156 1131 157 1095 157 12
1102 159 1068 159 1127 159 1091 159 17
1109 119 1073 121 1137 115 1099 115 27
1111 155 1073 155 1135 155 1097 155 13
1120 55 1087 53 1143 49 1108 47 123
1114 159 1080 158 1139 159 1102 158 20
1122 87 1089 87 1147 83 1111 82 151
1121 106 1089 105 1145 103 1111 102 71
1125 115 1092 114 1149 111 1114 113 54
1123 109 1090 109 1149 107 1112 106 74
1125 131 1089 131 1153 129 1115 128 27
1124 135 1086 135 1151 133 1111 134 15
1131 62 1095 62 1157 57 1120 55 192
1129 79 1094 78 1157 73 1119 73 129
1130 126 1095 124 1159 123 1120 122 27
1133 133 1097 133 1161 133 1123 132 21
1131 151 1097 150 1159 151 1122 150 14
1131 159 1095 159 1159 159 1120 159 17
1133 159 1099 157 1161 159 1124 158 13
1140 42 1106 39 1167 37 1123 35 147
1135 66 1100 64 1163 59 1125 58 125
1135 73 1099 72 1163 67 1125 66 120
1135 88 1099 87 1163 83 1125 82 77
1135 127 1100 128 1163 125 1125 127 34
1138 138 1102 138 1165 137 1127 135 29
1136 161 1100 160 1163 161 1126 161 16
1147 67 1106 67 1177 61 1131 61 95
1165 44 1129 43 1193 37 1155 35 203
1169 65 1131 64 1199 59 1152 59 55
1177 129 1139 129 1211 127 1171 126 184
