105 170 68 170 57 169 16 169 98
112 174 74 174 63 175 23 174 145
111 190 73 189 63 191 21 192 29
117 168 78 168 69 167 28 167 98
113 195 75 195 65 197 23 196 20
114 215 76 216 65 219 24 220 17
120 167 82 166 73 165 31 165 95
122 170 84 170 75 169 33 169 60
118 177 80 177 71 177 30 177 39
121 223 83 222 75 225 32 226 17
122 228 84 228 75 233 33 233 50
130 260 80 259 71 269 16 268 139
125 126 90 128 81 123 42 123 176
128 181 90 181 81 181 40 181 45
124 185 86 185 77 185 36 185 29
125 193 87 194 79 195 37 195 49
124 203 85 202 77 205 36 204 24
125 214 87 214 79 217 37 216 28
136 265 87 264 79 275 23 274 156
135 278 85 278 77 289 22 289 172
138 287 89 286 81 299 27 298 137
138 298 89 297 81 311 26 310 176
129 164 91 164 83 163 42 163 66
130 170 91 170 83 169 42 169 95
130 183 91 182 83 183 42 183 39
134 191 95 189 87 191 46 190 85
133 203 95 203 87 205 46 205 34
129 223 91 223 83 227 42 226 46
129 231 91 230 83 235 42 234 126
140 258 91 258 83 267 29 266 171
133 125 97 123 89 119 50 118 182
138 137 100 137 93 133 53 133 118
138 144 100 144 93 141 52 141 72
135 161 97 160 89 159 48 159 70
136 159 99 159 91 157 50 158 69
136 161 99 162 91 161 50 160 86
134 168 97 168 89 167 48 167 54
135 177 97 177 89 177 49 177 114
135 182 97 183 89 183 48 183 45
138 219 100 219 93 223 52 222 52
141 160 104 160 97 159 56 158 69
142 168 105 168 97 167 57 167 82
141 173 105 174 97 173 57 173 71
144 176 106 175 99 175 58 174 60
144 181 106 181 99 181 58 181 52
142 194 104 194 97 195 56 195 47
142 207 104 206 97 209 57 209 42
143 212 105 212 99 215 58 214 50
154 263 107 263 95 273 49 272 371
149 271 101 270 95 281 42 280 190
153 295 105 294 99 307 47 306 190
153 325 103 324 97 341 42 339 90
145 158 108 159 101 157 61 157 75
149 172 111 171 105 171 64 170 81
147 195 110 195 103 197 62 197 53
146 205 108 204 101 207 61 207 43
147 208 109 208 103 211 62 211 39
148 212 112 211 105 215 65 214 62
147 225 110 224 103 229 63 228 91
158 291 111 290 105 303 54 302 200
153 160 115 160 109 159 69 159 89
154 169 118 171 111 169 71 169 106
151 181 113 181 107 181 67 181 54
154 219 117 219 111 223 71 223 83
152 221 115 221 109 225 69 225 96
151 238 110 236 111 241 65 242 300
163 253 116 253 111 261 60 260 183
162 262 114 262 109 271 57 271 158
160 278 112 278 107 289 55 289 151
154 147 119 148 113 145 74 144 73
159 190 121 190 117 191 77 191 101
155 207 119 206 113 209 74 207 45
168 251 121 251 117 259 65 259 214
165 264 118 264 113 273 62 273 140
166 262 120 262 115 271 64 271 115
168 278 122 278 117 289 66 289 150
167 280 120 280 115 291 65 290 167
165 301 119 300 115 313 64 312 165
167 299 121 298 117 311 67 310 240
165 310 120 309 115 323 65 322 244
166 314 120 314 115 329 63 328 152
162 177 126 177 121 177 82 177 69
161 176 124 175 119 175 80 175 75
161 195 124 196 119 197 79 198 83
164 227 128 227 123 231 85 230 112
161 239 124 237 119 243 79 242 287
173 243 127 242 123 249 73 249 202
171 257 126 256 121 265 71 264 167
171 293 125 293 121 305 71 304 112
174 323 125 322 121 339 66 338 103
168 174 132 173 127 173 88 173 79
170 186 134 186 129 187 90 188 114
168 186 132 186 127 187 88 187 115
168 192 132 192 127 193 89 193 141
168 223 135 224 127 229 89 228 282
178 259 132 258 129 267 79 266 123
175 255 129 254 125 263 75 262 94
175 262 131 262 127 271 77 270 143
173 295 129 295 125 307 76 306 176
181 326 129 326 127 343 71 342 106
182 325 132 324 129 341 73 340 107
155 48 142 50 135 45 120 46 282
171 209 140 211 135 213 104 212 94
170 229 136 229 131 233 94 233 191
181 271 136 271 133 281 84 280 190
178 303 129 304 131 315 75 316 375
187 237 144 237 141 243 97 242 302
184 239 140 239 137 245 88 245 238
186 242 142 242 139 249 91 248 121
188 250 144 250 141 257 93 257 136
186 286 141 286 139 297 91 296 148
169 49 153 48 147 43 133 44 181
166 74 151 75 145 71 129 71 91
165 83 151 83 145 79 131 78 78
187 191 153 190 147 191 121 191 126
183 199 151 200 147 201 109 202 131
193 250 149 250 147 257 100 256 101
191 263 147 263 145 271 98 271 100
189 286 145 286 143 297 95 296 155
168 49 155 50 149 45 133 45 105
171 54 157 55 151 51 136 52 118
186 222 157 221 153 225 121 225 132
186 228 157 227 153 231 121 231 246
194 246 151 246 149 253 102 253 114
194 259 151 259 149 267 102 267 132
198 292 154 291 153 303 106 302 177
195 302 153 300 151 313 104 312 168
204 333 152 332 151 351 93 350 50
203 338 150 337 149 357 89 356 60
175 72 161 72 155 67 141 68 57
176 71 162 71 157 67 142 67 116
175 94 160 95 155 91 141 89 50
177 137 161 137 155 135 140 135 42
187 186 155 184 159 187 124 186 165
191 201 162 201 159 203 128 203 126
201 243 158 243 157 249 109 249 105
203 259 160 259 159 267 112 267 105
201 261 158 261 157 269 110 269 97
201 281 158 281 157 291 110 290 106
200 307 156 306 155 319 107 318 107
202 315 156 314 155 329 102 328 83
209 342 154 342 155 363 93 362 106
185 24 170 25 165 19 150 20 88
185 34 171 35 165 29 151 30 96
185 71 171 71 165 67 151 67 141
185 77 171 77 165 73 151 73 74
184 131 170 131 165 129 150 129 135
183 130 168 129 163 127 148 127 89
180 134 166 135 161 133 145 132 78
182 134 168 135 163 133 148 133 84
187 154 169 154 165 153 149 153 11
193 196 164 196 161 197 130 197 134
193 204 164 203 161 205 130 205 122
197 205 168 205 165 207 134 207 334
194 218 164 218 161 221 129 221 387
198 227 168 227 165 231 134 230 426
203 236 158 236 163 241 118 241 333
205 239 162 239 161 245 114 244 177
206 290 164 290 163 301 117 300 135
209 320 161 319 161 335 108 334 65
188 31 174 33 169 27 154 27 137
187 50 175 51 169 45 151 44 50
189 67 176 67 171 65 156 63 65
188 91 172 89 167 85 151 85 17
191 100 173 101 169 97 154 96 46
188 129 174 129 169 127 155 127 103
202 207 172 207 169 209 138 209 222
199 213 170 213 167 215 136 215 184
213 247 171 246 171 253 125 253 114
210 266 168 266 167 275 122 274 99
209 278 167 277 167 287 120 287 205
212 293 171 292 171 303 125 302 181
220 335 167 334 169 353 109 352 61
223 340 168 339 171 359 107 358 95
195 34 179 34 175 29 159 29 128
196 82 182 83 177 79 163 79 45
191 99 179 100 175 97 159 95 70
192 108 178 108 173 105 158 105 72
193 113 178 114 173 111 158 111 89
196 121 181 121 177 119 160 118 112
191 149 177 149 173 147 157 147 32
203 187 175 187 173 187 143 188 90
207 189 179 189 177 189 148 188 65
206 192 178 192 175 193 146 193 218
204 198 175 198 173 199 142 199 247
207 207 179 207 177 209 147 209 213
206 217 177 217 175 219 144 219 277
216 267 175 267 175 275 130 274 142
217 282 177 281 177 291 132 290 172
215 280 173 279 173 289 127 289 264
221 327 171 326 173 343 117 342 66
199 20 183 20 181 17 166 18 180
203 108 188 108 183 105 167 103 113
201 114 188 114 183 111 167 111 122
199 136 184 137 179 135 163 135 79
210 212 180 210 179 213 148 212 212
212 216 185 216 183 219 155 218 256
211 221 181 220 179 223 148 223 300
220 241 179 241 179 247 134 246 193
223 245 182 245 183 251 139 251 214
222 249 180 248 181 255 136 254 143
222 264 182 263 183 271 138 271 147
221 280 180 279 181 289 136 288 225
222 285 180 285 181 295 137 294 152
222 291 183 290 183 301 140 300 131
222 307 178 306 179 319 130 318 99
223 305 180 304 181 317 133 316 100
224 310 179 310 181 323 132 322 89
228 326 176 326 179 343 123 342 107
227 331 176 331 179 349 121 348 84
218 217 191 217 189 219 161 219 245
217 215 190 215 187 217 159 217 413
225 254 184 254 185 261 142 260 149
228 253 188 252 189 259 145 258 191
225 257 185 257 185 263 141 262 208
226 262 186 261 187 269 143 268 206
224 276 184 276 185 285 141 284 203
224 289 184 289 185 299 142 298 118
227 298 185 298 187 309 143 308 122
228 308 183 307 185 321 137 320 107
234 333 181 332 185 351 127 350 77
212 28 197 29 193 23 178 24 256
210 72 197 72 193 67 177 67 37
230 240 191 239 191 245 148 244 216
233 256 193 256 195 263 152 263 151
234 317 188 316 191 331 140 330 105
219 36 205 35 201 31 189 31 331
217 48 205 48 199 43 190 43 452
219 75 205 77 201 73 186 74 41
215 107 203 110 199 107 182 106 21
216 133 200 133 197 131 182 130 21
219 157 204 156 201 157 186 155 11
216 161 201 162 197 161 183 162 12
226 211 198 211 197 213 167 213 221
228 215 200 215 199 217 169 217 243
226 213 198 213 197 215 166 215 353
225 218 198 219 197 221 167 221 170
225 225 196 225 197 229 170 228 397
238 249 199 249 201 255 158 255 121
236 253 195 252 197 259 153 258 249
237 262 196 262 199 269 155 269 165
235 262 194 262 197 269 153 269 174
237 282 197 282 199 291 157 290 171
239 308 195 307 197 321 149 320 79
243 325 194 324 197 341 139 340 79
224 71 209 70 207 67 189 66 76
221 82 207 82 203 79 190 80 44
221 91 207 91 207 89 188 89 41
223 118 209 118 205 115 189 115 16
230 199 203 199 203 201 174 200 256
229 205 202 205 203 207 174 207 266
232 219 203 218 203 221 173 221 220
240 234 201 234 203 239 160 239 146
242 256 203 256 205 263 163 262 158
240 264 201 264 203 271 161 271 231
241 295 200 295 203 305 160 304 113
248 312 203 311 207 325 158 324 73
251 325 202 325 207 341 152 340 69
228 41 215 40 211 37 204 38 381
227 63 214 63 211 59 198 59 154
226 66 216 67 211 63 192 62 229
227 88 213 89 209 85 194 86 36
232 119 217 118 213 115 198 117 11
225 145 215 146 211 145 196 145 30
227 164 215 164 211 163 195 164 10
230 178 214 178 211 175 197 174 8
232 176 217 175 213 173 199 174 9
232 179 216 180 213 179 198 179 8
248 240 210 240 213 245 172 245 133
245 262 206 262 209 269 167 268 154
245 273 206 273 209 281 167 281 120
247 273 208 273 211 281 169 281 191
247 302 206 301 209 313 162 312 73
254 320 206 320 211 335 158 334 91
235 84 223 84 219 81 205 81 129
234 114 219 114 217 113 199 111 7
237 177 220 177 217 177 202 176 12
244 217 217 217 217 219 188 218 247
254 238 216 238 219 243 178 242 141
253 273 214 273 217 281 176 280 161
254 288 216 288 219 297 178 296 192
257 312 212 311 217 325 167 324 70
261 327 210 326 217 343 161 342 67
241 64 228 63 225 61 211 61 111
239 92 224 92 221 89 206 89 94
240 114 225 115 221 111 205 112 10
240 119 223 120 221 117 205 117 21
241 125 227 125 225 123 209 123 28
240 134 228 135 225 133 219 133 47
237 145 223 145 221 145 204 147 27
257 236 220 236 223 241 183 240 339
258 238 222 238 225 243 186 243 206
257 240 220 240 223 245 182 245 152
259 247 222 247 225 253 185 253 136
255 253 218 252 221 259 180 258 140
257 257 220 257 223 263 182 262 209
259 272 222 271 225 279 185 278 121
257 275 220 275 223 283 183 282 239
259 285 221 284 225 293 186 293 185
264 315 217 315 223 329 171 329 93
246 98 233 98 229 95 217 95 79
245 112 230 112 227 109 210 107 17
245 118 230 118 227 117 211 117 34
248 153 235 154 231 151 218 152 20
246 161 231 159 229 159 213 158 15
245 165 230 163 227 163 209 162 17
248 161 233 161 231 161 213 160 22
248 191 234 189 231 191 218 191 35
248 197 234 197 231 197 218 197 59
262 242 225 241 229 247 189 246 119
262 261 225 260 229 267 189 267 284
260 273 224 273 227 281 188 281 176
264 273 228 273 231 281 192 280 170
264 279 227 279 231 287 193 286 127
264 286 227 286 231 295 191 295 140
266 312 221 311 227 325 177 324 73
254 149 240 151 237 149 221 149 13
267 229 231 229 235 233 196 233 304
269 238 233 238 237 243 198 243 109
267 240 231 240 235 245 196 245 218
269 244 233 244 237 249 198 249 216
267 246 231 246 235 251 196 251 132
269 253 233 253 237 259 198 259 183
266 256 229 255 233 261 194 260 125
266 277 229 277 233 285 194 284 117
262 68 245 68 243 63 226 64 39
259 75 243 76 241 71 224 71 35
261 79 245 82 243 77 226 78 33
259 92 243 92 241 89 224 89 72
256 117 239 117 239 115 230 116 29
257 129 241 129 239 127 223 127 23
258 157 241 158 239 157 223 158 23
261 175 241 173 243 175 225 175 28
260 173 242 173 241 173 223 173 28
271 242 235 242 239 247 201 246 172
274 262 238 262 243 267 205 266 191
271 263 235 263 239 269 201 268 194
276 278 237 277 243 285 203 285 152
278 308 234 308 241 321 193 320 76
267 73 250 74 249 69 231 70 19
265 90 249 90 247 87 230 88 48
265 113 249 114 249 111 231 111 15
261 110 248 110 245 109 232 107 17
265 152 249 152 247 151 230 151 14
266 162 250 161 249 161 232 161 39
264 170 246 169 245 169 227 169 35
265 206 250 206 249 207 233 208 12
265 210 247 209 247 211 230 210 14
283 247 245 248 249 251 211 252 89
279 283 243 283 249 291 211 291 76
278 285 243 284 247 293 206 293 97
272 42 257 43 255 37 239 38 44
270 69 253 69 253 65 235 65 28
264 107 253 107 251 105 234 105 43
272 135 256 135 255 133 239 133 20
270 138 255 137 253 135 237 136 15
271 147 255 147 253 147 237 146 19
271 158 256 158 255 157 236 157 27
272 175 254 176 253 175 235 175 25
273 177 256 177 255 177 238 177 38
269 195 255 197 253 197 239 197 15
269 205 252 204 251 205 235 204 14
285 279 249 279 255 287 217 287 89
287 302 241 302 253 313 201 313 121
278 31 262 31 261 25 245 25 66
276 40 261 40 259 35 243 36 27
278 42 263 42 261 37 245 37 25
275 47 259 46 257 41 240 41 34
274 52 258 52 257 47 241 49 27
274 67 258 68 257 63 240 63 24
276 71 260 72 259 67 242 67 27
274 73 259 73 257 69 239 70 31
274 113 258 114 257 111 240 111 18
275 124 257 123 259 123 243 123 24
278 139 262 139 261 137 245 137 22
278 149 262 148 261 147 244 147 24
274 152 261 155 257 151 241 151 23
276 211 259 210 259 211 243 211 14
280 242 253 242 257 245 233 244 146
278 248 255 248 257 251 231 251 166
291 288 255 288 261 297 220 296 100
280 49 264 50 263 45 247 46 45
282 56 266 56 265 51 249 52 33
282 67 266 68 265 63 249 63 58
283 71 265 72 265 67 248 68 22
283 77 266 77 265 73 248 73 30
284 83 268 83 267 79 250 79 16
284 90 268 91 267 87 250 87 24
284 111 269 111 267 109 251 110 21
285 171 268 171 267 171 249 171 11
281 174 264 173 263 173 245 173 11
280 186 263 186 265 187 245 186 12
279 197 264 197 265 199 247 198 9
284 209 268 209 267 209 251 209 13
288 235 266 235 267 237 246 237 39
288 246 264 246 267 249 242 249 64
291 271 259 271 265 277 229 277 97
296 285 261 284 267 293 224 293 88
300 304 258 303 267 315 221 314 146
299 312 255 311 265 325 216 324 119
299 315 253 315 263 329 212 328 86
286 34 270 36 269 29 252 31 29
288 39 272 41 271 35 255 36 21
286 56 270 56 269 51 252 51 41
288 63 272 63 271 59 255 60 42
286 69 269 70 269 65 252 66 32
286 90 270 91 269 87 252 87 35
290 92 274 93 273 89 256 89 22
286 96 270 96 269 93 253 95 23
289 113 274 114 273 111 257 111 19
289 118 274 119 273 117 257 117 16
285 120 269 120 269 119 251 117 13
290 148 274 149 273 147 256 147 16
287 144 272 144 271 143 254 143 16
289 163 275 160 273 161 256 161 11
288 177 271 176 271 177 253 175 13
289 209 274 210 273 211 257 212 15
299 279 265 279 271 287 233 287 101
303 289 266 288 273 297 231 297 88
303 297 264 296 271 307 229 306 75
303 300 261 300 269 311 224 310 123
295 50 280 50 279 45 263 45 36
291 47 276 47 275 43 259 43 40
294 52 278 52 277 47 261 47 46
292 67 276 67 275 63 258 64 30
292 85 275 85 275 81 258 81 23
297 81 279 81 279 77 263 78 29
292 88 275 89 275 85 257 85 26
293 108 275 106 277 105 259 105 17
295 147 277 147 277 145 259 146 13
294 153 278 153 277 153 259 153 15
291 157 275 160 275 159 258 158 12
295 162 277 164 277 163 259 162 18
292 176 276 175 275 175 256 176 16
291 183 275 183 275 183 257 184 18
293 191 277 190 277 191 260 190 12
294 206 277 206 277 207 260 207 19
292 210 276 210 275 211 259 211 18
292 220 274 220 275 221 256 221 22
295 228 280 227 279 229 261 229 57
299 246 273 246 275 249 252 249 95
301 261 275 261 277 265 249 264 64
304 268 274 268 279 273 248 272 90
304 283 268 283 275 291 237 291 65
297 35 281 35 281 31 263 30 18
299 55 283 56 283 51 266 51 52
297 59 281 59 281 55 264 55 46
301 92 285 92 285 89 268 89 27
301 102 285 103 285 99 268 99 22
297 105 281 106 281 103 264 104 13
302 125 285 125 285 123 267 123 31
300 129 284 130 283 127 267 128 39
301 136 286 137 285 135 269 135 24
300 154 283 154 283 153 265 153 10
299 166 283 166 283 165 266 165 19
302 175 285 175 285 175 267 175 35
300 174 282 173 283 173 264 173 24
298 179 281 179 281 179 263 179 22
302 222 285 222 285 223 267 223 37
297 228 282 227 281 229 262 229 24
301 257 275 256 281 261 252 261 97
308 281 273 281 281 289 244 289 56
309 285 273 284 281 293 242 292 70
313 294 275 293 283 303 239 303 60
314 299 273 299 283 309 238 309 58
318 319 271 319 283 333 231 333 69
305 97 289 98 289 95 272 95 29
307 111 291 111 291 109 275 109 38
303 121 288 122 287 119 271 119 23
304 129 288 129 287 127 271 127 19
303 141 285 142 287 139 269 140 13
309 156 290 153 291 155 275 154 15
301 171 287 170 287 171 267 171 18
306 174 290 174 289 173 271 173 18
306 179 289 179 289 179 271 179 19
305 186 288 186 289 187 272 187 22
307 206 290 206 291 207 273 206 17
306 220 289 219 289 221 271 221 45
305 226 288 225 289 227 271 227 43
306 233 290 233 287 235 269 235 38
314 266 289 266 291 271 263 271 92
315 277 280 280 289 287 249 285 61
318 285 283 285 291 293 253 292 56
321 295 279 295 289 305 245 305 90
323 307 280 307 291 319 244 318 78
308 50 292 51 293 45 276 45 28
311 59 295 60 295 55 279 55 69
311 65 294 66 295 61 279 61 25
311 73 296 73 295 69 278 70 21
314 100 297 100 297 97 281 97 26
312 111 297 112 297 109 281 109 19
309 115 293 116 293 113 277 113 19
313 117 297 118 297 115 281 116 16
308 130 294 132 293 129 278 129 23
309 137 294 136 293 135 277 135 21
311 166 295 166 295 165 278 165 16
315 162 299 161 297 161 279 161 15
313 169 297 169 297 169 280 168 11
309 195 293 193 293 195 276 195 16
311 203 295 203 295 203 278 203 21
313 224 295 224 297 225 279 225 64
313 235 295 234 297 237 274 237 44
318 258 290 258 295 263 265 263 84
320 262 292 262 297 267 267 267 96
322 292 283 291 293 301 250 300 74
325 295 285 295 295 305 253 305 63
316 59 301 60 301 55 285 55 33
319 66 303 65 303 61 286 60 28
317 71 305 75 301 67 284 67 79
315 75 299 76 299 71 282 71 39
319 92 303 92 303 89 286 89 35
318 100 303 100 303 97 287 97 39
315 104 299 104 299 101 283 101 37
317 161 303 157 303 157 285 156 15
319 165 302 165 303 165 285 165 19
315 168 299 168 299 167 282 167 26
318 172 302 171 303 171 286 171 17
318 173 301 173 301 173 283 173 12
317 218 299 218 301 219 280 218 57
317 222 300 222 301 223 283 223 42
329 284 293 283 303 291 265 290 67
331 289 294 288 303 297 264 296 64
331 295 291 295 303 305 258 307 78
331 310 287 310 299 323 250 323 123
326 37 307 37 309 31 290 31 23
323 62 307 61 307 57 290 57 73
325 57 309 58 309 53 293 53 54
321 90 305 91 305 87 289 87 23
320 112 304 112 305 109 288 109 41
323 117 308 116 309 113 292 113 30
324 161 308 162 309 161 291 160 30
324 193 307 193 309 193 291 193 51
321 195 304 194 305 195 288 194 31
324 199 308 198 309 199 292 199 41
321 203 305 203 305 203 288 203 40
323 212 305 212 307 213 287 213 79
320 220 303 220 305 221 287 221 59
323 229 308 228 309 231 287 231 73
320 226 303 226 305 227 287 227 37
326 261 299 261 305 265 276 265 61
328 264 301 264 307 269 277 269 68
327 270 299 269 307 275 277 274 140
330 30 311 29 313 23 293 21 17
326 73 311 73 311 69 295 69 46
328 88 313 89 313 85 296 86 56
329 97 313 98 313 95 297 95 25
326 123 308 125 311 121 291 122 13
327 130 311 127 311 127 294 125 11
327 141 309 140 311 139 293 140 16
327 167 310 168 311 167 293 168 20
331 174 314 174 315 173 298 173 29
330 200 314 200 315 201 298 201 55
328 196 312 196 313 197 296 197 35
328 204 312 204 313 205 296 205 30
329 218 311 218 313 219 296 219 89
327 224 310 224 311 225 293 225 72
331 226 313 226 315 227 297 227 52
327 233 314 233 311 235 298 235 65
330 239 309 239 313 241 292 241 48
337 261 309 262 315 267 287 266 89
336 271 306 271 313 277 282 276 85
343 294 305 293 315 303 271 303 91
343 299 303 298 315 309 271 308 75
334 30 314 30 317 25 298 25 10
333 101 317 102 317 99 300 100 54
335 111 318 112 319 109 301 109 26
336 132 319 131 321 129 304 128 26
334 140 318 141 319 139 302 139 35
336 160 320 160 321 159 304 159 21
332 156 315 156 317 155 298 156 24
336 181 318 182 321 181 303 181 32
334 193 318 193 319 193 302 193 31
336 216 319 216 321 217 305 217 76
336 222 320 222 321 223 304 223 120
339 251 313 251 319 255 292 255 43
338 257 311 257 317 261 289 261 46
343 278 313 278 321 285 288 285 100
340 25 321 26 323 19 303 19 14
343 41 327 43 327 35 308 35 18
339 54 321 54 323 49 304 49 16
342 58 325 59 327 53 309 53 20
342 63 325 60 327 59 309 60 35
341 120 324 120 325 117 308 117 33
342 127 325 129 327 125 310 125 28
340 133 324 133 325 131 308 131 36
342 140 325 141 327 139 310 138 35
342 145 325 145 327 143 310 143 42
340 162 324 162 325 161 308 162 23
343 180 325 179 327 179 310 177 21
340 184 324 185 325 185 308 186 22
338 189 322 189 323 189 306 189 26
338 196 322 196 323 197 306 197 32
339 209 324 213 325 213 299 215 88
340 220 323 220 325 221 308 221 75
341 231 325 231 327 233 306 232 48
345 273 313 273 323 279 288 279 118
350 297 311 297 323 307 280 307 61
354 301 313 301 323 311 279 311 107
355 310 311 309 325 321 278 321 74
347 37 329 38 331 31 312 32 14
344 117 328 117 329 115 312 115 53
344 136 328 136 329 133 312 133 30
348 133 331 132 333 131 316 130 42
344 150 326 151 329 147 311 148 36
344 224 326 224 329 225 312 225 74
345 228 329 227 331 229 312 229 56
348 239 329 238 333 241 312 241 79
351 244 328 244 333 247 309 247 131
351 261 324 260 331 265 302 265 74
355 278 321 278 331 285 296 284 82
356 288 318 288 329 297 289 297 97
356 301 315 301 329 311 284 311 65
355 47 336 47 339 41 320 42 15
353 73 338 73 339 69 323 69 66
350 76 334 76 335 71 318 72 45
355 104 336 105 339 101 319 102 52
349 119 333 120 335 117 318 117 28
352 122 335 121 337 119 320 119 40
354 154 337 154 339 153 322 152 22
354 160 337 160 339 159 320 159 19
354 164 337 164 339 163 322 163 24
352 222 335 222 337 223 319 223 102
353 233 334 233 337 235 317 235 56
351 235 332 235 335 237 315 237 42
354 243 333 242 337 245 315 245 86
354 74 340 75 341 71 325 71 79
358 101 341 102 343 97 329 99 77
357 139 338 142 341 139 322 141 62
360 145 342 145 345 143 326 143 63
356 172 335 169 341 171 324 171 18
359 211 343 210 345 211 329 211 86
357 209 341 208 343 209 327 209 86
357 214 341 214 343 215 327 215 106
360 220 343 220 345 221 327 221 69
364 254 338 253 345 257 317 257 77
363 257 337 257 345 261 317 260 51
360 255 333 255 341 259 314 259 57
364 261 338 260 345 265 316 265 51
365 283 329 283 341 291 306 291 69
370 306 328 305 343 317 297 317 139
362 28 343 30 347 23 327 23 23
365 56 346 56 349 51 330 51 33
364 109 345 109 349 107 329 107 20
363 118 344 118 347 115 327 114 28
364 133 346 133 349 131 331 131 69
366 143 348 143 351 141 332 141 86
363 208 347 208 349 209 333 209 55
363 216 347 216 349 217 325 216 174
363 214 347 214 349 215 333 215 57
365 248 341 248 347 251 322 251 98
369 248 345 248 351 251 326 251 127
376 299 336 299 351 309 308 309 112
371 296 333 295 347 305 304 305 92
375 304 333 304 349 315 302 315 129
373 30 353 30 357 23 337 24 21
367 93 350 93 353 89 331 87 83
370 118 351 118 355 115 335 115 29
373 125 353 125 357 123 337 122 33
370 127 351 127 355 125 336 124 41
368 137 350 137 353 135 334 135 59
370 139 351 139 355 137 335 137 88
368 203 352 203 355 203 337 203 60
371 222 354 222 357 223 339 223 60
367 224 350 224 353 225 335 225 66
378 282 344 282 355 289 319 289 82
379 283 344 283 357 291 321 290 78
380 294 345 294 357 303 317 303 149
381 290 346 290 357 299 318 299 127
381 304 339 304 355 315 310 315 139
378 29 359 30 363 23 343 24 23
376 85 361 85 361 83 347 81 111
378 137 359 137 363 135 343 135 62
378 145 359 145 363 143 344 143 66
375 163 358 161 361 161 345 159 32
381 266 354 266 363 271 331 270 83
384 287 347 287 361 295 321 295 106
384 299 344 299 359 309 317 309 118
388 304 346 304 363 315 318 314 146
387 311 344 310 361 323 314 322 131
387 316 344 316 361 329 313 328 185
383 89 365 89 369 85 350 84 48
382 105 364 105 369 101 347 103 24
382 106 363 106 367 103 348 101 14
380 110 361 110 365 107 345 107 24
379 127 361 127 365 125 345 123 30
378 150 365 151 365 149 351 149 113
378 203 362 202 365 203 349 203 74
378 216 362 216 365 217 349 217 73
383 243 363 242 367 245 342 245 68
386 252 361 252 369 255 343 255 89
383 255 357 255 365 259 338 259 41
385 259 358 259 367 263 339 263 37
384 270 355 269 365 275 335 275 57
386 279 354 279 365 285 330 284 110
391 292 353 292 367 301 326 301 123
391 298 352 297 367 307 325 307 120
388 26 369 27 373 19 353 19 43
385 47 367 46 371 41 351 41 78
389 46 370 45 375 41 355 40 31
387 91 369 91 373 87 354 87 23
389 88 372 87 375 83 357 84 30
387 99 369 98 373 95 354 94 35
389 98 370 98 375 95 354 94 24
389 143 371 142 375 141 356 139 62
387 139 369 139 373 137 354 137 53
387 147 369 147 373 145 354 145 47
384 214 368 214 371 215 355 215 126
388 218 372 218 375 219 358 219 100
386 230 371 229 373 231 352 231 57
386 226 369 226 373 227 355 227 52
388 228 371 228 375 229 357 229 148
390 243 370 242 375 245 351 245 58
391 251 366 251 375 255 348 255 75
393 271 364 271 375 277 344 277 60
395 282 362 282 375 289 339 288 107
390 280 359 280 371 287 336 286 105
394 294 356 294 371 303 329 303 110
395 291 358 290 373 299 334 298 116
395 308 353 308 371 319 325 319 203
399 310 358 309 375 321 330 320 241
402 327 361 327 375 343 329 344 92
395 27 377 27 381 21 362 19 36
391 31 373 31 377 25 359 23 43
396 35 377 35 381 29 362 29 22
394 99 376 99 381 95 362 95 17
391 106 372 105 377 103 357 103 28
391 117 374 118 379 115 360 115 22
392 129 372 127 377 125 356 124 32
393 131 374 131 379 129 360 129 35
390 189 373 189 377 189 358 188 36
390 204 372 206 377 205 358 206 86
395 246 372 246 379 249 355 249 47
397 271 368 271 379 277 348 277 76
395 278 364 278 377 285 343 285 97
399 284 366 284 379 291 344 290 113
400 297 361 297 377 307 335 307 176
403 308 362 307 379 319 333 319 160
401 37 383 37 387 31 368 31 22
397 116 381 115 387 113 367 112 37
397 119 378 120 383 117 364 117 26
398 118 380 118 385 115 366 115 21
399 122 380 123 385 121 366 121 28
399 172 381 171 385 169 367 171 13
396 168 379 168 383 167 365 168 15
400 182 383 182 387 181 369 181 20
399 233 381 233 385 235 365 235 49
398 237 379 237 385 239 364 239 60
399 250 373 250 383 253 353 253 104
401 254 377 253 385 257 360 256 57
403 273 373 273 385 279 353 279 73
405 270 376 269 387 275 356 275 73
404 277 373 277 385 283 350 282 89
402 280 370 280 383 287 347 287 103
408 310 368 309 385 321 339 321 133
404 36 386 36 391 31 372 31 19
402 40 385 41 389 35 370 36 20
405 46 385 46 391 41 370 40 22
403 91 384 91 389 87 370 88 26
403 101 383 100 389 97 370 97 17
403 106 384 107 389 103 370 103 15
406 125 388 125 393 123 374 123 28
406 168 388 167 393 167 374 167 23
405 182 388 182 393 181 375 181 23
407 188 388 187 393 187 375 187 18
404 193 387 193 391 193 373 193 24
405 203 391 202 393 203 377 203 45
403 207 386 206 391 207 373 205 80
405 205 390 204 393 205 377 205 37
405 213 390 212 393 213 378 213 40
403 218 388 218 391 219 374 219 54
402 221 381 221 389 223 372 222 46
406 244 384 244 391 247 367 247 54
407 273 377 273 389 279 357 279 90
411 275 381 275 393 281 361 281 78
411 289 376 288 391 297 352 297 123
416 308 374 308 393 319 347 319 134
409 23 390 23 395 17 375 17 29
409 35 390 35 395 29 376 29 21
412 52 394 52 399 47 379 46 15
412 58 392 57 399 53 379 52 17
412 93 394 93 399 89 380 89 34
412 118 394 118 399 115 381 115 18
408 114 391 113 395 113 377 111 21
408 121 390 121 395 119 377 119 18
412 125 395 125 399 123 381 123 31
413 153 396 152 399 151 381 151 21
407 163 391 164 395 163 377 163 24
409 183 392 184 397 183 379 183 25
408 197 391 199 395 199 377 199 24
410 227 391 227 395 231 376 231 44
410 248 385 248 395 251 369 251 47
411 261 384 260 395 265 368 264 32
416 264 388 264 399 269 369 269 62
412 266 384 266 395 271 365 270 96
417 297 377 298 399 305 357 306 233
416 305 375 305 395 315 351 315 159
418 303 380 302 397 313 353 313 177
418 308 377 308 395 319 349 319 103
420 313 377 312 397 325 351 324 98
416 60 398 60 403 55 385 54 23
416 81 397 81 403 77 383 76 11
418 85 399 85 405 81 385 81 31
418 101 400 101 405 97 386 97 11
418 125 399 126 405 123 386 123 20
418 135 400 135 405 133 386 133 26
418 149 400 148 405 147 386 147 16
417 177 400 177 405 177 387 177 15
417 174 400 174 405 173 387 173 29
412 181 397 182 401 181 384 181 20
413 188 396 188 401 187 383 187 17
418 195 401 195 405 195 387 195 13
415 198 399 199 403 199 391 199 34
414 203 399 202 403 203 387 203 16
413 222 396 222 401 223 384 223 31
413 228 395 227 401 229 383 229 43
417 226 403 225 405 227 387 227 34
416 235 397 235 403 237 383 237 58
415 237 394 237 401 239 373 239 91
413 241 391 241 401 243 377 243 59
418 241 398 241 405 243 384 243 62
417 262 390 262 401 267 371 266 42
418 272 388 271 401 277 369 277 48
420 277 388 277 401 283 368 283 153
429 316 385 316 405 329 359 328 52
420 71 401 72 407 67 387 67 31
424 78 405 78 411 73 391 73 26
420 80 401 80 407 75 387 75 16
422 83 403 84 409 79 389 80 28
421 98 404 99 409 95 390 95 18
420 103 402 102 407 99 388 99 16
422 129 403 131 409 127 391 126 20
419 170 402 170 407 169 389 169 23
421 178 404 178 409 177 391 177 22
423 174 406 174 411 173 393 173 25
424 237 404 237 411 239 390 239 55
422 254 396 255 407 257 380 257 38
423 263 396 261 407 267 378 265 39
424 270 394 270 407 275 375 275 64
424 275 394 275 407 281 374 281 107
427 21 410 23 415 17 396 17 36
429 38 412 38 417 33 399 33 27
429 44 412 43 417 39 400 38 24
427 53 409 53 415 49 397 49 15
429 58 412 59 417 53 398 53 22
429 71 413 71 417 67 402 69 33
429 76 410 74 415 71 395 71 37
429 83 413 81 417 79 401 78 30
426 109 408 109 413 105 395 106 13
429 118 412 118 417 115 399 115 17
427 130 410 129 415 127 397 127 30
429 139 411 139 417 137 398 137 17
429 154 412 154 417 153 400 153 23
429 163 413 162 417 161 401 160 14
427 166 410 165 415 165 398 165 19
424 164 408 164 413 163 395 163 20
427 188 410 187 415 187 397 187 22
426 203 409 203 415 203 398 203 16
429 222 412 222 417 223 400 223 23
424 224 409 224 413 225 394 224 34
429 224 412 224 417 225 400 225 77
426 226 410 226 415 227 398 227 47
429 235 410 235 417 237 396 237 66
428 241 406 241 415 243 393 243 42
428 254 403 254 413 257 385 256 37
432 257 406 257 417 261 389 261 30
430 261 403 261 415 265 387 264 37
431 282 398 282 413 289 378 289 207
436 292 400 292 417 301 379 299 135
435 295 398 295 415 305 375 304 172
434 315 390 315 413 327 364 327 43
435 38 418 38 423 33 407 33 28
431 42 415 42 419 37 402 37 28
436 60 418 60 423 55 404 55 18
431 73 414 73 419 69 401 68 24
435 95 417 95 423 91 403 92 20
433 101 415 100 421 97 401 97 13
435 109 417 108 423 105 404 104 15
433 114 417 117 421 111 401 110 21
431 137 414 137 419 135 401 135 18
431 141 414 141 419 139 400 139 11
434 139 419 140 423 137 406 137 16
431 170 416 172 421 171 403 171 26
434 173 418 174 423 173 406 173 26
430 175 414 175 419 175 402 175 25
433 178 416 177 421 177 403 176 19
432 187 417 187 421 187 406 186 14
434 196 419 194 423 195 408 193 14
430 191 415 191 419 191 403 191 19
430 199 414 197 419 199 403 199 17
433 217 416 217 421 219 403 219 22
435 216 418 216 423 217 405 218 42
430 230 415 229 419 231 400 231 49
432 241 412 241 419 243 397 243 56
433 244 411 244 421 247 397 247 53
434 246 412 246 421 249 397 249 41
436 259 410 259 421 263 393 263 24
437 264 409 264 421 269 392 269 32
439 284 405 284 421 291 385 291 78
441 291 405 290 423 299 384 298 126
438 298 400 298 419 307 378 307 224
442 313 398 313 421 325 373 325 58
439 90 422 90 427 87 408 87 36
439 92 421 93 427 89 409 90 27
437 99 419 98 425 95 406 94 22
439 99 421 98 427 95 408 94 21
440 133 423 133 429 131 411 131 13
437 134 421 135 427 133 409 133 12
441 235 422 235 429 237 408 237 79
440 239 419 239 427 241 406 241 75
440 266 412 266 425 271 394 271 39
443 271 413 271 427 277 394 277 37
445 280 413 280 429 287 394 287 103
448 306 407 306 429 317 383 317 94
449 311 405 311 427 323 380 323 54
447 33 428 33 435 27 416 27 27
445 49 426 49 433 43 413 43 47
445 55 426 55 433 49 414 49 47
444 77 426 78 433 73 413 73 25
446 100 429 100 435 97 417 97 23
444 108 426 109 433 105 413 104 29
446 115 428 115 435 111 416 111 26
445 123 427 124 433 121 415 120 24
443 142 427 142 433 141 417 141 25
442 143 427 143 431 141 415 141 20
446 210 429 210 435 211 418 211 28
446 216 430 217 435 217 417 217 43
442 215 426 213 431 215 413 215 30
445 228 427 228 433 229 415 229 68
446 232 428 231 435 233 415 233 95
446 238 428 237 435 239 415 239 63
446 244 424 244 433 247 408 247 57
448 260 419 259 435 263 403 263 33
450 264 422 264 435 269 406 269 33
447 273 416 273 431 279 398 279 30
451 277 419 277 435 283 401 283 41
448 289 413 289 431 297 393 296 46
450 286 415 285 433 293 397 293 45
452 301 412 301 433 311 390 311 87
453 28 434 28 441 21 423 23 50
449 24 430 24 437 17 418 17 24
451 32 431 30 439 25 420 27 22
452 34 434 35 441 29 422 30 20
449 37 430 36 437 31 418 31 26
450 67 432 69 439 63 419 63 34
449 74 430 74 437 69 417 69 27
448 89 430 90 437 85 421 84 46
450 93 434 92 439 89 423 89 54
448 96 433 96 437 93 421 93 30
450 98 433 98 439 95 421 95 38
451 102 433 102 439 99 421 99 42
448 109 430 110 437 107 418 106 21
452 166 435 166 441 165 426 166 50
448 164 431 164 437 163 419 163 33
452 179 437 180 441 179 425 179 25
451 184 436 185 441 185 425 185 20
451 194 436 195 441 195 425 196 15
452 213 435 212 441 213 424 212 37
450 220 433 220 439 221 421 221 66
448 222 431 222 437 223 419 223 72
451 226 437 226 441 227 422 227 68
450 248 427 248 437 251 413 251 99
455 259 428 259 441 263 413 263 35
454 268 425 268 439 273 409 272 33
455 266 427 266 441 271 411 270 49
457 280 429 281 441 287 406 287 67
456 291 419 291 439 299 400 299 56
456 304 414 304 437 315 393 314 76
455 309 413 309 441 319 395 319 48
457 32 438 32 445 25 425 24 31
459 76 439 75 447 71 427 71 35
456 102 439 103 445 99 426 99 22
456 125 438 125 445 123 427 123 34
454 143 437 143 443 141 425 141 28
454 158 438 158 443 157 425 159 45
455 164 437 164 443 163 426 163 44
455 176 441 176 445 175 430 175 35
455 181 439 181 445 181 426 181 26
455 187 439 187 445 187 428 186 16
455 191 441 192 445 191 435 191 40
454 196 438 197 443 197 428 197 26
453 205 439 204 443 205 428 205 33
454 211 438 210 443 211 427 210 51
454 230 436 230 443 231 424 231 79
454 235 436 235 443 237 423 237 72
458 245 435 245 445 247 421 247 93
457 261 430 261 443 265 414 265 33
458 273 427 273 443 279 410 278 35
460 271 430 271 445 277 413 277 39
462 275 430 275 447 281 413 281 32
460 289 424 289 443 297 405 297 41
464 287 428 287 447 295 409 295 40
460 294 422 294 443 303 402 303 96
461 303 421 302 443 313 399 313 74
462 27 445 27 451 21 434 22 47
461 35 442 35 449 29 430 28 26
462 54 445 54 451 49 431 48 29
464 73 445 74 453 69 434 67 46
464 118 446 118 453 115 434 114 37
462 143 444 143 451 141 432 141 28
462 152 445 152 451 151 434 151 49
460 174 443 173 449 173 432 173 32
465 181 447 181 453 181 435 181 102
461 195 446 195 451 195 435 195 30
462 205 448 204 453 205 437 204 48
461 215 444 216 451 215 434 215 37
465 231 446 231 453 233 434 233 68
462 237 442 237 451 239 430 239 60
466 256 441 255 453 259 426 259 30
467 265 439 264 453 269 423 269 29
467 289 432 289 451 297 413 297 50
469 307 426 307 453 317 407 317 41
467 29 449 29 457 23 438 23 39
470 40 452 41 459 35 440 35 25
466 48 449 47 455 43 437 42 22
468 58 450 58 457 53 438 53 24
466 112 449 111 455 109 438 109 62
466 124 447 124 455 121 436 122 41
467 127 450 127 457 125 438 124 38
466 147 448 147 455 145 436 145 55
467 179 451 179 457 179 439 179 127
465 209 449 209 455 209 438 209 66
466 235 447 235 455 237 435 237 50
471 250 447 250 459 253 433 253 44
467 261 437 261 455 265 420 263 50
472 270 443 270 459 275 426 275 41
470 273 439 273 455 279 423 278 47
472 301 432 301 455 311 412 310 64
472 42 454 42 461 37 442 37 26
474 48 455 49 463 43 444 43 50
476 60 457 59 465 55 446 55 41
476 64 457 63 465 59 446 59 56
474 161 459 163 465 161 449 163 266
472 178 459 181 463 179 449 180 209
474 191 461 191 465 191 451 191 70
472 213 459 213 463 213 450 212 130
470 230 453 229 461 231 441 231 82
472 235 453 235 461 237 441 237 66
477 265 448 264 463 269 433 269 41
479 271 449 271 465 277 433 276 38
479 279 445 279 465 285 429 285 48
478 288 442 288 463 295 425 295 60
479 293 442 293 463 301 423 301 92
480 299 440 299 463 309 421 308 65
481 298 442 297 465 307 423 307 77
482 303 441 303 465 313 421 313 44
481 29 463 29 471 23 452 23 32
478 50 459 50 467 45 448 45 31
482 47 464 47 471 41 452 40 27
482 52 464 51 471 47 452 48 31
478 58 459 57 467 53 448 53 37
479 68 461 68 469 63 450 63 69
481 72 463 72 471 67 452 67 39
481 100 466 100 471 97 456 97 360
476 98 462 98 467 95 449 95 250
481 108 467 108 471 105 457 103 359
477 110 463 110 467 107 453 107 205
479 137 462 137 469 135 451 135 124
481 143 466 143 471 141 456 142 280
478 188 465 185 469 187 455 188 272
480 198 467 199 471 199 457 199 199
476 201 463 201 467 201 453 201 146
480 205 467 205 471 205 457 205 310
477 209 462 210 467 209 449 211 192
481 218 465 218 471 219 453 219 122
479 257 453 257 467 261 439 261 24
480 266 451 266 467 271 437 270 39
481 275 449 275 467 281 433 281 35
485 277 452 276 471 283 435 282 47
482 291 445 291 467 299 428 298 79
488 301 447 301 471 311 428 311 61
484 303 443 303 467 313 423 313 46
485 25 467 25 475 19 456 19 34
487 44 470 44 477 39 459 39 47
485 52 468 52 475 47 457 47 47
487 71 470 72 477 67 459 68 67
487 112 471 112 477 109 461 109 321
485 116 471 118 475 113 460 115 218
487 133 470 132 477 131 459 130 140
483 139 465 138 473 137 455 136 160
483 162 464 163 473 161 454 162 298
487 166 470 166 477 165 459 165 302
483 170 467 170 473 169 455 169 369
487 174 471 173 477 173 460 173 262
482 203 469 203 473 203 460 203 289
484 207 465 206 475 207 455 205 622
485 236 466 235 475 237 455 237 95
487 232 471 231 477 233 457 233 92
484 234 465 234 473 235 453 235 82
485 239 465 239 475 241 454 241 54
487 254 458 255 475 257 449 256 58
489 259 463 259 477 263 451 263 35
490 275 459 276 477 281 443 281 41
491 282 457 282 477 289 440 289 57
489 73 471 72 479 69 461 69 55
490 78 473 79 481 75 463 75 62
492 79 475 79 483 75 465 75 63
493 85 475 85 483 81 465 81 135
495 101 481 101 483 97 471 98 589
488 102 472 101 479 99 462 98 399
491 104 475 104 481 101 464 100 290
489 118 473 119 479 115 462 116 223
491 149 473 149 481 147 463 147 326
493 145 475 144 483 143 465 142 194
492 203 479 203 483 203 470 203 194
488 203 475 203 479 203 466 203 220
492 217 476 216 483 217 466 217 176
491 235 473 235 481 237 462 237 91
490 246 467 247 479 249 456 250 44
494 252 470 252 483 255 457 255 50
495 263 467 263 483 267 453 267 43
493 284 459 284 479 291 442 291 127
497 33 480 32 487 27 469 27 112
497 52 479 52 487 47 469 46 60
495 71 480 71 487 67 470 67 121
498 79 482 78 489 75 473 75 110
497 83 480 83 487 79 470 79 87
498 85 482 85 489 81 472 81 116
497 87 480 87 487 83 469 83 96
495 96 478 96 485 93 471 93 401
494 141 478 140 485 139 468 139 258
496 141 479 140 487 139 469 138 326
495 147 478 147 485 145 468 145 189
498 156 481 157 489 155 471 156 378
495 162 477 159 487 161 473 161 479
499 167 485 166 489 165 475 165 418
497 170 480 170 487 169 469 169 378
495 201 483 201 487 201 474 201 134
496 226 478 226 487 227 467 227 132
495 230 477 230 485 231 467 231 101
495 234 477 233 485 235 465 235 95
495 251 474 250 487 253 461 253 49
498 255 473 255 487 259 459 259 49
500 277 468 277 487 283 452 283 38
500 282 466 282 487 289 450 289 59
499 292 461 292 485 301 445 300 72
501 54 483 53 491 49 473 47 114
503 52 487 52 493 47 476 46 64
502 62 487 61 493 57 477 57 108
503 57 486 57 493 53 474 54 67
502 78 485 77 493 75 476 76 78
499 98 486 98 491 95 477 95 280
502 119 485 120 493 117 477 116 259
502 116 487 116 493 113 477 113 261
501 157 485 158 493 157 475 157 446
502 165 489 165 493 163 479 163 374
501 174 487 174 493 173 477 173 206
503 176 489 176 495 175 480 175 287
503 195 491 195 495 195 482 196 69
503 201 491 201 495 201 482 201 183
501 197 489 197 493 197 480 197 98
499 205 487 205 491 205 478 205 178
504 226 488 226 495 227 479 227 116
502 241 480 241 491 243 469 245 52
502 259 476 259 491 263 463 263 30
510 40 495 40 501 35 485 34 248
511 68 493 68 501 63 483 63 64
510 75 493 76 501 71 482 71 43
507 85 489 85 497 81 478 81 63
510 85 493 84 501 81 482 81 89
508 147 491 147 499 145 481 145 294
509 189 497 190 501 189 489 189 82
506 232 489 232 497 233 479 233 137
512 257 486 257 501 261 473 261 32
508 259 481 258 497 263 469 263 36
513 275 481 276 501 281 467 281 56
512 295 474 295 501 303 460 303 50
514 42 498 42 505 37 488 37 196
515 40 501 40 507 35 491 35 160
512 83 495 83 503 79 484 79 78
516 83 498 83 507 79 489 79 78
514 103 496 102 505 99 487 99 127
517 112 499 112 507 109 489 109 100
516 120 498 120 507 117 488 117 110
515 141 497 141 505 139 487 139 337
515 186 503 186 507 185 495 185 398
513 193 501 193 505 193 493 193 111
513 199 501 199 505 199 493 199 125
515 197 503 197 507 197 495 197 93
513 203 501 203 505 203 493 203 176
511 208 499 208 503 207 490 208 205
512 226 495 226 503 227 485 227 119
518 268 484 267 507 273 475 273 68
515 270 484 270 503 275 471 275 40
515 289 479 289 503 297 464 297 66
522 91 504 90 513 87 495 87 71
520 97 503 97 511 93 493 93 128
520 114 502 114 511 111 492 111 88
519 129 501 128 511 127 492 126 291
517 135 503 135 509 133 495 133 261
519 139 498 138 511 137 491 136 433
519 182 506 182 511 181 498 181 375
517 181 505 183 509 181 497 182 445
517 195 505 195 509 195 497 194 153
520 197 509 197 513 197 501 197 431
520 209 509 209 513 209 501 209 242
517 211 504 211 509 211 496 211 317
517 217 502 216 509 217 492 217 107
521 228 500 229 513 229 496 229 156
523 235 503 235 513 237 493 237 75
520 245 497 244 511 247 487 247 39
519 250 495 250 509 253 484 253 54
522 264 493 265 511 269 481 269 36
522 270 492 270 511 275 479 275 43
523 287 487 287 511 295 472 295 58
520 293 483 293 509 301 468 301 53
523 293 489 292 511 301 471 301 47
526 48 508 48 517 43 499 43 64
524 60 506 60 515 55 497 55 88
526 85 508 85 517 81 499 81 114
527 83 510 84 519 79 501 79 53
524 95 507 95 515 91 497 91 84
524 102 506 102 515 99 497 99 115
527 108 511 107 519 105 501 103 140
523 120 506 120 515 117 497 117 98
527 137 505 139 519 135 496 137 422
527 162 511 161 519 161 502 159 366
522 199 511 199 515 199 503 199 341
527 211 511 211 519 211 503 211 153
525 215 509 215 517 215 501 215 300
527 216 512 218 519 217 503 217 145
533 273 501 273 519 281 485 281 64
530 286 495 285 519 293 481 293 56
527 291 490 291 515 299 475 299 44
533 24 517 25 525 19 509 19 92
529 39 513 38 521 33 504 32 80
530 49 512 48 521 43 503 43 69
534 52 516 52 525 47 507 47 78
529 80 513 79 521 75 503 75 58
531 85 515 85 523 81 506 81 46
529 89 512 88 521 85 505 83 52
533 112 517 112 525 109 508 109 138
533 119 517 120 525 117 508 117 100
529 166 514 168 521 165 506 167 362
533 188 520 187 525 187 513 187 250
533 205 517 205 525 205 509 205 160
533 213 517 213 525 213 509 213 115
529 220 513 220 521 221 505 221 229
529 226 513 226 521 227 504 227 130
533 236 515 235 525 237 505 237 99
530 240 510 239 523 241 501 241 76
533 256 506 255 523 259 496 259 48
531 259 504 258 521 263 492 263 32
535 289 499 289 523 297 484 297 47
533 286 495 286 523 293 480 294 83
537 289 501 289 525 297 486 297 43
533 314 495 314 521 325 481 323 19
537 56 521 55 529 51 513 51 70
539 63 523 64 531 59 515 59 81
539 85 522 85 531 81 514 81 60
537 125 520 126 529 123 511 123 92
539 149 523 149 531 147 513 145 184
536 155 519 155 527 153 510 153 142
537 160 520 160 529 159 512 159 175
539 156 522 156 531 155 514 155 115
538 180 526 179 531 179 519 179 316
534 181 523 182 527 181 515 181 297
539 202 523 203 531 203 515 203 168
537 220 521 220 529 221 513 221 252
539 222 523 222 531 223 515 223 284
537 230 519 230 529 231 509 231 199
535 232 517 232 527 233 509 233 124
536 246 513 246 527 249 504 249 65
540 266 511 266 531 271 499 271 32
541 37 524 36 533 31 515 31 112
541 56 525 55 533 51 516 51 68
545 56 528 55 537 51 520 51 65
545 64 529 64 537 59 520 59 77
543 77 531 75 535 73 522 71 197
543 83 527 83 535 79 518 79 56
543 87 527 86 535 83 518 83 66
545 118 528 118 537 115 520 113 103
543 135 525 137 535 133 517 133 163
543 139 527 137 535 137 517 137 204
543 145 527 143 535 143 517 143 203
545 164 528 164 537 163 520 163 198
540 174 528 174 533 173 518 173 267
544 184 532 183 537 183 525 182 146
540 187 528 187 533 187 521 187 218
540 207 525 205 533 205 517 205 173
545 220 529 220 537 221 521 221 201
543 243 521 243 535 245 511 245 79
541 250 517 250 533 253 507 253 75
546 254 520 254 537 257 509 257 123
545 276 512 275 535 281 500 281 57
543 282 508 282 533 289 496 289 64
546 287 510 287 533 295 494 295 54
547 25 531 24 539 19 523 19 158
551 25 535 25 543 19 527 19 88
550 29 534 29 543 23 527 23 231
547 36 530 36 539 31 521 31 137
547 79 531 79 539 75 522 75 58
547 85 531 85 539 81 523 81 67
547 89 530 89 539 85 522 85 61
547 137 530 137 539 135 521 135 190
546 143 534 143 539 141 527 141 282
551 153 534 152 543 151 526 151 250
548 166 532 166 541 165 524 165 110
551 164 535 164 543 163 526 163 183
550 180 536 180 543 179 529 180 218
546 213 532 213 539 213 524 213 222
550 234 532 233 543 235 524 234 86
547 241 526 241 539 243 516 243 78
552 248 526 248 543 251 517 251 93
550 254 525 254 541 257 515 257 82
548 261 520 261 539 265 510 265 59
552 264 523 264 543 269 513 269 44
552 285 517 285 539 293 501 293 41
552 29 537 29 545 23 529 23 203
554 73 540 72 547 69 532 69 131
556 75 542 75 549 71 534 71 191
554 106 538 106 547 103 530 103 89
556 122 541 121 549 119 533 119 204
556 131 541 132 549 129 533 129 117
553 133 536 133 545 131 527 131 128
556 143 541 144 549 141 534 142 227
554 155 538 154 547 153 530 153 107
554 178 539 177 547 177 532 176 232
552 188 541 188 545 187 534 187 243
554 205 542 204 547 205 535 203 136
556 213 542 213 549 213 535 213 153
553 219 541 218 547 219 532 219 121
554 215 540 215 547 215 532 215 168
553 252 528 252 545 255 519 255 85
557 248 533 248 549 251 522 251 113
553 256 527 256 545 259 518 259 94
557 254 532 254 549 257 523 257 93
554 279 520 279 549 285 513 284 77
555 285 520 285 549 291 512 291 44
558 58 542 57 551 53 534 53 310
562 67 552 67 555 63 544 63 428
561 65 552 65 555 61 545 61 448
558 84 542 82 551 79 534 78 94
560 97 544 96 553 93 536 93 155
560 115 545 117 553 113 536 113 245
560 125 545 126 553 123 538 124 193
562 122 547 120 555 119 537 121 210
562 158 546 159 555 157 538 157 50
562 162 546 162 555 161 538 161 95
558 199 547 199 551 199 539 198 263
560 205 547 205 553 205 540 205 159
560 209 546 209 553 209 539 209 111
562 211 548 211 555 211 541 211 139
561 217 544 217 555 217 541 217 185
568 40 554 40 561 35 546 35 174
568 45 554 45 561 41 547 41 364
564 63 554 62 557 59 547 59 395
568 93 552 93 561 89 545 89 151
568 147 553 147 561 145 545 145 155
566 156 550 157 559 155 543 155 58
564 177 549 178 557 177 542 177 278
566 201 553 201 559 201 546 201 163
567 207 553 207 561 207 547 207 274
563 221 549 221 559 221 545 221 219
568 244 545 245 561 247 536 247 58
569 256 543 256 561 259 534 259 82
569 270 535 270 561 275 525 274 147
565 277 533 276 557 283 521 283 73
568 281 534 281 561 287 525 287 40
573 32 559 32 567 27 552 27 155
572 32 556 33 563 29 549 28 191
574 38 560 37 567 33 552 33 188
574 67 561 67 567 63 553 64 496
572 114 552 115 565 111 545 112 342
574 118 558 118 567 115 551 115 337
572 137 558 137 565 135 551 135 224
570 139 556 139 563 137 549 137 206
571 186 562 185 565 185 556 185 472
571 209 558 209 565 209 552 209 97
570 237 549 237 563 239 542 239 70
570 281 541 280 563 287 527 287 65
578 36 563 36 571 31 556 31 214
578 42 563 41 571 37 556 37 210
580 65 563 65 573 61 557 61 541
575 72 563 73 569 69 554 69 305
576 104 560 103 569 101 553 100 189
577 125 563 124 571 123 556 122 228
578 153 562 153 571 151 555 151 200
579 159 564 158 573 157 557 156 227
575 187 566 187 569 187 559 186 283
579 189 569 190 571 191 563 189 395
575 201 562 201 569 201 555 201 334
579 203 565 204 573 203 558 204 185
575 209 561 210 569 209 555 209 102
575 215 559 214 569 215 554 215 180
579 219 565 219 573 219 558 219 224
575 237 555 237 569 239 547 239 62
578 250 553 250 571 253 545 253 87
580 254 555 254 573 257 547 257 74
580 273 548 273 573 279 539 279 64
576 270 545 270 569 275 536 274 90
576 279 543 279 569 285 533 285 43
578 279 545 279 571 285 536 285 43
580 282 545 282 573 289 535 289 28
582 40 567 40 575 35 560 35 145
583 76 575 73 577 73 569 71 490
585 80 577 80 579 77 570 77 360
582 98 566 98 575 95 559 95 197
582 115 563 116 575 113 556 113 359
583 125 569 125 577 123 562 123 299
581 135 567 135 575 133 563 131 444
581 142 565 142 577 139 561 139 640
583 161 567 161 577 159 561 158 361
583 174 573 174 577 173 567 173 290
581 212 567 213 575 213 560 213 122
582 229 569 228 579 229 561 229 164
585 232 567 232 579 233 562 232 75
584 254 558 254 577 257 550 257 89
587 277 554 277 579 283 544 283 50
589 107 581 107 583 105 575 105 200
591 147 576 147 585 145 569 145 211
587 158 571 158 581 157 565 157 378
589 160 573 160 583 159 567 159 489
589 168 580 168 583 167 574 167 347
589 199 575 199 583 199 568 199 120
587 201 573 201 581 201 566 201 106
590 211 576 211 585 211 570 211 215
591 224 576 224 585 225 568 225 104
590 256 563 256 583 259 555 259 46
591 284 556 285 585 291 547 291 55
591 294 553 294 585 303 543 304 12
597 61 582 61 591 57 576 57 273
593 65 581 64 587 61 575 60 371
597 84 593 83 591 83 585 83 196
596 99 588 99 591 97 582 97 102
594 98 588 99 587 95 578 95 263
593 105 584 105 587 103 578 103 143
595 109 588 109 589 107 582 107 150
593 123 585 123 587 121 579 121 401
597 125 589 124 591 123 583 121 508
597 147 582 147 591 145 575 146 394
595 186 584 186 589 185 578 185 181
597 213 584 213 591 213 578 213 83
593 215 579 215 587 215 572 215 107
595 220 579 220 589 221 573 221 107
595 226 579 226 589 227 573 227 101
595 245 571 245 589 247 564 247 31
597 270 566 270 591 275 558 275 96
599 59 584 59 593 55 578 55 181
603 84 597 85 597 83 592 82 179
600 95 592 95 595 93 587 93 154
599 93 590 93 593 91 585 91 127
601 108 593 107 595 107 587 105 119
600 114 592 113 595 109 587 107 309
602 121 594 121 597 121 588 119 123
598 123 590 122 593 119 584 120 186
599 170 590 170 593 169 584 169 182
603 172 594 171 597 171 588 170 312
601 178 591 177 595 177 585 176 220
599 182 590 182 593 181 583 181 206
599 199 585 198 593 199 579 198 51
601 197 587 197 595 197 580 197 72
599 209 586 209 593 209 579 209 106
601 215 588 215 595 215 582 215 96
601 248 577 248 595 251 570 251 38
600 274 573 273 595 279 562 279 79
599 296 560 297 593 305 550 305 12
605 68 599 70 599 67 594 66 163
609 72 603 73 603 71 597 71 287
606 93 599 93 601 91 593 91 196
605 112 597 112 599 111 591 111 85
604 130 597 130 599 129 592 129 242
606 126 601 126 601 125 595 125 173
606 135 601 135 601 135 595 134 161
604 137 599 138 599 137 593 136 219
606 143 601 143 601 141 595 141 187
609 158 603 158 603 157 597 157 183
604 167 599 168 599 167 593 165 444
605 178 596 178 599 177 590 177 326
607 197 593 197 601 197 587 197 81
605 207 590 207 599 207 584 207 85
605 211 593 211 599 211 585 211 82
605 226 585 227 599 227 583 227 124
608 257 582 257 603 261 574 261 74
613 76 609 75 609 73 603 73 227
612 77 607 77 607 75 601 75 86
614 83 609 83 609 81 604 81 105
613 122 605 121 609 121 603 121 261
612 129 607 128 607 127 601 127 128
614 137 609 137 609 135 603 137 131
610 162 605 162 605 161 600 161 140
614 166 609 166 609 165 603 165 165
612 172 605 172 607 171 599 171 305
611 211 596 211 605 211 590 211 180
611 219 596 219 605 219 590 219 155
613 252 588 253 607 255 581 255 32
618 130 613 130 613 129 607 129 83
617 129 611 128 611 127 605 127 180
620 140 615 140 615 139 601 140 209
616 142 611 142 611 141 605 141 158
616 152 611 153 611 151 602 150 120
616 158 611 158 611 157 605 157 124
620 158 615 158 615 157 609 157 132
620 178 612 178 615 177 606 176 368
616 199 602 200 611 199 596 199 216
620 197 606 198 615 197 600 198 256
620 205 606 204 615 205 600 205 263
616 209 601 209 611 209 596 209 312
618 211 604 210 613 211 598 211 282
620 220 606 220 615 221 600 221 446
613 225 597 225 611 225 593 225 175
616 230 592 230 611 231 593 231 134
616 239 595 239 611 241 588 241 46
618 243 593 242 613 245 587 244 37
619 245 597 245 615 247 591 247 46
624 65 619 65 619 63 614 62 97
626 68 621 67 621 65 615 66 183
622 69 617 69 617 67 612 65 82
624 71 619 71 619 69 614 69 106
626 99 617 99 621 97 615 97 118
622 101 617 100 617 99 611 99 106
624 102 619 103 619 101 614 101 67
622 111 617 110 617 109 611 109 52
625 114 619 114 619 113 613 113 80
626 123 621 122 621 121 615 121 93
626 131 621 130 621 129 615 129 93
622 134 617 137 617 133 611 131 83
626 152 621 152 621 151 615 151 58
622 156 616 156 617 155 612 155 81
626 162 621 162 621 161 615 161 101
622 189 609 190 617 189 603 189 392
622 203 607 204 617 203 602 203 198
624 215 610 213 619 215 604 215 285
626 223 611 223 621 223 606 223 189
624 243 602 243 619 245 596 245 27
622 250 598 250 617 253 589 252 44
630 65 625 65 625 63 620 63 81
630 71 625 71 625 69 619 69 92
631 89 624 91 627 89 619 88 57
630 106 625 108 625 105 619 103 74
628 103 623 102 623 101 617 101 70
628 112 623 113 623 111 617 111 89
628 140 623 140 623 139 617 139 107
628 158 623 158 623 157 617 157 102
630 164 625 165 625 163 619 164 212
632 193 619 194 627 193 614 194 196
630 198 617 198 625 197 611 197 187
628 203 614 203 623 203 608 203 337
632 211 618 211 627 211 613 211 299
628 219 614 219 623 219 608 219 245
632 217 619 217 627 217 614 217 286
627 247 604 246 623 249 598 249 35
627 254 600 253 623 257 595 257 98
632 255 605 256 627 259 599 259 144
638 73 630 73 631 71 624 71 143
636 95 629 95 631 93 624 93 65
634 101 629 101 629 99 623 99 65
636 107 631 107 631 107 625 107 87
636 135 631 135 631 133 625 133 200
634 132 629 132 629 131 623 131 77
634 152 629 152 629 151 623 151 87
638 154 631 154 633 153 626 153 75
638 211 625 211 633 211 620 210 219
636 215 623 215 631 215 617 215 222
638 219 625 219 633 219 620 219 232
637 221 622 221 633 221 618 221 294
637 247 613 247 633 249 609 249 114
642 99 639 98 637 97 631 97 216
640 105 635 105 635 103 629 105 86
644 109 639 108 639 107 633 107 110
642 111 637 110 637 109 631 109 170
640 142 633 142 635 141 627 141 103
642 140 635 140 637 139 629 139 107
642 146 635 146 637 145 630 145 111
642 158 635 158 637 157 630 157 116
640 160 633 160 635 159 628 159 84
644 162 637 162 639 161 631 161 81
642 213 629 213 637 213 624 214 195
641 239 621 239 637 241 615 241 73
638 258 612 257 635 261 606 261 91
642 259 615 259 639 263 610 263 92
648 81 641 80 643 79 638 79 113
646 79 640 78 641 77 635 76 63
648 85 643 85 643 83 638 83 56
646 85 639 84 641 83 634 82 44
648 93 643 92 643 91 637 90 56
650 101 644 101 645 99 639 99 85
650 97 644 97 645 95 639 95 110
648 105 642 103 643 103 637 102 86
650 127 643 127 645 125 638 125 79
646 129 639 129 641 127 634 127 97
648 141 641 141 643 139 636 139 95
645 144 639 144 641 143 634 143 167
650 154 643 154 645 153 638 153 78
648 152 641 152 643 151 636 151 72
650 202 639 201 645 201 634 200 181
650 207 640 207 645 207 635 207 164
646 205 635 205 641 205 630 205 252
645 215 634 215 641 215 629 215 242
647 226 631 226 641 227 625 227 280
655 47 649 47 651 47 645 45 5
654 71 649 70 649 69 641 69 94
657 69 650 69 651 67 646 66 153
652 83 647 83 647 81 642 81 86
648 93 641 93 647 91 636 91 193
654 101 649 101 649 99 643 99 80
652 119 645 119 647 117 640 117 75
654 121 647 121 649 119 642 119 92
652 131 644 130 647 129 639 129 153
654 133 646 132 649 131 642 131 83
652 150 645 150 647 149 640 149 94
656 178 647 178 651 177 643 177 162
655 207 645 207 651 207 641 207 106
653 211 643 211 649 211 638 211 134
657 226 643 226 651 227 636 227 187
652 254 627 254 649 257 622 258 162
662 47 657 48 657 47 652 46 8
658 55 650 56 653 53 645 54 22
662 67 656 67 657 65 651 64 97
660 73 655 73 655 71 649 70 90
660 93 655 92 655 91 649 91 65
662 99 655 99 657 97 650 97 80
658 142 651 142 653 141 646 141 70
660 145 653 145 655 143 648 143 78
660 168 653 168 655 167 648 167 48
660 202 649 201 655 201 641 201 81
659 206 649 205 655 205 644 205 62
659 209 649 209 655 209 644 209 113
660 216 650 215 657 215 647 214 114
655 225 641 225 655 225 640 225 101
656 261 629 261 653 265 624 265 148
665 55 659 56 659 53 654 53 33
664 83 658 83 659 81 654 81 47
666 83 661 83 661 81 656 81 37
666 103 659 103 661 101 654 101 98
664 107 656 106 659 105 651 104 103
667 133 660 132 663 131 655 131 59
664 136 656 136 659 135 652 135 117
663 182 653 182 661 181 652 181 334
663 188 653 188 659 187 648 187 138
664 198 653 197 659 197 648 197 154
671 213 657 213 663 213 649 213 126
661 219 647 219 661 219 646 219 174
666 237 646 238 663 239 637 239 250
662 243 641 242 659 245 637 244 122
663 269 631 273 663 275 625 273 40
664 293 626 293 663 301 621 301 10
668 65 659 65 665 63 656 63 85
671 83 666 83 667 81 661 81 51
674 79 669 78 669 77 659 78 121
670 99 663 98 665 97 658 97 91
674 113 668 112 669 111 662 110 149
674 119 667 119 669 117 662 117 88
670 130 662 130 665 129 658 129 92
670 146 662 146 665 145 658 145 82
669 164 662 164 665 163 657 163 74
673 184 663 184 669 183 658 183 121
669 186 659 186 665 185 654 185 226
671 191 661 192 667 191 656 190 96
668 241 645 241 665 243 641 243 90
670 245 647 245 667 247 644 247 93
667 247 645 247 665 249 641 249 55
675 263 647 262 669 267 643 266 14
679 69 671 69 675 67 662 67 203
676 103 666 103 673 101 663 101 102
677 131 669 131 673 129 665 129 55
679 137 672 137 675 135 667 135 58
680 145 673 144 675 143 669 143 103
676 158 667 158 671 157 662 156 49
678 166 669 165 673 165 665 165 94
677 200 667 199 673 199 662 199 319
675 207 664 207 671 207 658 207 270
679 211 667 211 675 211 663 211 626
673 230 661 230 673 231 658 231 421
674 239 652 239 671 241 648 241 134
677 258 653 255 671 261 642 262 17
674 261 646 261 673 263 639 265 17
677 279 642 279 675 285 639 284 12
677 280 642 281 675 287 638 287 9
682 62 676 63 677 61 672 59 185
684 67 678 67 679 65 673 65 109
682 80 677 77 677 77 672 75 46
686 111 680 111 681 109 675 108 50
686 118 680 118 681 117 675 117 66
682 140 676 140 677 139 671 139 95
682 154 674 154 677 153 670 153 73
681 164 674 164 677 163 670 163 66
679 283 640 284 677 289 640 289 12
690 59 685 59 685 57 679 56 125
688 61 682 61 683 59 677 58 161
692 63 687 62 687 61 682 60 143
690 85 686 85 685 83 681 83 89
692 91 685 90 687 89 682 89 155
692 97 685 96 687 95 682 95 146
687 127 679 128 683 127 676 125 92
688 141 681 140 683 139 677 139 72
687 152 681 152 683 151 676 151 85
695 161 689 160 687 159 680 159 287
689 168 682 168 685 167 677 167 82
692 171 684 172 687 171 680 170 103
691 176 684 176 687 175 680 174 148
687 182 679 183 683 181 675 182 275
688 235 663 237 687 239 660 239 142
698 67 689 67 693 65 689 64 95
696 89 692 90 691 87 686 87 137
694 87 687 86 689 85 682 84 111
695 94 687 92 689 91 687 93 159
696 99 689 98 691 97 686 97 159
697 182 690 182 693 181 686 180 214
692 239 667 240 691 241 664 241 183
692 252 668 253 691 255 665 256 32
702 65 696 65 697 63 691 62 168
702 109 696 109 697 107 691 107 174
703 117 697 117 699 115 693 115 108
704 118 698 118 699 117 693 117 58
700 130 694 130 695 129 689 128 113
699 140 694 140 695 139 689 139 85
703 153 698 149 699 149 693 151 35
701 164 693 164 695 163 689 163 188
699 168 692 168 695 167 688 167 117
703 170 696 170 699 169 692 169 120
701 251 676 250 699 253 673 253 13
699 256 672 256 697 259 669 259 20
708 65 702 65 703 63 697 63 126
706 71 700 71 701 69 695 69 83
710 103 704 102 705 101 699 101 64
706 241 680 242 705 245 678 243 14
705 247 680 247 703 249 677 249 17
714 66 708 64 709 63 703 62 104
711 103 706 102 707 101 701 101 63
715 124 710 125 711 123 705 122 35
715 133 710 134 711 133 705 132 24
713 135 708 139 709 137 703 138 108
711 154 706 154 707 153 701 153 77
711 160 706 159 707 159 701 158 67
711 168 705 168 707 167 701 167 108
711 178 704 178 707 177 700 176 127
713 182 706 182 709 181 702 181 108
711 211 686 213 711 213 685 213 53
707 229 684 229 707 231 680 231 53
720 119 715 118 717 117 709 117 53
717 121 711 120 713 119 707 119 46
719 169 713 168 715 167 709 167 54
720 195 694 193 717 195 694 195 118
717 200 694 201 717 201 692 201 90
715 243 688 241 715 245 682 243 8
727 99 722 99 723 97 717 96 343
723 110 717 109 719 109 713 108 223
727 108 722 109 723 107 717 106 295
725 112 720 113 721 111 715 110 238
728 126 722 127 723 123 717 123 46
725 149 719 149 721 147 715 147 44
727 154 721 154 723 153 717 153 135
725 164 719 164 721 163 715 163 55
723 177 717 173 719 173 713 173 57
725 178 719 177 721 177 715 176 114
719 214 693 214 719 215 691 215 68
719 220 693 220 719 221 691 221 75
715 315 684 316 719 327 685 327 30
733 84 729 84 729 83 724 82 149
733 91 728 90 729 89 724 88 257
733 106 728 107 729 105 723 104 185
729 151 723 151 725 149 719 149 77
731 182 724 182 727 181 720 181 281
727 218 701 218 727 219 700 219 62
740 99 736 99 735 97 731 97 231
739 101 734 100 735 99 731 99 516
739 115 734 114 735 113 730 112 171
741 121 732 120 735 119 731 119 240
735 144 730 144 731 143 725 143 104
739 178 733 178 735 177 729 177 317
739 182 732 181 735 181 728 180 210
736 198 712 198 735 197 712 197 145
731 203 707 203 733 203 707 203 90
734 218 708 218 735 219 708 219 58
734 216 708 216 735 217 708 217 70
734 222 705 222 735 223 708 223 59
744 92 737 90 741 91 735 90 382
740 94 737 95 737 93 731 92 249
741 142 736 142 737 141 731 141 120
745 144 739 144 741 143 736 143 283
742 152 735 152 737 151 731 151 298
745 158 741 157 741 157 735 157 112
741 156 735 156 737 155 731 155 271
745 166 740 166 741 165 735 164 264
738 200 714 200 737 201 713 201 89
749 110 744 110 745 109 739 107 206
749 123 743 122 745 121 741 121 291
749 131 744 130 745 129 740 129 85
748 137 743 137 743 133 738 133 296
751 134 746 134 747 133 742 133 138
749 182 742 182 747 181 737 181 249
741 201 719 201 747 201 717 201 256
741 218 715 218 743 219 716 219 70
744 214 718 214 745 215 718 215 44
744 220 718 220 745 221 718 221 44
740 312 706 312 747 325 709 324 16
738 316 703 315 743 329 709 328 19
753 119 748 119 749 117 743 116 142
755 123 749 122 751 121 745 120 321
757 131 752 131 753 129 747 128 85
756 131 749 130 751 129 746 129 65
755 154 750 154 751 153 745 152 41
753 178 748 178 749 177 744 177 317
755 180 750 180 751 179 743 178 303
747 257 720 257 749 261 720 260 30
750 265 721 265 753 269 722 269 57
751 269 720 269 753 273 721 273 50
748 272 717 272 751 277 718 277 40
763 101 757 100 759 99 753 98 79
763 142 758 142 759 141 754 141 138
759 144 753 144 755 143 749 143 63
757 201 733 201 759 201 733 199 198
757 205 735 205 759 205 735 205 218
751 248 729 248 755 251 731 251 27
756 263 726 262 759 267 728 267 43
752 275 720 275 755 279 721 277 46
770 99 766 100 765 99 761 98 48
767 113 761 112 763 111 757 110 167
765 128 759 128 761 127 755 127 111
765 142 760 142 761 141 756 141 79
769 144 763 144 765 143 759 142 82
765 170 760 170 761 169 756 168 255
767 184 756 184 765 183 753 182 382
760 199 735 200 761 199 735 200 174
764 206 741 207 765 205 742 206 275
763 254 734 254 763 257 735 258 29
759 266 729 267 763 271 730 270 50
758 280 725 281 763 287 727 287 50
772 102 768 102 767 101 763 100 70
771 117 768 116 767 115 763 114 179
771 137 764 136 767 135 761 134 110
775 179 764 179 771 177 760 177 326
771 182 761 183 769 181 758 181 403
766 199 745 199 767 199 745 199 167
766 221 741 221 769 223 742 223 133
764 226 738 226 767 227 739 227 106
767 248 741 249 769 251 742 251 94
768 261 739 261 771 265 740 265 31
767 268 736 268 771 273 738 273 40
765 265 735 265 769 269 737 269 29
766 279 732 279 771 285 734 284 53
761 299 722 301 767 307 725 309 29
780 93 776 94 775 93 771 92 72
777 147 766 147 775 145 763 145 189
777 166 771 166 773 165 767 164 112
775 204 764 203 773 203 761 203 410
771 235 746 237 773 239 747 238 315
768 277 734 277 773 283 736 282 43
768 283 733 283 773 289 736 289 67
785 123 774 122 783 121 772 120 132
783 127 772 127 781 125 770 125 163
786 141 775 141 783 139 772 139 166
783 178 775 178 779 177 773 177 433
783 182 776 181 779 181 774 181 515
775 266 745 267 781 269 748 270 11
787 107 776 106 785 105 774 104 98
789 111 778 110 787 109 776 108 75
785 223 771 222 785 223 769 223 47
781 261 756 261 785 265 752 264 29
782 282 747 283 789 289 751 290 25
795 106 784 105 793 103 782 102 128
797 143 786 143 795 141 788 140 243
795 191 780 189 795 191 779 189 366
795 217 778 216 795 217 778 216 75
790 225 775 225 791 225 775 225 30
793 221 775 220 793 221 772 219 64
795 223 779 223 795 223 778 223 37
791 239 769 240 793 241 771 241 20
784 285 747 283 791 291 752 291 26
799 157 793 159 797 155 786 155 159
797 198 778 198 797 197 778 197 244
794 252 768 254 799 257 772 256 11
792 274 760 275 799 281 763 281 15
791 291 753 292 799 299 758 299 30
788 296 748 296 797 305 755 305 44
802 60 776 59 805 53 778 52 127
801 65 776 65 805 59 779 59 278
805 172 793 172 803 171 792 170 201
810 177 800 177 807 175 796 174 191
803 194 784 193 805 193 784 193 136
805 192 786 191 807 191 785 191 153
805 197 785 197 807 197 786 197 88
799 259 775 260 807 263 777 263 14
794 295 755 295 803 303 762 304 31
809 63 784 63 813 57 787 57 197
804 257 776 257 809 261 780 260 11
804 263 776 263 811 267 781 266 13
803 290 765 290 813 297 771 296 22
804 291 765 291 813 299 773 297 20
799 297 759 297 809 305 766 305 25
811 65 786 65 815 59 789 59 197
815 207 794 206 819 205 796 205 19
812 242 787 240 815 243 791 243 16
808 288 771 288 817 295 777 295 14
819 59 794 58 823 53 797 52 237
818 130 794 130 823 127 797 127 125
820 240 795 241 823 243 798 243 17
813 278 779 278 823 285 785 284 14
813 280 779 279 823 287 785 286 15
811 300 769 300 823 309 779 309 33
824 60 798 59 829 53 802 52 304
831 180 818 180 831 179 817 178 134
824 191 803 191 827 191 805 191 107
827 203 803 202 831 203 806 202 21
819 221 799 220 827 221 800 220 15
819 255 794 255 827 257 795 257 16
820 273 783 274 829 281 789 279 13
829 64 805 61 833 57 807 56 257
828 107 806 105 833 103 811 102 371
828 130 802 131 833 127 806 127 19
828 201 804 199 833 201 807 200 21
832 214 806 214 837 215 810 214 11
830 248 804 249 835 251 808 251 16
829 251 802 251 833 253 806 254 20
829 259 805 260 835 261 804 261 13
824 267 795 267 833 271 800 271 10
834 38 809 37 839 31 813 30 186
841 186 829 185 841 185 829 184 133
835 202 809 200 839 201 812 199 28
835 211 807 211 841 213 814 212 16
836 245 810 245 841 247 814 247 13
824 337 772 337 841 353 783 353 49
824 343 771 345 843 361 783 361 37
840 28 815 27 845 21 819 19 190
842 75 815 74 847 69 819 68 61
840 149 814 149 845 147 819 146 43
843 241 817 241 849 243 822 243 15
838 256 810 256 845 259 817 258 16
838 266 806 265 849 271 814 270 12
835 280 801 280 847 287 810 287 16
844 129 818 128 851 125 823 125 16
845 205 819 205 851 205 824 205 12
848 210 820 209 855 211 826 211 14
845 258 817 258 853 261 822 261 12
842 275 809 275 853 281 813 280 10
843 281 807 281 853 287 816 288 15
839 292 801 292 851 299 809 299 16
838 314 800 312 853 325 812 324 31
855 35 830 35 861 27 834 26 190
855 121 827 121 861 117 833 117 17
849 135 824 134 857 131 829 131 14
851 144 824 144 857 143 829 142 23
854 148 829 147 861 145 835 143 18
850 207 822 207 857 207 828 206 14
854 231 826 231 861 233 832 233 14
854 236 826 236 861 239 832 238 18
851 248 825 248 859 251 830 251 17
850 256 822 255 857 259 828 260 15
850 262 821 262 857 265 828 267 13
851 268 820 268 861 273 830 272 22
845 279 811 279 857 285 819 285 19
860 41 835 40 867 33 840 32 164
859 61 833 60 865 55 837 54 149
857 82 830 82 865 77 836 76 26
860 83 833 82 867 77 839 76 26
858 89 831 88 865 83 836 82 26
856 110 829 110 863 105 835 105 16
858 108 832 107 865 103 837 102 29
857 115 830 114 865 109 836 109 26
860 121 833 120 867 117 839 116 14
859 233 830 232 867 235 836 235 17
855 247 830 243 865 247 835 247 24
856 250 828 250 865 253 835 253 17
857 256 829 256 865 259 835 259 13
857 266 824 264 865 269 832 269 25
856 279 822 279 867 285 830 285 19
855 286 817 286 867 293 827 293 23
851 286 813 286 863 293 823 293 17
849 298 809 299 863 307 819 307 18
843 335 792 336 863 351 805 352 31
860 235 832 233 869 237 839 235 20
861 237 833 238 871 241 839 241 17
861 246 833 247 869 249 839 249 16
865 241 834 242 873 245 842 243 18
863 250 835 250 871 253 841 253 14
861 254 832 254 869 257 838 257 19
858 272 823 272 869 277 831 278 22
860 276 825 276 871 281 834 281 23
859 287 820 286 869 293 828 293 19
850 336 796 335 869 351 810 351 26
871 59 845 57 879 51 850 50 43
868 73 839 73 875 67 846 65 15
869 91 842 90 877 85 847 85 90
866 126 840 125 875 123 846 122 20
869 132 841 132 877 129 848 129 20
868 157 844 157 875 155 850 155 15
869 221 839 221 879 223 847 223 11
868 236 837 235 877 237 846 238 10
864 274 830 274 875 279 837 278 16
864 280 827 280 875 285 838 286 16
864 300 820 300 877 309 835 309 22
857 315 823 314 875 327 838 327 24
877 72 849 71 885 65 856 63 12
875 150 849 149 883 147 856 145 14
877 168 855 170 883 167 859 167 37
875 216 842 216 885 217 851 216 15
874 225 843 227 885 227 850 227 9
871 229 840 229 881 231 847 231 14
875 243 844 242 885 245 852 245 14
871 244 841 244 881 247 849 247 11
873 261 842 261 883 265 850 265 17
872 271 840 272 885 277 847 277 22
881 115 855 118 889 111 861 110 38
882 130 855 128 891 125 860 127 15
881 151 854 150 889 147 860 148 16
882 167 859 167 887 165 862 164 26
879 179 858 177 887 177 864 176 61
883 182 859 182 889 181 865 181 56
881 184 857 184 887 183 863 183 59
887 192 865 191 891 191 868 191 68
885 201 864 201 891 201 867 200 44
876 220 843 219 887 221 854 222 12
874 277 840 278 887 283 850 283 14
886 55 854 53 895 47 867 45 16
887 131 859 130 895 127 866 126 12
888 136 862 135 897 133 868 132 13
886 178 864 178 893 177 869 177 63
890 182 867 182 897 181 873 180 74
889 186 865 185 895 185 870 185 74
887 197 864 197 893 197 869 196 51
883 232 856 233 895 235 866 236 26
883 261 850 260 895 265 861 265 18
882 275 851 276 897 281 860 281 26
876 278 845 280 893 285 852 284 22
884 288 845 287 897 295 855 295 18
882 291 842 292 897 299 855 299 16
876 313 840 313 895 325 857 324 25
894 83 866 82 903 77 873 76 19
894 100 866 99 903 95 873 94 17
893 105 864 105 901 99 873 99 16
894 123 866 122 903 119 875 120 15
894 140 868 140 903 137 875 136 17
887 215 853 215 899 217 857 218 16
889 229 854 229 903 231 865 231 11
889 239 855 236 901 241 865 241 19
886 249 852 249 899 253 863 253 14
887 246 855 248 901 251 865 251 12
888 253 855 254 901 257 866 257 12
891 265 854 262 903 269 868 269 13
888 272 854 272 901 277 865 277 16
887 277 853 278 901 283 864 283 22
882 319 850 319 901 331 869 332 26
897 60 868 60 907 53 876 52 9
899 118 872 117 909 113 880 113 16
901 174 877 174 907 173 883 173 54
895 216 858 218 909 219 870 219 15
893 225 858 225 907 227 869 227 22
895 228 860 228 909 231 872 232 18
893 253 860 253 907 257 870 256 16
893 270 859 270 907 275 870 275 16
903 62 875 61 913 55 883 53 15
903 61 874 61 913 53 883 52 23
897 244 862 244 911 247 873 247 13
896 281 859 281 911 287 872 287 16
897 293 854 293 911 301 868 301 11
911 116 883 116 921 111 891 111 27
907 125 879 124 917 121 887 120 14
909 127 881 126 919 123 890 122 16
912 163 885 159 917 159 891 158 25
904 215 866 215 921 217 880 217 23
903 225 866 224 919 227 879 227 14
904 268 869 268 919 273 881 273 21
903 272 867 272 917 277 879 277 13
902 272 867 272 919 279 880 278 20
903 282 864 283 917 289 876 289 13
901 288 858 285 919 295 875 294 19
899 315 864 315 921 327 882 327 24
915 75 887 74 925 69 895 67 18
914 83 886 82 925 77 895 76 19
916 85 888 84 927 79 897 78 14
912 124 885 122 923 119 893 119 16
917 127 889 126 927 123 898 122 19
917 168 890 171 923 167 896 165 42
908 215 869 214 925 217 884 217 18
907 281 871 281 923 287 883 287 19
920 105 893 105 933 99 901 99 24
918 112 891 111 929 107 901 106 17
918 118 890 117 929 113 899 113 20
916 128 890 126 929 123 899 122 20
914 227 876 227 931 229 889 228 11
914 233 875 234 931 237 889 238 13
912 230 874 230 929 233 887 233 15
918 231 876 232 933 235 892 235 12
914 247 876 247 931 251 889 250 17
912 278 875 277 929 283 889 283 20
916 288 877 288 933 295 891 295 21
911 294 870 294 931 303 887 303 12
906 324 867 323 931 337 885 336 20
928 112 900 111 939 107 909 106 13
924 121 896 120 935 117 905 115 11
924 127 895 127 935 123 905 122 18
928 133 900 132 939 129 908 128 20
926 146 900 146 937 143 909 144 14
917 238 880 237 935 241 893 241 12
919 261 881 261 937 267 896 267 6
919 266 881 265 937 271 895 271 22
920 278 882 278 937 285 896 285 16
922 280 884 280 939 287 899 287 25
921 286 883 286 939 293 898 293 23
935 58 909 58 945 51 917 51 57
930 85 903 84 941 79 913 77 13
934 94 905 93 945 89 915 87 17
932 96 904 95 943 91 913 89 15
930 114 901 113 941 109 911 110 11
929 128 903 128 943 125 913 124 20
928 231 893 231 945 233 910 231 22
925 245 887 245 943 249 900 247 6
926 266 889 266 945 271 905 272 20
925 271 888 272 943 277 902 277 12
917 334 865 335 945 351 885 351 20
935 99 907 98 947 93 917 92 17
938 96 909 96 949 91 919 90 8
935 112 905 110 949 107 914 105 31
937 141 910 141 947 137 918 137 26
935 149 907 149 947 147 917 146 20
933 232 892 233 951 235 909 234 12
931 247 892 247 949 251 908 251 9
925 324 876 324 951 337 896 338 18
947 89 916 93 957 87 926 87 17
942 144 915 143 955 141 927 139 22
935 238 897 237 953 241 913 240 11
938 268 900 268 957 273 916 273 17
934 269 896 269 953 275 911 275 10
937 275 898 275 957 281 916 281 11
933 289 895 289 955 297 911 296 19
931 308 886 307 955 319 905 319 17
925 330 873 330 953 345 894 344 20
923 336 873 335 953 351 895 351 20
949 101 920 101 961 95 931 95 15
948 106 921 105 961 101 931 100 12
947 147 916 148 961 143 929 143 27
942 227 904 230 961 231 919 229 12
944 239 905 239 963 243 922 242 15
940 251 902 251 959 255 917 255 27
942 288 903 288 963 295 920 296 19
938 293 897 293 959 301 914 301 10
941 297 899 297 963 305 918 306 15
937 309 891 311 961 323 910 322 11
934 320 885 320 961 333 907 333 17
936 318 887 318 963 331 909 331 16
934 339 878 339 963 355 901 356 24
932 342 877 342 963 359 900 359 19
953 76 927 76 965 69 937 69 49
952 97 923 96 965 91 935 90 17
952 131 921 132 965 127 932 125 28
960 167 940 166 969 165 946 164 77
949 244 910 241 969 247 927 247 22
942 301 899 299 967 309 922 310 17
939 307 894 307 965 319 913 317 10
939 315 890 316 965 327 913 327 15
938 324 888 324 965 337 910 338 13
960 64 933 63 971 57 943 56 42
957 113 929 114 973 109 941 107 30
962 126 934 125 975 121 945 121 38
963 155 939 155 973 153 948 152 53
961 171 943 170 973 169 947 169 41
963 183 938 183 971 183 949 181 46
953 214 913 215 973 215 932 215 19
951 221 911 221 971 223 930 223 18
951 226 912 227 971 229 929 229 19
955 237 916 237 975 243 933 243 23
951 268 912 269 971 275 929 274 18
954 273 915 271 975 279 933 279 38
952 271 913 271 973 277 931 276 29
953 277 915 277 973 283 932 283 24
951 284 912 284 971 291 929 290 25
952 284 914 284 973 291 931 291 27
947 315 899 315 973 327 921 327 15
945 323 896 323 973 337 917 337 20
946 331 895 331 971 345 914 345 24
966 70 938 71 979 63 950 62 60
967 78 938 77 981 71 951 72 49
970 153 946 154 979 153 955 152 57
967 159 944 158 977 157 952 156 61
972 170 949 171 981 169 957 169 32
972 168 949 169 981 167 958 166 38
968 184 946 184 977 183 954 183 35
956 218 917 217 977 219 935 219 24
958 271 919 271 979 277 938 278 24
956 282 917 282 977 289 935 289 31
958 284 919 284 979 291 937 291 34
954 309 908 308 979 319 929 319 21
945 341 889 342 977 359 916 359 18
973 69 946 69 985 63 957 62 96
972 118 943 117 983 115 954 113 50
973 192 951 192 983 191 959 191 33
962 277 922 279 983 285 941 286 41
958 299 917 300 985 309 937 309 20
961 296 917 296 985 305 938 305 40
959 311 910 312 983 323 932 323 20
960 319 909 318 987 331 933 331 18
956 324 907 323 985 337 930 338 19
951 333 897 334 983 349 925 349 19
977 72 950 71 989 65 961 64 73
976 101 949 101 991 97 960 95 12
981 158 959 156 991 157 966 158 25
963 252 916 251 989 257 934 256 69
966 253 920 253 993 259 943 259 35
961 306 917 306 989 317 939 317 17
958 326 907 325 989 341 927 342 23
959 342 902 342 989 359 929 359 23
982 53 956 51 995 45 967 43 91
987 101 957 101 999 97 971 96 23
985 144 955 143 995 141 963 140 45
970 247 925 247 997 253 946 252 25
968 257 922 257 995 263 945 263 31
969 261 921 261 995 267 944 266 35
970 275 925 275 997 283 947 283 42
973 289 927 287 997 297 951 296 40
987 92 959 92 1001 87 972 86 14
989 96 960 95 1003 91 974 90 23
991 119 963 118 1005 115 976 114 47
987 121 959 119 1001 117 972 116 30
993 163 969 164 1005 163 979 162 17
991 167 967 166 1003 165 977 164 20
991 172 968 174 1003 171 977 171 24
980 216 938 216 1005 217 960 218 45
976 236 929 236 1005 241 952 241 18
975 299 928 299 1003 309 952 309 32
995 72 967 71 1009 65 980 64 33
993 90 965 89 1007 83 978 83 14
997 179 973 179 1009 179 984 177 21
999 197 974 197 1011 197 985 196 44
980 296 933 296 1007 305 957 305 20
979 305 935 306 1007 315 956 315 39
977 312 930 312 1007 323 954 323 30
979 315 931 315 1007 327 954 327 19
975 342 920 342 1011 359 952 360 24
1005 35 980 34 1017 27 990 26 44
1001 43 977 39 1015 33 988 31 41
1001 81 974 80 1015 75 986 75 23
985 226 937 227 1015 229 963 229 41
988 294 941 296 1017 305 965 305 34
984 297 937 298 1013 307 961 306 25
985 303 935 303 1013 313 961 313 29
988 309 938 309 1017 319 966 320 28
985 321 931 322 1017 335 956 335 26
980 325 929 324 1013 339 955 339 18
975 337 921 338 1013 355 951 355 26
978 345 922 345 1015 363 949 362 14
1007 94 981 93 1023 89 997 87 16
1008 159 981 159 1019 159 993 157 21
1012 174 983 174 1021 173 993 173 25
990 237 940 236 1023 241 967 241 15
991 243 943 241 1023 247 968 248 13
988 255 939 255 1021 261 966 261 16
992 259 941 258 1023 265 969 265 14
987 261 937 262 1019 269 964 269 18
990 267 940 266 1021 273 967 273 14
990 304 941 304 1021 315 967 315 35
991 313 942 311 1023 325 969 325 18
988 315 937 313 1019 327 963 325 15
1015 74 987 71 1029 67 1001 67 35
996 261 949 259 1029 269 974 267 18
997 281 948 279 1029 291 975 289 17
995 306 946 306 1027 317 973 317 24
995 310 946 310 1029 323 974 323 25
992 326 939 327 1027 341 967 339 14
990 332 936 332 1025 347 964 347 13
1017 45 992 46 1031 37 1000 37 22
1019 75 991 74 1033 69 1004 68 40
1020 93 993 92 1035 87 1003 87 26
1011 210 973 210 1035 213 984 212 33
998 239 948 239 1033 243 977 243 17
1002 272 953 271 1035 281 981 280 16
1000 297 950 295 1033 307 979 307 24
1001 303 952 304 1035 315 980 315 24
1000 307 949 307 1033 319 978 319 20
999 323 946 323 1035 337 976 337 18
991 340 938 341 1031 357 970 357 14
996 338 941 339 1035 355 973 356 17
1022 58 993 60 1039 51 1011 50 12
1025 85 997 85 1041 79 1012 78 51
1024 94 996 95 1039 89 1010 88 34
1006 251 954 253 1041 257 983 255 11
1005 277 954 276 1041 285 983 285 20
1005 285 954 285 1041 295 985 295 23
1003 298 953 298 1037 309 981 309 27
1001 321 951 321 1037 335 979 335 17
1003 325 948 325 1039 339 980 339 17
997 332 941 332 1037 351 979 352 22
1018 210 981 211 1043 211 1002 211 26
1009 223 956 222 1043 227 987 227 34
1012 225 961 225 1047 229 990 228 26
1007 238 954 238 1043 243 985 243 18
1009 239 956 242 1045 245 987 245 21
1009 250 955 249 1045 255 986 255 14
1006 266 956 263 1045 271 988 270 11
1009 269 956 269 1045 277 985 278 11
1007 274 956 274 1043 283 985 285 12
1007 279 955 279 1043 289 985 289 16
1008 289 956 289 1043 299 987 299 15
1008 297 957 296 1043 307 987 307 27
1007 316 955 316 1045 329 989 330 24
1008 330 954 330 1045 345 985 345 22
1031 203 995 202 1053 203 1017 203 41
1014 228 963 227 1051 231 994 231 29
1017 230 963 232 1053 235 995 236 26
1012 279 959 280 1049 289 991 289 17
1016 300 965 299 1053 311 996 311 27
1015 308 965 309 1053 321 995 321 28
1015 307 962 307 1051 319 994 319 27
1012 312 958 311 1049 325 991 325 26
1012 327 959 326 1049 341 991 341 13
1021 236 968 235 1059 241 1000 240 23
1020 249 965 251 1059 255 999 255 20
1020 254 966 254 1059 261 999 261 22
1020 273 967 274 1059 283 998 282 21
1019 273 965 273 1057 281 997 281 18
1020 327 967 325 1059 341 998 342 20
1020 332 966 331 1059 347 999 348 26
1016 337 961 337 1055 353 994 354 15
1023 233 970 233 1061 237 1003 237 29
1028 229 977 228 1065 233 1008 232 22
1020 261 967 262 1061 269 1000 269 24
1022 270 969 270 1061 279 1003 279 31
1022 284 969 284 1061 293 1001 295 19
1026 303 972 302 1065 315 1006 315 19
1022 303 969 303 1061 315 1002 315 26
1023 304 971 305 1063 317 1005 318 21
1025 317 967 316 1065 331 1003 331 25
1046 210 1008 211 1071 211 1031 211 64
1033 233 980 234 1071 237 1014 237 26
1029 241 973 240 1071 245 1008 245 23
1031 243 977 243 1071 251 1010 251 19
1029 256 975 255 1071 263 1007 265 47
1031 267 975 266 1071 275 1010 275 30
1030 275 975 275 1071 285 1010 285 21
1030 294 976 293 1069 305 1009 305 21
1029 323 974 323 1069 337 1009 337 18
1028 331 973 334 1069 349 1008 349 14
1051 207 1015 206 1075 207 1037 207 73
1034 229 982 229 1075 233 1015 233 46
1031 254 976 254 1073 261 1011 261 27
1034 282 977 282 1075 293 1013 293 22
1031 309 977 310 1073 323 1012 322 24
1035 313 979 313 1077 327 1015 327 20
1035 322 980 322 1077 337 1016 337 20
1033 322 977 321 1073 335 1013 336 17
1032 335 976 334 1073 351 1012 352 28
1031 340 978 343 1073 357 1010 358 20
1036 239 980 240 1079 245 1016 245 19
1037 261 981 261 1081 269 1018 269 22
1041 319 985 320 1083 333 1021 332 19
1036 338 981 338 1079 355 1017 355 24
1040 335 985 335 1083 353 1020 352 19
1034 345 976 345 1079 363 1014 363 20
1043 287 986 288 1087 299 1023 298 18
1042 306 986 305 1085 319 1023 319 16
1045 309 989 309 1089 323 1027 323 14
1044 329 987 330 1087 345 1025 347 20
1044 323 989 325 1089 341 1025 341 12
1073 71 1041 70 1095 63 1058 63 70
1049 249 994 251 1093 257 1030 256 25
1046 270 989 270 1091 279 1027 279 16
1050 276 992 273 1095 285 1035 283 17
1047 278 990 278 1093 289 1029 289 19
1048 280 991 283 1095 291 1033 291 12
1046 291 990 291 1091 303 1027 303 16
1050 296 993 297 1095 309 1031 309 17
1047 307 991 308 1091 321 1029 321 25
1050 313 993 313 1095 327 1032 328 15
1047 316 991 316 1091 329 1029 331 13
1047 339 991 339 1093 357 1029 357 18
1047 336 991 333 1091 353 1029 354 14
1077 69 1043 69 1099 61 1059 62 61
1081 85 1049 85 1101 79 1069 78 110
1051 244 995 244 1097 251 1033 251 12
1055 257 998 257 1101 267 1037 267 11
1053 260 996 261 1099 269 1035 269 8
1055 270 999 270 1099 279 1036 279 20
1054 266 998 265 1099 275 1036 275 14
1052 293 995 293 1097 305 1034 305 15
1051 302 994 302 1097 315 1033 315 28
1050 323 995 324 1097 339 1033 339 19
1051 329 996 330 1097 345 1033 346 15
1053 331 997 331 1099 347 1036 348 14
1052 335 996 335 1097 351 1034 351 16
1064 254 1005 256 1107 263 1043 264 18
1060 265 1006 265 1105 273 1041 273 15
1057 307 1001 307 1103 319 1040 321 11
1059 311 1003 311 1105 325 1042 325 15
1057 309 1001 309 1103 323 1039 323 12
1057 321 1001 322 1103 337 1039 337 15
1060 329 1004 330 1107 345 1045 345 15
1056 343 997 345 1103 363 1035 363 12
1091 84 1054 84 1111 77 1071 78 51
1071 156 1017 156 1111 153 1055 152 28
1066 243 1008 243 1113 249 1048 249 21
1063 298 1005 298 1109 311 1045 311 19
1068 303 1011 304 1113 317 1051 317 21
1062 324 1006 324 1109 339 1046 340 12
1097 81 1059 82 1115 75 1081 74 52
1094 88 1057 88 1115 81 1075 82 49
1091 87 1059 86 1119 79 1079 79 56
1076 157 1025 155 1119 153 1063 153 18
1079 169 1028 169 1119 167 1065 167 11
1067 247 1009 246 1115 253 1049 253 16
1069 259 1011 259 1117 267 1051 267 16
1069 265 1015 264 1115 273 1055 273 21
1067 269 1013 270 1117 279 1053 280 16
1068 289 1010 288 1115 299 1051 300 21
1071 301 1014 301 1117 315 1054 314 15
1072 313 1014 313 1119 327 1054 325 16
1069 323 1013 325 1117 339 1053 339 18
1097 71 1064 69 1125 61 1086 61 61
1096 77 1059 77 1121 69 1082 69 28
1097 81 1064 81 1125 73 1086 73 36
1097 89 1060 89 1125 81 1086 81 47
1093 91 1058 91 1123 83 1084 83 50
1075 247 1019 245 1123 253 1060 252 27
1077 250 1020 250 1125 257 1062 257 20
1073 273 1016 273 1121 281 1061 281 19
1078 308 1020 308 1125 321 1063 322 8
1075 322 1017 322 1123 337 1058 337 16
1072 319 1015 320 1121 335 1055 334 19
1071 324 1017 327 1121 341 1058 342 11
1079 336 1021 336 1125 353 1061 353 16
1106 79 1069 79 1131 71 1094 71 79
1101 84 1067 84 1129 77 1089 77 48
1102 89 1069 88 1131 81 1091 81 90
1081 241 1024 241 1131 247 1066 246 30
1082 248 1025 248 1131 255 1067 255 31
1080 277 1024 277 1129 287 1066 287 13
1081 284 1027 285 1131 295 1068 296 15
1079 289 1023 288 1127 299 1064 301 8
1082 321 1024 322 1131 337 1067 337 22
1081 334 1024 335 1129 351 1066 351 12
1106 74 1072 72 1133 65 1096 64 65
1090 157 1041 155 1135 151 1079 151 13
1086 242 1029 242 1137 247 1073 247 23
1088 251 1030 251 1137 257 1073 257 19
1086 288 1029 289 1133 299 1071 299 17
1083 301 1028 302 1135 315 1071 315 13
1089 299 1031 298 1137 311 1073 311 8
1084 309 1027 310 1133 323 1069 323 9
1087 315 1031 315 1137 329 1074 330 18
1086 343 1031 344 1137 361 1073 362 13
1114 58 1078 58 1141 49 1103 48 94
1114 93 1080 93 1141 87 1104 85 128
1099 155 1047 155 1143 151 1086 151 10
1097 160 1045 160 1141 157 1084 156 14
1089 234 1032 234 1139 239 1076 238 34
1091 243 1033 243 1143 249 1079 251 21
1093 263 1035 263 1143 271 1079 271 27
1090 269 1032 273 1141 281 1078 281 19
1094 276 1037 276 1143 285 1081 286 19
1089 273 1033 273 1139 283 1075 282 11
1090 279 1033 279 1139 289 1076 289 13
1088 295 1032 295 1139 307 1075 307 10
1090 335 1035 333 1143 351 1082 351 21
1099 142 1049 140 1145 135 1089 133 20
1096 225 1036 225 1147 233 1083 232 33
1094 232 1037 232 1145 237 1081 237 23
1095 256 1033 255 1145 265 1081 264 25
1097 260 1040 260 1149 269 1088 271 32
1100 275 1041 274 1149 283 1089 285 21
1095 273 1037 273 1145 283 1082 283 19
1098 279 1041 278 1147 289 1085 289 12
1095 298 1040 298 1145 311 1081 311 10
1098 316 1040 317 1149 331 1084 330 14
1095 315 1038 315 1145 329 1082 330 15
1093 321 1039 325 1145 339 1080 338 17
1094 329 1037 330 1145 345 1081 347 14
1096 343 1038 344 1147 361 1081 362 11
1099 343 1039 344 1149 361 1086 361 12
1107 159 1055 158 1153 155 1096 154 8
1103 289 1046 289 1155 301 1091 301 13
1103 295 1044 296 1153 307 1091 308 10
1099 312 1044 314 1151 327 1088 328 15
1105 343 1047 344 1155 361 1091 361 18
1115 203 1065 203 1161 205 1103 204 18
1103 242 1045 242 1157 249 1094 249 20
1107 246 1050 246 1159 253 1093 253 22
1111 246 1051 245 1161 251 1097 251 19
1108 257 1049 255 1161 265 1099 264 23
1111 285 1053 287 1159 295 1098 294 12
1111 290 1053 290 1161 301 1097 299 16
1107 292 1049 293 1159 305 1095 305 13
1105 343 1047 343 1157 361 1091 361 16
1119 147 1066 146 1167 143 1110 143 12
1115 157 1065 158 1165 155 1108 154 21
1119 202 1067 203 1165 203 1108 203 27
1114 237 1057 237 1167 243 1104 243 30
1111 299 1055 299 1163 311 1099 313 14
1112 308 1056 308 1163 321 1101 322 9
1112 315 1055 314 1165 331 1101 331 19
1112 326 1054 326 1165 341 1101 342 14
1122 138 1070 137 1169 133 1111 132 14
1123 162 1070 162 1171 159 1113 158 13
1119 248 1062 248 1173 255 1109 255 31
1117 252 1060 254 1171 261 1109 261 21
1118 269 1060 269 1171 279 1107 278 8
1114 274 1057 273 1169 285 1103 284 15
1117 280 1058 280 1169 291 1107 292 11
1116 300 1059 299 1169 315 1106 316 13
1119 343 1063 344 1173 361 1109 361 10
1122 255 1063 255 1175 263 1110 262 17
1122 272 1064 272 1177 281 1112 280 6
1124 302 1068 302 1175 315 1111 315 13
1121 298 1065 299 1175 311 1110 310 11
1124 306 1063 307 1175 319 1108 319 17
1125 315 1069 315 1179 329 1115 329 10
1123 326 1067 326 1177 341 1112 341 12
1134 153 1082 153 1185 151 1127 150 12
1138 220 1089 220 1185 223 1130 223 52
1127 256 1069 255 1183 265 1119 266 18
1130 261 1072 261 1185 269 1121 269 16
1128 265 1066 267 1181 275 1118 275 17
1130 278 1073 277 1185 287 1122 287 12
1127 290 1071 291 1185 303 1118 302 11
1130 315 1074 315 1183 331 1120 331 15
1139 212 1093 209 1187 213 1132 213 47
1133 250 1077 251 1187 257 1125 257 20
1134 255 1076 256 1189 263 1124 263 19
1137 267 1076 271 1189 279 1125 280 20
1137 275 1076 275 1191 285 1124 285 24
1134 278 1076 279 1189 289 1124 289 15
1145 95 1095 95 1193 85 1138 84 102
1147 102 1097 101 1195 93 1141 92 115
1146 212 1096 211 1193 215 1138 214 51
1147 217 1097 217 1195 219 1139 219 46
1135 271 1077 271 1193 281 1130 279 22
1143 310 1085 309 1197 323 1134 324 13
1140 314 1083 314 1195 329 1130 329 11
1153 95 1105 95 1201 85 1146 84 75
1155 97 1108 97 1203 87 1150 87 63
1151 99 1104 98 1199 89 1146 89 94
1148 140 1096 140 1199 135 1141 135 12
1151 187 1099 187 1203 187 1144 186 23
1147 251 1088 250 1203 255 1138 256 12
1143 261 1087 257 1199 269 1142 268 22
1143 319 1085 320 1199 335 1135 333 14
1147 230 1093 229 1205 235 1141 234 31
1153 242 1096 243 1209 247 1144 247 19
1149 257 1092 257 1207 265 1142 265 24
1149 263 1088 262 1205 271 1137 271 21
1150 275 1095 275 1209 285 1144 285 13
1147 271 1089 271 1205 281 1140 281 13
1150 280 1092 280 1207 289 1143 290 9
1150 292 1092 292 1207 303 1142 304 15
1145 293 1088 295 1205 307 1137 305 10
1165 119 1113 118 1215 111 1159 111 78
1164 185 1111 185 1215 185 1154 183 41
1157 237 1099 238 1213 243 1155 244 23
1153 282 1094 281 1213 293 1145 291 15
1158 290 1097 289 1215 301 1153 302 19
1156 293 1096 291 1213 305 1149 304 10
1154 306 1096 306 1211 319 1147 319 14
1157 304 1100 304 1215 317 1151 317 13
1157 319 1101 320 1215 333 1150 334 15
1168 117 1113 117 1219 109 1163 108 87
1169 220 1119 217 1219 223 1161 223 18
1161 251 1103 250 1219 257 1155 258 18
1161 261 1103 263 1217 271 1152 270 14
1161 273 1103 272 1221 281 1156 282 11
1157 310 1100 310 1217 323 1152 324 11
1160 326 1101 327 1217 341 1157 339 14
1179 83 1134 82 1225 73 1175 72 64
1163 304 1102 302 1223 317 1157 317 18
1165 305 1109 306 1227 319 1163 319 34
