111 206 70 206 63 209 19 209 65
110 230 70 230 63 235 19 235 107
113 210 74 209 67 213 23 213 61
112 223 71 223 65 227 21 227 56
119 165 80 165 73 163 31 163 114
119 170 79 169 73 169 30 169 116
120 177 81 176 75 177 32 176 108
120 175 81 175 75 175 32 174 98
119 223 79 223 73 229 30 228 97
121 144 84 146 77 143 36 143 51
121 231 83 230 77 235 35 233 140
128 176 89 175 83 175 41 175 119
129 187 91 186 85 187 43 188 71
127 188 89 188 83 189 41 189 77
129 194 91 194 85 195 57 195 205
127 229 89 229 83 233 41 232 133
142 298 94 297 89 311 36 310 158
118 51 97 51 97 47 81 48 110
121 98 102 99 99 95 85 95 66
139 190 101 190 97 191 57 191 66
127 119 111 117 105 115 87 113 27
128 127 110 127 105 125 89 126 21
151 313 104 312 101 327 50 325 162
130 131 113 129 109 129 92 130 12
135 134 117 136 111 133 93 133 16
158 308 112 307 109 321 59 320 190
158 313 111 312 109 327 58 326 126
137 69 123 69 117 65 101 65 186
137 71 122 71 117 67 100 67 149
135 76 120 77 115 73 100 74 114
138 93 122 92 117 89 103 89 44
148 196 117 196 115 197 84 197 56
148 250 116 249 113 257 75 255 327
165 300 119 300 117 313 67 312 181
143 46 126 45 123 41 106 40 88
142 51 128 52 123 47 108 48 84
143 106 128 106 123 103 107 103 56
140 129 124 129 119 129 100 128 13
144 169 128 169 123 167 105 167 13
157 218 125 218 123 221 89 221 165
154 231 122 231 119 235 85 235 332
148 43 132 43 129 39 113 39 173
147 48 132 48 127 43 111 43 72
148 51 134 52 129 47 114 47 140
146 71 130 71 125 67 111 68 94
149 82 134 83 129 79 113 80 105
148 149 133 147 129 147 112 146 11
150 169 131 170 127 169 111 169 10
160 203 129 203 127 205 94 205 287
161 201 129 201 127 203 94 203 357
161 220 130 220 127 223 93 223 277
172 259 127 258 125 267 75 266 159
173 274 128 273 127 283 78 282 193
172 284 126 284 125 295 75 294 142
175 288 129 288 129 299 80 298 278
171 303 124 303 125 315 75 314 170
155 173 137 172 133 171 115 170 15
165 199 134 199 131 201 98 201 278
165 207 133 207 131 209 98 209 165
168 209 137 209 135 211 102 211 188
167 215 135 214 133 217 98 216 209
165 231 133 231 131 235 98 234 426
181 246 135 246 135 253 86 252 187
180 254 135 253 135 261 86 261 173
178 279 133 279 133 289 99 287 376
178 286 133 286 133 297 84 296 214
177 298 133 297 133 309 85 308 178
180 323 131 323 131 339 76 338 89
160 40 145 40 141 35 123 33 93
157 67 143 68 139 63 125 64 83
157 138 144 138 139 137 121 135 38
160 167 140 167 137 167 120 166 13
172 187 143 186 141 187 109 188 166
173 198 143 197 141 199 109 199 271
174 203 143 203 141 205 109 204 274
170 201 139 201 137 203 104 203 261
174 220 143 220 141 223 108 223 394
174 226 143 226 141 229 108 229 340
182 250 137 249 137 257 89 257 206
185 261 141 260 141 269 93 268 216
185 281 140 280 141 291 92 290 128
185 285 141 284 141 295 93 294 221
182 283 137 282 137 293 89 292 132
182 288 137 288 137 299 88 298 209
181 296 137 295 137 307 89 306 177
165 29 152 31 147 25 134 26 160
164 35 152 37 147 31 134 32 134
165 49 150 50 145 45 129 47 47
169 47 154 46 147 41 132 41 80
165 73 151 73 147 69 133 70 76
166 84 151 84 147 81 131 81 17
166 129 151 129 147 127 132 127 132
162 133 147 133 143 131 128 131 96
164 154 147 153 145 153 127 153 11
175 202 145 201 143 203 111 202 156
177 209 147 209 145 211 113 211 142
176 219 144 218 143 221 110 221 223
180 224 149 224 147 227 114 227 290
190 245 147 244 147 251 100 250 118
189 302 146 301 147 313 98 313 180
192 323 141 323 143 339 88 338 86
172 55 158 55 153 51 135 53 53
170 63 156 63 153 61 137 59 143
167 68 153 67 149 63 133 62 141
168 98 153 97 151 95 135 96 50
167 133 153 133 149 131 134 131 127
169 159 151 158 149 157 125 158 10
192 246 148 246 149 253 101 252 137
195 263 152 263 153 271 106 270 134
192 267 148 267 149 275 102 274 175
201 306 151 306 153 319 105 318 150
198 320 149 320 151 335 97 334 76
200 337 146 336 149 355 89 354 68
175 36 161 36 157 31 142 32 144
173 41 157 42 155 37 139 37 92
177 67 163 69 159 63 143 61 194
174 98 161 99 159 95 144 96 76
177 107 162 108 159 105 144 105 120
173 106 158 106 155 103 140 103 83
173 111 159 112 155 109 140 110 90
177 120 159 119 157 117 141 117 112
176 132 160 133 157 131 143 131 125
173 145 158 146 155 145 139 145 29
185 217 158 216 155 219 123 219 302
189 221 160 221 159 223 144 224 411
200 243 157 243 159 249 112 249 164
199 241 155 241 157 247 110 246 200
197 245 154 244 155 251 108 250 134
197 259 154 259 155 267 108 266 146
198 269 156 268 157 277 111 276 142
198 270 154 270 155 279 109 278 251
197 292 154 292 155 303 109 302 216
183 26 168 27 165 21 149 22 132
178 52 163 52 161 45 146 46 19
182 45 167 46 163 41 149 42 26
183 53 167 54 165 49 148 48 30
183 119 168 120 165 117 149 118 96
192 207 161 205 161 209 133 208 163
202 256 160 255 161 263 115 262 155
202 270 159 270 161 279 115 279 160
210 322 162 321 165 337 111 336 71
186 44 171 44 167 39 152 39 56
186 48 171 48 167 43 152 44 53
185 115 169 115 167 113 150 113 69
189 184 171 185 169 183 153 183 69
200 194 172 194 171 195 142 195 138
197 213 167 212 167 215 135 215 151
200 217 168 216 169 219 138 219 246
210 248 169 248 171 255 126 255 134
209 267 167 266 169 275 123 274 130
209 282 167 281 169 291 123 290 142
207 287 165 287 167 297 121 296 161
206 291 166 290 167 301 123 300 122
210 289 168 289 171 299 127 298 196
209 304 166 303 169 315 123 314 199
211 312 166 311 169 325 121 323 135
216 320 168 319 171 335 118 334 131
190 129 176 128 173 127 157 128 38
194 132 179 132 175 131 159 131 24
190 143 178 144 175 143 160 143 42
192 169 176 168 173 169 157 169 9
196 171 181 171 177 171 161 171 6
206 198 177 197 177 199 147 199 117
202 200 173 199 173 201 143 201 386
202 207 174 207 175 209 145 209 230
203 215 173 214 173 217 142 216 187
203 220 173 220 173 223 141 223 147
214 245 172 245 175 251 130 250 110
196 72 181 72 181 67 163 69 35
197 105 182 106 179 103 163 103 26
218 254 176 254 179 261 134 261 130
217 269 176 269 179 277 134 277 133
218 274 176 274 179 283 135 282 140
219 280 178 280 181 289 136 289 167
219 297 178 296 181 307 138 307 147
220 302 178 301 181 313 134 312 154
226 325 176 324 181 341 126 340 82
201 31 188 32 185 27 170 27 315
200 74 188 73 185 69 169 70 48
203 78 189 79 187 75 171 76 32
208 88 189 88 189 85 171 84 41
201 137 185 138 185 137 170 135 24
203 182 186 182 185 183 170 181 18
215 228 186 228 187 231 156 231 328
224 242 184 241 187 247 144 246 179
225 243 186 243 189 249 146 249 193
224 245 184 245 187 251 143 251 145
225 253 186 252 189 259 146 258 157
225 263 185 263 189 271 145 270 309
222 282 181 282 185 291 142 290 249
225 311 180 310 185 323 136 322 116
232 333 180 332 185 351 146 349 130
210 59 198 59 195 55 182 55 154
206 76 193 77 193 73 175 73 91
205 125 192 126 191 125 173 124 13
212 144 197 144 195 143 183 141 14
211 150 197 150 195 149 180 149 14
208 170 191 171 191 171 174 172 10
222 218 194 218 195 221 165 221 183
229 247 189 246 193 253 150 253 152
227 269 187 269 191 277 148 276 205
230 275 192 274 195 283 153 282 177
228 280 190 279 193 289 151 288 176
232 295 190 294 195 305 151 304 132
229 298 189 298 193 309 148 308 147
231 307 186 306 191 319 143 318 123
214 154 199 154 197 153 181 154 14
213 173 199 174 197 173 181 175 9
213 178 199 178 197 179 180 178 8
235 244 197 243 201 249 159 249 167
235 251 197 251 201 257 159 257 140
233 251 193 251 197 257 154 257 186
232 260 193 260 197 267 154 266 190
235 279 196 279 201 287 159 287 143
232 284 193 284 197 293 155 292 202
236 304 192 303 197 315 151 314 105
242 315 195 315 201 329 150 328 97
240 321 192 320 199 335 146 334 70
240 327 191 326 197 343 142 342 74
222 89 206 88 205 85 191 85 102
222 96 207 96 205 93 190 94 70
224 98 209 98 207 95 193 96 83
222 151 207 152 205 151 191 150 25
222 191 208 191 207 191 192 191 13
223 197 208 197 207 197 192 197 15
241 246 203 245 207 251 166 251 198
239 248 201 248 205 253 164 252 249
239 260 201 260 205 267 164 266 148
239 269 201 268 205 275 163 274 211
229 39 214 41 213 35 200 35 150
224 60 211 61 209 57 195 57 82
225 92 211 93 209 89 196 89 107
228 94 215 96 213 93 200 94 66
230 97 214 98 213 95 198 96 116
225 107 209 107 209 105 192 105 37
229 106 214 105 213 103 197 103 47
224 122 209 123 209 121 191 121 28
224 128 213 129 211 127 197 126 39
227 164 210 163 211 163 195 161 20
224 191 208 191 209 191 194 191 21
226 195 212 195 211 195 197 195 18
227 199 211 199 211 199 195 199 21
245 238 211 238 213 241 173 240 150
243 266 204 267 209 273 168 272 129
242 284 204 283 209 293 166 291 98
245 294 209 292 213 303 171 302 95
250 309 206 308 213 321 167 320 163
233 72 217 72 215 67 195 67 144
230 102 218 103 217 101 203 101 39
230 191 217 191 215 191 202 191 14
230 197 216 197 215 197 201 197 19
256 245 233 244 219 249 189 248 61
256 251 231 252 219 255 190 255 43
242 61 226 63 223 55 205 56 139
243 69 225 70 225 65 207 66 77
243 83 225 86 225 81 208 79 43
241 89 224 89 223 85 205 85 101
240 127 223 127 223 125 205 125 30
237 150 222 151 221 149 204 149 18
243 176 225 176 225 175 206 175 44
243 175 223 174 223 173 204 173 27
235 209 219 209 223 211 201 209 28
239 209 223 208 221 211 202 210 20
249 273 220 273 225 279 193 278 88
264 317 215 317 225 331 173 330 100
245 60 227 60 227 55 210 56 51
248 87 231 87 231 83 214 83 23
243 110 230 108 229 105 215 105 27
247 165 229 166 229 165 211 165 66
246 169 229 170 229 169 210 169 40
246 190 226 189 229 191 212 190 19
249 214 231 214 231 215 214 214 18
267 249 242 249 227 253 202 253 45
255 263 225 264 229 269 193 270 65
255 269 225 269 229 275 195 274 91
261 283 223 283 231 293 189 291 85
260 297 221 297 227 307 183 306 100
267 310 223 310 231 323 182 322 106
250 95 235 96 235 93 218 93 47
249 99 236 100 235 97 221 97 42
252 97 237 98 237 95 221 95 55
249 106 233 105 233 103 218 101 35
250 113 232 112 233 109 216 111 17
254 109 237 110 237 107 220 107 16
253 131 237 130 237 127 220 127 11
249 133 233 133 233 131 216 131 9
252 173 235 173 235 173 217 173 46
254 178 237 178 237 177 220 177 22
252 182 234 181 235 183 216 182 15
250 186 235 186 235 187 216 186 29
249 201 233 199 235 201 217 201 10
252 205 236 205 237 205 220 204 14
247 209 231 206 233 209 217 208 14
253 220 235 219 235 221 216 221 22
260 35 243 35 243 29 227 29 36
256 38 239 39 239 33 222 34 28
256 40 239 41 239 35 222 36 35
259 49 243 51 243 45 226 46 26
258 63 241 64 241 59 224 59 20
258 69 240 70 241 65 222 66 25
258 89 241 89 241 85 223 85 26
257 110 241 110 241 107 224 107 15
255 132 239 133 239 131 222 129 14
257 150 241 150 241 149 223 149 28
254 225 236 226 239 225 219 226 20
257 233 238 232 239 235 216 234 26
261 231 241 230 243 233 225 232 18
259 237 238 237 241 239 219 239 42
261 237 240 237 243 239 221 239 42
264 255 236 256 239 261 211 260 36
264 261 237 260 241 265 208 265 68
264 259 238 258 243 263 215 263 65
273 286 231 286 241 295 199 295 83
274 292 235 292 243 301 202 301 88
261 25 245 25 245 19 228 20 95
261 38 244 38 245 33 228 33 29
263 44 247 45 247 39 230 40 28
265 52 249 52 249 47 232 47 33
262 54 245 55 245 49 228 49 45
266 67 248 68 249 63 231 64 23
263 63 247 64 247 59 230 59 48
263 73 246 73 247 69 229 69 25
266 83 249 83 249 79 231 79 28
261 104 245 104 245 101 228 101 27
260 124 247 123 247 121 229 119 20
261 136 245 136 245 135 228 135 13
261 146 245 147 245 145 228 146 21
267 169 249 169 249 169 229 167 18
265 179 248 179 249 179 231 179 24
263 187 245 186 247 187 227 186 17
264 218 246 217 247 219 228 218 14
261 226 244 225 245 227 227 227 14
267 237 246 237 249 239 230 239 34
283 309 238 309 249 321 199 321 73
267 66 250 66 251 61 233 62 39
267 72 253 73 251 67 233 68 29
268 79 250 79 251 75 232 75 17
270 87 252 87 253 83 235 83 29
269 92 252 93 253 89 236 90 25
271 111 254 112 255 109 238 109 23
267 109 251 110 251 107 234 107 16
270 119 253 118 255 117 237 116 14
271 144 254 145 255 143 237 143 22
271 177 253 175 255 177 237 176 17
268 202 250 203 251 203 233 204 20
275 265 249 267 253 271 223 271 52
282 294 242 294 251 303 209 302 91
291 319 243 319 255 333 204 332 70
292 329 241 328 253 345 197 344 97
293 344 240 343 253 363 205 361 270
275 44 259 44 259 39 242 40 40
277 46 261 46 261 41 245 41 29
275 81 258 81 259 77 241 77 44
276 86 258 87 259 83 241 83 40
275 93 258 92 259 89 241 89 24
277 103 260 104 261 101 244 103 20
272 117 256 118 257 115 240 115 20
276 143 258 143 259 141 240 141 25
274 149 257 148 257 145 240 146 17
278 151 259 153 261 151 242 153 14
272 162 256 161 257 159 239 161 16
275 175 258 175 259 175 241 175 19
274 183 257 184 259 183 239 185 21
277 205 260 206 261 207 243 205 20
274 203 257 203 259 203 241 203 17
274 211 258 212 259 213 242 212 26
275 222 257 222 259 223 240 223 29
277 226 259 226 261 227 242 227 22
274 228 257 228 259 229 240 229 18
275 239 254 238 257 241 236 241 53
289 288 245 287 259 297 216 298 76
290 292 252 292 261 301 220 300 102
288 297 247 297 257 307 214 306 80
293 301 250 300 261 311 215 310 68
297 324 248 323 261 339 207 338 111
297 332 246 331 259 349 202 348 103
283 51 266 51 267 45 250 45 40
279 54 262 53 263 49 246 50 57
279 79 261 79 263 75 244 75 30
280 101 263 102 265 99 246 98 23
279 139 263 139 263 137 245 136 12
280 150 261 151 263 149 244 147 13
284 153 265 152 267 151 248 150 19
279 162 261 161 263 161 246 161 18
279 177 261 177 263 177 244 175 37
283 174 264 173 267 173 248 173 26
281 180 264 180 265 179 247 179 29
281 229 261 229 263 231 243 231 27
291 262 262 262 267 265 239 263 66
291 272 259 271 265 277 233 277 82
298 296 257 295 267 305 225 305 77
297 304 254 304 265 315 218 315 87
302 331 251 330 265 347 210 346 159
289 58 273 58 273 53 257 54 96
285 59 268 60 269 55 252 56 32
286 90 269 90 271 87 253 87 31
289 97 272 97 273 93 256 93 37
285 98 268 98 269 95 252 94 23
288 118 272 118 273 117 257 117 23
285 123 267 123 269 121 250 121 24
284 127 267 127 269 125 252 126 39
288 127 272 127 273 125 255 125 19
287 171 267 171 271 171 255 171 19
285 175 267 175 269 175 251 175 18
289 179 271 180 273 179 255 179 21
285 223 267 223 269 225 250 225 26
289 222 272 221 273 223 254 223 38
288 228 272 227 273 229 254 229 36
287 235 269 235 271 237 250 237 37
287 248 263 248 273 251 249 251 51
293 263 266 262 273 267 239 268 67
296 263 264 264 271 269 238 269 61
301 304 257 304 269 315 222 315 112
303 314 257 313 269 327 219 326 75
294 24 275 24 277 17 257 17 25
294 46 277 47 279 41 261 41 39
294 54 277 54 279 49 262 49 78
294 62 277 62 279 57 261 58 47
290 83 274 84 275 79 258 81 25
294 91 277 93 279 89 261 89 25
289 108 274 110 275 107 257 106 38
293 119 278 120 279 117 262 117 24
289 131 274 131 275 129 257 127 31
291 129 276 129 277 127 262 126 26
294 164 277 164 279 163 261 161 20
291 173 272 173 277 173 259 173 53
291 187 273 186 275 187 258 187 19
294 195 277 195 279 195 261 196 17
291 207 273 207 275 209 257 207 22
296 236 276 236 279 239 255 238 46
293 243 273 242 277 245 254 245 62
293 248 266 248 275 251 249 251 62
299 266 270 266 277 271 248 270 79
304 296 264 296 275 305 232 304 86
309 318 264 317 277 331 226 331 93
314 331 262 330 277 347 221 346 98
296 34 280 35 281 29 264 28 42
296 42 279 42 281 37 262 37 32
300 65 284 66 285 61 268 62 36
300 72 283 72 283 67 266 68 43
296 96 279 96 281 93 264 93 26
300 103 284 103 285 101 268 102 49
296 109 279 110 281 107 264 108 28
297 161 281 159 281 161 264 159 14
300 168 283 168 285 167 267 167 26
296 204 279 204 281 205 263 205 37
296 220 280 219 281 221 262 221 46
301 228 283 228 285 229 265 229 35
296 226 278 226 281 227 264 227 46
307 270 278 269 285 275 254 275 78
309 290 270 290 285 299 241 299 79
311 292 272 292 285 301 242 301 103
310 297 269 297 281 307 238 306 65
315 304 272 303 285 315 238 314 90
314 310 270 309 283 321 235 320 75
315 328 266 327 281 343 227 342 109
301 60 285 61 287 57 270 57 43
302 67 286 68 287 63 269 63 33
305 87 289 87 291 83 274 83 29
304 88 288 89 289 85 272 85 29
304 98 287 98 289 95 272 95 33
304 108 287 108 289 105 271 107 41
303 127 285 127 287 125 269 124 19
303 164 284 163 287 163 269 163 21
302 172 285 172 287 171 268 171 28
302 170 285 170 287 169 269 169 28
306 195 289 194 291 195 274 194 31
306 203 289 203 291 203 273 203 40
308 215 290 215 291 215 274 215 60
307 243 281 242 287 245 262 245 69
307 259 278 259 287 263 256 263 57
309 274 281 273 287 279 254 279 85
312 277 281 276 289 283 256 282 85
317 299 275 299 287 309 244 309 132
321 306 277 306 287 317 243 317 155
308 54 291 54 293 49 276 49 54
310 60 293 59 295 55 277 55 39
311 111 293 112 295 109 277 109 45
312 122 291 122 295 119 277 120 11
309 125 292 128 295 125 276 125 9
312 138 294 138 297 137 277 139 16
307 162 289 160 293 161 274 159 36
312 166 295 165 297 165 279 165 26
311 188 295 189 297 189 283 187 103
308 193 289 192 293 193 275 193 52
310 199 293 198 295 199 277 199 41
308 207 290 205 293 207 275 207 46
312 226 295 226 297 227 279 227 67
325 301 284 300 297 311 251 311 82
325 321 278 321 293 335 241 334 83
313 94 297 94 299 91 282 92 40
316 114 299 115 301 111 283 112 20
314 123 296 123 299 121 282 119 21
313 135 296 135 299 133 284 135 33
316 154 297 155 301 153 283 153 30
316 174 298 174 301 173 283 173 25
313 196 297 197 299 197 281 196 41
316 203 299 203 301 203 284 203 57
314 207 297 206 299 207 281 208 60
316 226 297 226 301 227 282 227 82
321 255 292 255 301 259 269 260 71
323 259 295 259 303 263 274 263 52
328 297 288 297 301 307 259 306 80
330 316 285 316 299 329 249 329 121
325 49 306 49 309 43 290 43 13
322 61 305 60 307 57 291 56 36
324 121 306 121 309 119 290 119 24
320 129 302 130 305 127 288 127 36
319 138 302 139 305 137 286 136 23
321 141 304 141 307 139 289 139 28
319 158 302 158 305 157 287 157 24
321 183 304 181 307 181 290 179 27
323 189 306 189 309 189 291 189 26
319 193 302 193 305 193 287 191 40
323 198 306 197 309 197 291 198 28
323 218 305 218 309 219 290 219 77
321 224 304 224 307 225 289 225 134
331 280 298 280 309 287 267 286 133
330 31 311 32 315 25 295 26 14
328 35 309 35 313 29 294 30 16
325 67 308 69 311 65 293 65 48
329 77 312 78 315 73 296 73 65
330 81 312 83 315 79 297 80 67
331 91 312 92 315 87 295 87 80
329 113 312 114 315 111 296 112 35
327 126 310 125 313 123 295 124 29
329 133 312 133 315 131 297 131 31
327 143 310 143 313 141 295 143 33
327 139 310 138 313 137 295 137 35
329 145 311 146 315 145 296 145 36
325 162 308 162 311 161 293 162 20
327 179 309 178 313 179 297 178 25
325 222 308 222 311 223 294 223 59
329 226 311 226 315 227 291 229 104
327 226 309 226 313 227 295 227 62
331 264 303 264 311 269 281 268 57
341 298 302 297 315 307 272 306 96
341 316 294 316 311 329 260 329 169
335 118 318 118 321 115 303 115 28
335 131 318 131 321 129 304 130 58
331 139 314 139 317 137 299 137 90
334 203 313 203 319 203 303 203 48
332 212 315 212 319 213 302 212 52
331 228 314 227 317 229 298 229 66
336 231 318 231 321 233 301 233 97
335 241 313 241 321 243 297 243 75
334 237 315 237 319 239 297 238 65
333 241 313 240 317 243 295 243 92
335 245 315 244 321 247 295 247 107
333 247 311 246 317 249 292 249 138
339 259 314 258 321 263 292 263 51
343 294 305 294 317 303 277 303 95
346 306 304 305 319 317 273 316 157
347 315 302 314 319 327 270 327 130
351 336 300 336 319 353 263 353 178
338 41 319 42 323 35 303 35 20
338 69 322 69 325 65 308 65 81
337 74 320 74 323 69 305 69 65
340 71 324 71 327 67 310 67 79
340 100 320 101 325 97 304 97 34
340 164 323 164 327 163 309 163 22
338 179 321 182 325 181 307 182 16
337 218 319 218 323 219 305 219 128
337 224 319 224 323 225 304 225 121
338 235 318 235 323 237 302 237 56
346 260 318 260 327 265 298 263 41
343 266 314 266 323 271 292 271 60
345 273 315 273 325 279 293 279 82
343 277 313 277 323 283 293 283 96
350 292 311 292 327 301 283 301 90
355 316 309 315 327 329 277 328 179
346 24 326 24 331 17 310 17 17
349 53 331 53 333 45 311 43 33
346 78 326 80 331 75 311 75 150
343 91 325 93 331 87 312 88 71
345 97 326 97 331 93 310 94 52
348 106 328 107 333 103 313 105 19
343 111 323 112 329 109 308 108 23
343 151 325 150 329 149 311 148 36
344 209 328 208 331 209 314 209 46
343 214 327 214 331 215 314 215 75
345 222 327 222 331 223 312 223 74
345 230 326 230 331 231 314 231 38
345 249 321 248 331 251 303 251 116
348 252 323 252 331 255 304 255 164
358 299 318 299 333 309 290 309 103
361 323 315 322 333 337 283 335 162
351 89 333 89 339 85 319 86 80
354 126 334 126 339 123 318 124 40
349 131 331 131 335 129 317 129 72
351 141 332 141 337 139 317 139 62
347 162 331 159 335 163 318 162 26
350 173 333 173 337 173 319 172 17
347 212 331 212 335 213 318 213 103
349 208 333 208 337 209 320 209 64
350 244 326 244 335 247 311 247 61
352 250 327 250 335 253 309 253 101
357 257 330 257 339 261 310 261 49
355 260 327 260 337 265 308 264 48
356 266 327 266 337 271 306 270 56
357 273 326 273 337 279 305 278 65
359 296 321 295 335 305 292 305 107
355 23 336 24 341 17 321 18 23
356 114 336 115 341 111 321 111 25
359 155 340 158 345 155 326 157 25
354 203 335 203 341 203 322 203 46
356 218 338 218 343 219 324 219 77
356 224 338 224 343 225 324 225 57
363 255 336 255 345 259 317 259 62
361 272 330 271 341 277 308 277 83
363 284 330 284 341 291 306 290 102
370 303 327 302 345 313 298 312 116
366 301 325 301 341 311 296 311 112
368 307 326 306 343 317 298 317 138
369 330 320 330 341 345 287 345 203
363 24 343 24 349 17 328 17 27
360 51 344 52 347 47 332 47 92
364 55 347 56 351 51 336 50 101
365 109 345 107 351 105 331 104 17
365 126 345 123 351 123 331 121 33
361 137 342 137 347 135 327 135 82
363 135 344 135 349 133 328 133 59
363 143 344 143 349 141 329 141 60
363 166 344 166 349 165 330 165 25
363 214 347 214 351 215 334 215 87
360 233 341 233 347 235 328 235 54
361 241 340 240 347 243 321 243 65
359 248 337 251 347 251 316 250 78
366 252 339 254 349 255 322 256 50
366 259 339 259 349 263 320 263 35
368 261 341 261 351 265 322 265 33
370 272 339 272 351 277 319 277 60
369 275 338 275 349 281 316 281 70
376 309 333 309 351 321 304 321 187
372 311 328 311 347 323 301 322 208
375 322 330 321 349 335 298 335 227
371 43 350 40 357 35 337 35 78
369 86 350 85 355 81 335 81 48
371 95 351 94 357 91 337 90 23
368 101 347 102 353 97 333 97 17
368 102 348 102 353 99 333 99 17
366 149 351 149 355 147 335 149 85
365 203 349 203 353 203 337 203 86
365 210 349 210 353 211 336 211 86
367 230 349 230 355 231 335 231 55
368 234 349 234 355 235 335 235 46
369 241 349 240 355 243 331 243 56
368 245 345 244 353 247 325 247 65
376 254 347 255 357 259 331 258 89
374 273 343 273 355 279 323 278 62
374 277 343 277 355 283 322 283 86
376 281 341 280 355 287 320 286 98
378 300 338 299 355 309 311 308 114
381 306 339 306 357 317 311 317 160
381 318 335 318 355 331 305 331 206
382 322 336 322 357 335 306 335 215
374 84 354 82 361 79 341 79 31
372 87 353 87 359 83 338 83 23
373 96 354 96 359 93 339 92 27
376 102 356 102 363 99 342 99 15
375 105 355 105 361 101 340 101 16
374 113 355 114 361 111 339 110 17
372 137 353 137 359 135 339 135 53
372 145 353 145 359 143 339 143 66
375 218 358 218 363 219 345 219 89
371 220 355 220 359 221 342 221 86
373 226 355 226 361 227 342 227 56
375 230 357 230 363 231 344 231 68
375 245 355 244 361 247 337 247 66
376 245 351 245 363 247 336 247 66
378 250 354 250 363 253 337 253 153
385 283 349 282 363 289 333 289 127
383 288 348 287 363 295 325 295 171
384 291 348 291 363 299 325 298 116
384 320 340 319 359 333 309 333 258
380 32 361 31 365 27 346 25 14
379 96 359 97 365 93 345 93 35
380 114 361 114 367 111 347 111 22
382 118 363 118 369 115 349 115 18
378 122 359 122 365 119 347 121 20
378 129 359 129 365 127 347 128 27
381 135 363 135 369 133 349 132 23
377 159 363 158 367 157 350 159 20
377 157 363 155 365 155 351 156 23
377 189 359 189 365 189 346 189 38
379 206 359 206 365 207 345 207 104
380 248 356 248 365 251 339 251 84
386 257 358 257 369 261 341 260 31
384 279 353 279 365 285 331 285 93
387 275 356 275 369 281 335 281 73
391 320 346 320 367 333 317 333 127
387 77 368 76 375 71 354 71 27
386 85 366 87 373 81 353 80 19
385 114 367 114 373 111 353 110 22
386 121 367 120 373 117 353 118 34
386 181 368 181 375 181 355 180 20
387 215 369 214 375 215 356 215 67
385 233 366 233 373 235 353 234 220
387 245 364 245 373 247 348 247 58
390 248 366 248 375 251 350 251 56
388 256 363 255 373 259 345 260 64
392 280 360 280 375 287 340 287 101
396 319 353 318 373 331 324 331 138
398 325 351 324 373 339 320 339 139
394 28 374 28 381 21 360 21 25
392 41 370 41 379 35 357 35 17
390 87 371 88 377 83 357 83 32
390 95 371 97 377 93 357 93 17
390 103 371 103 377 99 357 100 15
389 105 371 105 377 101 357 102 19
389 126 370 127 377 123 356 123 19
392 121 374 121 381 119 361 119 30
394 153 375 153 381 151 363 151 34
392 166 374 165 381 165 361 165 23
393 178 375 178 381 177 361 177 17
392 197 375 197 381 197 363 195 28
392 203 377 203 381 203 365 203 45
389 205 371 204 377 205 360 204 63
391 218 374 218 379 219 361 219 53
389 224 371 223 377 225 355 223 46
395 251 369 251 379 255 353 254 69
396 255 370 255 381 259 353 259 59
393 255 366 256 377 259 349 259 71
396 266 367 266 379 271 349 271 47
398 270 368 269 381 275 349 275 31
399 279 367 278 381 285 346 285 107
404 329 354 329 381 343 327 343 58
399 39 380 40 387 33 366 32 15
396 51 377 53 383 45 364 46 22
398 47 379 48 385 41 365 41 17
395 71 377 73 383 67 363 68 19
399 89 380 89 387 85 366 84 19
395 120 377 120 383 117 364 117 19
401 125 381 123 387 121 367 121 23
396 154 375 154 385 153 363 152 39
397 163 379 163 385 161 367 161 23
396 183 378 183 385 183 366 183 18
394 182 376 182 383 181 364 180 22
395 188 377 188 383 187 364 187 17
397 199 379 199 385 199 366 198 24
394 205 379 205 383 205 367 205 47
401 266 372 266 385 271 354 271 34
404 274 373 273 387 279 354 279 70
403 284 370 284 385 291 349 291 153
406 292 369 292 387 301 347 300 166
409 323 361 323 385 337 334 336 101
405 68 386 68 393 63 372 63 33
404 66 383 66 391 61 370 61 19
403 85 384 85 391 81 371 82 18
405 97 386 98 393 93 373 93 11
405 133 386 133 393 131 374 132 21
405 147 386 147 393 145 374 145 16
404 153 388 152 393 151 376 151 19
405 160 389 160 393 159 374 157 21
404 168 386 168 393 167 374 167 30
400 174 382 173 389 173 370 173 16
404 178 387 177 393 177 374 177 17
401 179 383 179 389 179 370 179 23
401 187 382 188 389 187 370 187 26
404 193 386 193 393 195 375 194 12
403 222 385 221 391 223 372 222 42
400 230 381 229 389 231 369 231 50
404 231 385 231 393 233 374 233 46
404 237 384 237 391 239 369 239 80
404 243 382 243 391 245 367 245 62
404 256 377 256 389 259 361 259 57
408 266 381 266 393 271 362 271 38
410 279 378 279 393 285 359 285 96
406 280 373 280 389 287 354 287 88
414 327 365 327 391 341 338 341 54
409 45 390 45 397 39 377 38 23
410 73 389 71 397 67 376 66 28
407 80 388 80 395 75 375 75 27
407 76 387 75 395 71 374 71 17
409 95 390 96 397 91 377 91 13
412 98 392 97 399 93 379 93 19
407 99 388 99 395 95 375 95 20
408 105 390 106 397 103 378 103 24
407 118 388 117 395 115 375 113 26
409 125 390 125 397 123 377 123 23
408 137 387 135 397 135 377 135 17
407 151 388 151 395 149 376 150 17
408 170 390 169 397 169 378 168 28
410 168 392 167 399 167 380 166 29
410 176 392 176 399 175 380 175 32
406 174 388 174 395 173 376 173 35
407 179 389 179 395 179 376 179 22
412 239 390 239 399 241 378 240 70
413 248 388 248 399 251 373 250 58
409 250 384 250 395 253 369 253 52
413 257 387 257 399 261 370 260 36
414 290 378 289 395 297 357 297 207
417 301 379 299 397 311 354 311 200
415 305 375 304 395 315 353 313 155
418 325 370 325 395 339 342 339 74
416 35 398 35 405 29 387 30 48
411 42 395 41 401 35 385 35 30
415 57 396 57 403 51 383 51 23
413 55 394 55 401 49 382 50 23
414 69 394 68 401 63 381 63 24
416 83 399 83 405 79 386 79 29
414 107 394 105 401 101 382 102 13
417 128 398 128 405 125 386 125 30
417 138 398 138 405 135 385 135 19
414 156 397 157 403 155 386 155 16
413 163 394 163 401 161 382 162 15
416 179 397 179 405 179 387 179 22
415 203 398 203 405 203 389 203 16
416 222 398 222 405 223 387 223 25
417 237 396 237 405 239 384 238 69
415 243 393 243 403 245 377 245 58
417 255 391 255 403 259 375 258 49
418 261 390 261 403 265 374 265 31
416 263 387 263 401 267 371 267 50
422 300 383 299 403 309 361 308 131
423 33 406 33 411 27 395 27 45
420 37 403 37 409 31 392 31 51
418 79 401 79 407 75 390 75 30
423 91 403 92 411 87 391 87 23
420 97 401 97 409 93 389 93 12
422 105 403 105 411 101 391 100 15
418 114 400 113 407 111 390 109 25
420 135 402 135 409 133 390 133 20
421 137 404 136 411 135 392 134 21
417 139 399 139 407 137 389 139 26
418 161 401 160 407 159 390 159 19
421 170 404 170 411 169 390 167 30
418 174 400 174 407 173 389 173 26
420 176 403 176 409 175 391 174 25
421 187 406 187 411 187 395 187 13
419 198 403 199 409 199 393 199 17
421 209 405 209 411 209 395 209 25
422 218 404 218 411 219 393 219 28
421 230 402 230 411 231 391 231 96
418 226 400 226 407 227 389 227 42
419 243 397 243 407 245 385 245 66
421 258 395 257 407 261 379 261 26
422 263 394 263 407 267 377 267 33
424 271 394 272 409 277 376 277 32
423 279 390 278 407 285 372 284 46
429 298 390 298 411 307 368 307 56
426 87 408 88 415 83 397 84 36
424 96 405 96 413 91 393 92 22
426 94 407 93 415 89 395 89 32
425 133 408 132 415 131 396 130 16
426 149 412 147 417 147 401 146 21
425 145 410 145 415 143 403 141 30
426 154 413 156 417 153 406 151 44
424 174 407 174 413 173 397 171 17
428 200 410 201 417 201 399 202 15
423 205 407 206 413 205 397 205 21
424 216 406 216 413 217 395 217 26
429 237 408 237 417 239 395 239 79
429 241 408 241 417 243 395 243 71
429 263 401 263 415 267 385 267 28
429 281 396 281 413 287 378 287 58
433 294 395 294 415 303 374 303 50
434 301 393 301 415 311 372 310 56
433 310 390 310 413 321 366 320 132
434 26 415 26 423 19 403 19 35
434 43 414 43 423 37 402 37 47
430 47 410 47 419 41 398 41 45
432 47 412 47 421 41 400 41 55
430 59 411 59 419 53 399 53 20
434 97 415 97 423 93 404 93 31
433 104 413 104 423 101 402 103 37
434 110 415 111 423 107 403 107 22
432 118 413 118 421 115 401 115 14
430 131 412 131 419 129 401 129 12
433 172 416 172 423 171 405 171 20
430 216 412 216 419 217 402 216 54
433 228 416 228 423 229 405 229 84
433 234 415 233 423 235 402 235 95
435 239 414 239 423 241 402 241 103
438 274 407 273 423 279 390 279 37
434 270 403 270 419 275 387 275 39
438 296 400 296 421 305 379 305 51
439 300 399 299 421 309 378 308 54
438 24 419 24 427 17 407 17 18
438 32 419 31 427 25 407 26 31
440 63 420 63 429 57 408 56 36
436 66 416 66 425 61 405 61 31
438 70 418 70 427 65 407 65 32
438 83 420 85 427 81 407 83 46
437 93 421 93 427 89 409 89 36
438 99 420 99 427 95 408 95 42
438 109 419 108 427 105 408 105 28
439 112 421 112 429 109 409 109 16
435 142 419 142 425 139 406 138 36
436 162 420 163 427 161 407 161 33
435 211 418 211 425 211 407 211 29
437 216 419 216 427 217 409 217 48
438 225 419 224 427 225 409 225 102
437 245 413 245 425 247 400 247 76
438 250 413 250 425 253 399 253 59
440 263 413 263 427 267 397 267 35
443 265 414 265 429 269 398 269 33
441 272 411 271 427 277 395 277 38
443 277 412 277 429 283 394 283 35
444 282 410 282 429 289 393 289 41
441 288 406 288 425 295 387 295 44
442 298 404 298 425 307 383 307 37
446 301 406 302 429 311 385 311 75
444 313 400 313 425 325 377 324 91
445 319 399 319 427 331 377 331 57
443 93 425 93 433 89 414 90 39
445 99 427 99 435 95 416 96 29
445 131 426 131 435 129 416 130 25
441 150 423 150 431 149 414 147 40
440 174 424 173 431 173 417 171 39
444 176 429 176 435 175 419 175 25
442 180 426 179 433 179 417 179 38
443 186 426 186 433 185 416 184 31
444 191 433 189 435 191 424 190 40
439 194 424 196 431 195 414 196 14
444 197 431 196 435 197 419 197 26
441 213 424 212 431 213 413 213 34
443 219 425 218 433 219 415 219 33
441 222 423 222 431 223 413 223 87
443 226 425 226 433 227 415 227 95
445 234 426 233 435 235 415 235 70
443 232 424 232 433 233 413 233 113
444 237 424 237 433 239 412 239 104
445 247 421 246 433 249 408 249 79
448 281 414 281 433 287 397 287 34
447 288 415 290 431 295 392 295 79
452 298 413 298 435 307 393 307 39
453 317 407 317 435 329 385 329 52
450 322 403 322 431 335 379 335 40
450 49 430 48 439 43 418 42 30
447 64 429 64 437 59 419 61 32
447 69 429 70 437 65 416 64 32
449 81 429 79 439 75 419 77 55
449 85 432 85 439 81 420 81 41
451 141 432 141 441 139 421 139 28
451 147 433 147 441 145 422 145 35
451 150 434 150 441 149 424 149 39
447 182 426 181 437 181 419 181 43
446 187 430 187 437 187 420 187 29
450 195 435 196 441 195 426 195 34
451 216 434 216 441 217 424 217 57
452 239 431 239 441 241 420 241 75
449 255 422 256 437 259 408 258 23
452 259 425 259 439 263 410 263 37
451 277 419 277 437 283 402 283 42
456 284 421 284 441 291 404 291 52
453 296 415 296 437 305 395 304 35
454 301 414 301 437 311 394 310 92
454 42 437 42 445 37 426 37 22
455 49 436 48 445 43 425 43 25
457 52 439 54 447 47 427 47 24
457 72 438 71 447 67 427 67 59
453 69 434 70 443 65 423 66 31
452 77 436 77 443 73 426 73 57
455 108 437 108 445 105 429 103 58
453 114 435 114 443 111 424 111 41
456 112 440 112 447 109 429 108 70
455 122 436 122 445 119 424 118 41
457 132 439 133 447 129 429 129 60
455 145 436 145 445 143 426 145 55
456 180 438 180 447 179 430 179 127
451 205 435 205 443 205 427 205 38
454 209 437 209 445 209 427 209 66
455 228 438 228 447 229 428 229 91
455 237 435 238 445 239 425 239 68
456 257 429 257 443 261 414 261 32
457 277 425 277 443 283 409 282 56
457 279 424 279 443 285 408 285 47
464 285 427 285 447 293 415 294 62
463 301 423 301 447 311 404 311 77
459 35 440 35 449 29 429 29 22
461 37 442 37 451 31 431 31 26
463 43 444 43 453 37 433 37 28
463 47 444 47 453 41 433 42 22
459 79 442 79 449 75 435 75 79
460 116 442 116 451 113 433 114 81
462 125 441 121 453 123 434 123 74
461 164 443 164 453 163 428 161 312
462 210 445 211 453 211 435 212 113
459 230 440 230 449 231 429 231 139
461 252 435 252 449 255 422 255 36
464 268 434 268 451 273 419 273 38
465 277 433 276 451 283 417 282 39
467 281 433 280 453 287 417 287 35
467 299 427 299 451 309 408 309 106
467 45 448 45 457 39 437 39 24
467 53 448 53 457 47 437 47 37
465 55 446 55 455 49 435 49 41
468 63 449 62 459 57 439 56 69
465 59 446 59 455 55 435 55 43
467 108 453 108 459 105 444 106 246
465 192 451 191 457 191 443 191 58
463 205 449 205 455 205 441 205 140
465 209 449 209 457 209 442 208 186
463 213 450 213 455 213 441 213 143
467 222 451 223 459 223 441 223 90
469 247 445 247 459 249 435 249 53
466 252 441 252 455 255 429 255 37
467 270 437 270 455 275 422 274 36
473 284 438 284 459 291 422 291 34
473 24 454 23 463 17 443 17 32
469 39 453 41 461 35 442 35 25
471 47 452 48 461 41 442 41 31
471 67 455 66 463 61 445 62 60
470 93 453 93 461 89 444 89 335
472 97 457 97 463 93 448 93 278
471 104 457 103 463 101 448 100 281
472 132 455 131 463 129 445 129 253
470 135 453 135 461 133 443 132 187
474 137 456 137 465 135 446 134 204
471 141 456 141 463 139 447 139 260
472 166 454 166 463 165 445 165 331
474 168 456 168 465 167 447 167 340
472 173 454 172 463 171 445 170 306
469 187 455 188 461 187 447 185 272
471 199 457 199 463 199 448 198 190
473 203 459 203 465 203 451 203 195
471 205 457 205 463 205 449 205 206
473 238 453 238 463 239 448 241 115
474 241 453 242 465 243 443 243 54
476 263 448 263 465 267 435 267 30
476 281 442 280 463 287 427 287 41
477 293 439 293 463 301 423 301 94
476 39 458 39 467 33 448 33 36
476 45 458 44 467 39 448 39 39
480 46 461 46 471 41 452 41 45
478 68 460 68 469 63 450 63 67
477 92 464 91 469 89 456 88 291
479 98 464 98 471 95 455 94 342
476 108 460 108 467 105 450 105 321
477 115 460 115 467 111 451 112 288
479 116 463 117 471 113 452 113 285
476 120 457 120 467 117 447 117 191
480 147 464 148 471 145 455 146 377
478 157 459 157 469 155 449 155 192
476 164 457 165 467 163 448 164 291
476 172 459 172 467 171 449 171 235
475 207 456 205 467 207 449 209 603
479 243 456 243 469 245 446 245 66
477 250 453 250 467 253 441 253 49
482 256 456 256 471 259 445 261 39
482 266 453 266 471 271 440 271 55
483 275 451 275 471 281 437 279 37
482 26 464 26 473 19 454 20 77
487 68 467 67 475 63 460 63 136
481 75 463 75 473 71 454 71 89
486 79 469 79 477 75 459 75 129
483 75 465 75 475 71 455 70 63
481 97 466 96 473 93 457 93 301
481 100 465 100 473 97 456 96 353
481 108 465 108 473 105 456 105 426
485 106 469 106 477 103 459 102 530
486 139 469 139 477 137 460 137 258
482 143 464 143 473 141 454 141 199
486 145 468 145 477 143 459 143 221
481 213 464 213 473 213 455 213 288
483 217 466 217 475 217 458 217 189
481 236 463 235 473 237 453 237 164
488 28 470 27 479 21 460 19 56
488 46 469 47 479 41 460 40 75
488 52 468 52 479 47 459 47 61
488 64 470 64 479 59 461 59 64
489 75 472 75 481 71 464 71 110
489 82 472 81 481 77 463 77 116
491 112 475 112 483 109 467 109 323
491 118 474 116 481 113 466 113 389
487 118 472 119 479 115 462 116 230
489 154 471 155 481 153 462 153 257
487 160 470 160 479 159 467 160 477
487 158 469 158 479 157 459 156 367
487 168 469 168 479 167 460 167 310
489 201 476 201 481 201 467 201 196
490 205 477 205 483 205 470 205 231
486 208 473 208 479 209 466 209 137
487 230 469 230 481 231 461 231 139
487 234 467 234 479 235 458 235 132
490 268 460 268 479 273 447 274 48
496 33 477 35 487 29 468 30 121
494 43 480 41 485 37 471 35 272
496 47 477 45 487 41 468 39 82
494 47 476 46 485 41 467 40 93
493 52 475 52 485 47 466 48 91
498 66 479 66 489 61 469 61 70
497 82 479 82 489 77 470 77 73
495 104 477 105 487 101 468 101 256
497 168 480 168 489 167 472 167 438
492 174 477 174 485 173 470 173 207
494 202 481 201 487 201 474 201 189
494 197 481 197 487 197 474 197 150
494 203 481 203 487 203 474 203 178
494 210 482 208 487 209 475 208 248
497 213 486 213 489 213 478 213 249
494 219 478 219 487 219 470 219 191
493 221 477 221 485 221 468 221 151
495 226 478 226 487 227 469 227 103
497 234 479 234 489 235 470 235 151
498 247 475 246 489 249 464 249 42
495 246 471 246 485 249 461 248 40
497 263 469 263 487 267 457 267 36
500 268 470 269 489 273 457 273 38
501 35 485 34 493 29 477 28 251
501 43 483 43 493 37 474 37 149
501 64 483 64 493 59 474 59 62
501 70 483 70 493 65 474 65 53
503 80 485 79 495 75 476 75 72
501 86 483 86 493 81 474 81 75
501 82 483 81 493 77 474 76 64
500 133 486 134 493 131 479 129 369
501 261 473 261 491 265 462 264 28
504 276 471 275 493 281 458 280 40
505 28 490 27 497 23 483 21 221
505 37 488 37 497 31 479 31 196
506 36 491 36 499 29 485 29 188
505 53 486 52 497 47 478 47 63
507 80 489 79 499 75 480 75 78
505 101 487 101 497 97 477 96 165
507 116 488 116 499 113 480 113 158
506 156 491 156 499 155 483 154 345
506 184 493 184 499 183 486 182 505
505 192 493 192 499 191 486 191 199
506 200 493 199 499 199 486 199 178
507 198 495 198 501 197 488 197 206
505 203 493 203 499 203 487 203 229
504 207 491 209 497 207 485 209 208
508 217 491 217 501 217 484 217 169
505 226 487 226 497 227 478 227 119
511 270 480 270 501 275 469 274 46
511 275 479 275 501 281 467 280 37
515 55 496 54 507 49 488 49 68
515 89 497 89 507 85 488 85 129
513 87 495 87 505 83 487 84 75
511 93 493 93 503 89 484 89 81
515 99 497 99 507 95 488 95 65
511 103 492 104 503 99 484 100 124
511 113 492 112 503 109 483 109 103
515 116 497 116 507 113 488 113 105
511 128 491 126 503 125 489 126 291
512 130 498 131 505 127 498 126 411
512 137 492 137 505 135 484 135 359
514 165 497 165 507 163 488 163 662
512 176 498 176 505 175 491 175 344
511 180 500 183 505 179 491 179 543
510 183 497 183 503 181 491 183 289
509 196 497 196 503 195 490 195 202
513 200 502 199 507 199 494 199 341
513 198 501 198 507 197 495 197 431
513 209 501 209 507 209 495 209 296
510 211 495 211 503 211 485 211 431
511 238 491 237 503 239 483 238 89
512 246 487 246 503 249 478 249 52
511 250 485 250 503 253 477 253 56
516 256 489 256 507 259 476 259 70
517 43 498 43 509 37 490 37 63
521 55 503 55 513 49 494 49 70
517 55 498 55 509 49 490 49 105
518 78 501 77 511 73 493 72 82
517 81 499 81 509 77 490 77 46
521 86 502 84 513 81 495 81 41
518 106 501 105 511 103 494 102 178
520 211 504 211 513 211 496 211 221
519 223 501 222 513 223 496 223 343
515 229 497 230 509 229 491 229 146
522 263 494 263 513 267 483 267 32
523 33 505 33 515 27 497 27 64
522 42 504 42 515 37 496 37 67
524 47 506 47 517 41 498 41 53
522 62 504 62 515 57 497 58 54
522 72 504 72 515 67 497 67 59
524 116 507 116 517 113 499 113 70
526 153 509 153 519 151 502 151 149
522 157 505 155 515 155 498 153 247
522 164 507 166 515 163 499 165 325
524 205 507 205 517 205 500 204 216
526 213 509 213 519 213 502 213 235
523 241 501 242 515 243 492 244 76
527 249 503 248 519 251 494 251 73
523 260 496 259 515 263 486 263 54
526 267 496 266 517 271 486 271 37
529 270 497 270 519 275 485 275 48
526 272 494 272 517 277 484 276 31
529 34 511 34 521 27 503 27 125
532 50 515 50 525 45 508 44 106
530 58 513 58 523 53 506 53 112
532 69 515 69 525 65 508 65 60
532 81 515 81 525 77 507 77 60
531 104 517 105 525 101 511 103 165
532 118 514 118 525 115 507 115 134
528 125 510 125 521 121 503 121 91
530 126 512 126 523 123 505 124 74
532 147 513 145 525 145 510 146 195
528 149 510 149 521 147 503 147 109
532 155 514 155 525 153 507 153 119
530 159 512 159 523 157 505 157 175
531 180 518 180 525 179 512 179 231
527 182 515 182 521 181 509 181 297
529 213 513 216 523 215 506 216 203
527 221 511 221 521 221 504 221 252
529 223 513 222 523 223 506 223 296
532 266 502 267 523 271 491 270 41
538 58 521 58 531 53 513 53 79
536 73 523 71 529 69 512 69 202
534 75 518 75 527 71 510 71 67
534 83 517 83 527 79 509 79 46
538 81 523 81 531 77 515 77 53
538 103 527 104 531 99 520 100 267
536 132 518 132 529 129 511 128 167
538 135 520 135 531 133 512 134 157
535 138 518 138 529 135 510 135 165
534 142 517 141 529 141 509 140 198
538 165 520 165 531 163 513 163 275
533 174 521 175 527 173 515 173 341
533 207 517 207 527 205 510 207 182
535 221 519 220 529 221 512 219 206
534 247 511 247 527 249 502 249 89
543 23 527 23 537 17 520 17 231
540 85 522 85 533 81 515 81 61
542 128 525 127 535 125 519 125 161
539 141 527 142 533 139 521 140 282
541 155 525 155 535 153 517 153 214
540 153 522 153 533 151 515 151 135
541 164 524 164 535 163 517 163 108
539 184 527 184 533 183 520 183 192
543 180 528 180 537 179 522 179 173
542 198 531 197 537 197 525 197 229
539 213 524 213 533 213 518 213 234
542 234 521 234 535 235 514 234 83
540 243 517 243 533 245 509 245 81
543 250 517 250 535 253 509 253 93
540 252 514 252 533 255 505 255 129
541 258 514 258 533 261 505 261 95
543 268 513 268 535 273 502 273 44
545 23 529 23 539 17 522 17 118
549 43 533 42 543 37 526 36 189
549 71 534 72 543 67 527 67 191
546 83 528 83 539 79 521 79 66
549 95 532 95 543 91 525 91 59
546 132 528 132 539 129 521 129 172
545 137 531 137 539 135 525 134 231
549 149 533 149 543 147 526 147 153
547 153 530 153 541 151 523 151 101
545 163 528 162 539 161 522 161 175
546 187 535 188 541 187 529 186 267
548 203 537 203 543 203 531 202 235
549 213 535 213 543 213 529 213 182
547 219 532 219 541 219 526 219 91
547 215 532 215 541 215 526 215 127
546 225 530 225 539 225 522 225 58
548 252 522 252 541 255 514 255 134
546 254 520 254 539 257 512 257 93
548 258 521 258 541 261 513 261 94
545 260 518 260 539 263 509 263 128
554 63 544 63 549 59 538 59 428
551 78 534 77 545 73 527 73 99
553 114 536 114 547 111 530 112 245
555 157 538 157 549 155 532 156 88
555 163 538 163 549 161 532 161 110
553 168 536 169 547 167 530 167 103
550 200 539 199 545 199 533 198 263
553 210 538 209 547 209 533 209 111
554 211 541 211 549 211 535 211 91
554 217 540 217 549 217 534 217 112
555 241 534 241 549 243 526 243 46
557 266 527 266 549 271 518 270 48
555 27 540 26 551 21 534 21 103
556 58 546 57 551 53 540 51 431
560 76 543 79 555 73 537 75 168
561 89 545 89 555 85 538 85 156
561 95 544 95 555 91 538 91 131
559 126 544 126 553 123 537 123 196
559 155 543 155 553 153 536 153 81
560 202 547 201 555 201 541 201 173
558 215 544 215 553 215 539 215 91
557 225 543 225 551 225 535 225 88
555 229 540 228 551 229 533 229 63
561 249 536 248 555 251 528 251 72
560 260 532 260 553 263 524 263 81
567 26 552 26 561 21 546 21 118
565 28 549 28 559 23 544 23 158
567 32 552 32 561 27 546 27 188
563 34 548 34 557 29 542 29 254
562 66 548 66 557 61 541 61 404
566 79 551 79 561 75 545 75 223
567 103 550 103 561 99 544 99 194
562 137 548 137 557 135 542 135 243
562 145 547 145 557 143 539 143 202
566 168 552 168 561 167 546 167 225
566 184 556 184 561 183 551 183 250
566 192 556 192 561 191 551 191 412
562 205 547 205 557 205 543 205 419
564 209 551 209 559 209 545 209 132
563 237 543 237 557 239 527 239 65
570 31 556 30 565 25 550 25 182
568 69 554 69 563 65 548 65 333
568 114 550 117 563 111 544 113 406
572 124 558 124 567 121 552 121 274
570 135 555 135 565 133 550 133 281
570 151 554 150 565 149 548 148 200
572 157 556 156 567 155 550 155 164
571 191 563 189 567 189 558 188 395
568 188 558 188 563 187 553 187 308
570 215 553 215 565 215 548 213 121
572 219 557 219 567 219 552 219 159
569 228 550 228 563 229 545 228 98
569 240 548 239 563 241 542 241 62
571 249 547 247 565 251 537 252 64
569 254 543 254 563 257 535 257 120
573 258 546 258 567 261 539 261 72
573 274 548 271 567 279 537 281 174
571 288 548 288 567 297 541 297 131
574 28 560 28 569 23 554 23 265
574 34 560 35 569 29 554 29 145
578 73 569 71 573 69 565 71 467
576 95 560 95 571 91 554 91 254
578 124 564 124 573 121 558 121 239
574 128 560 127 569 125 554 125 304
578 159 562 158 573 157 556 157 339
578 161 561 161 573 159 556 159 364
578 172 568 172 573 171 563 171 239
574 204 559 204 569 203 554 204 173
576 213 561 213 571 213 556 213 112
579 209 563 209 573 209 558 209 295
577 256 551 256 571 259 543 259 74
578 307 558 307 571 317 549 317 16
580 76 571 76 575 73 566 73 360
582 135 565 135 577 133 560 133 198
582 157 566 157 577 155 560 154 287
583 160 567 161 579 159 561 159 489
581 169 572 168 577 167 566 168 378
584 178 569 179 579 177 563 178 596
583 184 569 184 579 183 564 183 352
584 199 569 199 579 199 564 199 120
582 201 567 202 577 201 562 201 125
581 213 566 213 577 213 561 213 97
583 211 569 211 579 211 564 211 148
578 229 559 229 575 229 556 229 164
582 232 565 232 577 233 558 232 79
582 259 555 260 577 263 548 263 51
584 268 555 267 579 271 547 271 112
586 59 575 59 581 55 566 53 390
588 95 581 96 585 93 576 93 222
587 103 579 103 583 101 574 100 151
590 105 581 105 585 103 577 101 173
587 121 579 121 583 119 574 119 403
588 141 572 141 583 139 567 139 316
586 145 570 145 581 143 565 143 307
585 168 577 169 581 167 572 167 326
589 180 575 180 585 179 571 179 372
588 215 573 215 583 215 568 215 111
585 225 567 225 581 225 565 225 93
590 221 574 221 585 221 569 221 167
589 227 573 227 585 227 568 227 155
588 293 564 293 583 301 556 301 25
592 58 577 58 587 53 571 52 213
593 80 588 79 589 77 584 75 269
596 94 586 93 591 91 585 92 162
590 97 581 97 587 95 578 95 123
595 109 587 108 591 105 583 103 144
593 120 585 119 589 117 580 117 186
591 123 583 122 587 121 578 120 193
593 168 585 167 589 167 581 165 284
595 170 587 169 591 169 583 168 353
595 176 585 175 591 175 581 175 218
591 184 577 184 587 183 573 183 216
593 200 579 199 589 199 574 199 117
592 209 577 209 589 209 573 209 148
591 213 578 213 587 213 573 213 94
595 215 582 215 591 215 577 215 104
595 240 579 240 591 241 576 242 51
594 252 568 252 589 255 563 255 54
601 63 596 63 597 61 591 60 285
599 69 594 67 595 65 589 66 135
597 84 592 83 593 81 588 80 198
599 103 591 103 595 101 587 101 111
598 121 589 121 593 119 585 119 143
598 130 589 129 593 127 586 128 252
598 138 589 137 593 135 586 136 237
601 135 595 134 597 133 591 133 157
601 141 595 141 597 139 591 139 187
601 172 594 173 597 171 590 172 386
600 182 585 182 597 181 583 181 341
601 206 586 206 597 205 582 205 281
598 211 583 211 595 211 581 211 119
598 227 582 227 595 227 579 227 90
600 252 573 253 595 255 568 257 57
603 72 598 71 599 69 593 69 287
609 74 602 75 603 73 599 71 69
607 127 601 127 603 125 597 125 122
605 137 599 136 601 135 595 135 100
605 161 599 160 601 159 595 159 128
603 157 598 156 599 155 593 155 183
608 171 600 171 603 169 595 169 305
607 168 599 169 603 167 592 168 348
603 196 589 196 601 195 585 195 504
605 211 589 211 601 211 585 211 180
603 262 574 261 599 265 575 266 164
609 81 604 81 605 79 600 79 105
613 97 607 97 609 95 601 95 91
611 115 603 115 607 113 596 113 152
609 120 603 121 605 119 598 119 49
613 129 607 129 609 127 603 127 62
611 127 605 127 607 125 601 124 75
613 137 607 137 609 135 603 136 66
609 133 603 137 605 133 599 135 69
611 141 605 141 607 139 601 139 60
611 151 602 149 607 149 600 148 96
613 161 607 160 609 159 603 159 80
611 157 605 156 607 155 601 155 68
609 164 603 164 605 163 599 163 141
611 164 605 164 607 163 601 163 136
609 184 594 184 605 183 589 183 323
609 196 594 196 605 195 589 195 165
611 200 596 200 607 199 591 199 175
611 208 596 208 607 207 591 206 246
613 211 598 210 609 211 593 211 284
610 225 593 225 607 225 590 225 175
611 241 588 242 607 243 581 244 49
619 64 614 63 615 61 609 62 66
617 67 612 67 613 65 608 64 74
619 69 614 69 615 67 610 66 83
617 79 611 78 613 77 608 76 82
619 93 613 93 615 91 609 91 94
619 101 614 101 615 99 609 99 59
617 99 611 99 613 97 607 97 51
618 113 615 113 615 111 608 111 42
617 109 612 108 613 107 607 107 43
617 125 611 125 613 123 607 123 43
619 141 613 141 615 139 609 139 50
615 157 609 156 611 155 605 155 63
617 188 603 188 613 187 600 187 406
615 196 599 195 611 195 596 197 197
615 203 600 203 611 203 595 203 218
617 212 602 212 613 213 598 211 382
615 221 600 221 611 221 595 221 187
615 253 588 251 611 255 583 254 31
625 69 619 69 621 67 615 67 84
622 97 615 97 617 95 611 95 56
623 101 617 101 619 99 613 99 61
625 107 619 104 621 103 615 101 42
621 109 615 109 617 107 611 107 40
623 111 617 111 619 109 613 109 36
621 121 615 121 617 119 611 119 34
621 129 615 129 617 127 611 127 50
623 127 617 127 619 125 613 125 57
621 136 615 136 617 135 611 133 48
623 139 617 138 619 137 613 137 55
621 161 615 160 617 159 611 159 61
623 159 617 158 619 157 613 157 161
624 203 610 204 621 203 606 203 257
622 203 608 204 619 203 604 203 227
623 219 608 219 619 219 604 219 245
621 215 606 213 617 215 602 213 297
621 223 606 223 617 223 602 223 135
625 249 600 248 621 251 595 251 45
624 258 597 257 621 261 592 261 76
629 90 623 88 623 87 619 87 37
632 93 625 93 627 91 620 91 51
629 99 623 99 625 97 619 97 58
631 107 625 107 627 105 621 105 55
629 131 623 131 625 129 619 128 47
631 133 625 133 627 131 621 131 73
629 139 623 139 625 137 619 137 51
628 150 622 150 625 149 619 148 42
629 171 623 172 625 169 619 170 127
629 194 615 194 625 193 611 193 187
627 211 613 211 623 211 609 211 136
630 215 617 215 627 215 613 215 143
626 217 613 217 623 217 609 217 150
628 258 601 257 625 261 595 261 101
626 261 597 261 623 265 592 265 65
639 97 631 97 633 95 626 95 67
635 105 629 105 631 101 625 101 67
635 141 627 141 631 139 623 139 85
636 139 629 139 633 137 625 137 58
637 145 629 145 633 143 625 143 83
635 153 627 152 631 151 624 151 90
637 157 629 156 633 155 626 155 88
635 159 628 159 631 157 624 157 98
636 212 623 211 633 211 620 211 392
634 211 621 211 631 211 617 211 337
634 219 621 219 631 219 617 219 215
633 221 619 221 629 221 613 221 247
635 227 617 227 633 227 617 227 216
635 251 610 251 633 253 603 253 114
635 66 632 65 635 63 625 63 74
644 84 637 83 639 81 634 81 64
647 91 637 91 639 89 629 89 165
639 99 633 99 635 97 629 97 68
639 107 633 107 635 105 629 105 78
643 105 637 102 639 101 633 99 68
640 127 633 127 637 125 630 125 62
641 143 633 143 637 141 630 141 122
643 139 636 139 639 137 632 137 92
638 153 631 153 635 151 627 150 107
643 151 635 150 639 149 631 149 67
638 161 629 161 635 159 627 159 101
640 190 630 189 637 189 627 187 193
640 204 629 204 637 203 626 203 268
639 227 625 227 639 227 622 227 85
639 263 610 263 637 267 606 267 103
648 70 643 69 645 67 639 67 67
644 79 639 79 641 77 636 77 114
646 81 641 81 643 79 638 79 60
645 95 639 95 641 93 634 93 109
645 99 639 99 641 97 635 97 80
649 100 643 99 645 97 639 97 97
646 117 639 117 643 115 636 115 83
646 125 639 125 643 123 636 123 75
646 121 639 121 643 119 634 118 54
644 123 637 123 641 121 634 121 68
647 129 639 129 643 127 635 127 145
649 149 641 149 645 147 638 147 77
647 168 639 168 643 167 635 166 95
644 202 634 202 641 201 630 201 206
646 206 636 206 643 205 633 205 278
644 208 634 208 641 207 630 207 195
643 246 621 249 641 249 613 250 102
646 251 619 252 643 255 618 253 193
647 260 619 260 645 263 616 263 158
645 291 617 288 645 299 618 300 16
655 91 649 91 651 89 645 89 106
655 97 649 97 651 95 645 95 204
652 117 645 117 649 115 642 115 70
650 119 643 119 647 117 640 117 94
651 141 644 141 647 139 641 139 151
650 159 643 158 647 157 639 157 39
650 178 640 178 647 177 636 177 193
653 204 646 203 649 203 639 203 265
650 208 640 208 647 207 636 207 175
654 225 639 225 651 225 636 225 66
652 221 636 221 649 221 633 221 110
651 227 636 227 649 227 631 227 65
648 251 622 251 647 253 620 253 172
650 262 622 261 649 265 619 265 169
653 260 624 259 651 263 621 263 136
648 295 621 294 647 303 618 301 24
657 66 651 65 653 63 648 63 94
659 82 653 81 655 79 649 79 59
661 82 655 81 657 79 651 79 29
658 86 653 86 653 83 648 83 112
656 98 650 98 653 95 646 95 83
658 105 651 106 655 103 647 103 105
660 137 653 137 657 135 650 135 95
658 135 651 135 655 133 648 133 89
656 161 648 160 653 159 645 159 46
657 198 647 198 655 197 643 196 103
658 214 647 213 655 213 642 213 343
660 219 645 219 657 219 642 219 92
664 97 657 97 661 95 654 95 98
662 101 655 101 659 99 652 99 92
662 131 655 131 659 129 651 129 43
664 129 657 129 661 127 653 127 56
666 163 658 162 663 161 655 161 56
666 177 658 176 663 175 654 175 195
657 208 645 208 659 207 643 207 294
661 245 639 244 659 247 634 247 122
665 243 641 243 663 245 638 245 68
665 249 641 249 663 251 638 251 56
660 298 630 301 659 307 624 307 24
672 119 665 119 669 117 662 117 89
668 117 661 117 665 115 658 115 109
672 129 664 129 669 127 661 127 63
670 157 661 156 667 155 658 155 48
670 173 662 172 667 171 659 171 110
670 183 659 182 667 181 656 181 215
670 208 657 208 669 207 657 207 261
667 223 645 224 665 223 649 223 93
667 247 644 247 665 249 641 249 93
668 267 643 266 667 271 642 270 9
666 300 638 300 667 309 631 308 19
679 60 673 61 675 59 669 59 189
674 135 667 135 671 133 664 133 115
678 139 672 139 675 137 669 137 94
676 143 669 143 673 141 665 140 90
674 147 667 146 671 145 663 145 84
676 149 669 149 673 147 667 146 82
678 153 671 153 675 151 668 151 60
674 159 666 159 671 157 663 157 103
674 165 666 164 671 163 663 163 115
678 163 671 163 675 161 668 161 63
678 175 671 174 675 173 667 173 143
674 198 663 198 671 197 660 197 269
676 210 663 209 673 209 667 208 708
675 231 647 230 673 231 645 230 107
673 306 641 307 675 315 640 316 21
683 60 677 59 679 57 673 59 100
685 58 679 57 681 55 676 54 196
680 109 674 109 677 107 671 106 58
680 117 674 117 677 115 671 115 70
682 128 674 127 679 125 671 125 97
680 137 674 136 677 135 671 134 91
682 139 676 139 679 137 673 138 56
682 143 675 143 679 141 672 141 64
684 151 677 151 681 149 674 149 62
684 169 676 168 681 167 673 167 153
683 182 672 181 681 181 672 182 211
691 66 686 65 687 63 683 62 244
689 90 682 89 685 87 681 88 111
691 86 685 85 687 83 681 82 101
687 95 682 95 685 93 679 93 174
691 92 686 92 687 89 680 88 203
690 99 684 99 687 97 681 97 199
688 153 681 153 685 151 677 150 70
688 170 680 171 685 169 678 167 103
687 217 662 218 687 217 661 218 337
693 88 688 88 689 85 684 85 175
693 98 686 97 689 95 683 95 149
696 129 690 129 693 127 687 127 100
696 139 690 137 693 137 687 137 85
696 163 690 162 693 161 687 161 93
694 167 686 166 691 165 684 165 117
696 178 689 178 693 177 686 176 198
689 211 663 212 689 211 663 211 414
691 242 664 242 691 243 663 243 189
691 254 664 254 691 257 663 257 22
702 64 697 64 699 61 693 61 174
700 70 695 69 697 67 691 67 108
698 107 692 107 695 105 689 105 160
698 117 692 117 695 115 689 115 103
698 150 692 151 695 147 689 149 89
698 163 693 163 695 161 690 161 113
700 169 692 168 697 167 690 167 111
698 259 669 258 695 261 669 262 16
704 60 699 59 701 57 695 56 128
704 101 698 101 701 99 695 99 109
708 135 702 135 705 133 699 132 108
706 159 700 158 703 157 697 155 61
708 167 701 166 705 165 698 164 112
706 177 699 176 703 175 696 175 116
704 181 697 181 701 179 694 179 132
700 207 673 207 701 207 673 207 231
704 245 677 244 705 247 681 245 17
704 247 678 248 705 251 677 252 24
700 252 674 252 701 255 673 255 20
702 275 669 276 703 281 669 281 13
701 281 666 281 703 287 666 288 12
710 104 705 103 707 101 702 102 180
712 119 706 119 709 117 703 117 80
710 123 704 123 707 121 700 119 50
710 134 704 133 707 131 701 130 41
713 167 707 167 711 165 703 165 69
709 181 703 181 707 179 700 179 122
708 198 681 199 709 197 681 197 206
710 203 684 203 711 203 684 203 129
706 229 678 230 707 231 683 231 28
705 271 673 271 707 277 673 276 12
720 100 715 102 717 97 711 96 218
719 107 714 109 717 107 711 106 114
716 157 710 157 713 157 707 155 87
718 172 711 174 715 173 709 172 144
712 218 683 218 713 219 683 219 28
713 282 677 281 717 289 679 288 15
724 98 718 97 721 95 715 95 313
724 108 718 107 721 105 715 104 163
721 110 716 111 719 109 712 107 123
724 124 718 124 721 121 715 123 55
722 146 716 146 719 145 713 145 75
724 151 718 151 721 149 715 149 198
724 161 718 160 721 159 715 158 79
722 163 716 162 719 161 713 161 98
724 167 718 167 721 165 715 165 120
722 177 716 175 719 175 713 174 99
717 196 691 193 719 195 693 193 154
718 202 693 202 719 201 693 202 88
719 216 692 216 721 217 692 217 78
717 222 690 222 719 223 690 223 67
718 230 694 227 719 231 692 231 39
717 285 681 285 721 291 682 291 10
728 83 722 83 725 81 720 80 151
730 90 725 89 727 87 722 86 257
728 106 722 105 725 103 719 102 371
732 135 726 135 729 133 723 133 216
728 139 722 139 725 137 719 137 237
729 156 724 155 727 153 721 153 103
732 153 726 153 729 151 723 151 125
728 172 722 172 725 171 719 171 115
728 179 721 180 725 179 718 178 194
731 182 725 182 729 181 722 181 312
722 203 698 203 725 203 697 203 94
722 263 693 263 725 267 694 267 18
726 271 694 272 729 277 697 277 16
724 267 690 271 725 275 693 273 14
723 276 689 276 725 281 691 283 17
737 93 730 91 735 91 729 90 205
734 97 730 97 733 95 726 94 227
734 113 728 113 731 111 725 111 253
737 120 728 119 731 117 727 117 134
734 137 728 137 731 135 725 135 138
736 141 730 141 733 139 727 139 292
736 147 733 147 733 145 729 145 422
738 151 732 151 735 149 728 149 95
738 155 732 155 735 153 729 153 93
734 157 728 156 731 155 725 155 213
736 166 730 167 733 165 727 165 280
735 180 729 183 733 179 726 179 187
734 198 709 198 733 197 706 197 190
727 224 699 224 731 225 707 225 69
728 288 692 287 733 295 694 294 11
740 90 739 93 739 89 733 88 167
740 111 734 110 737 109 731 108 279
744 109 738 108 741 107 735 105 311
740 143 734 143 737 141 732 141 218
742 157 737 156 739 155 733 155 84
738 201 714 200 737 201 715 200 171
734 219 707 218 737 219 708 219 63
734 216 707 216 737 217 707 217 59
734 222 707 222 737 223 708 223 57
750 118 744 117 747 115 741 114 112
745 121 740 121 743 119 735 118 459
746 129 740 129 743 127 738 127 80
748 133 742 133 745 131 740 131 142
747 155 742 154 745 153 740 152 52
749 153 744 153 747 151 742 150 100
749 179 745 179 747 177 742 177 273
744 216 716 216 747 217 718 217 79
744 222 717 222 747 223 718 223 49
752 110 746 108 749 107 744 107 170
753 129 748 129 751 127 745 127 79
751 129 746 129 749 127 744 127 75
753 138 748 137 751 135 745 135 101
755 143 750 143 753 141 747 141 63
746 201 725 202 749 201 727 201 232
749 256 723 257 753 259 725 260 37
749 262 720 261 753 265 721 263 47
747 266 716 263 751 269 720 270 46
747 280 713 282 753 287 716 288 32
759 99 754 99 757 97 751 96 68
762 106 756 104 759 103 753 102 83
762 127 755 127 759 125 753 125 88
760 129 754 129 757 127 751 127 98
762 141 757 141 759 139 754 139 85
760 169 754 168 757 167 752 167 220
757 177 741 175 755 175 739 173 599
756 187 744 185 755 183 743 183 241
754 269 723 269 759 273 726 273 58
752 273 721 273 757 277 723 277 50
750 276 717 276 755 281 720 281 48
754 284 719 284 759 289 722 289 45
775 78 758 78 765 77 750 77 40
768 119 760 119 765 117 758 116 145
766 124 760 123 763 121 758 121 139
767 135 762 135 765 133 760 133 130
763 143 758 143 761 141 756 141 144
768 141 762 141 765 139 760 139 137
763 159 758 159 761 157 755 157 72
766 173 753 172 763 171 750 170 429
764 183 752 183 763 181 751 181 347
765 184 754 185 765 183 753 183 270
759 201 735 202 763 201 737 201 251
758 205 732 205 761 205 733 205 167
758 203 735 203 765 203 737 201 230
759 222 731 221 763 223 734 223 34
757 253 727 252 761 255 730 254 26
760 259 731 259 765 263 734 262 31
759 274 726 274 765 279 730 279 60
756 271 724 270 761 275 728 275 46
755 279 722 281 761 285 725 286 54
755 292 719 293 765 301 723 300 30
755 297 715 296 763 305 720 305 24
777 79 761 79 769 77 755 77 33
777 85 761 85 769 83 753 83 38
773 165 768 165 771 163 765 162 95
769 165 764 164 767 163 761 163 101
768 181 757 181 767 179 756 179 368
766 253 739 253 771 255 739 255 28
761 258 733 258 767 261 738 261 26
762 287 727 288 769 293 731 294 57
759 297 721 299 767 305 723 305 34
768 221 742 222 773 223 744 221 133
769 269 737 269 775 273 740 273 24
771 272 738 272 777 277 742 277 40
764 294 726 296 773 303 731 303 59
786 103 772 104 783 101 772 99 87
782 114 771 114 781 111 770 111 157
782 126 770 125 781 123 769 122 161
780 129 768 129 779 127 768 126 191
782 139 771 139 781 137 770 137 116
783 152 772 151 783 149 771 149 169
775 247 748 248 779 249 751 250 128
773 283 736 282 781 289 742 289 53
771 286 734 286 779 293 739 293 53
773 289 736 289 781 295 741 295 67
788 109 777 108 787 105 776 104 92
784 223 768 223 785 223 769 223 80
782 269 751 269 789 273 755 273 17
775 300 734 300 785 309 741 309 45
790 225 771 226 791 225 775 225 33
793 221 773 219 795 221 778 221 64
791 240 769 241 795 241 773 242 20
789 253 762 251 795 255 766 253 17
782 277 748 276 791 281 755 282 26
786 285 749 285 795 291 755 291 30
783 299 743 299 793 307 749 307 42
785 301 744 301 795 309 750 308 41
797 155 787 155 797 153 786 153 156
797 161 787 161 797 159 786 158 149
799 165 788 165 799 163 788 163 197
798 196 780 197 801 195 781 195 244
795 217 778 216 797 217 779 216 75
795 223 779 224 797 223 780 223 31
792 261 758 261 799 265 759 264 19
793 263 765 264 801 267 769 267 14
786 280 751 280 797 285 758 285 15
792 285 754 284 801 291 760 289 23
800 51 773 50 805 43 778 42 46
798 274 763 274 807 279 769 279 18
794 295 755 296 805 303 762 303 37
793 292 754 292 803 299 761 299 27
806 54 779 52 811 45 783 44 102
807 57 781 56 813 49 785 49 121
803 58 777 58 809 51 781 50 278
809 142 797 144 809 141 798 143 222
807 190 786 190 811 189 789 189 141
805 192 784 192 809 191 787 191 162
807 196 786 196 811 195 789 195 88
803 263 771 264 809 267 777 267 12
799 290 759 291 809 299 764 297 24
813 57 787 57 819 49 792 49 125
817 167 806 166 817 165 809 165 209
814 184 792 185 817 183 799 181 115
808 264 778 263 817 267 783 267 14
804 286 763 283 815 293 773 291 23
808 292 767 290 817 297 776 297 24
804 299 762 299 815 307 770 307 43
817 53 791 54 823 45 795 44 129
819 55 792 53 825 47 797 46 138
821 165 810 165 821 163 813 163 226
820 200 796 200 825 199 801 199 47
815 236 794 236 823 237 796 237 14
821 240 795 240 825 241 801 240 16
811 247 787 247 821 249 792 249 15
814 249 790 249 823 251 797 252 16
812 267 781 266 821 271 788 271 13
810 277 777 278 821 283 783 283 19
812 285 779 285 823 291 782 291 16
811 289 774 290 821 295 781 296 19
809 295 770 296 821 303 778 303 35
821 49 795 49 827 41 800 41 174
823 127 798 127 829 123 802 122 119
821 233 798 231 827 233 803 232 13
823 244 798 244 829 245 803 245 17
823 250 797 249 831 251 802 251 15
821 271 790 271 831 275 796 275 14
818 295 778 295 831 303 788 303 16
817 304 775 304 831 313 790 313 25
828 53 801 53 835 45 807 44 239
826 50 799 49 833 41 805 40 167
829 117 804 116 833 113 808 112 254
830 130 804 130 837 127 810 126 22
828 133 802 132 835 129 807 129 23
829 194 807 195 835 193 811 193 113
831 204 805 205 837 203 811 203 16
828 221 799 222 835 221 808 221 19
830 247 804 247 837 249 812 248 14
825 261 793 261 835 265 802 265 13
819 265 785 266 833 269 794 269 16
821 296 782 298 835 305 790 305 19
821 318 780 317 837 329 793 328 50
832 57 806 57 839 49 811 49 257
835 74 807 73 843 67 813 66 70
833 127 806 127 841 123 812 122 29
841 169 832 169 841 167 832 167 102
838 177 828 177 839 175 828 174 129
832 202 807 201 839 201 813 200 26
835 213 807 213 843 213 815 213 12
832 223 807 224 839 225 812 224 15
829 266 802 266 841 269 808 268 15
827 268 799 269 839 273 804 273 9
833 271 800 271 843 275 806 275 11
826 280 791 281 841 285 796 284 19
830 286 791 285 843 293 801 292 13
824 304 781 304 839 313 792 313 17
842 185 830 184 845 183 829 183 90
841 202 813 201 849 201 818 199 18
841 212 812 210 849 211 819 210 11
840 212 814 212 849 213 819 211 12
838 256 810 257 847 259 817 259 15
847 115 820 115 855 111 827 109 24
846 145 819 144 855 141 826 140 27
845 147 819 146 853 143 825 143 43
844 150 818 149 851 149 823 148 55
845 217 817 217 853 219 824 218 13
842 253 814 253 851 255 823 255 9
847 257 815 258 853 261 823 261 12
850 49 827 51 857 41 829 40 328
849 69 820 68 857 61 828 60 25
853 97 827 99 861 93 834 92 23
851 95 823 94 859 89 830 88 55
853 110 826 110 861 105 831 105 19
850 126 822 126 859 121 830 121 15
853 206 825 206 861 205 832 205 13
850 243 823 243 859 245 830 245 15
849 244 821 245 857 247 828 247 12
849 256 821 256 859 259 828 259 22
845 285 808 285 859 291 813 291 20
845 288 809 288 859 293 819 294 13
843 307 800 307 861 317 817 318 22
856 41 831 41 865 33 837 32 214
855 108 826 109 863 103 831 105 22
855 132 825 131 863 127 833 127 13
857 207 828 206 867 207 836 207 16
855 211 826 210 865 211 834 210 11
856 249 827 249 865 251 835 250 17
855 254 827 254 865 257 835 257 14
856 258 828 258 867 261 835 261 11
855 260 825 260 865 263 828 261 18
857 264 828 266 867 267 834 266 13
851 299 809 299 867 307 821 307 17
844 326 802 326 865 339 817 340 43
860 69 831 70 869 61 839 60 21
864 77 835 76 873 69 843 68 21
864 104 835 105 873 99 844 97 19
860 118 831 118 869 113 840 112 17
860 118 832 118 869 115 839 115 15
864 133 836 133 873 129 843 129 11
862 144 835 143 871 141 842 140 18
865 154 837 155 873 151 847 150 17
863 213 833 213 873 213 841 213 11
863 220 833 219 873 221 842 220 14
859 250 830 250 869 253 839 253 17
854 303 812 303 871 311 824 311 22
868 77 839 76 879 69 847 69 30
866 108 836 110 875 103 845 103 26
869 136 841 136 879 133 849 132 26
865 209 834 209 877 209 841 208 21
866 254 836 254 877 257 844 256 17
866 260 836 259 877 263 846 263 15
865 269 829 269 877 273 842 272 21
858 311 815 311 875 321 831 322 30
857 321 816 319 877 333 833 331 33
870 65 841 65 881 59 850 58 21
870 73 842 72 881 65 850 64 17
872 133 843 132 881 129 852 127 17
876 154 848 154 885 151 856 151 13
870 220 839 220 881 221 847 221 12
871 226 839 225 883 227 849 227 14
869 236 838 236 881 237 848 237 15
870 233 838 232 881 233 847 231 13
871 240 838 243 883 243 850 242 17
873 245 842 243 885 247 853 245 18
871 253 841 253 883 255 851 255 20
870 258 839 258 881 261 849 261 19
871 268 837 266 885 273 850 274 21
869 277 831 278 885 283 846 283 23
870 281 834 282 885 287 846 287 20
866 301 821 301 885 309 836 310 17
861 331 819 329 883 345 841 347 23
880 118 849 120 891 113 857 114 43
877 127 848 127 887 123 856 122 22
878 131 851 131 889 127 859 127 21
879 152 852 152 889 149 860 148 16
878 222 846 222 891 223 856 222 10
874 229 843 228 887 231 853 229 14
877 236 846 239 889 237 855 238 16
872 269 839 270 887 275 853 276 19
875 278 836 277 889 283 849 283 27
874 283 837 284 889 289 851 290 30
881 215 848 214 895 215 853 217 22
879 232 843 229 893 233 858 234 12
881 247 849 247 895 249 861 249 14
884 243 851 243 897 245 863 245 9
884 265 850 266 897 269 862 269 18
883 271 849 270 897 275 861 274 18
885 282 847 282 897 287 857 287 18
881 284 842 284 897 291 855 291 17
879 289 837 288 893 295 852 295 17
876 292 835 292 893 299 852 299 22
878 295 837 295 895 305 851 303 14
890 27 861 26 901 17 870 16 29
891 68 862 68 903 61 872 60 21
890 125 860 126 901 121 870 119 15
886 209 855 211 901 209 867 209 44
887 220 854 219 901 221 864 221 13
887 246 853 245 899 247 864 247 10
887 261 853 261 901 265 865 265 18
883 278 848 278 899 283 859 281 24
882 293 841 294 899 303 855 303 13
879 309 835 309 901 319 855 319 25
894 31 864 31 905 21 875 20 31
895 100 866 99 907 93 876 92 13
896 181 866 179 905 179 874 177 136
894 265 858 264 909 269 872 269 15
887 278 851 278 905 285 866 285 18
892 285 854 285 909 291 865 289 22
889 295 849 295 909 303 864 303 10
882 331 845 330 907 345 869 345 23
903 77 874 76 915 69 883 69 20
903 91 873 90 915 83 885 83 20
899 93 870 93 911 87 880 86 23
901 110 873 109 913 105 882 103 25
899 106 868 106 911 101 882 101 23
901 118 871 117 913 113 882 112 16
901 139 873 138 913 135 884 133 14
903 136 875 136 915 133 885 132 20
899 254 862 253 915 257 876 257 14
896 296 855 295 915 303 871 303 13
892 300 850 300 913 309 867 309 15
905 71 875 70 917 63 886 62 11
903 88 874 87 917 81 886 80 21
905 98 876 99 917 93 887 93 17
908 113 879 113 921 107 890 107 19
905 126 876 125 917 121 886 120 15
905 141 877 140 917 137 888 136 16
905 143 877 142 917 139 887 139 16
904 230 866 230 921 233 881 232 15
899 242 865 242 919 245 876 245 20
902 252 865 251 919 255 880 255 14
900 278 865 278 917 283 878 283 20
896 281 860 281 917 287 877 287 20
901 285 865 285 921 291 880 291 21
897 290 857 289 919 297 876 298 24
897 299 855 299 917 307 872 307 10
895 303 852 303 917 311 869 311 20
917 29 889 30 927 19 895 19 393
915 51 884 51 927 43 896 41 36
912 65 884 63 925 57 895 55 14
913 70 883 70 925 63 894 62 15
911 110 881 113 923 107 893 105 28
914 144 884 144 927 141 895 140 22
908 219 869 220 925 219 884 217 19
909 230 871 230 927 233 886 232 18
907 258 871 257 925 261 885 262 16
907 274 871 274 925 279 886 279 27
907 294 861 292 925 301 881 301 22
923 31 897 31 931 21 907 21 206
920 39 896 39 929 29 903 28 166
920 62 890 63 933 53 902 52 13
916 126 886 125 929 121 898 120 17
913 239 873 238 931 241 889 243 18
911 276 874 277 929 281 889 282 24
911 287 872 287 931 293 889 293 20
926 70 897 70 939 61 907 61 17
926 77 896 76 939 69 906 69 19
922 90 891 89 935 83 903 83 13
924 118 894 118 937 113 906 113 26
919 234 880 231 939 237 896 236 16
920 274 882 274 939 279 898 279 21
918 278 882 279 937 283 896 283 26
919 284 881 285 939 291 897 291 26
917 288 875 289 935 295 893 295 16
919 293 877 294 939 301 891 300 21
915 302 869 302 937 311 889 311 11
931 54 899 54 943 45 910 44 49
929 94 899 93 943 87 911 86 10
929 113 900 113 943 107 909 105 15
929 123 899 122 943 117 907 119 21
920 218 880 218 941 219 897 219 20
920 229 880 227 941 229 897 229 20
921 264 879 263 941 269 898 269 15
921 274 884 274 941 279 899 278 19
925 286 885 286 945 293 903 293 22
923 290 883 290 943 297 900 297 16
935 27 905 27 949 17 917 18 74
933 96 904 94 947 89 915 89 12
936 122 906 121 949 117 918 116 15
934 148 903 149 949 143 919 143 20
925 218 884 218 947 219 902 219 18
927 235 887 232 949 237 904 237 15
929 255 888 254 951 259 907 259 10
921 327 869 327 951 341 893 341 16
940 31 912 30 953 21 923 21 99
942 35 913 33 955 25 925 24 64
938 76 909 75 953 69 920 68 19
942 75 913 74 957 67 923 68 14
941 78 911 77 955 71 924 69 13
942 103 913 102 957 97 927 97 14
939 107 909 107 953 101 922 100 11
940 109 910 109 955 103 923 103 12
938 124 912 125 953 119 921 118 23
943 128 914 128 957 123 925 121 20
940 130 907 130 953 125 919 123 19
937 142 910 143 953 139 923 139 19
935 234 893 234 957 237 912 237 15
935 240 893 240 957 243 912 243 17
930 251 890 251 953 255 908 255 17
933 295 891 295 957 303 910 303 22
925 317 877 316 953 329 899 330 14
947 51 919 49 961 43 931 41 86
950 59 923 58 963 51 934 50 79
948 82 918 82 963 75 932 74 11
946 92 915 92 961 85 930 84 17
937 214 897 214 959 215 913 217 23
936 222 894 222 959 223 914 223 23
937 265 896 265 959 271 914 269 14
941 273 900 272 963 279 919 279 8
937 284 896 284 959 291 914 291 22
938 287 898 289 961 295 917 296 28
938 292 897 292 961 299 917 299 28
933 334 879 334 963 349 906 348 18
927 346 869 347 959 363 895 363 23
953 72 923 72 967 65 936 64 49
953 89 922 89 969 81 937 81 12
952 103 921 102 967 97 937 95 17
952 114 924 114 965 107 935 105 25
947 235 905 234 969 237 925 237 13
944 249 902 248 967 253 922 253 12
947 250 909 250 969 255 925 255 11
944 266 902 266 967 271 922 271 10
943 271 902 271 967 277 922 277 12
944 279 903 279 967 285 923 285 14
942 277 902 277 965 283 921 283 12
943 283 902 284 965 289 922 290 16
946 296 902 295 969 303 923 303 13
942 309 896 305 969 315 917 313 11
934 327 884 328 965 341 908 341 14
929 342 871 339 965 359 901 359 18
959 39 929 37 973 29 941 28 37
961 65 935 64 975 57 946 56 72
957 86 926 87 973 79 940 78 17
958 141 929 140 975 137 942 137 33
951 236 910 233 975 239 927 240 14
951 242 911 240 975 245 930 245 11
951 254 913 254 975 259 930 259 8
950 293 908 293 975 301 929 301 17
965 69 938 68 979 61 949 61 45
964 128 934 127 981 123 948 122 28
959 267 920 265 981 273 938 272 22
952 269 911 270 977 275 932 275 11
953 276 911 275 977 281 932 281 14
954 290 912 290 977 297 935 295 16
955 294 912 294 979 301 934 302 17
956 297 912 297 981 305 934 305 13
949 327 897 327 981 341 923 341 16
971 77 940 76 987 69 955 67 37
968 94 938 93 983 87 951 86 10
962 232 921 229 985 233 943 231 14
962 243 921 242 987 247 942 247 12
958 255 917 255 983 259 938 259 10
959 273 917 273 983 279 938 279 12
957 305 910 304 983 313 936 314 16
953 319 904 319 987 331 931 331 10
956 327 904 327 987 341 930 341 20
953 336 898 336 985 351 925 351 28
978 63 950 62 993 55 964 54 66
977 101 947 100 993 95 961 94 12
973 104 941 103 989 97 957 97 11
974 109 941 107 989 103 958 102 22
978 111 952 111 993 107 962 105 60
976 157 951 156 989 153 963 153 61
964 221 922 221 989 223 944 223 17
967 285 925 285 991 291 947 292 23
963 306 916 305 991 315 940 315 19
956 336 902 336 991 351 930 351 19
978 77 947 77 995 69 963 68 29
972 216 931 216 999 217 955 216 26
970 229 928 229 995 231 950 231 16
970 259 928 259 995 263 950 264 14
970 273 928 273 995 277 950 277 37
973 277 932 276 999 283 954 282 23
969 281 928 281 995 287 950 287 30
973 283 932 283 999 289 954 289 25
973 292 931 292 999 299 953 299 26
967 299 924 299 995 307 948 308 22
969 308 922 309 995 317 943 317 15
963 318 913 318 995 331 939 329 15
961 330 909 330 997 345 939 345 20
964 338 909 338 999 353 938 354 22
957 345 902 346 997 363 934 363 20
989 65 961 65 1005 57 976 56 73
985 67 957 67 1001 59 971 59 83
988 100 959 99 1005 93 973 92 17
985 115 956 113 1001 109 967 107 50
977 214 936 214 1003 215 961 214 25
975 271 933 268 1001 275 956 273 23
979 277 937 277 1005 283 959 283 29
977 281 935 281 1003 287 957 287 43
976 288 934 288 1003 295 957 295 32
976 300 929 300 1005 309 951 307 30
990 98 960 96 1007 91 975 90 16
979 218 937 218 1007 219 961 218 24
980 290 938 290 1007 297 961 298 40
980 297 935 297 1007 305 959 305 30
978 319 929 319 1011 331 957 331 24
969 339 914 341 1007 357 945 358 32
974 337 918 337 1011 353 949 353 26
998 98 970 96 1017 91 989 89 27
999 116 971 116 1017 111 986 109 30
1002 164 975 163 1017 161 989 161 21
1006 27 980 26 1021 17 996 18 84
1005 101 978 101 1021 95 992 94 30
1005 113 976 113 1023 109 991 107 47
989 228 940 228 1023 231 969 230 35
988 314 938 313 1021 325 967 325 32
1008 83 979 83 1025 77 995 76 18
993 237 943 236 1027 241 972 241 28
994 253 944 254 1027 259 975 259 26
993 259 943 259 1027 265 972 265 20
994 273 945 274 1029 281 974 282 28
990 317 940 317 1025 329 970 329 30
986 330 934 331 1025 345 963 344 19
989 332 934 332 1027 347 965 347 14
1016 74 987 74 1033 67 1003 66 30
1017 92 985 92 1031 85 1003 85 24
998 244 949 245 1033 249 978 249 21
997 241 949 240 1031 245 976 245 21
996 246 947 246 1031 251 976 252 17
996 251 947 253 1033 259 976 259 23
998 312 948 312 1033 323 978 324 36
1000 319 949 319 1035 331 979 331 23
993 344 935 345 1033 361 970 362 16
1024 102 997 101 1041 95 1013 94 19
1003 216 957 216 1039 219 990 221 37
1005 246 953 246 1041 251 985 251 16
1007 305 956 305 1041 315 986 315 24
1001 308 950 308 1037 319 981 319 30
1005 310 954 310 1041 321 984 321 36
1003 326 951 326 1041 339 984 339 13
1001 345 943 343 1041 363 977 364 12
1029 67 1001 67 1047 59 1017 58 38
1013 217 967 218 1047 219 997 220 49
1007 315 956 315 1045 327 989 328 23
1008 311 958 312 1047 323 989 323 31
1008 322 955 322 1045 335 988 336 24
1007 328 956 328 1047 341 987 342 14
1001 341 943 343 1043 361 980 360 15
1033 69 1004 68 1051 61 1021 60 48
1033 87 1004 86 1053 79 1021 79 36
1023 237 967 237 1049 243 1002 242 23
1018 255 965 255 1053 265 994 266 20
1011 280 961 277 1049 289 991 288 19
1012 307 961 307 1051 319 995 320 25
1012 313 960 313 1051 325 993 325 27
1012 319 959 318 1049 331 992 330 27
1040 61 1011 62 1057 55 1025 53 35
1038 91 1009 90 1057 83 1026 83 47
1019 304 966 306 1059 317 999 317 32
1017 318 966 320 1059 331 1000 332 27
1019 327 967 328 1059 341 1000 341 18
1017 337 959 337 1059 355 995 356 16
1013 339 955 339 1055 355 990 355 20
1034 202 997 201 1061 201 1021 201 49
1024 246 966 248 1063 253 1005 252 15
1022 260 966 260 1061 267 1001 266 22
1020 268 966 268 1061 277 1000 276 20
1021 282 967 281 1061 291 1002 291 19
1022 315 967 314 1063 327 1002 327 35
1024 324 970 326 1065 339 1005 340 23
1021 341 962 341 1063 361 996 361 16
1043 202 1005 202 1071 201 1030 201 40
1039 198 1001 197 1067 197 1026 196 48
1038 211 997 211 1069 213 1023 212 24
1028 247 971 247 1071 253 1010 253 14
1027 254 971 251 1069 261 1007 260 19
1029 256 974 255 1071 263 1009 261 18
1027 276 973 276 1071 285 1010 285 19
1025 326 971 327 1067 341 1007 341 23
1047 198 1010 198 1075 197 1035 197 47
1043 211 1001 210 1073 211 1029 211 25
1032 254 976 254 1075 261 1012 261 18
1029 270 971 268 1073 277 1010 277 19
1037 279 980 281 1077 291 1016 289 14
1031 307 977 307 1077 319 1014 319 33
1033 314 978 314 1077 327 1015 327 27
1065 73 1032 73 1083 65 1053 64 24
1054 204 1019 204 1083 203 1042 203 43
1033 271 978 270 1079 279 1022 278 19
1033 268 976 269 1083 275 1018 276 13
1036 305 976 306 1079 317 1019 317 40
1037 311 982 311 1081 323 1019 323 18
1039 313 982 311 1083 325 1021 325 23
1038 333 982 336 1081 351 1021 352 19
1037 339 978 337 1083 357 1022 358 17
1042 245 983 245 1089 251 1023 251 10
1040 259 981 260 1087 267 1023 265 19
1043 299 987 299 1089 311 1026 311 16
1044 305 988 305 1089 317 1027 317 22
1045 244 987 245 1093 251 1028 252 17
1043 274 984 274 1091 283 1025 283 18
1045 272 988 272 1093 281 1027 280 19
1044 284 987 285 1091 293 1027 292 23
1046 292 989 292 1093 303 1029 303 13
1045 310 989 311 1091 323 1029 324 20
1048 324 989 324 1095 339 1031 339 22
1047 323 989 323 1093 337 1028 337 22
1044 332 986 332 1091 349 1026 348 22
1070 211 1030 211 1101 211 1057 210 64
1053 235 994 237 1101 239 1035 241 23
1052 312 996 312 1099 325 1035 325 25
1050 314 993 315 1097 327 1034 327 26
1075 208 1037 207 1105 207 1064 207 60
1058 249 997 247 1107 253 1040 252 23
1057 278 998 279 1107 289 1041 289 21
1057 288 998 290 1107 301 1041 302 17
1057 295 999 295 1107 307 1040 307 15
1056 331 999 333 1105 349 1040 349 17
1079 209 1043 209 1109 209 1070 209 63
1063 238 1004 238 1113 243 1047 243 33
1060 253 1000 254 1111 261 1044 260 18
1060 262 1000 262 1111 269 1043 270 25
1061 269 1001 268 1111 277 1045 278 20
1061 274 1002 274 1111 283 1045 283 20
1060 279 1003 279 1111 289 1044 289 30
1058 282 999 282 1109 293 1042 293 16
1061 314 1001 315 1111 329 1044 329 24
1064 319 1004 319 1113 333 1048 335 33
1060 334 999 334 1109 351 1043 352 26
1061 343 1002 343 1113 361 1045 361 19
1059 345 999 346 1111 363 1042 362 31
1060 341 999 341 1111 359 1043 359 20
1064 235 1008 234 1115 239 1051 239 27
1064 301 1006 302 1115 313 1049 314 33
1064 311 1005 312 1115 325 1048 325 24
1067 315 1007 313 1117 329 1051 330 19
1064 330 1003 330 1117 347 1047 347 15
1077 181 1025 181 1121 179 1064 179 63
1071 286 1010 286 1125 297 1056 297 25
1069 287 1008 289 1123 299 1054 300 18
1071 295 1010 295 1125 307 1056 308 36
1071 320 1011 320 1123 335 1056 335 24
1072 334 1011 335 1125 351 1057 352 23
1077 224 1019 224 1127 227 1062 227 23
1077 233 1017 233 1127 237 1063 236 32
1074 251 1011 251 1131 257 1057 259 22
1072 253 1012 251 1129 259 1058 259 31
1072 262 1011 261 1127 269 1058 268 18
1073 268 1012 267 1129 277 1059 277 22
1076 282 1014 282 1131 295 1061 295 26
1073 282 1011 282 1127 293 1058 293 28
1088 191 1039 191 1133 191 1076 190 86
1077 251 1013 254 1133 261 1062 261 18
1077 269 1014 270 1133 281 1062 281 26
1078 280 1016 280 1135 291 1067 290 23
1078 327 1016 328 1133 343 1063 345 20
1115 76 1077 76 1141 67 1102 67 42
1117 80 1076 81 1139 73 1098 73 70
1083 251 1020 250 1139 259 1068 258 18
1082 270 1018 269 1139 279 1068 281 22
1083 311 1021 312 1139 327 1069 328 17
1084 322 1020 319 1139 337 1070 338 17
1116 51 1076 51 1149 39 1103 40 58
1117 75 1078 76 1149 65 1106 66 59
1124 83 1084 83 1149 75 1108 75 45
1121 79 1082 79 1145 71 1104 71 43
1102 197 1051 196 1147 197 1092 196 84
1089 271 1024 269 1147 281 1075 281 17
1090 277 1026 277 1149 289 1077 288 10
1086 295 1024 295 1145 307 1072 308 24
1087 301 1023 299 1145 313 1076 314 27
1091 302 1027 303 1149 317 1078 317 17
1088 337 1025 338 1147 355 1076 356 18
1089 340 1025 341 1147 359 1076 359 17
1119 68 1077 69 1153 57 1111 57 45
1096 286 1034 287 1155 297 1084 298 17
1091 289 1026 288 1151 301 1077 301 20
1094 291 1029 292 1153 303 1079 304 17
1096 305 1032 305 1155 319 1083 319 20
1095 310 1032 310 1155 325 1082 325 19
1096 319 1035 321 1155 335 1081 333 33
1095 344 1031 345 1155 363 1084 363 20
1097 251 1033 252 1157 259 1083 259 20
1099 269 1035 269 1159 279 1086 279 20
1100 280 1037 280 1157 291 1083 292 19
1098 288 1036 289 1157 299 1086 300 15
1099 303 1035 304 1159 317 1087 317 16
1131 71 1095 70 1163 61 1121 61 81
1131 85 1096 84 1165 75 1124 75 134
1105 250 1041 249 1167 257 1095 257 25
1106 263 1045 261 1167 273 1093 272 26
1100 267 1038 267 1163 277 1089 276 11
1104 269 1042 269 1167 279 1095 279 15
1107 274 1041 273 1165 283 1095 284 12
1105 325 1042 325 1165 341 1094 342 15
1103 337 1037 337 1163 355 1091 353 15
1139 49 1102 48 1173 37 1133 36 94
1111 255 1046 254 1171 261 1097 260 22
1111 255 1047 255 1173 263 1101 265 21
1110 309 1047 312 1173 327 1099 327 20
1107 315 1046 313 1169 329 1099 328 18
1110 322 1047 322 1171 339 1099 339 20
1107 338 1045 339 1169 357 1097 357 16
1107 345 1045 345 1169 363 1097 364 20
1117 253 1051 253 1177 261 1107 261 25
1114 264 1050 265 1177 273 1105 273 19
1116 268 1052 268 1179 277 1106 277 14
1118 278 1051 277 1179 289 1105 289 18
1119 315 1055 314 1179 329 1109 329 19
1118 319 1054 319 1179 335 1105 334 13
1122 253 1058 253 1185 261 1113 261 28
1118 294 1056 295 1181 307 1109 307 14
1119 301 1057 300 1181 315 1110 314 15
1121 330 1058 329 1185 347 1113 348 21
1122 337 1058 337 1185 355 1114 356 18
1121 336 1055 335 1183 353 1109 353 18
1133 135 1077 134 1187 127 1125 127 11
1135 152 1077 153 1189 145 1128 145 15
1125 293 1059 291 1187 305 1115 306 14
1126 300 1067 299 1191 311 1120 313 13
1123 320 1060 321 1187 337 1113 336 13
1125 331 1061 331 1191 349 1117 349 18
1132 249 1068 249 1197 255 1124 256 35
1132 255 1068 255 1195 261 1123 261 33
1132 260 1068 261 1195 269 1126 270 20
1131 295 1069 293 1193 307 1121 307 14
1133 300 1071 301 1195 313 1128 315 15
1134 316 1070 316 1197 331 1128 332 15
1133 319 1069 319 1197 335 1126 336 12
1133 339 1067 338 1197 357 1125 358 26
1146 136 1090 136 1203 129 1140 128 20
1135 247 1073 247 1201 253 1129 253 21
1139 251 1074 249 1203 259 1131 259 21
1138 284 1075 283 1203 295 1131 295 20
1137 295 1075 295 1201 309 1133 307 15
1138 329 1074 330 1203 347 1131 348 18
1140 240 1077 239 1205 245 1133 245 31
1143 249 1075 250 1209 255 1136 255 21
1143 252 1079 252 1209 259 1137 259 15
1138 255 1076 255 1205 265 1132 264 20
1140 279 1077 281 1209 291 1136 291 20
1142 285 1079 286 1207 297 1135 296 14
1139 288 1077 289 1205 301 1133 301 13
1139 313 1074 312 1205 327 1132 328 15
1143 343 1080 344 1209 363 1138 362 18
1152 156 1095 157 1211 151 1147 151 17
1148 235 1083 234 1215 239 1143 240 30
1146 244 1082 245 1213 251 1140 250 17
1148 254 1084 255 1215 261 1142 262 20
1147 266 1080 266 1211 275 1138 275 28
1144 271 1080 272 1211 281 1138 281 21
1144 282 1081 282 1211 293 1138 293 17
1145 288 1085 288 1211 301 1141 299 14
1149 332 1084 333 1215 349 1143 351 20
1145 338 1082 339 1211 357 1139 357 18
1160 144 1102 143 1219 137 1155 137 16
1151 270 1087 270 1217 279 1144 279 32
1154 301 1090 301 1221 315 1148 316 14
1154 321 1091 321 1221 337 1150 337 12
1163 131 1106 131 1223 123 1160 123 14
1163 147 1105 146 1223 141 1158 141 15
1156 250 1094 250 1227 257 1155 257 42
1161 287 1097 288 1227 299 1156 299 50
1160 306 1095 305 1227 319 1154 318 47
1157 345 1093 345 1225 363 1159 365 22
