41 23 20 22 19 17 19 25 1e+07
54 172 35 171 33 167 16 165 15
56 124 37 123 35 121 17 123 31
57 162 41 162 37 161 18 162 11
62 82 46 83 43 79 23 79 13
65 122 47 122 45 119 24 119 26
65 134 48 135 45 131 27 133 15
64 158 47 159 43 159 23 157 11
67 48 53 49 51 43 31 43 56
65 69 49 70 47 65 30 65 75
69 157 51 156 49 155 29 157 14
71 69 56 70 53 65 38 66 113
73 135 55 133 53 133 35 132 11
90 218 58 218 55 221 21 221 200
80 83 64 83 61 79 43 79 33
77 85 62 86 59 83 41 81 25
79 91 66 89 63 85 44 84 46
81 105 66 105 63 101 48 99 43
80 114 62 113 63 111 45 111 43
81 118 62 118 61 115 41 115 21
98 230 62 230 61 233 23 233 164
82 63 67 64 65 59 49 60 132
88 73 71 74 69 69 51 70 111
83 77 67 78 65 73 49 74 80
84 85 67 85 65 81 49 81 65
85 97 70 95 69 93 53 92 64
85 119 67 119 69 117 50 117 13
83 129 64 130 65 127 47 126 9
84 143 67 144 65 141 41 142 14
86 150 68 150 67 149 47 149 7
87 165 70 164 67 163 44 162 15
100 200 66 200 65 201 27 201 180
103 202 68 202 67 203 30 203 278
104 216 68 216 67 219 28 219 229
102 232 65 231 65 235 27 235 140
89 28 73 30 71 23 54 25 165
90 46 74 46 73 41 55 41 207
93 77 75 78 73 73 56 74 70
92 117 74 117 73 115 54 115 12
93 134 73 134 73 131 54 132 17
108 198 72 197 73 199 39 199 136
107 224 72 224 71 227 35 226 234
107 229 72 230 71 233 33 233 230
109 239 74 239 73 243 34 243 196
96 120 76 117 79 117 58 115 29
101 135 81 135 81 133 65 133 19
94 157 78 159 79 157 55 156 10
116 202 85 204 81 203 46 203 337
110 204 78 206 77 207 43 208 136
115 207 79 205 81 209 45 208 97
113 240 81 240 77 245 50 244 410
100 94 82 94 83 91 57 91 53
101 147 86 146 85 145 66 145 12
100 174 83 173 83 173 63 173 8
121 216 87 215 87 217 50 216 78
110 28 94 29 93 23 83 23 61
108 53 92 54 91 49 75 50 169
109 73 92 73 91 69 74 69 39
108 78 89 77 89 75 72 75 28
103 150 85 153 89 149 70 147 8
126 224 92 224 93 227 58 226 163
126 232 92 231 93 235 56 234 257
127 289 93 289 93 297 55 296 356
112 55 96 56 95 51 79 52 152
117 77 100 78 99 75 82 76 24
115 92 100 93 99 89 73 90 89
116 119 99 119 99 117 83 119 90
112 124 96 124 95 121 79 122 125
115 129 100 127 99 125 82 126 133
117 168 98 168 99 167 83 165 8
130 236 96 235 97 239 60 239 173
128 241 94 241 95 245 59 245 225
131 268 98 267 99 273 64 272 178
131 285 100 285 99 293 64 292 224
119 98 104 98 103 95 89 94 115
119 131 103 131 103 129 87 129 80
117 161 102 162 101 163 80 162 11
121 173 103 171 105 173 85 171 8
120 178 103 178 103 179 83 178 6
134 224 100 224 101 227 65 226 166
135 238 100 237 101 241 65 240 176
124 77 106 76 107 73 88 74 23
126 106 109 106 109 103 93 104 112
124 119 105 117 107 117 88 117 85
127 123 111 125 111 123 92 124 48
126 134 108 134 109 131 91 131 46
132 30 117 31 117 25 102 26 100
131 51 115 51 115 47 100 48 115
132 61 117 62 117 57 100 57 104
131 60 115 60 115 55 99 55 98
131 65 114 65 115 61 98 61 89
132 110 115 110 115 107 98 108 72
134 147 118 147 117 145 99 143 30
150 277 117 276 117 285 78 284 52
147 286 112 285 113 293 88 293 95
137 84 121 85 121 81 105 81 58
140 108 123 108 123 105 106 105 72
136 134 119 135 119 133 103 131 32
139 139 123 139 123 137 106 137 33
135 141 119 141 119 139 103 139 30
141 104 125 104 125 101 109 101 45
145 118 129 117 129 115 112 115 36
141 121 123 121 125 119 109 118 32
142 134 124 135 127 133 110 133 43
144 141 129 140 127 139 111 138 52
145 146 129 146 129 145 112 145 42
143 149 125 149 125 147 109 148 27
147 174 129 174 129 173 111 174 11
143 177 125 178 125 177 107 177 14
142 185 125 185 125 185 107 185 7
149 250 127 250 127 253 103 253 66
153 93 135 95 135 91 118 91 64
147 113 131 113 131 111 115 111 35
148 160 130 160 131 159 115 159 15
152 182 134 182 135 183 118 182 6
153 46 138 46 139 41 122 41 341
152 79 137 79 137 75 121 77 125
153 136 140 135 141 133 121 132 57
153 155 138 155 137 155 121 155 28
157 171 140 172 139 171 120 172 8
156 187 137 185 139 187 122 188 7
155 210 139 209 139 211 81 211 22
157 214 138 214 139 215 119 214 14
157 231 136 231 137 233 117 232 19
156 241 136 240 137 243 115 243 24
158 71 144 71 143 67 127 67 118
160 193 143 194 145 193 127 193 6
159 198 146 198 143 199 128 198 14
159 210 143 209 143 211 127 212 10
164 219 145 219 147 221 126 220 16
161 230 140 229 143 231 121 230 12
164 231 145 230 147 233 125 233 15
162 245 140 244 143 247 119 247 46
165 48 151 49 151 45 139 43 325
165 78 149 79 149 75 134 76 101
168 102 150 103 151 99 132 100 23
170 108 152 106 153 105 134 105 15
170 104 151 104 153 101 134 102 22
167 163 152 163 153 163 137 163 11
166 167 150 168 153 167 132 169 10
167 223 147 223 149 225 127 225 21
173 257 141 257 151 261 117 261 53
194 323 145 322 153 337 100 336 67
195 330 144 329 153 345 123 347 124
173 69 158 68 159 65 144 64 89
174 109 155 110 157 107 138 107 19
173 121 155 121 159 119 143 119 21
174 127 157 127 159 125 142 125 26
169 149 154 148 155 147 138 148 32
175 149 159 149 159 149 142 149 24
172 152 156 152 157 151 141 151 25
170 212 147 213 155 213 103 214 25
179 215 159 215 159 217 141 216 20
178 221 156 221 159 223 139 223 21
177 257 145 257 157 261 119 261 46
181 261 149 261 157 265 127 265 42
179 55 165 56 165 51 149 51 123
177 73 162 70 163 67 147 65 132
176 88 160 88 161 85 145 86 67
176 117 159 118 161 115 142 115 38
181 115 164 116 165 113 145 111 21
178 123 162 123 163 121 146 121 28
178 128 163 129 165 127 148 127 38
177 193 161 193 163 193 147 193 20
182 214 161 214 165 215 143 215 20
177 226 156 223 161 227 141 227 13
185 95 169 97 171 93 154 95 41
186 111 169 110 171 107 151 108 11
181 136 165 136 167 135 151 134 32
184 168 164 168 167 167 146 166 46
188 172 169 172 171 171 150 171 46
182 191 169 191 171 191 155 189 37
184 195 169 195 171 195 155 195 27
183 199 169 199 169 199 154 199 22
191 233 167 233 171 235 151 234 16
192 261 161 261 169 265 138 265 42
195 261 165 261 171 265 139 265 36
198 287 163 287 169 295 131 294 54
209 323 160 323 169 337 116 336 88
213 336 161 335 169 353 112 352 109
191 58 173 59 175 53 155 54 68
191 72 173 72 175 69 156 69 80
191 111 173 112 175 109 156 111 20
191 123 171 121 173 119 153 118 57
187 135 175 135 175 133 160 132 35
192 166 172 165 175 165 155 165 73
189 173 170 174 173 173 153 173 37
188 193 173 193 175 193 161 193 23
187 199 172 199 175 199 161 199 23
196 77 178 77 181 73 162 73 40
194 96 179 96 181 95 167 95 41
196 164 177 164 179 163 159 163 96
196 168 176 168 179 167 158 167 71
198 176 178 176 181 175 161 175 32
198 185 178 185 181 185 161 185 22
195 214 175 214 181 215 158 215 11
199 224 181 224 183 225 162 225 15
206 254 175 254 179 259 143 259 53
205 269 175 267 181 273 150 273 27
205 271 173 271 179 277 146 276 30
210 275 176 275 183 281 149 280 39
204 86 186 87 189 83 170 83 35
202 152 183 151 187 149 168 149 19
202 172 182 172 185 171 165 171 84
205 172 186 172 189 171 168 171 31
201 183 181 181 185 183 164 183 20
206 185 187 185 189 185 169 185 22
203 211 183 207 187 209 167 207 16
203 229 182 231 185 233 164 231 16
205 235 184 235 187 237 168 236 23
207 238 185 238 187 241 165 240 34
214 279 181 278 187 285 151 285 84
215 284 180 283 187 291 150 290 80
211 79 192 80 195 75 174 75 28
210 81 189 79 195 77 175 77 29
207 90 189 90 193 87 174 87 36
204 120 189 120 191 117 169 117 17
209 147 191 147 193 145 174 145 11
207 155 187 154 193 151 172 153 15
209 200 192 200 193 199 176 199 18
206 207 187 206 191 207 174 206 14
207 202 190 202 193 203 173 202 14
209 209 192 208 195 209 176 209 10
209 220 190 219 193 221 173 220 19
209 231 188 233 191 235 170 233 18
235 339 182 339 195 357 135 356 98
214 41 196 41 199 35 181 37 55
217 50 197 50 201 45 182 46 94
214 62 196 63 199 57 179 57 32
211 87 193 87 197 85 178 85 32
212 96 194 96 197 93 178 93 31
214 143 196 143 199 141 181 141 23
215 172 195 172 199 171 178 171 17
213 176 193 176 197 175 176 175 26
215 194 196 193 199 193 180 193 12
218 214 197 214 201 215 183 214 17
217 243 194 242 199 245 175 244 44
217 245 195 244 199 247 175 247 68
225 259 194 259 201 263 168 263 43
223 270 189 269 201 275 162 274 83
222 275 187 277 197 281 161 283 37
224 279 188 278 199 285 161 283 68
222 281 186 281 197 287 159 287 86
227 284 192 284 199 291 162 291 74
237 321 185 321 201 335 143 335 67
221 59 202 60 205 55 185 55 26
220 75 201 75 205 71 185 71 29
220 135 201 135 205 133 185 134 22
220 141 202 142 205 139 186 140 18
219 204 201 204 205 205 183 204 10
219 228 199 229 203 231 182 231 24
221 239 198 238 203 241 181 240 32
234 289 199 289 207 297 166 297 109
243 339 190 339 203 357 143 356 86
246 345 191 344 205 363 144 362 130
224 67 205 67 209 63 189 64 26
224 79 205 79 209 75 190 76 51
228 75 209 75 213 71 193 71 54
228 81 210 82 213 77 193 77 28
225 104 207 104 211 101 192 101 23
225 114 205 113 211 111 192 111 20
225 172 205 170 209 169 189 169 22
227 175 206 171 211 173 191 173 17
227 183 208 182 213 183 193 183 16
227 179 209 181 211 179 190 178 32
226 198 209 195 211 195 189 194 19
227 213 209 213 213 215 188 214 46
227 220 206 219 211 221 191 221 22
228 223 209 223 213 225 192 225 23
238 275 206 274 213 281 179 280 61
237 288 201 287 211 295 165 294 130
246 323 197 322 211 337 159 337 73
233 56 214 56 219 51 200 52 26
231 67 211 67 217 63 196 63 26
234 114 214 114 219 111 199 111 17
234 120 215 120 219 117 199 118 22
234 148 214 147 219 147 198 147 14
231 159 212 160 217 159 196 159 19
234 172 214 171 219 171 198 171 31
232 208 213 208 217 209 198 207 18
234 234 215 233 219 235 198 235 26
233 233 213 233 217 235 195 235 66
235 237 216 237 219 239 198 239 27
238 257 209 257 215 261 184 261 49
253 319 203 320 219 335 164 334 87
240 38 221 39 225 33 206 33 57
238 75 219 76 223 73 204 72 27
236 111 219 112 223 109 205 108 31
236 120 217 120 221 117 199 117 23
238 116 218 116 223 113 202 113 27
238 129 220 129 225 127 207 127 15
238 158 218 158 223 157 201 156 15
236 164 216 164 221 163 201 163 23
238 174 219 174 223 173 203 173 45
236 178 217 178 221 177 201 177 29
235 187 219 189 223 189 200 188 14
240 192 221 191 225 193 206 193 16
239 204 219 204 223 205 205 204 34
238 229 218 229 223 231 202 231 25
235 225 217 225 221 227 199 226 32
248 286 214 285 223 293 185 293 90
241 79 222 78 227 75 208 75 40
243 75 224 75 229 71 210 71 36
245 85 226 84 231 81 213 83 38
243 85 225 85 229 81 210 81 43
241 89 223 88 227 85 208 86 35
241 119 223 119 227 117 207 116 25
245 132 226 133 231 131 210 131 15
245 149 224 152 231 145 212 143 26
240 168 218 168 227 169 203 168 35
245 186 225 185 231 187 212 187 19
242 227 222 227 227 229 206 229 33
255 289 219 289 229 297 193 296 99
261 323 211 323 227 337 171 337 86
267 333 217 332 231 349 175 348 144
247 30 230 30 235 23 216 23 38
250 48 233 48 237 43 217 44 65
251 56 232 56 237 51 218 52 44
247 81 228 81 233 77 214 77 42
249 106 231 106 235 103 215 101 47
248 111 230 112 235 109 217 110 30
250 129 230 130 235 127 215 127 18
253 158 231 158 237 159 216 157 15
251 167 232 167 237 167 218 166 18
249 177 229 177 233 177 213 176 33
249 195 229 197 235 197 215 197 30
251 205 232 205 237 207 218 207 40
251 202 232 203 237 203 218 203 28
247 210 228 210 233 211 213 210 20
247 216 228 216 233 217 213 217 47
257 274 226 273 235 279 201 279 60
255 23 235 22 241 17 220 15 42
255 27 236 27 241 21 222 21 44
256 44 237 45 243 39 224 40 78
253 89 234 89 239 85 220 85 34
255 145 236 145 241 143 220 143 13
256 163 236 166 241 165 221 164 20
257 170 237 170 243 169 222 169 35
255 189 236 188 241 189 221 189 13
257 185 238 184 243 185 223 184 24
253 198 234 199 239 199 220 198 35
257 211 238 210 243 211 224 211 45
253 210 234 210 239 211 219 211 27
255 223 231 224 239 225 216 225 36
256 227 236 227 241 229 220 229 45
255 232 234 231 239 233 219 233 45
260 250 236 250 243 253 218 253 93
267 291 232 291 243 299 203 298 94
261 56 242 56 247 51 228 52 48
260 77 242 77 247 73 227 73 35
260 83 242 83 247 79 228 79 27
262 100 244 100 249 97 231 97 43
259 161 239 162 245 161 225 161 32
259 168 237 167 245 167 225 167 38
259 174 239 174 245 173 223 174 26
262 197 244 196 249 197 230 196 61
262 204 244 206 249 205 230 206 65
259 214 241 214 245 215 226 215 40
261 237 241 237 247 239 225 239 32
262 256 236 256 247 259 217 259 86
272 283 238 281 249 289 212 288 74
272 288 236 287 247 295 210 294 66
274 288 237 287 249 295 211 294 63
269 291 234 291 245 299 205 298 117
281 336 228 336 245 353 187 352 120
285 345 231 344 249 363 189 362 153
267 52 250 52 255 47 241 45 87
268 62 249 62 255 57 236 59 44
266 73 248 73 253 69 235 69 41
264 85 246 85 251 81 232 81 39
266 96 247 97 253 93 233 94 47
265 105 247 104 253 101 233 100 38
265 114 247 114 253 111 231 112 14
268 132 249 133 255 131 235 131 16
261 139 245 140 251 139 230 138 20
267 189 248 189 253 189 233 189 69
267 193 248 193 253 193 234 193 48
266 199 247 199 253 199 233 199 60
268 206 250 206 255 207 236 207 78
264 208 246 209 251 209 232 209 52
269 224 250 223 255 225 235 224 75
268 230 247 229 253 231 232 231 54
280 297 243 296 255 305 216 304 89
272 81 253 81 259 77 242 78 48
273 85 255 85 261 81 245 82 57
273 104 253 104 259 101 238 102 27
270 116 251 115 257 113 237 114 21
271 129 253 129 259 127 244 127 63
272 137 253 137 259 135 238 135 16
271 180 254 181 259 181 240 181 42
274 203 256 203 261 203 242 203 52
291 333 240 332 257 349 201 348 94
280 129 262 130 267 127 248 128 49
276 134 257 134 263 131 243 132 24
278 154 259 154 265 153 245 153 23
280 151 261 151 267 149 247 149 19
280 193 261 192 267 193 247 192 48
281 230 261 229 267 231 247 231 58
280 235 260 235 265 237 245 237 54
289 293 251 293 265 301 224 301 107
294 307 254 306 267 317 223 316 88
299 340 245 339 265 357 203 357 115
285 37 264 37 271 31 250 33 17
283 67 266 67 271 63 253 63 65
287 106 266 106 273 103 249 101 45
284 160 265 160 271 159 251 159 19
286 169 267 168 273 167 253 167 38
281 169 265 172 271 171 253 171 37
284 183 269 183 273 183 257 183 47
281 189 263 187 269 189 252 190 57
281 222 265 221 269 223 249 223 88
284 226 265 226 271 227 251 227 66
282 228 263 228 269 229 250 229 144
284 237 265 237 271 239 250 239 42
285 250 262 249 269 253 245 252 111
287 254 261 254 271 257 253 257 271
297 305 256 304 271 315 227 314 132
303 341 248 341 269 359 208 359 138
289 33 268 34 275 27 253 27 20
288 71 269 71 275 67 255 67 82
291 75 270 76 277 71 259 70 115
289 79 267 80 275 75 255 74 80
294 89 271 89 279 85 255 85 41
287 110 269 110 275 107 255 107 51
288 133 269 133 275 131 254 132 54
289 142 271 144 277 141 257 143 45
292 224 272 224 279 225 259 225 93
288 230 268 230 275 231 254 231 58
291 233 270 233 277 235 256 235 53
295 237 269 237 277 239 255 239 53
292 237 273 237 279 239 257 239 53
290 243 267 242 275 245 251 245 118
297 28 275 29 283 21 259 21 23
297 39 277 38 283 33 261 31 37
296 60 275 60 283 55 260 56 100
299 65 277 64 285 59 263 59 70
297 83 275 84 283 79 261 81 83
299 93 277 93 285 89 261 89 21
295 125 277 125 283 123 264 122 80
297 129 278 130 285 127 265 127 94
298 135 278 136 285 133 264 134 72
297 173 280 172 285 173 267 171 26
291 182 275 183 281 181 264 182 32
296 222 277 221 283 223 263 222 95
296 228 276 227 283 229 262 229 97
295 241 273 241 281 243 258 243 59
314 330 266 328 283 345 228 343 114
301 36 277 35 287 29 264 29 41
300 79 280 80 287 75 267 76 90
306 97 283 97 291 93 268 94 16
303 106 280 106 289 103 266 104 43
302 138 281 139 289 137 267 137 97
304 149 285 147 291 145 274 147 50
306 254 285 253 289 257 269 256 131
316 315 271 315 289 327 241 326 127
317 319 273 318 291 331 241 330 119
307 103 284 103 293 99 269 100 28
311 106 289 106 297 103 273 103 19
307 116 285 116 293 113 270 113 56
309 133 287 133 295 131 272 131 67
307 210 288 210 295 211 275 211 72
306 216 288 216 295 217 275 216 77
306 224 286 223 293 225 273 225 90
309 228 289 228 297 229 277 229 79
308 235 286 235 295 237 271 236 51
308 239 287 239 295 241 272 241 61
321 317 276 317 295 329 242 328 86
311 37 287 37 299 33 274 32 92
313 99 291 99 299 95 275 94 19
315 115 293 116 301 113 278 113 44
315 133 293 133 301 131 278 131 80
314 139 293 139 301 137 279 137 54
313 173 294 172 301 171 280 171 28
314 210 296 210 303 211 285 211 73
317 23 296 24 305 19 283 17 32
320 115 298 114 307 111 284 111 31
320 131 298 131 307 129 284 129 64
320 166 299 166 307 165 285 164 22
317 165 297 163 305 163 283 164 20
321 179 301 179 309 179 287 177 26
318 222 297 222 305 223 285 223 97
317 228 297 228 305 229 284 229 56
322 239 301 239 309 241 287 241 68
319 244 295 244 307 247 281 247 107
329 298 291 297 307 307 265 307 55
327 297 289 296 305 305 264 305 61
328 301 289 301 307 311 263 310 93
326 24 304 26 313 19 292 20 44
324 83 303 84 311 79 286 79 20
325 91 302 92 311 87 288 87 29
326 114 304 114 313 111 291 111 42
324 118 302 118 311 115 289 115 58
324 129 302 129 311 127 288 127 92
326 133 305 133 313 131 291 131 70
324 137 303 137 311 135 289 135 89
323 143 303 143 311 141 289 141 57
325 158 305 158 313 157 291 158 28
324 164 303 164 311 163 290 164 17
324 170 303 172 311 171 289 172 14
327 174 307 175 315 175 293 175 18
323 204 305 204 311 205 291 205 84
324 228 305 227 313 229 293 229 41
325 241 303 242 313 245 289 245 117
332 279 320 278 313 285 301 283 98
340 317 295 319 315 329 266 331 134
339 333 289 333 311 349 256 348 125
343 345 288 345 313 363 253 362 115
332 83 312 84 319 79 298 79 27
333 131 313 131 321 129 300 129 81
331 163 311 164 319 163 297 163 26
333 171 312 174 321 173 299 174 17
331 181 310 181 319 181 297 181 18
327 203 310 202 317 203 298 202 79
327 206 310 206 317 207 298 207 90
331 211 314 210 321 211 303 211 126
329 212 312 212 319 213 301 213 92
327 218 310 218 317 219 298 219 101
332 220 314 220 321 221 302 221 70
337 261 308 261 321 265 291 265 61
342 322 296 321 317 335 266 335 152
346 325 299 323 321 339 269 337 202
340 93 317 93 327 89 304 89 17
338 97 315 97 325 93 303 94 37
336 96 313 95 323 91 300 92 11
337 117 315 118 325 115 301 115 41
335 139 314 139 323 137 301 137 67
334 146 319 147 325 145 308 145 46
339 162 317 161 327 161 304 160 26
333 195 315 195 323 195 305 194 54
335 199 318 198 325 199 307 199 83
336 224 317 224 325 225 306 225 79
337 235 316 235 325 237 303 237 47
335 232 317 231 325 233 304 233 73
345 303 305 303 323 313 279 313 75
349 305 308 305 327 315 283 314 118
350 310 307 310 327 321 281 321 109
345 40 323 40 333 35 311 33 84
342 48 324 45 331 43 313 41 71
341 70 319 70 329 65 306 64 28
340 89 319 89 329 85 306 85 16
345 108 324 108 333 105 311 105 26
342 105 320 106 329 103 306 103 29
341 112 320 113 329 109 306 109 23
342 165 322 165 331 165 310 165 28
339 195 322 195 329 195 311 195 59
343 209 323 209 331 209 311 210 142
342 216 323 216 331 217 313 217 233
340 227 322 227 329 229 309 228 51
341 233 321 233 329 235 308 235 125
343 243 320 242 331 245 304 244 122
357 343 304 343 329 361 270 360 80
348 83 327 83 337 79 308 81 62
347 95 325 95 335 91 312 92 26
347 106 326 106 335 103 313 103 30
347 112 326 112 335 109 313 109 28
349 138 331 140 339 137 317 138 19
344 150 328 149 335 147 317 148 30
347 144 331 145 339 143 319 142 25
350 160 330 160 339 159 318 159 25
348 170 326 171 337 169 315 168 20
349 237 329 237 339 239 317 239 65
354 293 317 293 335 301 295 300 47
358 36 336 37 345 29 323 31 35
353 48 331 47 343 43 319 41 42
353 58 331 59 341 53 318 52 34
352 117 332 118 341 115 319 115 25
353 136 334 137 343 135 321 135 17
352 162 332 162 341 161 320 161 20
355 189 337 191 345 191 326 193 39
354 212 337 212 345 213 327 213 111
353 216 335 216 343 217 321 218 148
358 259 330 259 343 263 313 263 65
362 303 321 303 341 313 297 313 44
362 309 320 308 341 319 295 319 72
367 317 322 316 345 329 296 329 85
360 33 337 33 349 27 325 26 33
360 28 339 29 349 23 327 21 27
358 47 335 46 347 41 323 41 33
360 56 338 57 349 51 326 52 26
359 85 337 84 347 81 325 81 22
358 114 336 113 347 111 325 110 21
360 134 337 134 349 133 325 133 19
358 160 337 160 349 159 325 160 34
358 182 339 180 349 181 326 183 23
359 187 341 189 349 187 328 188 23
358 205 341 204 349 205 332 204 65
356 208 339 208 347 209 329 208 94
359 220 339 220 349 221 326 222 158
372 313 328 313 351 325 303 325 44
371 317 327 317 349 329 301 329 59
371 327 322 327 347 341 294 340 77
364 26 342 26 353 19 331 20 34
366 61 344 61 355 57 332 56 42
368 67 346 68 357 63 334 63 45
365 79 342 77 353 73 331 74 28
364 107 345 108 355 105 335 106 23
363 114 344 114 353 111 333 111 30
364 147 344 147 353 145 331 144 25
367 156 348 156 357 155 337 155 24
367 160 347 160 357 159 336 159 23
365 168 345 168 355 167 334 167 36
367 179 348 180 357 179 336 179 38
364 183 343 182 353 183 332 183 30
368 187 347 187 357 187 336 187 25
366 187 346 187 355 187 334 187 28
365 218 347 218 355 219 337 219 41
363 235 344 234 353 237 330 236 60
366 239 344 239 355 241 332 241 93
368 244 344 244 355 247 329 247 169
368 250 343 250 355 253 329 253 103
372 297 335 296 355 305 314 304 34
372 302 332 302 353 311 309 311 48
378 312 334 311 357 323 310 323 50
377 317 331 317 355 329 305 329 50
379 323 332 323 357 337 305 336 67
380 329 331 328 357 343 302 343 53
370 60 348 60 359 55 336 55 19
372 64 350 65 361 59 338 59 25
374 70 352 70 363 65 340 65 45
370 86 348 87 359 83 336 83 24
370 103 349 101 359 99 338 98 32
371 108 351 107 361 105 341 105 33
371 143 351 143 361 141 339 141 22
373 139 352 139 363 137 341 138 21
367 138 346 138 359 137 334 139 25
373 145 352 146 363 143 341 143 19
372 164 351 164 361 163 339 163 28
373 172 353 172 363 171 342 171 37
369 172 348 172 359 171 338 171 31
369 198 349 196 361 199 340 198 34
371 206 353 206 361 207 343 207 18
372 209 355 208 363 209 345 209 21
371 226 351 225 361 227 341 226 25
374 231 355 231 363 233 341 233 30
370 237 348 236 359 239 337 239 61
381 300 341 300 363 309 321 308 58
380 296 341 296 361 305 321 304 58
383 323 336 323 361 337 309 336 52
381 327 332 326 359 341 305 341 45
383 329 334 328 361 343 307 343 60
379 39 358 39 369 33 347 33 24
377 40 356 41 367 35 344 34 25
377 55 355 55 367 49 345 49 26
376 68 354 68 365 63 342 63 34
378 80 357 81 367 75 346 77 22
377 86 355 85 367 81 345 82 19
375 96 354 96 365 93 344 95 20
378 99 357 99 367 95 346 96 30
375 106 356 106 365 103 345 103 32
375 123 355 124 365 121 342 119 26
376 126 355 125 365 123 344 123 30
375 129 354 130 365 127 343 128 27
379 165 359 164 369 163 349 163 37
375 168 355 168 365 167 344 166 33
379 172 359 172 369 171 348 171 37
375 177 355 178 365 177 344 177 31
376 205 358 204 367 205 349 204 18
375 224 356 224 365 225 346 225 34
382 257 354 257 369 261 339 261 68
387 312 343 311 367 323 319 323 43
382 24 360 24 371 17 351 18 26
384 28 365 27 375 21 354 22 32
383 37 362 37 373 31 351 31 14
381 59 361 59 371 53 348 53 42
385 71 365 71 375 67 355 67 42
386 78 363 79 375 75 352 75 22
384 131 365 132 375 129 357 131 21
384 140 365 139 375 137 355 137 16
384 177 365 178 375 177 354 177 16
384 185 365 185 375 185 355 185 25
380 214 361 213 371 215 352 215 21
383 216 363 216 373 217 354 218 24
379 219 361 219 371 223 352 223 29
382 229 362 229 373 231 352 231 28
386 231 367 231 375 233 355 232 35
383 244 359 244 371 247 345 247 144
384 250 357 250 371 253 349 252 184
390 305 349 305 371 315 326 315 41
395 325 346 325 373 339 320 338 50
396 323 349 322 375 337 323 336 52
396 335 344 335 373 351 315 351 50
386 65 368 66 377 61 357 61 51
387 69 370 69 379 65 361 65 41
388 83 366 83 377 79 354 79 18
389 116 372 116 381 113 362 114 25
389 133 367 134 377 131 357 132 41
388 150 369 151 379 149 359 149 17
388 172 368 171 379 171 359 170 25
389 167 371 167 381 167 361 167 20
388 183 368 181 379 183 358 182 17
387 203 370 203 379 203 361 203 24
389 209 372 208 381 209 364 209 30
391 222 371 223 381 223 361 223 37
388 230 369 229 379 231 358 231 40
389 235 369 235 379 237 357 237 65
397 40 375 40 387 35 364 35 35
391 65 374 65 383 61 364 61 63
391 72 374 71 383 67 365 67 41
393 81 372 81 383 77 361 77 37
395 93 373 93 385 89 363 90 22
395 127 375 125 387 125 366 124 21
392 172 373 171 383 171 363 170 22
391 189 374 189 383 189 364 191 20
391 207 375 206 383 207 366 207 29
393 209 377 208 385 209 368 209 41
394 218 375 217 385 219 366 218 40
397 229 378 229 387 231 365 231 104
392 227 373 228 383 229 363 229 26
395 243 373 242 385 245 360 245 106
396 257 368 257 383 261 353 260 81
401 303 359 303 383 313 338 313 52
405 305 363 304 387 315 342 314 40
403 26 381 27 393 19 370 20 65
403 43 381 43 393 37 370 38 27
401 44 379 45 391 39 368 39 24
403 56 381 57 393 51 370 51 38
400 83 379 83 391 79 370 79 27
403 100 381 100 393 97 371 97 25
403 112 383 111 393 107 372 105 22
398 119 377 118 389 117 367 118 32
400 124 380 124 391 121 371 121 22
399 150 383 150 391 149 375 149 31
398 174 379 173 389 173 369 172 21
401 200 384 201 393 201 375 201 23
402 218 383 218 393 219 373 219 59
400 227 380 228 391 229 371 229 54
409 296 370 296 393 305 351 304 49
407 308 364 308 389 319 342 318 49
409 47 386 46 399 41 376 41 30
407 53 385 53 397 47 374 47 33
404 85 384 85 395 81 374 81 42
405 89 384 89 395 85 374 85 49
406 97 385 96 397 93 375 93 38
408 129 388 129 399 127 378 127 20
404 128 384 128 395 125 375 125 17
408 146 388 147 399 145 379 146 40
403 170 384 170 395 169 375 169 18
405 183 387 183 397 183 375 182 17
403 196 386 196 395 197 378 195 14
405 212 386 212 397 213 377 213 41
405 208 386 208 397 209 377 209 33
407 214 388 214 399 215 379 215 40
408 241 386 241 399 243 376 243 116
404 237 383 237 395 239 372 239 109
416 307 373 306 399 317 353 317 44
412 33 392 34 403 27 380 28 51
410 36 390 36 401 31 378 31 47
412 47 391 48 403 41 380 41 38
414 90 393 91 405 87 384 87 29
411 153 393 151 403 153 383 153 36
412 201 393 199 405 201 387 200 24
408 198 391 199 401 199 383 198 26
413 214 394 214 405 215 385 215 57
411 224 392 223 403 225 383 224 95
410 221 390 221 401 223 381 223 52
410 226 390 226 401 227 381 227 116
414 235 393 235 405 237 383 237 87
412 237 391 237 403 239 380 239 106
414 243 392 243 405 245 381 245 109
412 256 384 254 401 259 368 260 81
417 263 387 262 405 267 373 267 43
420 39 398 39 411 33 389 33 33
417 48 394 49 409 43 383 45 38
418 55 396 54 409 49 386 48 51
420 81 399 82 411 77 389 77 54
417 108 399 109 409 105 387 104 33
415 170 398 171 407 171 390 169 38
418 172 402 171 411 171 394 170 47
417 170 399 167 409 169 390 170 38
415 176 399 176 409 175 392 175 49
416 179 399 180 409 179 390 179 44
415 189 396 189 407 189 388 189 18
417 185 399 186 409 185 391 185 26
417 191 398 191 409 191 389 191 17
414 195 398 194 407 195 389 195 21
416 197 400 197 409 197 392 197 24
416 199 400 199 409 199 392 199 28
417 212 398 212 409 213 392 214 64
415 220 396 220 407 221 387 221 67
416 222 396 221 407 223 387 223 51
415 226 396 226 407 227 387 227 105
416 239 394 239 407 241 384 241 98
423 24 403 24 415 19 394 19 27
425 32 404 32 417 25 395 27 23
425 55 403 55 417 49 394 49 55
426 63 406 63 417 59 398 59 76
423 72 405 74 417 69 397 69 88
424 69 407 70 417 65 399 66 111
421 72 397 69 413 67 388 65 93
424 83 403 85 415 81 394 80 36
425 96 409 96 417 93 399 91 83
424 133 402 133 415 131 393 131 29
425 144 407 144 417 143 396 143 57
425 155 405 154 417 153 396 153 34
421 187 403 187 413 187 394 187 27
424 191 407 191 417 191 400 191 26
425 222 406 222 417 223 397 223 43
421 220 402 221 413 221 393 222 68
423 237 402 237 415 239 393 239 86
428 290 408 289 413 299 392 297 71
431 291 413 290 417 299 397 298 60
427 34 407 36 419 29 396 28 28
429 36 409 38 421 31 399 32 28
429 58 408 59 421 53 399 54 52
429 62 408 62 421 57 400 58 53
429 67 410 67 421 63 403 63 83
429 152 409 152 421 151 400 151 53
429 160 408 160 421 159 400 159 44
429 166 410 166 421 165 401 165 84
430 171 409 171 423 171 401 170 102
429 178 411 177 423 177 403 177 47
427 180 409 180 419 179 399 179 60
430 183 411 182 423 183 404 184 43
426 189 410 189 419 189 402 188 21
426 195 410 195 419 195 402 195 29
429 210 409 210 421 211 401 211 46
428 214 412 214 421 215 404 215 35
429 220 409 219 421 221 402 220 30
432 241 410 241 423 243 400 243 102
430 245 407 243 421 247 397 246 79
430 262 401 262 419 267 388 266 44
434 286 418 288 421 295 404 295 56
435 24 413 24 427 17 404 17 35
433 35 412 35 425 29 403 30 37
437 39 416 39 429 33 405 32 52
433 73 410 73 425 69 402 69 86
435 79 415 80 427 75 406 75 93
434 106 417 106 427 103 408 102 60
435 142 414 143 427 141 405 142 85
434 182 416 181 427 181 408 181 175
432 193 414 193 425 193 408 193 48
434 195 417 194 427 195 410 195 60
436 198 419 197 429 199 412 198 106
437 235 416 235 429 237 407 237 62
433 235 411 235 425 237 403 237 73
439 253 411 253 429 257 399 256 65
440 264 410 264 429 269 398 268 43
442 305 416 304 427 315 397 317 85
439 25 418 26 431 19 408 19 32
439 37 418 37 431 31 409 31 44
439 42 418 42 431 37 407 38 49
441 187 426 188 435 187 419 187 66
441 193 426 193 435 193 419 193 70
442 220 424 220 435 221 417 219 126
438 231 418 231 431 233 410 233 103
441 241 417 241 433 243 409 243 85
445 255 419 255 435 259 409 260 54
445 257 416 257 435 261 403 262 46
445 301 421 303 431 311 403 309 84
446 42 427 42 439 37 415 35 60
446 49 426 49 439 43 418 43 48
449 60 426 57 441 55 419 55 41
445 97 429 99 439 95 423 96 155
447 162 428 161 441 161 423 159 339
443 189 428 189 437 189 421 189 145
447 189 432 189 441 187 425 186 93
446 222 428 222 439 223 420 223 103
444 224 425 224 437 225 418 225 138
446 233 426 233 439 235 418 235 73
449 246 426 245 441 249 416 249 97
451 257 422 256 441 261 411 263 53
452 264 422 264 441 269 411 269 36
450 269 418 270 439 275 405 275 48
454 25 434 26 447 19 426 19 43
450 27 430 28 443 21 422 21 33
454 30 434 30 447 23 426 24 49
450 33 430 34 443 27 421 28 42
453 36 433 36 447 31 425 29 55
453 73 435 72 445 69 427 68 201
453 83 436 83 447 79 428 79 395
449 87 434 87 443 83 427 84 373
453 100 436 100 447 97 429 97 267
451 104 435 106 445 101 428 103 263
451 118 430 118 443 115 422 115 106
454 125 434 126 447 123 433 124 332
452 131 432 130 445 129 423 129 393
454 139 434 139 447 137 426 137 432
450 160 432 159 443 159 424 158 332
454 160 434 160 447 159 426 158 430
449 199 433 197 443 199 427 199 146
452 203 437 203 447 203 432 203 243
449 207 434 207 443 207 427 207 205
450 224 432 224 443 225 425 225 133
452 250 425 250 443 253 416 252 52
451 248 425 250 443 251 418 251 62
456 56 439 55 449 51 437 53 119
455 81 441 81 451 77 435 78 254
458 91 440 90 451 87 433 87 329
460 87 446 87 453 83 437 83 602
455 88 438 88 449 85 431 85 436
455 98 438 98 449 95 431 95 349
460 141 439 141 453 139 431 139 234
456 157 436 158 449 157 427 158 403
457 210 439 210 451 211 432 211 435
457 222 439 222 451 223 432 223 126
460 229 441 229 453 231 432 231 192
458 231 437 231 451 233 430 233 61
460 235 440 235 453 237 432 237 82
458 235 438 235 451 237 430 237 106
458 239 436 239 451 241 428 241 81
457 241 435 241 449 243 426 243 65
462 303 435 303 449 313 419 313 61
463 65 441 63 457 61 435 61 174
461 92 444 93 455 89 436 88 310
465 110 446 110 459 107 439 107 170
462 133 442 132 455 131 435 130 268
462 139 442 139 455 137 434 137 200
466 149 445 148 459 147 438 147 277
462 203 448 203 457 203 442 203 195
465 213 447 212 459 213 441 213 314
468 229 448 229 459 231 438 231 146
466 241 444 240 459 243 436 242 82
467 108 449 108 461 105 442 105 242
472 135 452 135 465 133 445 133 263
469 139 450 139 463 137 442 137 147
468 143 448 143 461 141 440 141 194
470 156 449 156 463 155 442 154 500
467 166 445 166 461 165 439 165 443
471 162 452 162 465 161 444 161 423
466 197 449 197 461 197 445 197 123
470 201 456 201 465 201 451 201 254
468 209 453 207 463 209 448 207 283
471 222 453 222 465 223 446 223 145
469 233 448 233 461 235 440 235 92
470 243 447 243 463 245 439 245 87
470 247 446 247 463 249 438 249 71
474 51 453 51 467 45 445 45 76
477 48 456 48 471 43 451 44 57
477 54 456 54 471 49 449 49 60
475 62 454 62 469 57 447 57 73
474 68 453 67 467 63 445 63 83
478 66 457 68 471 63 449 63 74
478 72 457 72 471 67 449 67 65
473 94 453 93 467 89 446 90 267
478 139 457 138 471 137 450 136 193
473 160 455 160 467 159 453 159 489
473 170 455 170 467 169 447 169 324
476 201 462 201 471 201 457 201 128
476 197 462 197 471 197 457 197 133
472 205 458 205 467 205 453 205 203
477 224 458 224 471 225 452 225 176
475 220 457 220 469 221 450 221 243
479 253 453 253 471 257 444 257 41
483 35 462 35 477 29 455 29 61
483 66 462 66 477 61 456 61 112
481 75 461 76 475 71 454 72 133
478 96 458 96 473 93 452 93 163
481 110 460 110 475 107 453 107 213
481 115 461 116 475 113 454 113 349
480 153 459 153 475 153 453 152 488
479 193 467 193 475 193 461 194 87
478 209 463 208 473 209 458 208 237
483 229 463 229 477 231 456 231 92
485 263 456 264 475 267 444 265 64
489 60 468 60 483 55 462 55 62
489 72 469 71 483 67 462 67 70
487 87 466 86 481 83 460 82 159
485 108 464 108 479 105 457 105 218
489 112 468 112 483 109 461 109 187
485 152 464 151 479 151 457 149 533
487 191 474 191 483 191 469 191 333
487 208 475 209 483 209 470 209 362
488 234 468 234 483 235 463 235 114
488 233 467 234 481 235 461 235 171
489 243 467 242 483 245 459 245 82
486 255 459 255 479 259 450 259 51
491 253 464 253 483 257 455 257 60
486 259 460 259 479 263 449 263 56
491 259 463 259 483 263 455 263 62
492 305 470 304 481 315 457 314 99
493 27 473 27 487 21 467 21 107
495 38 474 38 489 33 468 33 109
493 57 472 58 487 53 466 53 71
493 67 473 67 487 63 466 63 51
493 77 473 77 487 73 467 74 74
491 76 471 75 485 71 464 71 82
493 106 474 106 487 103 468 102 226
494 121 476 121 489 119 470 117 317
492 125 471 123 487 123 467 122 468
491 131 471 131 485 129 466 129 295
491 135 470 135 485 133 463 133 246
493 139 474 138 487 137 467 136 152
493 193 480 193 489 193 475 194 344
489 199 475 199 485 199 471 199 380
489 203 476 203 485 203 472 203 198
491 211 470 211 487 211 465 211 418
490 218 473 218 485 219 467 218 158
493 225 474 225 487 227 466 227 210
494 232 475 232 489 233 469 233 112
496 25 476 25 491 19 470 19 91
500 29 480 29 495 23 474 23 71
497 36 477 36 491 31 470 31 83
498 52 478 51 493 47 473 47 131
500 64 480 63 495 59 474 58 90
496 69 476 69 491 65 470 65 56
501 72 481 69 495 67 475 65 114
496 85 477 84 491 81 471 80 91
498 118 479 117 493 115 473 115 227
496 151 476 149 491 149 470 148 248
500 158 482 159 495 157 476 158 248
496 160 478 161 491 159 472 160 425
495 177 481 177 491 177 476 177 333
496 174 481 174 491 173 476 173 402
500 243 479 242 495 245 472 244 57
504 255 475 255 495 259 467 259 66
505 343 451 342 493 361 432 360 19
502 25 482 25 497 19 476 19 64
504 29 484 29 499 23 478 23 71
506 38 486 39 501 33 480 34 114
502 60 483 60 497 55 477 55 98
504 65 485 66 499 61 479 61 207
506 63 487 64 501 59 481 60 85
506 108 487 108 501 105 482 105 107
502 110 483 110 497 107 478 108 112
502 123 484 124 497 121 478 122 193
502 129 485 130 497 127 479 128 186
502 160 484 160 497 159 478 159 434
502 174 486 176 497 173 480 174 451
504 216 486 217 499 217 480 219 201
502 219 484 219 497 219 478 219 280
502 224 483 224 497 225 478 225 210
505 241 483 240 499 243 476 243 82
506 237 485 237 501 239 479 239 127
511 97 491 96 505 93 486 93 120
508 100 489 100 503 97 483 97 134
511 104 491 104 507 101 485 101 212
510 143 490 142 505 141 485 140 96
512 145 493 145 507 143 487 143 143
508 147 489 147 503 145 483 145 159
509 187 496 187 505 187 492 187 365
509 210 491 210 505 211 487 211 368
511 215 494 215 507 215 489 215 205
511 222 494 222 507 223 489 223 204
507 228 487 228 503 229 484 229 244
510 233 491 233 505 235 485 235 136
508 237 487 237 503 239 481 239 144
507 245 479 245 503 247 479 247 103
509 243 486 243 503 245 480 245 89
513 253 486 253 507 257 478 257 94
514 285 477 284 507 291 468 291 47
510 286 473 285 503 293 463 293 42
512 305 469 305 503 315 455 315 77
516 336 463 336 505 353 445 353 25
514 34 495 34 509 29 490 28 81
518 36 499 36 513 31 493 31 76
514 45 495 44 509 39 490 39 82
514 51 495 53 509 47 491 47 63
514 57 495 57 509 53 491 52 193
518 61 499 61 513 57 494 57 69
518 65 500 65 513 61 494 61 102
514 67 495 67 509 63 489 63 58
514 108 494 108 509 105 488 105 158
514 141 494 140 509 139 489 138 128
518 152 498 152 513 151 493 150 171
514 150 495 150 509 149 489 149 146
517 178 503 177 513 177 500 177 350
513 179 500 180 509 179 496 179 323
513 226 496 226 509 227 491 227 242
517 250 485 250 511 253 479 252 99
518 263 488 263 513 267 481 267 82
519 268 489 268 513 273 480 273 76
518 280 481 280 511 287 472 287 53
520 284 483 284 513 291 473 291 44
517 291 478 291 509 299 467 299 45
523 330 471 330 513 345 455 347 28
520 335 466 335 509 351 450 351 33
519 340 464 340 509 357 447 359 22
521 345 464 345 509 363 459 362 28
519 42 501 42 515 37 496 37 88
519 48 500 48 515 43 495 43 112
521 59 503 60 517 55 499 55 97
521 71 503 71 517 67 501 66 154
522 127 502 127 517 125 496 126 223
521 137 503 137 517 135 498 134 247
521 139 504 139 517 137 499 137 205
524 149 504 148 519 147 499 147 165
521 155 502 155 517 153 497 153 128
522 152 502 153 517 151 497 151 163
520 161 501 161 515 159 495 159 155
522 185 509 185 519 185 506 185 218
520 197 505 196 517 197 501 196 284
519 226 502 225 515 227 496 227 147
520 251 492 251 515 255 486 255 75
525 266 494 266 519 271 487 271 143
526 296 486 296 519 305 475 305 38
521 312 475 312 517 323 467 323 75
525 344 469 345 515 363 453 363 25
525 27 507 26 521 21 502 21 136
529 50 511 50 525 45 507 45 159
525 53 508 53 521 49 503 49 114
525 77 506 77 521 73 501 73 112
529 77 510 77 525 73 505 73 49
529 93 510 92 525 89 505 89 75
525 119 508 119 521 117 503 117 120
525 145 507 144 521 143 502 143 207
529 146 510 146 525 145 506 145 139
525 160 506 160 521 159 501 159 171
529 158 510 158 525 157 505 157 150
526 201 514 200 523 201 511 200 324
525 212 509 212 521 213 505 213 287
525 222 508 222 521 223 504 223 124
529 262 498 263 523 267 491 267 113
529 268 498 268 523 273 490 273 108
531 285 490 287 525 293 482 293 47
523 317 476 317 521 327 470 327 61
531 55 514 55 527 51 510 51 244
535 63 514 67 531 59 511 59 137
535 72 515 72 531 67 511 67 106
535 147 516 146 531 145 512 145 117
533 154 515 154 529 153 510 153 87
531 175 514 174 527 175 512 176 313
534 189 522 189 531 189 519 189 148
532 185 520 186 529 185 517 185 299
530 195 518 194 527 195 515 195 201
532 191 519 190 529 191 515 189 408
532 205 519 205 529 205 517 203 264
535 213 519 212 531 213 515 213 281
533 214 517 214 529 215 513 215 130
533 220 513 221 529 221 513 221 201
534 291 494 290 527 299 484 299 38
538 299 496 300 531 309 485 309 85
536 301 494 301 529 311 481 311 83
541 51 529 50 537 45 526 45 408
539 47 529 47 537 43 526 43 390
536 49 515 52 533 45 512 45 285
537 73 518 74 533 69 513 69 121
540 103 523 103 537 101 519 100 186
540 110 519 112 537 107 515 109 217
540 131 524 131 537 129 521 130 264
539 146 520 147 535 145 516 145 78
541 152 522 153 537 151 518 151 108
537 154 518 154 533 153 514 153 110
539 156 520 156 535 155 516 155 73
536 170 520 169 533 169 515 169 194
538 189 526 189 535 189 523 189 189
538 209 523 209 535 209 519 209 201
540 211 525 210 537 211 522 211 258
536 218 521 218 533 219 517 219 211
541 218 525 218 537 219 521 219 247
542 264 512 264 537 269 503 269 99
541 268 509 268 535 273 502 273 87
543 270 509 270 537 275 513 274 153
545 337 491 337 537 353 478 353 20
546 26 530 25 543 21 526 20 311
546 37 533 35 543 33 531 32 479
544 45 533 45 541 41 530 39 380
542 86 524 87 539 83 520 83 138
544 108 523 109 541 105 519 107 356
542 119 525 120 539 117 521 117 196
545 139 527 139 541 137 523 138 247
543 149 525 149 539 147 520 147 73
544 151 527 150 541 149 522 149 82
542 174 525 174 539 173 521 173 229
543 189 533 189 541 189 530 188 216
546 199 532 199 543 199 528 199 249
543 222 525 222 539 223 523 223 155
543 235 514 237 539 237 509 238 124
546 261 516 261 541 265 509 265 80
549 341 493 341 541 359 479 359 19
553 49 537 50 549 45 533 46 576
548 87 530 86 545 83 526 83 110
552 92 534 92 549 89 530 89 209
550 131 534 131 547 129 531 129 266
548 195 536 195 545 195 533 195 285
550 205 535 205 547 205 528 205 285
551 260 521 260 547 265 516 265 79
553 270 518 271 549 275 515 275 122
554 275 520 275 549 281 512 282 88
552 343 497 342 545 361 483 361 14
554 67 538 67 551 63 534 63 331
558 78 550 79 555 75 546 76 361
556 90 538 91 553 87 534 88 216
556 106 535 107 553 103 532 105 397
558 116 542 114 555 113 539 113 325
558 133 541 132 555 131 537 131 221
556 145 539 145 553 143 536 144 266
553 189 543 189 551 189 540 188 344
554 203 539 202 551 203 536 202 264
554 213 535 214 551 213 535 213 240
554 209 539 208 551 209 533 207 187
558 216 541 216 555 217 538 217 266
554 231 535 229 551 233 531 231 122
559 262 528 262 555 267 523 267 59
557 259 526 259 553 263 520 263 95
555 268 525 268 551 273 518 273 110
559 275 526 274 555 281 519 281 63
556 301 513 301 551 311 505 311 114
560 41 551 41 557 37 549 37 478
560 92 542 93 557 89 538 89 247
559 99 541 99 557 97 538 96 284
564 125 551 123 561 123 547 122 374
564 131 546 131 561 129 543 129 189
562 164 545 164 559 163 542 163 738
562 213 546 213 559 213 542 213 175
560 218 544 219 557 219 540 219 242
562 234 543 233 559 235 539 234 95
560 260 530 260 557 265 525 265 60
561 266 531 266 557 271 525 271 64
562 278 529 277 557 285 522 283 48
566 299 523 299 561 309 515 309 75
563 327 512 327 557 341 501 341 16
563 334 510 334 557 351 498 351 19
563 331 511 331 557 347 499 347 20
567 67 558 67 565 65 556 65 385
567 100 553 100 565 97 550 97 297
568 118 552 117 565 115 549 115 347
566 116 550 115 563 113 547 113 331
565 156 548 157 563 155 545 156 347
565 170 555 169 563 169 552 169 339
567 235 547 234 563 237 543 235 79
569 271 535 271 565 277 530 277 73
569 298 530 297 567 307 521 307 74
566 298 523 298 563 307 517 307 70
568 303 525 303 563 313 517 313 61
568 337 513 337 563 355 502 354 22
576 39 560 39 573 35 556 35 198
575 135 558 135 573 133 555 133 282
575 148 559 147 573 147 556 145 443
571 154 555 156 569 153 552 155 451
573 160 564 159 571 159 562 158 252
575 187 559 185 573 185 557 184 198
572 205 554 204 569 205 552 205 146
569 212 554 213 569 213 551 213 126
573 226 556 226 571 227 553 227 192
574 296 534 295 571 305 526 305 88
576 301 534 301 571 311 526 311 70
573 320 525 320 569 333 514 334 18
574 315 526 315 569 329 517 328 28
577 328 526 328 573 343 516 341 17
581 41 565 41 579 37 562 37 150
577 95 568 95 575 93 566 93 202
580 101 572 98 579 97 570 96 259
577 115 568 114 575 113 566 112 312
577 166 567 166 575 165 565 166 282
577 191 562 191 577 191 559 191 95
581 212 566 212 579 213 564 213 140
580 219 566 219 579 219 564 219 133
577 222 560 222 575 223 558 223 199
577 228 560 228 575 229 557 229 168
582 315 535 314 579 327 528 327 21
581 325 537 324 577 339 529 338 25
586 58 581 56 585 55 579 55 364
584 73 579 72 583 71 577 71 130
586 79 579 80 585 77 578 78 238
582 89 573 89 581 87 571 87 254
584 85 576 85 583 83 574 83 189
587 93 578 93 585 91 576 90 262
585 99 576 101 583 99 574 99 208
586 114 578 117 585 115 576 117 185
587 123 577 122 585 121 579 123 231
586 137 581 135 585 135 579 133 254
587 155 581 155 585 153 580 155 288
587 168 577 167 585 167 576 166 218
585 174 575 174 583 173 573 173 200
583 178 573 178 581 177 571 177 207
587 184 567 184 585 183 571 183 173
587 195 571 195 585 195 569 195 102
587 201 571 200 585 201 569 200 101
585 214 571 215 583 215 568 215 160
588 315 542 315 585 327 536 328 25
584 316 536 316 581 329 529 328 23
590 321 539 323 585 337 530 337 20
585 340 530 339 581 357 520 357 18
589 342 532 341 585 359 523 360 18
593 57 587 57 591 55 585 55 274
589 97 580 96 587 95 579 95 161
589 117 584 115 587 115 583 115 202
589 124 582 124 587 123 581 123 227
591 120 587 120 591 119 585 119 281
588 132 583 132 587 131 581 130 266
592 137 587 137 591 135 585 135 286
589 156 583 156 587 155 581 155 300
589 164 583 162 587 163 581 161 325
589 177 579 178 587 177 575 177 316
590 195 574 195 589 195 572 195 109
592 206 575 206 589 207 572 207 241
589 275 537 273 587 281 531 280 63
589 290 547 291 587 299 545 298 80
592 335 538 335 589 351 529 350 19
595 91 586 91 593 89 584 89 245
596 101 587 102 595 99 586 100 113
601 115 595 114 597 115 592 115 110
596 124 591 124 595 123 589 123 229
598 123 593 121 597 121 591 121 352
596 156 591 156 595 155 589 155 186
598 189 582 189 597 189 580 189 165
596 189 581 188 595 189 579 188 157
595 228 577 228 593 229 574 229 145
597 275 545 274 595 281 540 280 56
597 289 556 289 595 297 553 297 69
596 315 551 316 597 329 544 329 18
602 70 597 71 601 69 595 69 62
600 75 595 75 599 73 593 73 52
602 108 597 108 601 107 594 107 85
604 124 599 125 603 123 597 123 131
602 120 596 120 601 119 595 119 166
604 129 599 131 603 131 597 132 137
602 136 597 136 601 135 595 135 166
604 156 599 156 603 155 597 155 149
600 160 594 160 599 159 593 159 212
600 181 584 181 599 181 582 181 359
603 187 586 186 601 185 583 183 313
604 194 588 195 603 195 586 195 152
600 201 584 201 599 201 582 201 233
602 209 586 209 601 209 584 209 267
604 210 588 208 603 209 586 209 176
605 226 587 226 603 227 584 227 177
602 261 551 261 601 267 548 265 47
602 287 563 287 601 295 559 295 72
600 293 560 293 599 301 557 301 64
604 305 557 309 603 317 554 317 25
602 331 547 333 599 349 539 351 17
610 55 605 54 609 53 603 53 114
610 63 605 62 609 61 603 61 127
605 87 601 86 609 85 601 85 150
606 93 601 92 605 91 599 91 104
609 104 603 104 607 103 601 103 166
611 108 605 108 609 107 603 107 135
610 118 600 118 607 117 599 117 129
606 122 600 122 605 121 599 121 167
608 128 603 131 607 127 601 125 122
606 134 600 134 605 133 599 133 150
610 152 604 152 609 151 603 151 144
606 154 600 154 605 153 599 153 143
606 173 598 174 605 173 596 173 385
610 187 597 187 609 187 595 187 320
607 202 590 202 605 203 588 202 238
610 217 594 216 609 217 592 217 328
606 220 590 220 605 221 588 220 276
610 224 594 224 609 225 592 225 278
611 273 576 273 609 279 572 279 86
611 285 573 285 609 293 569 293 64
606 291 567 291 605 299 563 299 65
610 311 564 311 609 323 558 323 15
608 344 551 344 607 363 544 363 17
612 57 607 56 611 55 605 55 80
616 55 611 55 615 53 610 53 124
616 61 610 61 615 59 609 59 123
612 83 609 82 615 81 605 81 101
611 95 605 95 611 93 605 93 209
609 91 607 90 611 89 605 89 89
614 95 608 94 613 93 607 93 104
616 98 610 97 615 97 609 96 113
614 104 608 104 613 103 607 103 99
612 114 606 114 611 113 605 113 71
612 124 606 125 611 123 605 124 182
614 120 608 120 613 119 607 119 123
616 128 610 127 615 127 609 128 123
612 131 606 131 611 131 605 131 148
614 134 608 134 613 133 607 133 144
612 148 606 148 611 147 605 147 70
614 154 608 154 613 153 607 153 125
617 178 604 177 615 177 601 175 199
612 189 598 189 611 189 597 189 288
612 205 596 205 611 205 594 205 271
614 218 598 218 613 219 597 219 345
612 289 574 289 611 297 570 297 56
618 58 613 58 617 57 611 57 122
621 71 615 71 617 71 612 70 66
621 79 614 79 619 79 615 77 47
621 93 614 92 619 91 613 91 110
620 103 615 102 619 101 613 101 134
621 104 614 104 619 103 613 103 181
620 114 614 114 619 113 613 113 82
620 120 614 120 619 119 613 119 80
620 126 614 126 619 125 613 125 159
620 134 614 134 619 133 613 133 123
620 148 613 148 619 147 613 147 172
620 191 606 192 619 191 604 191 235
621 210 606 210 619 211 604 211 253
618 214 603 214 617 215 602 215 469
620 216 605 216 619 217 604 217 249
622 271 585 272 621 277 585 275 93
619 275 585 276 619 281 582 281 95
617 341 559 339 617 359 555 359 20
626 98 620 98 625 95 619 97 93
626 136 618 136 625 135 617 135 119
626 148 619 147 625 147 618 147 100
624 150 617 150 623 149 616 149 107
626 154 619 154 625 153 617 153 121
626 191 611 192 625 191 610 192 313
624 200 609 202 623 201 608 201 169
626 211 611 211 625 211 610 211 288
624 215 609 215 623 215 608 215 220
626 218 611 218 625 219 610 219 343
627 259 599 259 627 263 597 263 73
623 266 591 266 623 271 589 271 51
623 287 585 287 627 293 587 293 57
633 63 623 63 633 61 623 61 95
631 74 625 74 631 73 624 72 46
631 85 621 85 633 83 627 83 198
630 93 624 92 629 91 623 91 127
630 101 624 101 629 99 623 98 92
634 95 628 95 633 95 627 93 107
634 120 626 120 633 119 625 119 100
634 134 627 134 633 133 626 133 154
634 138 627 138 633 137 626 137 105
630 140 622 140 629 139 621 139 125
630 152 623 152 629 151 621 151 99
634 150 626 150 633 149 625 149 113
634 203 623 203 633 203 622 203 346
632 205 618 205 631 205 617 205 378
631 213 617 212 631 211 613 211 495
633 273 599 273 633 279 597 279 125
629 269 597 269 629 275 595 274 76
629 275 594 275 629 281 592 281 105
639 57 629 57 637 55 629 55 101
636 77 629 76 635 75 630 75 64
636 73 629 72 635 71 629 71 58
638 75 633 75 637 73 632 73 53
635 89 631 88 635 87 625 87 101
638 93 632 92 637 91 631 91 93
640 93 634 92 639 91 633 91 107
637 107 628 107 637 105 628 105 175
640 111 632 110 639 109 631 109 96
637 118 630 118 637 117 629 117 79
635 116 629 117 635 115 627 115 92
640 124 632 124 639 123 631 123 113
639 148 631 148 637 147 629 147 196
636 146 628 145 635 145 627 145 104
638 156 631 156 637 155 630 155 93
636 160 629 160 635 159 628 159 67
636 178 627 177 635 177 627 178 197
637 198 626 198 637 199 625 198 168
640 205 629 205 639 205 628 205 169
638 205 627 205 637 205 626 205 175
635 228 618 228 635 229 615 229 170
645 232 629 231 639 233 619 233 69
636 277 601 276 637 283 600 283 120
633 283 597 283 637 289 599 289 59
636 335 582 335 637 351 578 351 14
635 345 579 344 637 363 575 363 18
644 65 638 65 643 63 637 63 92
642 113 634 112 641 111 633 111 107
646 122 638 122 645 121 638 121 176
644 126 636 126 643 125 636 126 93
645 136 637 136 645 135 637 135 136
642 140 634 140 641 139 633 138 121
644 154 636 154 643 153 635 153 102
646 158 639 157 641 157 633 157 154
644 168 636 168 643 167 635 167 64
645 174 631 171 645 173 634 173 151
644 183 633 183 643 183 632 183 138
646 203 635 203 645 203 634 203 194
644 205 632 205 643 205 632 205 130
641 209 630 209 641 209 629 209 134
645 211 634 211 645 211 633 211 102
642 263 611 263 643 267 610 267 173
642 268 610 268 643 273 609 273 193
644 271 611 271 645 277 610 277 206
647 57 643 56 647 55 640 55 68
652 61 646 60 651 59 645 58 83
652 75 646 74 651 73 645 73 53
648 78 643 78 649 77 641 76 73
648 85 643 84 647 83 641 83 118
652 99 644 99 651 97 643 97 122
652 130 644 130 651 129 643 129 119
652 128 644 128 651 127 643 127 103
648 138 640 138 647 137 639 137 91
648 164 640 164 647 163 639 163 55
649 187 638 187 649 187 637 187 87
651 189 640 189 651 189 640 189 68
651 200 636 199 647 199 635 198 85
648 207 636 207 647 207 635 207 99
651 213 639 212 651 213 639 212 81
646 259 616 259 647 263 615 263 206
649 262 619 262 649 267 616 268 240
654 75 648 75 653 73 647 73 35
658 91 650 90 657 89 649 89 98
654 114 646 114 653 113 645 113 136
656 122 649 122 655 121 647 121 124
654 126 646 126 653 125 645 125 122
656 156 648 156 655 155 647 155 66
654 172 644 171 653 171 645 171 88
651 195 642 195 653 195 641 194 161
657 224 645 223 655 225 637 225 116
661 55 651 55 663 53 653 53 153
662 68 656 69 661 67 655 67 52
657 95 649 95 659 93 647 93 254
662 110 654 111 661 109 653 109 132
659 140 651 140 659 139 651 139 64
659 148 651 148 659 147 650 147 65
659 157 651 157 659 157 650 156 47
659 173 651 173 659 173 650 172 161
663 178 652 178 663 177 652 177 265
659 181 648 182 659 181 647 181 239
663 191 652 192 663 191 651 190 92
659 195 648 195 659 195 647 195 72
660 205 650 204 661 205 647 205 107
658 211 645 211 659 211 645 211 56
667 228 652 228 663 229 647 229 176
661 252 630 253 663 255 636 254 170
665 59 663 58 667 57 657 57 111
669 68 663 70 669 67 663 67 50
669 89 663 88 667 87 661 87 126
667 100 663 100 667 99 661 99 94
666 124 657 124 665 123 656 123 128
666 136 655 135 665 135 655 134 148
668 140 660 140 667 139 659 139 82
667 159 659 159 667 159 658 158 87
667 187 656 189 667 187 655 187 140
665 199 654 199 665 199 653 199 169
669 201 658 201 669 201 657 201 282
667 205 656 205 667 205 655 205 212
676 51 670 50 675 49 669 48 63
671 57 666 56 671 55 665 54 187
676 85 672 86 675 83 669 83 105
676 108 670 108 675 105 669 104 88
672 108 665 108 671 107 665 107 205
676 133 669 131 675 131 668 130 93
675 150 668 150 675 149 667 149 76
671 158 664 158 671 157 663 157 65
673 180 663 180 673 179 662 179 220
669 252 640 253 671 255 644 255 119
680 53 674 52 679 51 673 51 207
678 49 672 48 677 47 671 46 121
682 89 677 89 681 87 675 87 198
677 120 669 119 677 119 668 118 185
679 152 671 152 679 151 671 151 82
681 154 674 154 681 153 673 153 72
681 166 673 166 681 165 673 165 87
681 172 673 171 681 171 673 171 142
681 187 670 187 681 187 670 187 241
679 191 668 191 679 191 668 191 336
677 195 666 195 677 195 666 195 370
681 193 670 193 681 193 670 193 447
675 246 650 246 677 249 650 249 124
674 251 648 251 679 253 653 253 74
687 53 682 52 687 51 681 50 219
683 57 681 56 685 55 680 54 223
684 71 681 70 685 67 678 65 143
686 81 681 81 685 79 681 80 142
684 79 680 80 683 77 676 76 118
684 93 677 93 683 91 676 91 99
686 91 679 90 685 89 679 89 155
685 137 679 137 685 135 678 133 93
687 146 681 145 687 145 681 146 103
683 168 675 168 683 167 675 167 177
687 178 679 178 687 177 679 177 191
686 187 677 187 687 187 676 187 355
681 317 649 316 687 329 650 330 20
691 55 686 54 691 53 685 52 95
693 63 688 62 693 61 687 61 64
691 100 685 100 691 99 685 99 76
693 109 688 107 693 107 687 107 73
689 122 683 122 689 121 683 121 47
693 136 687 135 693 135 687 135 85
691 158 683 158 689 157 683 157 231
691 168 684 168 691 167 683 167 119
693 170 685 169 693 169 685 168 226
689 176 682 175 689 175 681 175 204
690 233 659 232 693 235 661 234 206
695 55 690 55 695 53 689 52 210
695 65 689 65 695 63 689 63 59
697 94 691 94 697 93 691 93 151
699 166 692 166 699 165 692 165 197
697 176 690 176 697 175 690 175 148
695 246 664 247 699 249 666 249 141
695 264 664 265 699 269 666 269 17
701 54 696 55 701 53 695 52 54
703 72 697 71 703 71 698 73 49
705 116 699 116 705 115 699 115 43
701 147 695 147 701 147 695 148 119
703 158 697 158 703 157 697 157 89
702 161 694 161 701 161 694 160 176
705 178 698 178 705 177 698 177 168
701 174 694 173 701 173 694 173 133
701 182 694 180 701 181 693 182 177
700 204 672 203 703 205 672 203 591
697 231 666 229 701 233 668 232 155
700 250 668 251 705 255 672 255 49
696 316 660 316 703 329 662 327 20
707 70 701 69 707 69 701 69 46
709 76 703 75 709 75 703 75 59
709 74 703 73 709 73 703 73 67
709 90 703 89 709 89 703 89 109
709 111 705 110 711 109 704 109 55
707 112 701 112 707 111 701 111 59
707 148 701 148 707 147 701 147 104
709 154 703 153 709 153 704 151 57
705 225 675 224 709 227 677 227 136
704 253 674 252 709 257 677 257 51
703 262 673 262 709 267 677 267 22
717 100 711 100 717 99 711 99 307
713 102 707 102 713 101 706 99 229
715 104 709 104 715 103 709 103 256
715 110 709 110 715 109 707 109 96
715 115 709 116 715 113 707 113 57
715 135 709 134 715 135 709 135 59
717 140 711 140 717 139 711 139 70
713 169 707 168 713 169 707 167 73
717 174 711 173 717 173 711 173 145
712 253 680 252 717 257 683 255 13
704 333 662 333 713 349 667 350 24
722 77 718 76 723 75 717 75 110
721 96 715 96 721 95 715 94 150
723 125 717 125 723 123 717 123 66
719 146 713 146 719 145 713 145 78
723 150 717 150 723 149 717 149 89
723 168 717 168 723 167 717 167 136
723 172 717 171 723 171 717 170 187
716 195 691 194 721 195 689 195 355
714 197 683 198 719 197 687 197 188
729 85 723 84 729 83 723 82 199
730 91 723 90 729 89 725 89 264
729 106 723 106 729 105 723 104 163
732 113 724 112 729 111 725 111 207
725 132 719 132 725 131 719 130 103
727 138 721 138 727 137 721 137 150
725 148 719 148 725 147 719 147 349
729 158 723 157 729 157 723 157 230
725 162 719 162 725 161 719 161 92
729 170 723 169 729 169 723 169 201
727 179 720 177 727 179 720 178 289
723 216 691 215 727 219 694 218 24
735 96 729 96 735 95 729 94 190
733 134 727 134 733 133 727 132 108
735 172 729 171 735 171 729 171 273
731 176 724 176 731 175 724 175 243
731 174 724 174 731 173 724 173 262
729 204 701 204 735 205 707 205 211
725 221 693 220 731 223 697 223 66
729 219 696 219 735 221 700 221 55
727 226 694 226 733 229 698 229 35
725 296 682 296 733 305 688 304 20
739 78 735 78 739 77 736 76 219
741 124 735 124 741 123 735 122 204
737 136 732 136 737 135 732 135 130
741 138 735 138 741 137 735 137 125
737 152 731 152 737 151 731 151 193
737 200 720 200 739 201 725 201 228
731 310 690 312 741 323 696 323 26
748 78 737 78 747 77 743 76 174
743 100 738 100 743 99 738 99 224
744 101 739 101 745 101 739 100 275
742 116 738 116 743 115 735 114 231
743 126 737 125 743 125 737 124 90
747 130 741 130 747 129 741 129 132
747 148 742 147 747 147 741 146 146
743 150 737 149 743 149 737 149 85
745 174 739 174 745 173 739 173 226
738 292 698 291 747 299 704 299 12
734 299 693 299 743 309 697 309 16
751 130 745 130 751 129 745 129 170
749 150 743 149 749 149 743 148 69
746 213 713 214 753 217 719 217 41
755 93 749 92 755 91 749 90 70
757 120 751 120 757 119 751 119 115
755 122 749 122 755 121 749 121 114
759 136 754 136 759 135 754 135 137
757 136 752 136 757 135 752 135 123
756 140 750 140 757 139 751 139 80
757 148 750 148 757 147 751 147 102
759 154 753 154 759 153 753 153 90
757 179 743 179 759 179 747 178 278
748 215 716 215 757 217 723 216 32
748 221 715 221 755 223 720 223 51
747 280 707 281 755 287 715 287 14
766 90 759 89 765 89 759 89 31
761 95 757 94 761 93 757 93 65
761 104 755 103 761 103 755 102 269
761 116 756 116 761 115 756 115 146
762 128 757 128 763 127 757 126 145
762 134 757 134 763 133 757 133 124
763 140 757 139 763 139 757 138 107
763 146 757 146 763 145 757 145 162
764 154 759 154 765 153 759 153 132
764 160 759 159 765 159 759 158 84
761 183 748 185 763 183 750 185 249
755 292 716 292 765 301 722 301 15
767 72 752 72 767 71 753 71 46
770 144 763 144 771 143 765 143 142
771 154 765 154 771 153 765 152 192
767 166 762 165 767 165 762 164 241
771 162 765 162 771 161 765 161 144
761 193 730 192 769 193 736 193 241
763 202 730 202 771 203 735 203 107
759 219 729 217 767 221 735 219 28
759 224 726 225 767 227 732 227 31
757 293 717 294 767 303 724 303 15
757 301 714 301 769 311 725 313 16
754 317 713 318 767 329 726 331 18
777 94 765 94 777 93 765 93 72
774 119 763 119 775 115 763 116 317
774 157 769 158 775 157 769 157 124
775 168 771 167 775 167 771 166 253
771 178 759 177 773 177 761 177 329
767 200 735 200 775 201 742 201 153
769 217 735 217 777 219 741 219 27
767 238 744 238 777 241 747 241 35
766 267 733 267 773 271 740 272 38
764 271 729 270 773 277 736 276 49
781 109 768 109 783 107 770 107 128
779 146 773 146 781 145 773 143 147
781 170 776 169 781 169 776 169 305
770 262 739 261 781 267 745 265 32
773 267 740 267 781 273 747 273 62
771 264 739 264 779 269 744 267 31
771 285 733 286 781 293 740 293 65
770 291 731 291 781 299 739 299 61
784 95 771 93 787 93 775 93 157
785 111 773 110 787 109 775 108 70
785 170 780 169 785 169 780 169 275
788 180 781 179 789 179 783 179 686
776 225 743 224 785 227 750 226 26
779 266 747 266 789 271 755 271 32
780 272 746 272 789 277 753 278 32
778 286 739 285 789 293 747 292 50
788 99 777 99 791 97 779 96 218
793 107 781 107 795 105 783 105 155
792 121 781 120 795 119 783 119 130
792 158 783 157 795 157 783 157 241
792 176 783 174 793 175 786 174 636
790 202 774 204 795 203 776 201 534
783 228 750 228 793 231 757 232 36
785 232 753 232 795 235 760 235 54
781 269 747 269 793 275 756 275 31
783 291 743 291 795 299 752 299 55
782 305 738 305 795 315 747 315 58
778 303 736 304 791 313 745 314 47
794 113 782 112 797 111 785 109 187
798 129 787 128 801 127 789 127 184
800 146 787 146 801 145 789 147 193
787 230 755 230 797 233 762 233 73
791 232 767 235 801 235 773 237 160
787 239 755 239 797 243 763 241 125
790 263 758 263 799 267 766 268 36
792 270 757 270 801 275 761 276 45
787 278 751 278 799 285 759 285 33
804 131 792 131 807 129 795 129 367
800 132 789 132 803 131 791 131 301
805 165 792 166 807 165 794 166 357
799 224 782 224 805 225 786 225 93
802 220 784 220 807 221 788 221 67
792 272 757 273 803 279 764 277 36
792 294 750 294 805 303 760 303 47
791 298 749 298 805 307 759 307 52
792 317 745 320 807 329 755 329 49
804 222 786 222 809 223 790 223 45
800 268 767 268 811 273 775 273 17
797 288 757 287 811 297 768 298 29
812 195 789 195 819 195 796 195 173
810 193 791 194 817 193 794 193 199
808 245 783 245 817 247 788 247 26
803 310 755 307 819 321 769 321 46
818 206 795 206 825 207 801 205 22
816 202 793 201 823 203 798 202 48
816 212 794 211 823 213 800 213 28
818 231 795 229 825 233 803 232 16
813 249 785 247 823 251 790 249 27
809 279 773 280 821 285 779 283 17
815 284 777 285 825 293 788 292 19
809 295 768 295 825 305 779 304 20
807 308 760 306 823 319 773 320 46
805 306 759 305 821 317 771 316 41
823 185 795 184 829 185 801 184 284
823 189 798 189 831 189 805 189 119
823 228 801 227 829 231 807 230 15
817 279 778 279 827 285 790 285 16
812 302 768 302 829 313 781 313 41
814 313 766 313 831 325 779 325 51
823 32 792 31 835 23 802 22 129
820 35 789 34 833 27 800 26 149
824 49 794 48 835 41 804 41 138
834 148 822 148 837 147 829 147 178
825 187 801 186 833 187 808 186 136
827 193 803 193 835 193 810 193 99
829 235 805 234 837 237 812 236 16
824 269 785 272 837 277 792 279 24
820 275 785 275 833 281 795 281 14
821 284 781 285 835 291 793 291 16
831 36 805 35 843 27 815 27 608
827 34 797 33 839 25 806 24 270
828 51 798 50 839 43 807 42 174
832 63 802 62 843 55 811 54 180
837 140 823 141 839 139 830 141 129
831 187 807 187 839 187 815 187 137
834 191 811 191 843 191 818 191 84
828 284 789 284 841 293 804 292 14
826 289 786 289 843 297 799 297 17
823 287 783 286 839 295 795 294 14
826 294 785 294 843 303 797 303 18
825 303 778 302 841 313 788 314 26
821 323 770 322 841 337 785 337 53
837 32 806 31 849 23 816 21 171
837 43 807 42 849 35 817 34 132
833 56 804 56 845 49 813 48 185
838 63 807 61 849 55 817 54 349
838 187 814 187 847 187 822 186 134
835 201 811 199 845 203 817 203 34
839 240 813 241 849 243 821 243 15
838 254 808 253 849 257 815 257 13
832 284 797 282 847 291 806 290 15
841 28 810 27 853 17 820 16 149
843 31 812 30 855 21 822 20 248
839 36 808 35 851 27 818 26 176
841 40 811 39 853 31 821 31 178
838 49 809 48 851 41 819 41 152
840 205 814 202 851 205 823 205 27
841 217 815 218 851 219 823 219 14
840 244 813 244 851 247 822 247 19
839 249 810 248 851 253 820 253 21
841 251 812 251 853 255 822 255 14
841 257 812 257 853 261 819 260 20
842 259 810 258 853 263 823 262 15
837 271 802 271 851 277 815 278 12
835 276 793 276 855 283 805 283 21
837 279 801 280 853 287 811 286 20
831 318 781 317 851 331 797 332 32
835 320 784 320 855 333 800 333 23
834 325 782 325 855 339 798 339 51
832 342 775 342 855 361 793 361 68
849 53 818 53 861 47 827 45 306
845 56 814 56 857 49 825 48 248
848 218 820 217 859 219 830 219 12
846 219 819 220 857 221 828 221 18
848 264 816 264 861 269 826 269 17
846 291 805 290 861 297 817 297 17
845 316 796 316 861 329 811 328 31
836 340 781 341 859 357 798 358 36
839 337 782 336 861 353 800 354 52
849 26 817 25 863 17 830 15 600
854 28 822 28 867 19 834 18 289
854 64 823 63 867 57 835 56 289
854 121 824 120 867 117 834 117 35
853 256 825 255 867 261 835 260 18
850 254 821 255 863 259 832 259 17
850 278 812 279 867 285 827 285 15
855 43 823 43 869 35 835 34 71
857 60 827 59 869 53 838 53 214
859 115 828 114 873 111 840 110 33
856 115 826 116 871 113 838 112 23
860 209 831 210 873 211 842 212 17
856 250 828 249 871 253 839 253 15
855 253 825 254 869 257 838 257 16
857 285 815 285 871 293 827 293 15
862 135 832 131 877 129 843 129 22
862 230 833 230 875 233 844 233 13
862 237 831 234 875 239 843 240 16
862 270 826 267 879 275 837 273 13
860 284 821 284 877 291 836 291 24
851 335 797 336 875 351 815 352 36
865 50 831 49 881 41 846 41 51
870 76 839 75 883 69 850 69 121
870 211 836 210 885 213 850 212 13
870 243 840 243 883 247 851 246 20
872 244 842 243 885 249 854 247 14
868 245 834 246 881 249 846 250 14
872 262 838 262 885 267 849 267 18
861 309 815 310 885 321 832 321 15
858 316 809 316 881 329 828 330 21
875 41 842 39 891 31 856 31 63
876 47 844 46 891 39 854 39 26
875 203 842 203 889 203 856 204 18
873 208 840 207 887 209 854 209 16
874 208 840 206 889 209 851 208 14
877 230 846 230 891 233 858 233 15
870 280 832 278 889 287 843 286 17
869 304 821 303 891 315 840 315 16
880 44 848 43 895 35 861 34 20
881 57 847 56 897 49 861 48 15
880 62 846 62 895 55 860 54 19
877 65 844 64 893 57 857 56 16
882 149 852 148 895 147 863 146 42
878 200 846 200 897 201 858 201 45
878 196 850 195 893 197 862 196 33
879 221 845 220 895 223 860 221 13
881 232 849 232 897 235 862 235 14
880 234 846 236 895 237 861 237 15
881 239 845 240 897 243 863 243 16
880 253 847 253 895 257 861 257 15
879 264 846 264 895 269 858 269 13
879 270 847 268 897 275 859 275 14
873 294 831 294 893 303 848 303 18
875 290 833 290 895 299 850 299 10
875 296 833 296 897 305 850 305 17
873 312 825 313 897 325 843 325 22
886 52 853 51 903 43 867 43 16
887 91 852 92 903 85 867 85 25
887 214 852 211 903 215 867 215 22
885 236 852 236 901 239 866 239 13
887 243 854 244 903 247 868 247 10
883 249 851 249 899 253 866 251 11
883 255 852 255 899 259 865 259 16
884 265 850 266 901 271 863 271 14
885 271 848 270 901 277 862 277 12
880 304 833 304 903 315 853 315 20
889 39 855 39 905 29 869 28 44
892 45 859 44 909 35 873 35 23
889 59 856 58 907 51 870 50 22
892 100 859 99 909 95 873 94 15
887 115 851 115 905 109 871 108 25
887 209 853 209 905 211 868 211 20
890 234 856 234 907 237 871 236 11
893 257 859 257 909 261 873 261 14
888 261 855 260 905 265 870 264 16
890 265 857 264 907 269 871 270 29
886 289 846 289 907 297 871 298 19
887 294 851 294 909 303 871 303 17
883 297 839 297 905 307 859 308 14
886 299 844 297 909 309 860 309 14
883 314 834 314 909 327 854 327 16
882 318 832 318 907 331 852 331 21
896 89 862 90 913 83 878 82 15
897 108 864 107 915 103 880 102 16
898 119 865 119 915 115 880 115 16
895 133 861 136 911 131 878 129 17
900 149 871 148 915 147 884 146 17
901 166 873 165 915 165 888 167 163
897 178 870 178 911 177 882 177 190
896 182 869 182 911 181 879 180 205
893 207 857 207 911 209 874 207 30
893 222 859 222 911 225 874 224 17
898 260 863 260 915 265 879 265 15
895 273 857 273 913 279 873 279 10
897 269 861 269 915 275 877 275 19
889 283 850 283 911 291 869 293 13
903 59 868 58 921 51 884 50 20
900 83 868 83 919 77 885 76 15
904 100 870 99 921 95 885 94 16
900 115 866 115 917 111 881 111 23
899 114 867 112 917 109 881 109 16
902 117 868 117 919 113 883 113 15
903 125 871 125 919 123 885 122 14
902 134 869 134 919 131 885 130 18
907 157 879 157 921 155 892 155 33
903 250 867 251 921 255 885 255 25
899 256 865 256 917 261 881 259 25
897 304 847 301 921 315 870 315 14
891 309 843 308 917 321 864 321 17
907 37 872 36 925 27 887 26 15
909 62 874 61 927 55 890 55 20
906 118 873 119 923 115 888 114 19
906 123 873 124 923 119 888 120 12
904 222 867 222 923 225 884 225 18
904 218 867 218 923 221 884 220 21
908 241 871 241 927 245 888 245 18
905 264 869 264 923 269 885 269 18
909 266 872 266 927 271 889 271 18
907 271 872 271 927 277 888 277 20
903 299 857 299 925 309 875 309 18
906 299 863 300 927 307 879 307 20
909 85 872 83 929 77 884 75 39
911 89 878 89 929 83 893 83 27
915 114 880 113 933 109 897 108 13
915 121 882 120 933 117 897 118 12
915 145 884 145 933 143 898 142 24
914 165 885 165 929 163 900 163 30
918 178 890 178 933 177 904 178 86
911 267 873 266 931 273 892 273 21
913 263 877 262 933 269 895 267 20
912 272 875 272 933 279 893 279 14
904 297 861 297 929 307 883 308 15
903 331 861 331 933 347 886 347 24
919 34 881 34 937 25 899 25 15
918 85 885 84 937 79 902 78 15
918 91 885 90 937 85 901 84 21
920 94 887 93 939 89 903 88 18
918 112 884 111 937 107 901 106 14
919 124 886 122 939 119 902 119 12
921 154 892 154 937 153 905 152 33
919 179 899 179 935 179 906 179 96
916 254 880 251 937 259 897 259 17
919 258 881 258 939 263 899 263 27
916 265 880 265 937 271 898 271 16
913 285 873 285 935 293 892 293 13
906 328 862 327 935 343 886 343 19
910 344 855 344 937 363 883 363 25
926 88 891 87 945 83 909 82 18
925 110 891 109 945 105 909 104 19
922 215 887 214 945 217 902 217 18
923 230 885 233 945 235 903 234 16
919 235 882 235 941 239 900 239 16
921 244 882 245 943 249 901 249 14
921 279 884 281 945 287 901 286 19
927 37 892 36 947 27 909 27 21
929 88 896 85 949 81 912 79 17
933 125 900 124 951 121 916 120 16
931 131 898 131 949 129 914 128 28
924 211 885 209 947 213 905 211 19
929 239 889 239 951 243 909 243 21
926 243 886 241 949 247 906 246 22
928 250 889 250 951 255 909 255 16
926 259 887 259 949 265 907 265 18
928 276 889 276 951 283 908 283 22
924 281 885 281 947 289 905 289 24
924 298 877 298 949 309 900 309 25
922 304 876 304 949 315 898 315 26
933 59 898 58 953 51 916 50 24
933 80 898 80 953 73 919 74 23
936 85 905 84 957 75 920 77 25
936 113 900 114 955 109 919 107 20
936 127 902 126 955 123 919 122 23
929 223 887 221 953 227 909 226 22
930 257 891 257 953 263 910 263 22
933 258 893 258 957 263 914 263 21
929 267 887 266 953 273 910 273 18
933 277 893 277 957 285 913 285 24
932 299 885 299 957 309 907 307 35
929 304 883 304 957 315 906 315 27
927 306 880 309 955 317 902 317 20
928 314 877 314 957 327 903 327 31
939 119 903 119 959 113 924 114 21
942 130 908 130 961 127 926 126 26
939 134 906 134 959 131 923 131 28
937 211 900 210 961 213 916 212 25
936 218 894 218 961 221 916 221 18
934 234 894 235 959 239 914 238 24
937 250 897 249 961 255 918 254 13
936 254 896 254 959 259 916 259 14
938 272 898 271 963 279 919 279 21
938 276 897 275 963 283 918 283 19
937 280 896 280 961 287 917 287 41
938 281 898 282 963 289 919 290 26
944 126 913 125 965 123 928 122 29
942 277 901 276 967 285 923 285 16
945 221 902 220 971 223 924 222 19
948 235 905 235 975 239 928 240 13
945 283 904 283 971 291 925 291 24
949 279 906 279 975 287 929 287 22
944 293 899 293 971 301 922 302 21
945 298 900 299 973 309 923 309 17
961 147 930 146 981 145 945 145 27
952 223 908 224 981 227 932 227 16
951 249 907 249 979 255 931 255 15
954 245 910 244 981 251 934 251 15
951 289 907 286 977 295 930 296 18
951 304 904 304 981 315 931 316 20
965 110 930 110 987 105 950 105 15
955 228 910 227 985 233 936 231 14
958 229 913 228 987 233 938 233 11
956 253 912 253 985 259 937 259 17
953 276 911 276 983 285 935 284 17
958 273 914 273 987 281 939 281 15
957 301 910 301 985 311 932 311 16
967 33 933 32 991 23 953 23 29
970 46 934 45 993 37 955 35 18
967 104 931 104 989 99 951 98 20
970 130 935 130 993 127 956 127 18
967 136 932 136 989 133 952 133 22
965 143 932 143 989 141 945 141 28
961 225 915 225 991 231 941 231 14
960 223 914 223 989 227 940 227 14
963 229 915 231 993 233 943 233 8
964 242 917 242 991 247 945 247 20
962 261 918 262 993 269 941 269 16
961 268 915 267 989 275 941 275 9
960 282 916 282 989 291 940 290 24
963 284 918 283 991 293 942 291 25
964 298 918 297 993 307 943 307 24
961 303 915 303 991 313 942 314 19
975 35 939 34 999 25 960 24 25
976 50 940 49 999 41 961 41 16
973 76 937 76 995 69 959 68 21
971 83 937 81 995 75 956 75 24
976 89 939 88 999 83 961 82 30
972 94 936 93 995 89 957 87 19
976 99 939 100 999 95 961 94 22
979 124 941 124 999 121 962 120 37
974 187 944 188 995 189 962 187 79
966 225 919 224 997 229 946 229 15
964 223 918 223 995 227 944 227 16
963 279 921 277 995 287 946 287 15
967 290 921 290 997 299 948 299 38
969 293 924 293 999 303 950 303 27
969 299 923 299 999 309 949 309 25
963 314 913 314 997 327 941 327 16
977 56 942 55 1001 47 962 47 16
980 63 944 62 1003 55 965 54 15
980 87 944 85 1003 81 966 79 12
979 95 944 94 1003 89 965 88 16
980 106 944 106 1003 101 965 100 13
981 127 946 126 1003 123 966 122 19
980 132 946 131 1003 129 965 128 18
979 133 943 134 1001 131 967 129 18
979 162 947 161 1001 161 970 159 71
974 222 925 222 1003 225 954 224 19
969 228 922 228 1001 233 950 233 15
969 232 922 231 1001 237 949 237 15
974 254 928 254 1005 261 955 261 24
972 258 925 258 1005 265 953 265 21
970 256 923 256 1001 263 950 263 17
971 272 925 272 1003 281 952 281 11
969 307 921 307 1001 319 949 319 18
970 305 923 306 1003 317 950 317 25
986 43 951 41 1009 33 972 31 38
985 85 950 84 1011 79 974 78 13
985 95 949 94 1009 89 970 88 15
982 111 948 109 1007 105 970 103 12
986 120 952 119 1011 115 973 115 23
986 135 950 136 1009 133 973 132 18
977 203 929 207 1011 207 957 206 31
974 245 926 245 1007 251 954 251 23
976 256 929 256 1009 263 957 263 24
977 283 930 283 1009 293 956 291 23
974 287 925 286 1007 297 956 297 19
978 295 931 296 1011 305 959 305 21
972 309 924 310 1007 323 952 323 17
975 316 922 316 1011 329 953 330 16
975 321 923 322 1011 335 953 335 14
970 333 913 333 1009 349 947 350 16
990 95 956 93 1015 87 978 86 15
991 102 955 102 1015 97 977 96 15
989 123 955 122 1013 119 976 119 16
991 123 957 122 1015 119 978 118 11
991 131 954 130 1015 127 978 127 18
994 136 959 137 1017 133 981 131 31
996 174 966 174 1017 173 985 173 67
979 239 931 238 1013 243 961 244 25
983 261 935 261 1017 269 964 269 22
980 270 932 269 1013 277 961 278 14
981 310 931 311 1017 323 962 323 16
973 326 919 326 1013 341 953 341 16
980 338 919 337 1017 355 959 357 18
995 82 960 81 1019 75 979 77 23
994 127 959 127 1019 123 981 123 12
996 133 959 134 1021 129 983 129 24
981 215 931 215 1019 221 960 220 25
984 277 936 277 1019 287 966 287 15
987 287 940 287 1021 297 968 297 16
986 291 940 291 1021 301 969 301 18
983 320 932 321 1023 335 964 335 16
978 339 921 341 1023 359 958 360 13
1000 34 969 36 1027 25 990 25 130
1003 69 969 67 1029 61 992 59 16
1000 92 963 92 1025 87 985 87 17
1007 147 979 146 1027 145 999 144 45
991 227 938 228 1027 233 971 233 22
990 250 940 250 1027 257 971 257 21
988 253 938 254 1025 261 969 260 19
988 260 938 261 1025 267 969 268 21
991 292 942 291 1027 303 974 303 21
990 305 941 306 1025 317 971 317 21
987 317 936 319 1027 333 966 333 23
1004 92 970 91 1031 87 991 85 16
1006 125 969 125 1031 121 994 121 15
1009 121 975 122 1035 119 997 119 18
1013 151 984 150 1033 149 1003 148 52
1012 157 985 156 1033 155 1003 155 66
1010 163 980 162 1035 161 1001 161 82
996 225 944 225 1035 229 975 229 19
995 235 943 237 1033 241 975 243 20
997 237 944 237 1035 243 976 243 20
996 280 946 280 1031 289 977 290 20
998 283 946 283 1035 293 981 293 17
996 322 944 322 1035 337 977 338 13
1012 58 977 57 1039 49 999 48 15
1018 144 991 141 1039 141 1010 139 55
1016 147 987 146 1037 145 1006 144 61
1002 214 951 214 1039 217 982 218 30
998 215 947 217 1039 221 980 220 23
1000 224 947 223 1039 227 981 228 15
1002 253 947 251 1041 259 983 259 17
999 256 947 256 1037 263 980 263 14
1000 281 951 281 1037 291 981 293 21
1000 287 949 287 1037 297 981 298 22
1003 296 953 296 1039 307 985 307 18
1000 312 949 312 1039 325 982 325 27
1001 316 949 316 1037 329 980 329 33
1018 47 982 46 1045 37 1007 36 55
1021 97 984 96 1047 91 1008 90 23
1023 151 997 151 1043 149 1015 149 50
1009 207 959 206 1045 209 991 209 25
1005 209 956 211 1043 213 986 211 30
1009 208 961 209 1047 211 994 212 25
1006 227 952 226 1045 231 987 231 24
1005 233 952 233 1045 239 987 239 18
1007 237 953 237 1047 243 988 243 16
1004 272 953 273 1043 281 983 279 20
1006 314 956 314 1043 327 987 327 34
1005 319 955 319 1047 333 989 334 21
1002 321 948 321 1043 335 985 336 24
1007 326 952 326 1047 341 986 340 16
1026 91 989 91 1053 85 1015 83 19
1013 205 963 204 1051 207 996 207 27
1012 222 959 221 1053 227 994 226 22
1010 230 956 230 1051 235 992 235 19
1013 266 961 266 1053 275 995 275 17
1012 272 960 272 1053 281 995 281 20
1011 277 956 278 1051 287 989 288 21
1012 296 958 295 1051 309 993 308 17
1012 314 959 311 1051 327 993 327 28
1028 51 991 51 1055 43 1015 42 20
1031 89 998 87 1059 83 1019 83 21
1032 98 1001 95 1059 91 1027 90 57
1029 128 994 128 1057 125 1018 125 39
1014 218 963 219 1057 223 1000 222 20
1019 216 964 217 1059 221 1001 221 23
1017 223 964 223 1059 227 999 228 18
1016 242 962 241 1057 247 997 247 16
1018 245 965 245 1059 251 1001 252 14
1014 256 963 255 1057 263 998 263 22
1014 268 961 268 1055 277 997 278 16
1016 277 963 277 1057 287 998 287 14
1018 284 967 283 1059 295 1001 295 12
1017 293 963 295 1057 305 999 305 15
1018 317 965 317 1059 331 1001 332 30
1013 338 954 339 1059 357 993 357 16
1037 63 999 61 1065 55 1025 53 12
1020 261 967 262 1063 271 1001 269 26
1022 261 967 261 1065 271 1004 269 11
1020 288 968 285 1061 299 1001 300 12
1024 291 969 291 1065 303 1006 303 10
1021 318 968 319 1063 333 1004 333 17
1028 222 974 222 1071 227 1011 225 16
1025 240 973 240 1069 247 1010 247 17
1025 267 975 267 1067 275 1005 275 17
1027 295 973 295 1069 307 1010 308 10
1029 293 976 293 1071 305 1012 305 14
1025 306 974 307 1069 319 1010 320 18
1047 85 1011 82 1075 75 1036 74 23
1029 230 977 230 1073 235 1012 236 16
1031 243 980 244 1073 251 1017 253 15
1030 262 977 263 1073 271 1014 271 9
1030 275 977 275 1073 285 1013 284 10
1034 272 980 271 1077 281 1018 281 10
1034 286 981 286 1077 297 1018 297 13
1031 293 977 293 1077 305 1016 305 13
1030 302 978 303 1073 315 1014 315 18
1025 338 967 339 1073 357 1007 357 16
1053 94 1019 95 1081 89 1044 87 23
1051 112 1016 112 1079 107 1041 107 37
1059 153 1028 154 1083 153 1051 151 20
1054 157 1025 156 1079 155 1047 154 28
1055 162 1026 163 1079 161 1047 161 30
1035 227 982 227 1079 231 1020 231 16
1039 254 986 254 1083 263 1024 262 13
1033 268 984 267 1081 277 1022 277 18
1038 276 983 275 1081 285 1021 285 10
1036 279 981 279 1079 289 1020 290 9
1036 283 982 283 1079 293 1019 293 14
1039 295 985 295 1083 307 1024 307 11
1039 304 986 304 1081 317 1023 317 16
1035 308 979 308 1079 321 1017 321 28
1033 314 981 314 1079 329 1015 328 15
1042 217 991 220 1087 223 1028 223 19
1043 225 988 224 1087 229 1027 230 19
1044 237 995 236 1085 243 1023 242 15
1043 257 989 257 1087 265 1028 264 11
1041 272 988 272 1085 281 1026 281 10
1040 286 987 286 1085 297 1025 297 16
1045 283 992 283 1089 295 1031 295 26
1045 290 991 291 1089 301 1030 302 13
1044 299 991 300 1089 311 1030 312 12
1040 335 983 334 1089 353 1025 353 18
1065 47 1028 49 1093 39 1056 38 37
1051 211 999 209 1095 215 1037 215 22
1046 275 993 275 1091 285 1032 285 12
1047 277 994 277 1093 287 1033 287 14
1053 289 999 288 1095 299 1043 297 39
1050 296 997 296 1095 309 1037 309 11
1045 305 997 307 1093 319 1034 320 21
1072 37 1038 35 1101 27 1064 26 65
1074 64 1040 63 1101 57 1067 55 13
1056 212 1004 210 1101 215 1044 215 29
1053 221 999 221 1099 225 1039 225 21
1055 228 1001 228 1101 233 1041 233 16
1055 246 997 249 1101 253 1041 253 16
1055 263 1003 262 1099 271 1042 271 21
1054 273 1001 275 1099 283 1040 284 14
1053 327 997 327 1101 343 1038 344 17
1057 244 1003 245 1103 251 1044 251 19
1057 261 1003 257 1103 267 1044 267 13
1060 290 1005 289 1105 301 1047 302 16
1057 308 1005 308 1105 321 1044 321 20
1061 309 1009 310 1107 323 1048 323 21
1055 329 999 329 1103 345 1040 346 18
1055 332 998 333 1103 349 1037 349 21
1065 237 1010 238 1111 243 1053 243 19
1065 265 1010 263 1111 271 1056 273 38
1063 275 1009 277 1109 285 1049 285 23
1067 273 1015 272 1113 283 1055 282 19
1064 283 1009 282 1111 295 1052 295 23
1064 291 1011 291 1111 303 1052 303 16
1065 303 1011 304 1111 317 1053 315 32
1061 330 1003 330 1111 347 1045 347 23
1061 335 1003 336 1113 353 1047 354 16
1067 215 1011 214 1115 219 1055 219 22
1071 221 1017 220 1119 225 1059 225 15
1067 230 1013 230 1115 235 1055 235 20
1069 280 1017 281 1117 289 1058 291 25
1073 308 1019 309 1119 321 1060 322 32
1071 313 1017 313 1119 327 1059 327 35
1073 219 1019 219 1121 223 1063 223 31
1076 306 1022 309 1125 319 1064 319 50
1073 309 1019 310 1121 323 1061 323 35
1075 315 1020 315 1123 329 1063 329 31
1073 320 1018 320 1123 335 1061 335 36
1078 325 1023 326 1131 341 1067 342 34
1104 121 1066 117 1133 115 1097 115 26
1090 299 1035 297 1141 311 1080 311 19
1114 154 1081 154 1145 153 1109 152 37
1101 325 1041 324 1153 341 1089 341 21
1109 342 1047 342 1159 357 1091 358 45
1122 197 1079 197 1171 199 1120 197 71
1131 200 1085 199 1177 201 1127 201 59
1129 201 1083 201 1175 203 1125 203 50
1127 255 1078 259 1179 259 1127 259 39
1127 328 1067 329 1179 343 1114 343 29
1135 202 1087 201 1181 203 1130 204 62
1142 193 1094 193 1187 197 1125 195 67
1145 200 1098 200 1193 201 1141 201 86
