41 129 16 129 51 131 27 129 11
41 126 17 127 53 127 30 128 19
39 150 19 149 53 151 30 150 11
45 159 26 160 57 163 35 161 15
41 171 17 171 57 171 32 171 8
39 163 16 163 55 167 31 166 11
43 175 18 175 57 177 35 176 11
43 184 20 183 55 187 32 186 7
43 264 16 263 55 267 25 266 17
51 21 28 21 63 21 42 21 86
49 28 27 27 63 27 42 28 121
50 49 29 49 63 49 43 50 48
48 84 28 85 63 85 44 84 84
47 231 24 230 59 233 31 233 13
51 237 22 238 61 239 33 239 12
52 248 24 247 61 251 34 251 13
51 252 23 252 59 255 31 253 9
50 82 31 82 65 83 43 83 158
55 83 33 84 69 85 47 84 92
52 158 28 158 65 159 40 159 17
57 169 35 170 69 173 47 172 5
53 181 27 180 65 183 42 182 5
55 211 34 210 67 213 47 212 9
54 223 30 221 69 225 46 224 15
55 219 29 218 69 221 45 220 9
56 227 35 226 69 229 47 229 13
56 241 28 240 65 243 34 244 19
61 256 32 257 69 259 40 259 10
63 101 40 101 75 101 54 101 46
61 152 43 152 75 153 57 153 39
62 175 41 175 75 179 51 178 8
63 212 40 212 75 215 50 215 11
62 258 35 258 73 261 45 261 13
65 262 39 261 75 265 46 265 10
63 263 37 262 71 267 41 266 10
62 27 42 27 77 27 57 25 112
65 32 47 32 81 31 62 32 94
65 89 48 90 81 91 63 90 84
66 96 45 96 79 97 59 98 72
63 99 43 101 77 101 57 102 62
66 99 47 101 81 101 60 101 51
63 118 42 119 77 119 56 120 16
67 144 45 144 79 145 56 145 32
67 147 45 148 79 149 59 148 33
66 173 43 172 79 175 56 175 10
64 191 42 191 77 193 53 193 11
66 205 45 204 81 207 58 207 5
70 278 39 278 77 283 42 282 32
83 318 32 318 81 325 26 325 31
71 34 53 35 87 35 68 35 139
70 39 51 39 85 39 65 39 87
67 42 48 43 83 43 65 44 63
72 75 53 74 87 75 68 75 61
70 77 51 77 85 77 66 78 48
69 94 49 94 83 95 61 95 43
76 115 53 115 87 115 66 117 23
70 145 49 146 83 147 62 147 37
69 152 49 152 83 153 62 153 27
75 206 53 205 87 209 65 207 10
74 245 46 246 83 249 56 249 7
76 72 56 72 91 73 72 73 70
75 78 55 79 89 79 73 79 70
77 112 57 112 91 113 70 113 24
80 132 58 132 93 133 70 133 51
78 130 56 130 91 131 69 132 53
79 188 56 188 91 191 69 191 11
76 195 57 195 91 199 71 197 11
80 200 56 200 91 203 69 202 12
79 222 58 221 93 225 72 225 13
80 240 54 239 89 243 63 242 11
101 345 46 345 91 357 32 357 51
81 44 61 44 97 45 78 46 140
84 40 64 41 99 41 80 42 171
84 70 64 71 99 71 79 71 149
81 128 60 128 95 129 73 130 58
82 144 64 144 97 145 81 145 120
81 141 61 142 95 143 76 143 87
85 190 59 192 95 193 77 192 7
86 213 63 214 97 217 75 216 8
84 239 59 238 97 241 68 241 14
87 67 67 67 101 67 81 67 140
90 100 68 101 103 101 73 99 151
94 125 71 124 105 125 85 125 30
87 215 67 216 101 219 79 217 6
91 246 64 246 101 249 73 248 16
95 257 68 257 105 261 79 260 13
93 251 64 255 101 257 73 257 11
93 277 64 275 101 281 67 281 27
99 290 65 289 103 295 67 294 40
99 75 77 73 111 73 91 74 191
94 98 72 98 107 99 85 99 156
93 102 73 103 107 103 82 103 109
93 116 73 117 107 117 85 118 31
98 128 75 128 111 129 90 129 49
96 148 77 148 111 149 92 150 105
95 164 72 163 107 165 79 165 59
101 167 75 167 111 169 84 169 47
98 171 71 171 107 173 80 173 45
99 262 69 259 107 265 79 264 10
96 266 67 265 107 269 82 268 20
101 68 81 69 115 69 95 70 112
99 107 77 108 115 109 91 109 41
101 116 80 116 115 117 96 116 42
106 164 78 163 115 165 89 165 72
103 182 76 181 113 183 85 183 26
104 209 84 209 117 211 97 209 14
106 256 75 254 113 259 86 258 13
112 286 76 285 115 291 82 290 49
108 27 87 28 121 27 103 28 226
104 38 84 40 119 39 99 40 272
106 56 87 57 121 57 102 58 193
108 62 89 63 123 63 104 64 156
105 114 84 115 119 115 103 114 72
111 124 89 124 123 125 104 126 57
107 143 87 144 121 145 101 145 212
108 157 88 157 121 159 101 159 115
115 170 87 169 123 171 97 171 31
113 181 87 181 123 183 96 183 29
107 229 85 229 119 233 96 231 13
112 262 84 261 121 265 93 264 15
115 265 88 264 123 269 96 268 11
116 272 83 272 121 277 91 275 25
120 297 84 296 123 303 85 302 55
131 341 78 340 123 353 66 352 67
109 20 91 22 125 21 103 22 469
115 123 95 124 129 125 109 126 54
113 147 93 148 127 149 106 149 120
115 177 89 177 125 179 98 179 53
115 193 89 193 125 195 98 194 16
115 221 95 220 127 223 105 222 10
123 258 92 257 129 261 97 261 10
119 78 97 79 133 79 113 80 417
124 91 99 93 135 93 110 93 50
125 103 99 102 135 101 111 103 18
117 129 96 130 131 131 109 131 81
121 173 95 173 131 175 104 175 32
123 171 97 171 133 173 106 173 22
123 175 96 175 133 177 106 177 55
125 179 99 179 135 181 108 181 19
125 184 99 183 135 185 108 185 15
123 193 98 194 133 197 105 195 27
125 202 98 201 135 205 108 203 10
123 244 96 244 133 247 104 247 18
131 284 99 283 135 289 104 288 38
143 342 89 342 135 355 78 354 50
140 348 85 347 131 361 73 360 51
125 73 107 75 141 75 121 75 322
123 80 103 80 137 81 117 82 174
126 123 107 124 141 125 119 124 116
127 175 101 175 137 177 110 177 18
130 199 102 198 139 201 114 202 11
132 207 101 207 141 209 109 209 26
132 233 106 235 141 239 114 237 12
131 277 96 276 139 281 105 280 30
149 345 93 345 139 359 81 358 53
133 66 117 64 147 67 132 65 812
129 85 106 85 143 87 119 88 167
133 98 107 99 145 99 117 99 9
136 103 112 101 147 103 122 103 6
137 115 111 115 147 117 123 116 205
129 135 109 136 143 137 123 138 187
132 146 111 146 145 147 118 147 186
129 141 109 141 143 143 123 143 233
135 177 109 177 145 179 118 179 21
133 179 107 179 143 181 116 182 13
135 183 109 184 145 185 118 185 10
138 257 110 256 147 261 119 261 25
135 262 105 261 145 265 111 266 32
137 269 100 269 145 273 113 273 28
135 265 107 264 143 269 115 268 19
135 269 109 268 143 273 114 272 15
141 280 108 280 147 285 114 284 39
141 293 105 293 145 299 118 300 91
139 181 112 181 149 183 121 183 16
141 203 119 202 151 205 125 205 19
137 213 111 211 149 215 121 216 13
143 246 116 246 151 249 123 249 27
140 250 113 249 149 253 121 253 17
147 47 123 48 159 47 132 47 53
144 50 118 50 155 49 129 50 103
145 73 121 73 157 73 132 74 450
139 76 119 77 155 77 129 78 682
145 98 122 99 157 99 133 99 11
146 181 119 179 157 185 130 185 16
145 207 118 207 155 209 128 209 12
146 220 121 220 157 223 130 223 16
144 227 122 226 157 229 132 227 17
148 244 121 244 157 247 129 246 24
150 259 122 259 159 263 131 262 28
145 117 126 118 161 119 129 118 455
154 189 129 188 165 191 137 190 11
151 203 125 203 161 205 135 205 13
155 220 129 220 165 223 139 222 15
151 248 125 247 161 251 134 251 21
151 255 124 255 161 259 133 258 28
153 268 125 268 165 273 135 272 24
157 53 133 54 169 53 143 53 39
159 97 133 97 171 97 143 97 27
153 128 132 126 167 129 141 127 350
158 150 129 149 167 151 138 150 106
165 187 137 188 171 189 152 190 83
157 250 132 250 167 253 140 253 25
162 257 135 257 171 261 142 261 21
163 289 127 289 167 295 131 294 26
178 350 137 350 171 363 127 363 76
165 101 138 101 175 101 147 101 28
163 179 137 179 173 181 146 181 25
163 185 136 185 173 187 146 187 22
168 223 141 222 177 225 150 224 16
165 261 136 261 173 265 145 264 21
168 268 143 268 177 273 147 272 12
164 272 135 273 177 277 145 277 11
169 285 135 285 173 291 139 290 24
168 37 145 36 179 37 154 37 65
170 50 144 51 181 49 155 50 30
169 179 143 179 179 181 152 181 27
169 185 143 185 179 187 152 187 22
170 203 144 202 181 205 154 205 8
171 220 146 219 181 223 155 223 15
169 252 144 251 179 255 153 254 24
174 255 147 255 183 259 155 259 33
169 258 141 257 179 261 149 261 22
170 265 140 264 179 269 148 268 18
180 27 148 27 189 23 154 24 53
176 114 150 115 185 115 155 114 10
175 121 148 122 185 123 158 124 16
176 170 149 168 189 171 164 171 27
175 181 148 181 185 183 158 183 19
177 179 151 179 187 181 160 181 19
177 185 151 185 187 187 160 187 15
175 199 148 198 185 201 158 201 19
178 195 150 195 187 197 160 197 9
176 206 150 206 187 209 159 208 15
174 206 148 206 185 209 158 209 7
173 227 151 228 185 231 157 231 19
175 235 151 231 187 239 160 237 39
177 241 156 241 187 245 162 243 60
177 249 154 249 189 253 163 252 33
181 256 153 255 189 259 161 259 41
181 293 143 292 185 299 148 299 62
183 304 143 303 185 311 143 310 100
181 55 157 55 193 55 168 54 53
183 93 157 94 193 93 165 93 23
183 89 156 89 193 89 166 89 20
179 93 155 94 191 93 165 94 29
186 117 158 117 195 117 168 117 9
182 126 154 129 191 129 163 130 12
181 190 153 191 191 193 164 193 15
181 196 154 197 191 199 165 198 15
183 204 157 204 193 207 165 206 15
181 209 155 208 191 211 164 211 10
181 220 155 221 191 223 165 221 15
181 230 156 229 193 233 166 232 20
182 265 154 265 191 269 162 268 18
200 344 159 343 195 357 151 356 89
188 72 163 73 199 73 173 73 36
190 142 163 142 201 143 172 143 9
189 145 161 145 197 149 171 148 10
191 164 165 163 201 165 174 165 15
189 159 163 161 199 161 171 161 9
186 173 159 173 197 175 169 175 14
191 181 165 181 201 183 175 183 24
187 179 161 179 197 181 170 181 14
189 200 163 200 199 203 173 202 11
191 238 165 237 201 241 175 241 33
189 254 161 253 199 257 167 256 56
190 287 156 287 197 293 161 292 38
199 316 162 315 199 325 155 323 101
197 120 168 121 207 121 179 121 8
193 123 164 124 203 125 174 125 11
196 175 170 175 207 177 180 177 25
194 222 169 221 205 225 179 224 37
192 236 167 236 203 239 177 238 21
194 242 167 243 203 245 174 245 34
194 257 166 257 203 261 173 261 44
195 280 163 279 205 285 167 285 40
205 309 164 309 207 317 164 316 103
212 342 172 343 207 355 164 356 100
197 24 173 25 209 23 184 24 50
198 106 173 107 209 107 181 108 7
202 115 174 117 211 117 183 117 8
199 113 171 114 209 113 182 113 11
200 139 172 140 209 141 181 142 8
199 155 171 155 211 157 186 155 19
198 159 173 160 209 163 181 163 32
198 173 172 173 209 175 182 175 31
199 180 172 180 209 181 183 181 17
202 216 176 216 213 219 186 218 47
199 212 173 211 209 215 183 214 16
198 229 173 230 209 229 183 229 66
202 232 177 232 213 235 187 234 27
200 249 172 249 209 253 179 253 54
199 255 172 255 209 259 182 259 104
202 267 173 266 211 271 181 270 43
210 45 174 45 215 41 183 42 32
210 53 176 54 217 51 184 52 16
208 69 176 70 215 67 180 67 32
207 159 179 159 217 161 189 160 15
205 161 177 161 215 163 186 163 27
208 165 182 166 219 167 192 167 33
206 171 180 171 217 173 190 173 21
206 200 179 199 217 203 190 202 17
211 247 183 247 219 251 192 251 65
210 257 181 257 219 261 188 261 71
207 263 180 262 217 267 188 266 42
209 24 185 25 221 23 197 24 64
209 34 185 35 221 33 196 34 50
213 55 180 55 221 53 186 53 15
211 119 183 118 221 119 193 119 13
214 173 188 174 225 175 198 175 15
211 194 185 195 221 197 195 197 26
215 198 188 195 225 199 198 197 24
212 206 187 206 223 209 197 209 35
214 214 189 214 225 217 200 216 58
212 218 187 217 223 221 197 220 46
214 224 189 224 225 227 199 227 53
210 226 185 225 221 229 195 228 38
211 252 187 251 223 255 193 255 57
209 252 185 251 221 255 193 255 68
219 255 189 255 225 259 196 259 90
215 263 188 263 225 267 196 266 58
219 26 194 27 231 25 206 26 51
221 83 188 84 229 83 195 84 24
216 132 191 134 227 133 200 134 26
219 147 192 147 229 149 202 147 27
218 154 192 154 229 155 203 154 20
221 162 195 161 231 163 205 161 24
217 171 191 171 227 173 200 173 20
221 185 194 185 231 187 204 187 30
216 189 190 189 227 191 200 191 31
220 218 196 218 231 221 206 221 59
219 225 194 225 229 229 204 228 48
223 255 196 255 231 259 207 258 76
221 269 195 269 231 273 201 273 32
222 276 190 275 229 281 197 280 39
221 282 189 281 229 287 196 286 28
223 306 184 305 227 313 186 312 109
226 93 194 94 235 93 201 93 28
225 140 198 140 235 141 208 141 35
223 142 196 142 233 143 206 143 28
222 195 196 195 233 197 206 197 33
227 196 201 196 237 199 210 199 25
224 207 198 206 235 209 208 208 24
222 212 197 212 233 215 206 215 78
223 245 199 245 233 249 206 249 105
227 283 193 283 233 289 200 288 19
227 287 193 287 235 293 201 292 26
237 349 194 349 233 363 188 363 66
235 86 202 87 243 85 208 86 17
233 94 200 94 241 93 207 94 33
233 125 204 126 243 125 213 127 84
230 141 203 141 239 143 212 142 28
231 162 205 163 241 163 215 163 20
231 172 205 171 241 173 215 172 21
230 189 204 189 241 191 214 191 38
228 212 202 212 239 215 213 215 38
231 245 203 245 241 249 211 249 47
241 57 208 57 249 55 215 55 21
239 61 206 62 247 59 214 61 17
238 67 204 67 245 65 209 63 16
239 77 206 76 247 75 213 75 8
238 134 211 135 249 135 218 135 100
240 130 210 130 249 131 218 131 75
238 133 208 132 247 133 216 133 78
240 145 212 144 249 145 223 147 46
234 187 208 187 245 189 219 190 42
231 215 212 215 245 217 227 217 41
230 231 212 229 245 233 226 233 19
236 247 208 247 245 251 216 251 92
235 253 208 253 245 257 217 257 71
238 264 209 264 247 269 218 268 33
240 298 203 297 245 305 207 304 130
243 86 209 87 251 85 217 85 15
242 140 216 140 253 141 227 141 68
241 145 215 149 253 147 226 149 27
242 245 214 245 251 249 222 249 72
241 261 213 261 251 265 222 265 53
241 267 213 266 251 271 221 271 29
244 274 214 273 251 279 220 278 43
249 49 215 49 257 47 224 48 55
250 54 218 55 259 53 225 53 16
253 69 220 70 261 67 225 66 14
251 120 219 121 259 121 226 122 100
250 127 219 126 259 127 228 127 200
249 125 217 125 257 125 224 125 90
250 138 224 138 261 139 235 139 105
250 167 219 165 261 169 230 167 35
243 201 223 201 257 203 236 203 38
252 253 223 253 261 257 229 257 77
251 257 224 257 261 261 233 261 68
251 261 223 260 261 265 231 264 35
249 265 221 264 259 269 230 268 27
251 282 219 281 259 287 226 286 19
245 290 211 290 261 297 222 296 57
247 303 207 303 261 309 208 310 114
239 299 202 298 257 305 207 305 119
257 310 213 310 259 319 214 318 137
256 321 209 320 257 331 207 330 60
258 325 210 324 259 335 208 334 60
257 30 227 31 265 27 232 27 106
256 59 223 59 265 57 229 57 15
258 121 227 121 267 121 234 122 70
254 217 228 216 267 219 236 219 46
253 263 225 262 263 267 234 267 36
259 274 226 273 267 279 233 279 21
262 310 218 310 265 319 219 319 75
264 314 220 314 267 323 220 322 75
264 49 230 49 273 47 238 47 23
264 55 231 56 273 53 237 53 15
264 60 232 63 273 59 238 59 13
261 74 227 73 269 71 234 70 11
264 101 232 101 273 101 240 101 73
260 103 229 104 269 103 236 103 105
260 125 229 125 269 125 237 125 97
262 132 232 132 271 133 240 133 100
261 152 232 152 271 151 240 149 48
263 169 234 169 273 171 242 171 37
262 173 232 173 271 175 240 176 53
262 213 232 212 271 215 240 214 29
259 215 230 214 269 217 238 217 29
256 229 230 229 269 233 238 231 52
260 245 229 245 269 249 238 248 78
259 251 230 251 269 255 239 255 92
260 256 230 257 269 261 239 261 63
260 278 229 277 269 283 235 283 21
252 303 215 302 269 309 218 309 118
268 322 220 322 269 333 218 333 58
267 42 235 41 277 39 244 40 38
268 59 235 60 277 57 243 58 14
265 113 238 115 275 115 250 115 137
266 118 237 119 275 119 247 119 156
268 128 237 128 277 129 247 129 116
267 165 238 165 277 167 247 167 39
266 203 236 205 275 209 244 207 39
268 217 239 217 277 219 248 219 34
268 226 238 228 277 231 247 229 95
266 246 236 245 275 249 245 248 100
268 255 241 255 279 259 251 259 64
270 274 239 274 279 279 246 279 27
269 270 236 270 275 275 244 274 32
269 276 239 275 277 281 243 281 53
266 279 234 279 275 285 240 284 18
276 40 244 40 285 37 252 37 23
273 49 240 50 281 47 250 48 19
271 70 239 71 281 69 246 69 22
274 88 240 87 283 87 248 87 15
273 94 240 94 281 93 248 93 30
270 110 244 111 281 111 254 112 103
273 112 248 113 285 113 259 113 95
272 125 242 125 281 125 251 125 143
272 219 243 219 283 223 257 221 80
271 232 246 231 283 235 259 235 55
271 238 247 238 283 241 259 241 65
275 296 238 295 281 303 242 302 108
276 302 237 301 281 309 241 308 135
276 307 235 306 281 315 236 315 64
279 316 233 316 281 327 232 326 46
279 323 232 322 281 333 230 333 46
279 37 247 37 287 31 255 32 14
280 65 247 66 289 63 254 63 17
282 71 249 71 291 69 257 70 11
278 80 245 80 287 79 253 79 24
281 117 251 117 291 117 260 117 118
275 152 246 152 287 153 254 153 53
275 226 251 226 287 229 262 229 51
277 224 252 224 289 227 265 226 41
275 234 251 233 287 237 263 237 85
277 230 253 230 289 233 265 233 80
277 245 253 245 289 249 264 249 148
279 251 252 251 289 255 261 255 63
279 275 246 276 287 281 256 280 29
288 319 242 318 291 329 242 328 42
285 323 237 322 287 333 237 332 54
288 328 239 327 289 339 236 339 50
286 54 255 55 295 53 264 54 41
284 69 251 70 293 67 259 67 15
283 74 249 72 293 73 258 73 24
287 89 256 90 297 89 265 89 31
287 101 257 101 297 101 266 101 38
283 115 252 114 293 115 263 115 83
285 133 255 134 295 133 264 134 80
283 182 254 181 293 183 262 184 23
287 185 257 185 297 187 266 187 16
283 187 254 187 293 189 262 189 21
279 216 258 216 293 219 269 219 27
285 224 261 224 297 227 272 227 70
281 228 257 228 293 231 269 231 52
284 253 258 253 295 257 268 256 69
286 296 251 295 293 303 255 302 70
286 302 249 301 293 309 251 309 129
293 314 249 313 297 323 250 322 49
293 326 245 325 295 337 243 336 45
292 45 259 45 301 43 268 44 40
293 53 265 52 301 51 271 52 66
289 82 258 82 299 81 267 81 21
293 86 262 86 303 85 271 85 23
293 125 261 121 303 123 272 123 129
289 164 259 164 299 165 268 165 20
293 184 263 185 303 187 272 187 12
293 187 263 187 303 189 272 188 11
291 189 262 189 301 191 271 191 13
289 244 265 243 301 247 269 246 86
292 249 265 249 303 253 273 253 51
290 257 259 257 301 261 269 261 77
288 257 260 257 299 261 270 261 59
291 261 261 261 303 265 274 265 78
289 261 263 260 301 265 271 265 43
291 265 265 264 303 269 272 269 39
289 272 257 272 301 277 265 277 32
294 296 257 295 301 303 259 302 67
297 300 260 299 303 307 255 307 93
293 303 253 303 299 311 257 310 72
301 323 253 321 303 333 253 333 49
299 328 250 327 301 339 248 339 64
295 41 264 43 305 39 272 40 29
295 61 265 60 307 57 278 55 44
297 90 266 90 307 89 276 88 33
295 90 264 90 305 89 273 89 28
297 95 267 96 307 95 276 95 23
292 150 267 149 305 149 280 147 39
299 159 268 159 309 161 278 162 29
299 166 269 166 309 167 279 167 23
294 193 266 192 305 195 275 195 18
295 205 265 204 305 207 274 207 25
299 202 270 202 309 205 279 205 27
298 251 272 251 309 255 281 255 44
294 253 267 253 305 257 277 257 41
298 263 271 262 309 267 280 267 33
303 328 253 327 305 339 252 338 51
307 331 256 331 309 343 255 343 55
305 53 275 51 315 51 287 53 31
303 59 272 59 313 57 282 57 35
301 61 270 61 311 59 280 59 34
305 63 274 63 315 61 284 61 40
300 92 271 93 311 93 279 92 25
299 136 276 133 311 137 287 135 35
300 148 275 147 311 147 287 149 18
304 184 276 186 315 187 285 188 15
300 185 271 187 311 189 280 188 10
301 235 281 239 311 239 292 237 182
306 298 267 298 313 305 272 305 93
309 327 259 327 311 339 258 339 64
306 19 276 20 317 17 285 18 85
306 55 275 54 317 53 286 53 39
308 66 280 66 319 65 288 66 38
306 108 277 110 317 109 286 107 26
307 175 277 175 317 177 287 177 14
308 172 279 171 319 173 287 172 17
306 181 277 181 317 183 286 183 11
309 177 279 177 319 179 289 178 11
308 183 279 183 319 185 288 185 12
311 273 279 274 321 279 288 279 30
312 279 279 279 321 285 286 285 40
314 290 277 290 321 297 285 296 95
311 314 268 313 317 323 270 323 48
318 322 270 321 321 333 271 332 49
318 328 269 327 321 339 269 338 50
314 96 284 97 325 95 294 97 31
313 151 293 154 327 155 305 154 39
313 196 284 196 323 199 293 198 32
315 274 284 273 325 279 291 279 34
318 315 273 315 323 325 275 325 41
319 320 273 320 323 331 274 330 62
322 330 272 329 325 341 272 340 49
318 132 288 133 329 133 298 133 20
318 143 288 144 329 145 298 145 32
323 173 293 171 333 175 302 176 20
319 171 288 172 329 173 298 173 22
319 181 288 181 329 183 298 183 23
322 192 295 192 333 195 302 195 26
321 244 298 244 333 247 309 247 101
324 274 292 273 333 279 302 279 40
320 277 287 277 329 283 292 283 74
325 279 292 279 333 285 299 285 59
321 281 287 281 329 287 291 287 72
327 324 279 323 331 335 279 335 54
327 88 296 88 337 87 306 86 43
325 91 297 91 337 91 308 91 29
324 89 297 89 335 89 306 89 18
327 97 297 97 339 97 307 97 36
323 95 296 96 335 95 305 95 17
328 106 297 106 339 107 306 105 22
327 134 293 133 337 135 306 134 16
325 161 297 161 337 163 308 162 28
325 159 301 159 339 161 309 161 35
324 176 294 173 335 177 305 176 21
326 196 297 196 337 199 307 199 39
326 210 305 209 337 213 317 213 85
322 227 299 227 335 233 311 231 124
324 234 301 234 337 237 313 237 144
324 239 301 239 337 243 313 243 122
327 264 296 264 337 269 305 269 24
327 290 291 289 335 297 298 296 90
329 294 292 294 337 301 297 301 105
333 312 289 311 339 321 292 320 51
331 322 283 322 335 333 284 332 66
331 328 287 325 335 339 283 338 51
333 30 300 30 343 27 309 27 18
334 58 302 59 345 57 312 57 40
331 90 305 87 341 89 309 88 38
329 95 301 95 341 95 310 94 27
331 111 300 112 341 111 309 111 9
334 119 303 119 345 119 313 119 15
329 130 300 132 341 133 310 133 20
334 134 304 134 345 135 314 135 29
330 137 300 138 341 139 310 139 21
331 160 305 158 343 161 313 161 31
330 164 301 163 341 165 311 164 30
334 173 305 173 345 175 315 175 18
330 175 302 175 341 177 312 177 35
330 198 300 199 341 201 311 201 37
330 226 307 226 343 229 320 228 174
332 238 310 237 345 241 321 241 152
330 242 307 241 343 245 319 245 112
330 257 303 256 341 261 312 261 41
332 283 295 283 341 289 307 288 62
337 294 301 294 345 301 307 301 97
339 328 290 327 343 339 291 338 45
341 340 287 339 343 353 286 353 54
341 23 307 23 351 19 318 20 26
337 35 304 35 347 31 313 31 37
337 44 302 43 347 41 314 41 77
336 61 304 61 347 59 314 59 25
335 77 307 78 347 77 318 77 32
337 123 305 121 347 123 315 122 18
336 132 306 132 347 133 316 133 21
336 139 306 139 347 139 316 139 21
339 173 311 173 351 175 321 175 45
337 179 307 179 347 181 318 181 37
336 187 307 187 347 189 319 190 24
340 183 311 183 351 185 322 185 31
336 224 313 224 349 227 326 227 91
336 234 313 233 349 237 326 237 82
336 242 314 241 349 245 325 245 79
340 255 311 254 351 259 321 259 70
338 259 310 259 349 263 320 263 19
337 266 307 266 347 271 315 271 19
343 279 307 279 351 285 315 285 47
341 292 307 292 351 299 313 299 126
345 322 296 322 349 333 298 333 36
347 327 297 327 351 339 298 339 54
348 338 295 338 351 351 295 350 48
346 51 313 51 357 49 324 50 32
346 67 315 67 357 65 325 65 28
344 109 312 107 355 109 324 108 30
341 169 313 169 353 171 322 170 31
342 179 313 179 353 181 324 180 51
344 186 316 186 355 189 326 189 29
342 224 319 224 355 227 331 227 56
344 251 316 251 355 255 326 255 50
346 249 318 249 357 253 328 253 45
346 254 318 254 357 259 327 259 18
343 272 314 271 353 277 320 277 30
348 277 317 276 357 283 325 282 68
348 288 312 288 357 295 320 294 89
352 325 303 325 357 337 305 336 47
348 324 301 323 353 335 302 334 60
352 341 298 341 355 355 297 355 55
350 48 317 48 361 45 327 46 15
351 46 319 46 363 43 329 43 19
348 46 315 46 359 43 325 44 22
352 55 320 56 363 53 330 53 15
350 89 327 91 363 89 338 90 53
349 93 322 93 361 93 334 93 52
347 97 320 97 359 97 331 97 25
348 111 319 110 359 111 330 111 20
348 105 319 107 361 107 331 106 23
351 162 327 163 363 163 334 161 35
348 169 320 169 359 171 330 171 35
350 216 324 216 363 219 337 219 29
348 214 320 215 359 217 332 217 33
349 218 324 218 361 221 337 220 24
351 257 324 257 363 261 334 261 28
347 262 320 261 359 267 328 267 31
354 277 321 277 363 283 327 282 74
349 281 313 281 359 287 321 287 57
353 298 315 297 361 305 322 304 92
354 310 311 309 361 319 315 319 54
358 45 326 46 369 43 336 41 34
356 62 325 63 367 59 334 60 12
352 91 326 91 365 91 337 90 36
353 97 326 97 365 97 338 97 34
353 117 320 119 365 117 331 118 32
354 118 326 119 367 119 338 120 23
353 136 321 139 365 137 335 136 30
355 181 327 181 367 183 339 183 21
357 179 330 179 369 181 341 181 20
353 249 325 249 365 253 336 253 27
357 246 330 247 369 251 339 251 26
360 290 324 290 369 297 332 297 157
359 299 321 299 367 307 327 307 79
360 315 316 314 367 325 319 325 45
361 331 310 330 365 343 311 342 47
360 338 309 337 365 351 309 350 48
362 341 308 341 365 355 307 355 39
360 24 325 24 373 21 339 22 46
364 47 332 48 375 45 341 45 31
360 43 328 44 371 41 337 41 22
360 51 328 51 371 49 338 49 16
364 55 332 55 375 53 341 53 25
360 59 328 59 371 57 338 57 16
362 61 330 61 373 59 340 60 9
364 61 332 62 375 59 342 60 35
361 99 333 99 373 99 344 99 19
362 108 334 109 375 109 346 109 19
359 115 331 116 371 115 342 116 17
363 139 336 141 375 141 348 142 16
361 183 333 184 371 187 343 187 19
363 194 337 193 375 197 348 196 25
359 196 332 196 371 199 343 199 19
358 228 335 227 371 231 347 231 25
363 225 339 223 375 227 352 227 18
360 236 332 236 371 239 341 241 34
366 333 315 332 371 345 317 344 42
368 333 317 332 373 345 319 345 58
369 336 317 335 373 349 317 349 62
369 24 338 25 381 21 349 21 31
367 19 332 21 377 17 342 16 35
364 31 334 31 377 29 345 29 28
365 39 334 39 377 39 345 37 22
369 53 337 53 381 51 348 51 25
366 51 334 52 377 49 344 49 21
366 62 334 63 377 61 344 62 14
370 63 338 63 381 61 348 61 21
370 67 338 67 381 65 351 64 42
366 73 334 73 377 71 345 72 22
365 105 337 105 377 105 348 105 22
368 103 340 103 381 103 353 104 19
369 146 342 145 381 147 352 147 14
365 157 335 157 377 159 345 158 22
367 179 342 181 381 183 354 181 9
367 235 340 235 379 239 351 239 21
365 266 338 265 377 271 345 271 66
372 298 334 297 381 305 341 305 77
373 343 319 342 377 357 319 356 48
375 147 347 143 387 147 359 146 19
372 173 346 173 385 175 358 175 21
372 182 346 183 385 185 358 186 13
372 192 345 192 385 195 356 194 15
369 208 345 210 383 213 356 211 14
373 230 351 229 387 233 363 232 52
371 249 343 248 383 253 354 253 39
373 247 344 247 385 251 356 251 15
373 255 345 255 385 259 356 259 28
371 261 341 260 383 265 354 264 51
375 264 346 264 387 269 357 269 107
379 306 337 306 387 315 343 314 64
381 333 330 332 387 345 332 345 51
381 57 352 57 393 55 363 55 41
379 62 349 62 391 61 361 60 19
379 86 349 87 391 85 360 86 17
376 122 344 124 389 123 354 125 101
377 138 351 138 389 139 365 137 33
380 171 354 172 393 173 365 173 27
378 175 352 175 391 177 365 176 18
376 186 350 185 389 189 364 190 13
379 190 351 189 391 193 365 192 13
381 203 354 202 393 205 365 207 20
380 213 354 215 393 219 365 218 27
379 233 351 233 391 237 363 237 14
381 237 353 237 393 241 364 241 31
377 262 349 262 389 267 361 266 45
382 275 350 275 393 281 360 281 74
379 279 346 279 389 285 355 285 84
382 301 351 299 391 309 349 309 93
386 320 339 320 393 331 343 331 38
388 338 335 337 393 351 336 351 50
387 51 358 51 399 49 370 49 29
386 59 358 59 399 57 369 57 17
385 55 355 55 397 53 367 53 42
382 65 355 64 395 63 364 64 41
387 78 356 78 399 77 367 77 12
381 132 359 132 395 133 372 133 57
382 188 356 188 395 191 368 191 15
385 212 357 211 397 217 369 215 23
383 219 358 219 395 223 372 222 27
385 239 357 239 397 243 369 242 19
387 262 359 262 399 267 370 267 67
387 268 356 268 399 273 367 273 86
388 275 356 275 399 281 366 281 114
386 275 354 275 397 281 363 281 114
388 281 356 280 399 287 364 287 99
389 313 345 313 397 323 350 323 52
387 317 342 317 395 327 346 327 53
391 332 339 332 397 345 342 345 55
393 20 361 20 405 17 372 17 25
389 36 357 35 401 33 368 33 23
393 84 363 83 405 83 373 82 15
388 115 360 116 401 115 372 115 45
388 118 360 119 401 119 371 119 40
388 152 361 151 401 153 372 153 30
392 155 364 155 405 157 376 157 30
390 160 361 159 403 161 373 161 23
392 233 365 232 405 237 377 236 29
390 237 363 237 403 241 375 241 27
388 260 361 260 401 265 372 265 95
394 275 362 275 405 281 370 281 67
396 302 355 302 405 311 362 311 80
397 311 352 311 405 321 358 321 46
395 316 349 316 403 327 355 326 51
393 317 348 317 401 327 353 327 45
395 320 349 320 403 331 353 331 61
397 335 345 335 403 349 348 348 56
395 342 341 341 401 355 344 354 44
397 339 344 339 403 353 345 353 47
398 26 367 27 411 23 379 25 68
397 44 366 44 409 41 377 41 25
398 58 368 57 411 57 379 55 25
394 62 365 62 407 61 376 61 27
398 88 369 88 411 87 380 87 18
399 105 367 106 411 105 378 105 20
397 109 365 109 409 109 375 108 41
396 113 364 113 407 115 376 113 36
399 116 368 117 411 117 378 117 27
398 124 368 123 411 123 380 122 31
398 149 369 150 411 151 381 151 29
394 151 366 152 407 153 378 153 35
395 158 366 157 407 159 378 158 33
397 167 367 167 409 169 378 169 24
394 173 366 173 407 175 379 177 19
393 210 370 209 407 213 383 212 19
398 237 371 237 411 241 383 241 36
394 247 367 247 407 251 378 251 64
398 250 371 251 411 255 383 255 44
396 247 369 247 409 251 381 251 33
396 254 369 254 409 259 381 259 105
396 259 367 259 409 263 380 263 117
401 304 361 304 411 313 368 312 59
398 302 357 302 407 311 364 311 62
400 313 356 313 409 323 362 322 46
404 332 353 332 411 345 356 345 58
404 82 371 81 417 81 384 81 29
400 89 370 90 413 89 382 89 18
403 113 369 114 413 113 381 113 30
403 129 371 129 415 129 381 129 25
403 132 371 131 417 133 385 133 20
401 131 370 131 413 131 381 131 34
400 135 371 136 413 137 381 136 26
403 165 373 165 415 167 385 167 15
401 171 371 171 413 173 383 173 20
400 204 375 205 413 207 387 208 12
400 207 376 207 415 211 388 210 13
403 229 380 229 417 233 394 233 33
402 247 375 247 415 251 387 251 96
402 248 376 249 415 253 387 253 122
402 255 375 254 415 259 388 258 49
401 266 372 266 413 271 383 271 92
402 283 369 282 413 289 378 289 72
404 303 364 302 413 311 371 311 55
409 327 360 327 417 339 364 338 57
407 341 353 341 413 355 356 354 49
408 80 377 81 421 79 388 77 35
409 86 377 86 421 85 388 85 30
410 88 379 88 423 87 391 87 29
409 126 377 126 421 127 388 127 18
407 143 377 144 421 143 389 144 22
408 148 379 148 421 149 391 149 36
408 160 379 159 421 161 391 161 38
406 162 377 161 419 163 388 162 26
405 177 382 177 419 179 396 179 21
405 203 380 202 419 205 391 205 34
406 233 380 233 419 237 392 237 37
408 247 381 247 421 251 393 251 35
408 290 373 289 419 297 381 297 110
412 292 376 291 423 299 384 299 67
411 296 373 295 421 303 381 303 67
412 308 369 307 421 317 377 317 49
406 310 367 309 419 319 374 319 71
413 329 364 328 421 341 368 341 51
411 331 361 330 419 343 365 343 59
416 338 363 337 423 351 367 351 71
416 341 362 340 423 355 366 354 42
416 40 385 40 429 37 392 35 53
413 92 381 93 425 91 392 91 24
416 102 385 102 429 101 396 101 25
416 132 384 132 429 133 396 133 24
410 168 384 167 425 169 396 169 47
415 194 391 195 429 197 407 195 39
413 202 390 202 427 205 403 203 24
412 210 391 213 427 215 404 215 24
414 247 388 247 427 251 400 251 43
412 255 385 255 425 259 397 259 47
414 253 387 253 427 257 399 257 31
416 262 389 262 429 267 400 266 70
410 262 383 262 425 267 395 266 87
415 273 382 273 427 279 393 279 109
413 279 380 279 425 285 391 285 59
417 304 376 303 427 313 383 313 56
415 310 373 309 425 319 380 319 48
416 318 370 317 425 329 376 329 81
417 325 368 325 425 337 373 337 48
421 329 371 329 429 341 376 341 56
420 338 367 337 427 351 371 351 56
420 343 365 342 427 357 368 356 53
419 44 389 44 433 41 402 41 24
418 92 387 92 431 91 398 90 20
418 97 387 98 431 97 399 97 17
422 99 391 100 435 99 403 99 15
422 105 391 105 435 105 403 105 13
420 109 389 109 433 109 401 109 14
418 126 387 127 431 127 398 127 22
422 128 391 129 435 129 402 129 34
420 130 389 130 433 131 400 131 21
420 136 389 136 433 137 401 137 28
421 157 395 158 435 159 409 160 122
416 177 394 176 431 179 408 179 49
418 181 396 181 433 183 410 183 43
421 189 393 188 433 191 405 190 48
417 204 395 204 431 207 408 207 30
417 214 395 214 431 217 408 218 24
417 219 394 220 431 223 409 222 39
418 228 396 227 433 231 405 229 43
422 231 394 231 435 235 407 235 49
417 235 394 236 431 239 403 238 46
417 242 394 241 431 245 407 245 52
422 260 394 260 435 265 407 265 42
422 323 374 323 431 335 380 335 48
426 348 371 347 433 363 373 363 73
424 41 395 44 439 41 407 39 39
425 49 400 47 439 47 413 45 83
424 55 399 54 437 53 411 54 75
426 103 395 103 439 103 407 103 10
428 123 397 121 441 123 410 123 73
423 154 400 153 437 155 412 155 148
423 161 400 161 437 163 414 162 100
428 168 403 167 441 169 417 169 75
425 178 403 177 439 181 416 181 42
425 204 398 205 439 207 417 207 68
425 234 397 234 437 239 409 239 72
423 245 401 244 437 249 414 248 34
426 262 398 262 439 267 411 267 62
424 271 394 271 437 277 405 277 72
427 279 394 279 439 285 405 285 82
429 275 397 275 439 281 405 281 95
425 282 391 282 437 289 402 289 91
426 288 389 288 437 295 400 295 87
429 309 386 308 439 319 393 317 49
428 315 383 315 437 325 389 325 52
428 313 383 313 437 323 389 323 55
432 321 384 321 441 333 390 333 51
430 327 381 327 439 339 386 339 48
428 325 379 325 437 337 384 337 59
428 331 378 330 437 343 383 343 67
430 334 379 333 439 347 383 347 67
429 337 376 337 437 351 381 351 74
429 341 375 341 437 355 379 355 37
433 339 380 338 441 353 384 353 50
431 348 375 348 439 363 379 362 66
433 21 403 23 447 19 415 19 36
429 68 408 68 443 67 422 68 58
429 117 400 116 443 117 412 116 52
429 159 408 160 443 161 420 160 88
433 192 407 192 447 195 421 195 34
428 188 403 189 443 191 417 191 31
429 195 403 194 443 197 416 197 27
428 201 407 200 443 203 420 203 23
428 207 407 206 443 209 420 209 21
431 227 404 225 445 231 418 231 49
431 231 405 231 445 235 417 235 42
429 245 405 245 443 249 421 249 31
429 254 402 254 443 259 415 259 30
430 271 400 271 443 277 410 277 55
433 294 397 293 445 301 406 301 72
436 301 396 300 447 309 405 309 80
435 337 382 337 443 351 386 351 58
439 22 408 22 453 19 421 19 30
439 160 415 160 451 163 425 161 49
436 210 414 210 451 213 429 213 20
436 206 414 206 451 209 429 209 21
436 218 414 218 451 221 428 221 27
435 222 413 221 449 225 427 225 31
435 229 408 229 449 233 421 233 39
435 235 409 235 449 239 422 239 28
435 262 407 262 449 267 419 267 97
439 275 407 275 451 281 419 281 76
440 288 403 288 453 295 416 295 117
440 302 399 302 451 311 409 310 59
442 306 400 306 453 315 409 315 57
441 308 399 308 453 317 407 317 73
441 320 395 319 451 331 402 330 55
443 325 395 325 453 337 402 337 55
442 337 389 337 451 351 394 350 68
442 341 388 341 451 355 393 355 47
443 346 387 346 451 361 391 361 53
441 32 410 30 455 29 423 28 50
443 41 418 41 457 39 427 37 86
444 52 421 52 459 51 435 51 73
439 71 417 71 455 71 431 70 56
445 78 422 77 459 77 437 77 87
445 100 415 100 459 99 427 98 26
446 111 415 109 459 111 428 110 92
441 130 411 131 455 131 423 131 77
443 163 417 162 457 165 430 165 54
439 169 414 168 455 171 427 170 32
445 175 418 175 459 177 431 177 95
440 208 418 207 455 211 433 211 20
443 212 421 212 457 215 435 216 49
440 216 419 216 455 219 432 219 31
443 233 421 233 457 237 436 237 74
445 237 418 237 459 241 431 241 84
441 252 414 252 455 257 426 255 23
445 264 417 264 459 269 429 269 117
443 267 414 267 457 273 427 273 65
447 295 409 295 459 303 420 302 84
446 311 402 311 457 321 411 321 51
445 334 394 333 455 347 400 346 68
446 37 424 38 461 35 437 35 65
448 60 424 60 463 59 439 59 99
447 75 425 75 463 75 440 75 116
447 86 416 86 461 85 429 85 59
448 94 417 94 461 93 430 92 17
449 96 419 96 463 95 432 95 22
449 138 418 138 463 139 431 137 134
449 163 428 164 463 165 440 165 100
449 183 422 183 463 185 436 185 100
451 185 424 185 465 187 438 186 188
448 267 418 267 461 273 430 273 70
448 273 416 273 461 279 428 279 105
450 277 417 277 463 283 429 283 145
448 279 416 279 461 285 427 285 76
452 292 416 291 465 299 427 299 65
452 311 408 311 463 321 417 320 66
455 52 435 52 471 51 450 51 296
453 88 422 88 467 87 435 87 131
456 94 426 94 471 93 440 93 110
455 98 425 98 469 97 438 97 23
458 100 427 100 471 99 440 99 23
456 137 425 138 471 139 437 138 266
453 148 422 148 467 149 435 149 173
454 183 434 183 469 183 449 185 99
454 186 434 185 469 187 449 187 176
454 198 434 195 469 199 449 199 183
455 203 436 204 471 207 451 207 160
455 214 436 211 471 215 451 215 138
454 222 434 222 469 225 449 225 222
454 277 422 277 467 283 433 283 77
456 290 421 290 469 297 432 297 60
455 299 411 300 467 307 425 306 74
458 325 410 325 469 337 417 337 81
457 329 407 328 467 341 414 340 150
457 339 404 338 467 353 409 352 67
459 61 434 61 475 63 449 61 319
461 74 436 74 477 73 451 74 489
460 95 430 96 475 95 443 95 95
463 124 435 122 473 123 449 122 247
460 177 440 177 475 177 455 177 162
461 171 442 171 477 173 457 173 352
459 175 440 179 475 179 455 179 191
461 187 442 186 477 187 457 187 279
461 189 442 189 477 193 457 193 263
461 199 442 196 477 199 457 200 188
459 201 440 200 475 203 455 203 184
461 203 442 204 477 207 457 207 183
462 214 442 214 477 217 457 217 307
462 220 442 220 477 223 457 223 402
461 260 437 257 475 265 445 265 107
463 268 433 267 477 273 446 273 141
463 273 432 273 477 279 444 279 101
460 269 429 269 473 275 442 275 86
459 275 427 275 473 281 440 281 140
462 282 428 282 475 289 439 289 86
462 288 427 288 475 295 438 295 80
462 292 426 291 475 299 437 298 85
464 297 426 296 477 305 436 305 64
465 304 423 304 477 313 433 313 53
465 309 419 308 477 319 429 317 62
464 325 416 325 475 337 424 337 88
465 330 414 330 475 343 421 343 92
467 54 439 55 481 53 457 52 373
464 173 444 173 479 175 459 175 281
463 205 444 201 479 205 459 206 104
466 210 446 210 481 213 461 213 252
464 212 444 212 479 215 459 214 185
464 222 444 222 479 225 459 225 416
464 235 442 236 479 239 456 239 384
466 286 431 286 479 293 443 293 106
468 290 432 290 481 297 443 297 87
470 293 433 293 483 301 444 301 80
466 295 428 295 479 303 439 303 68
468 306 427 305 481 315 437 315 62
470 325 421 325 481 337 429 337 127
468 332 417 332 479 345 425 345 152
468 337 416 337 479 351 422 350 78
469 345 413 345 479 361 419 360 72
469 347 413 347 479 363 418 363 54
472 30 442 30 487 27 456 27 80
470 46 445 47 485 45 459 44 199
470 129 442 128 485 129 456 129 261
472 130 444 130 487 131 458 131 243
473 144 443 145 487 145 454 146 654
473 169 449 169 489 171 462 170 545
473 216 454 216 489 219 470 219 247
469 218 450 218 485 221 466 221 300
470 225 445 225 485 229 459 229 572
474 229 448 229 489 233 462 233 365
469 262 443 261 485 267 456 266 107
475 280 443 280 489 287 455 286 77
472 297 434 296 485 305 444 305 91
476 300 436 300 489 309 446 309 55
474 321 426 321 485 333 434 333 96
474 327 426 327 485 339 433 339 97
474 337 422 336 485 351 429 350 128
478 23 447 23 493 19 461 19 49
478 28 447 28 493 25 461 25 78
476 63 447 62 491 61 460 61 490
480 96 450 96 495 95 464 95 191
478 109 449 110 493 109 463 110 285
476 126 446 125 491 127 460 127 137
476 128 447 128 491 129 461 129 199
480 152 451 151 495 153 464 151 457
477 159 445 155 493 161 464 163 692
480 175 452 176 495 177 465 177 329
477 216 459 216 493 219 473 219 262
479 220 461 220 495 223 476 223 256
478 243 453 243 493 247 467 247 56
476 247 450 247 491 251 464 251 36
481 284 444 284 495 291 455 291 87
481 290 445 290 495 297 457 297 86
481 323 433 323 493 335 441 335 142
480 335 428 335 491 349 435 349 132
484 340 430 340 491 355 433 355 137
482 26 451 26 497 23 465 23 40
485 32 455 33 501 29 469 29 40
481 34 451 34 497 31 465 31 43
486 61 452 63 501 59 473 60 312
486 71 457 70 501 69 471 69 352
482 92 451 92 497 91 465 91 166
485 103 460 104 501 103 474 103 534
483 113 459 113 497 113 475 113 456
482 131 452 131 497 131 465 131 106
482 169 454 169 497 171 467 171 485
485 216 467 216 501 219 482 219 259
482 229 456 229 497 233 470 233 477
486 231 460 231 501 235 475 235 353
483 237 458 237 499 241 472 241 194
482 247 457 246 497 251 472 251 43
484 252 458 252 499 257 469 257 85
484 262 456 261 499 267 469 267 58
486 266 457 266 501 271 471 271 105
485 295 447 295 499 303 459 303 58
487 298 449 298 501 307 460 306 45
486 304 445 304 499 313 455 313 53
484 318 438 317 497 329 445 329 136
487 323 438 323 499 335 447 335 137
487 332 436 332 499 345 444 345 185
487 26 457 27 503 23 471 22 44
487 34 457 34 503 31 471 31 53
490 45 460 44 505 41 474 41 58
490 86 460 86 505 85 474 85 182
488 129 458 129 503 129 471 129 99
492 127 461 127 507 127 475 127 163
490 138 459 138 505 139 473 139 171
490 175 461 175 505 177 475 177 227
490 237 464 238 505 241 478 242 162
491 243 465 243 507 247 481 247 107
490 246 464 246 505 251 478 251 58
488 254 462 254 503 259 476 259 60
492 261 464 261 507 267 479 266 92
494 304 453 303 507 313 463 313 50
490 311 445 311 503 321 456 321 68
492 309 449 308 505 319 460 318 90
492 318 446 317 505 329 456 329 114
493 344 438 344 505 359 446 359 52
497 29 467 29 513 25 482 25 81
493 26 464 27 509 23 478 23 80
494 40 464 40 509 39 478 39 86
497 38 467 38 513 35 482 35 82
495 55 464 55 511 51 481 49 118
494 57 464 55 509 55 476 54 129
498 133 467 132 513 133 481 133 167
496 155 468 155 511 157 481 157 404
494 176 466 176 509 179 480 178 336
498 181 470 181 513 183 484 183 245
494 179 465 179 509 181 480 181 193
495 226 477 225 511 229 493 229 251
496 241 471 240 511 245 485 245 75
497 247 472 247 513 251 487 251 56
499 290 463 290 513 297 477 297 74
501 326 451 326 513 339 460 339 126
499 343 444 343 511 359 452 359 60
503 63 474 63 519 61 489 61 145
504 118 476 117 519 119 490 118 321
503 125 473 125 519 125 487 125 152
503 150 474 150 519 153 488 151 418
501 214 483 214 517 217 499 217 360
503 218 486 218 519 221 501 221 414
503 225 486 226 519 229 502 229 443
499 245 474 245 515 249 489 249 97
499 260 470 260 515 265 485 265 72
503 264 475 264 519 269 490 269 78
499 266 471 266 515 271 485 271 96
501 304 459 303 515 313 471 313 69
502 318 455 317 515 329 466 329 198
507 41 478 39 523 39 493 38 79
509 43 481 44 525 41 497 42 95
507 57 478 57 523 55 492 54 102
505 55 475 54 521 53 490 52 108
505 66 477 66 521 65 491 65 183
504 86 476 86 521 85 497 85 395
509 81 485 81 525 83 499 82 316
509 90 483 89 525 89 499 88 244
505 100 475 101 521 99 489 101 344
505 208 488 208 521 211 504 210 146
507 212 490 212 523 215 505 215 155
505 231 487 232 521 235 502 235 424
505 239 480 239 521 243 495 243 122
509 241 486 241 525 245 499 245 137
509 256 481 256 525 261 495 261 120
505 258 479 257 521 263 492 263 101
510 303 469 303 525 313 481 312 53
507 321 454 320 523 333 472 333 281
509 340 456 340 523 355 465 355 109
509 345 454 345 523 361 463 361 104
511 20 482 20 527 17 497 17 78
515 30 485 29 531 27 501 27 80
515 28 485 27 531 25 501 24 99
511 28 482 28 527 25 497 25 75
513 115 487 114 529 115 502 113 315
513 177 489 178 529 179 509 179 396
511 188 494 187 527 191 509 190 233
514 197 497 198 531 199 513 201 413
515 245 490 245 531 249 506 249 98
513 260 486 260 529 265 501 265 86
519 289 485 289 531 295 494 295 108
513 310 469 310 527 321 481 321 114
514 314 469 314 529 325 481 325 177
515 319 467 319 529 331 479 331 99
513 337 461 337 527 351 470 351 77
517 337 464 337 531 351 474 351 117
517 34 488 34 533 31 503 32 95
520 114 493 113 537 115 509 113 213
518 165 491 166 535 167 507 168 518
517 175 497 176 533 177 513 178 503
519 252 493 252 533 257 506 257 236
519 258 492 258 535 263 508 263 151
518 269 483 268 533 275 502 275 144
518 284 485 284 533 291 498 291 130
521 280 489 279 537 287 503 286 86
522 288 487 288 537 295 500 295 69
523 340 469 340 537 355 479 355 76
519 347 463 347 533 363 472 363 140
526 22 499 23 543 19 514 18 101
526 41 502 41 543 39 517 38 55
524 49 495 50 541 47 511 49 80
523 52 490 51 539 51 505 51 100
524 112 498 111 541 113 514 111 242
527 141 499 143 543 143 515 143 265
522 185 507 186 539 187 523 188 727
526 189 512 186 543 191 524 192 629
524 228 499 228 541 231 515 231 424
524 235 500 236 541 239 515 237 344
525 245 500 245 541 249 516 249 297
527 250 501 250 543 255 517 255 139
527 256 501 256 543 261 516 261 142
524 305 482 304 539 315 494 315 43
527 307 485 307 543 317 498 317 63
525 317 479 317 541 329 491 328 83
526 323 478 323 541 335 490 335 80
526 342 472 341 541 357 482 357 80
528 26 501 26 545 23 517 23 86
532 35 506 35 549 33 522 33 59
528 45 497 43 545 43 513 41 63
530 88 504 88 547 87 520 87 132
532 177 516 176 549 179 532 179 447
532 206 510 206 549 209 526 207 606
529 235 504 233 545 235 519 234 286
530 244 505 244 547 247 521 247 325
531 254 506 254 547 259 521 259 114
533 267 503 267 549 273 519 273 64
533 271 501 271 549 277 517 277 57
531 275 500 274 547 281 515 281 65
531 282 498 282 547 289 512 289 73
529 302 488 302 545 311 501 311 37
533 302 492 302 549 311 506 311 35
532 303 490 303 547 313 503 313 55
538 39 511 39 555 37 527 37 45
534 82 509 81 551 81 531 81 262
536 82 507 83 553 81 523 82 188
538 100 509 100 555 99 525 99 85
536 113 507 113 553 113 523 113 140
534 115 505 115 551 115 521 115 174
534 138 508 138 551 139 524 139 173
538 153 510 153 555 155 526 155 288
536 159 511 159 553 161 526 160 279
536 173 512 173 553 175 527 176 387
536 197 520 197 553 199 537 199 455
536 202 521 203 553 205 537 205 502
536 210 515 211 553 213 531 214 600
536 243 512 242 553 247 528 246 291
539 282 505 282 555 289 520 289 78
535 286 500 286 551 293 519 293 66
538 315 490 316 553 327 505 327 55
535 325 486 325 551 337 499 337 56
539 325 490 325 555 339 502 339 64
537 323 489 323 553 335 501 335 62
540 30 515 30 557 27 531 27 142
542 42 514 42 559 39 531 39 33
540 37 512 38 557 35 529 35 56
544 100 515 100 561 99 531 100 101
544 108 516 108 561 107 532 107 92
540 125 513 127 557 127 529 127 216
542 152 514 151 559 153 530 153 140
542 159 514 159 559 161 530 160 140
544 161 516 161 561 163 533 164 144
544 169 526 170 561 171 545 173 289
540 177 523 177 557 179 540 180 372
542 250 518 250 559 255 534 255 196
545 268 515 267 561 273 531 273 143
543 273 512 272 559 279 527 279 70
545 298 505 298 561 307 519 307 34
541 301 500 301 557 311 513 311 31
544 301 503 301 561 311 517 311 48
544 307 502 307 561 317 515 317 37
543 321 495 320 559 333 507 333 39
542 343 487 343 557 359 498 359 127
550 25 522 26 567 23 540 22 151
547 40 521 40 565 37 536 37 75
545 66 519 65 563 65 537 63 60
548 92 519 92 565 91 535 91 165
550 92 521 92 567 91 537 91 226
550 101 523 102 567 101 539 101 209
546 105 518 105 563 105 534 105 81
550 113 522 113 567 113 538 113 201
550 150 522 150 567 151 538 151 125
546 157 519 158 563 159 534 158 89
550 171 533 169 567 173 549 171 256
550 187 533 186 567 189 551 189 257
546 196 530 196 563 199 547 199 151
549 200 533 200 567 203 550 202 209
548 243 524 243 565 247 540 247 180
546 256 520 256 563 261 536 261 111
548 263 520 263 565 269 536 269 71
550 265 522 265 567 271 538 271 59
548 309 504 308 565 319 518 318 37
551 321 503 321 567 333 516 333 44
549 337 495 338 565 353 507 353 90
551 342 496 341 567 357 507 357 70
555 34 528 34 573 31 545 31 117
555 48 527 48 573 45 544 45 58
555 53 527 53 573 51 544 51 49
555 175 536 174 573 177 553 176 405
553 196 537 196 571 199 555 199 124
556 208 540 208 573 211 557 211 189
552 237 529 237 569 241 546 241 464
552 241 529 241 569 245 545 244 276
554 252 529 252 571 257 545 257 133
556 340 502 340 573 355 514 355 106
561 36 533 35 579 33 550 32 93
557 51 530 51 575 49 546 48 52
561 55 534 55 579 53 551 53 60
559 97 537 97 577 97 554 97 196
559 107 531 108 577 107 548 108 225
557 148 531 148 575 149 547 149 87
557 161 531 161 575 163 547 163 121
559 171 543 170 577 173 561 173 238
557 193 541 194 575 195 558 196 138
557 198 541 198 575 201 559 201 157
561 194 544 191 579 197 562 195 143
558 222 540 222 575 225 556 226 433
560 233 539 233 577 237 555 237 234
558 229 537 229 575 233 553 233 308
557 241 535 241 575 245 552 245 145
561 245 539 245 579 249 556 249 143
559 254 534 254 577 259 551 259 97
560 265 531 265 577 271 547 271 68
558 267 529 267 575 273 545 273 57
557 289 522 289 575 297 537 297 52
558 285 522 286 575 293 539 293 70
561 314 516 313 579 325 530 325 42
560 324 510 324 577 337 524 338 55
562 340 508 339 579 355 521 354 127
562 343 507 343 579 359 519 359 130
563 57 535 57 581 55 552 55 62
563 67 536 66 581 65 553 65 63
565 72 538 73 583 71 555 71 88
563 82 539 82 581 81 556 81 137
563 111 535 112 581 111 552 111 216
567 146 541 146 585 147 557 147 88
563 144 537 144 581 145 553 145 110
567 157 541 158 585 159 557 159 88
567 153 541 153 585 155 558 155 83
564 191 547 190 581 193 565 193 215
567 214 553 212 585 217 571 216 298
565 235 544 235 583 239 561 239 180
563 235 542 235 581 239 559 239 160
563 250 539 250 581 255 557 255 83
564 263 536 263 581 269 551 269 74
563 269 534 269 581 275 549 275 76
565 289 529 289 583 297 544 297 49
563 293 525 293 581 301 541 301 49
564 326 514 326 581 339 528 339 58
564 340 509 341 581 355 523 354 89
569 34 541 34 587 31 558 31 127
569 80 544 80 587 79 561 79 162
573 84 548 84 591 83 565 84 180
571 95 547 95 589 95 565 95 167
569 107 545 107 587 107 562 107 121
573 111 549 110 591 111 566 111 130
571 122 542 119 589 123 559 121 436
573 126 544 125 591 127 561 126 334
571 128 542 125 589 129 560 127 453
571 144 545 144 589 145 562 145 147
573 154 546 153 591 155 564 155 80
570 182 549 182 589 185 567 185 292
574 241 552 241 591 245 569 245 129
572 246 549 246 587 251 564 251 234
573 265 543 265 591 271 561 271 99
573 269 544 269 591 275 560 275 73
571 278 539 278 589 285 557 285 86
571 285 535 286 589 293 552 293 54
571 291 535 289 589 299 549 299 45
573 296 533 295 591 305 549 305 46
569 339 519 339 587 355 528 355 107
573 343 518 343 591 359 531 359 144
579 90 552 93 597 91 570 93 330
577 103 553 102 595 103 571 102 212
577 107 553 107 595 107 571 107 107
579 111 555 111 597 111 572 111 77
577 122 554 121 595 123 573 122 229
577 155 551 155 595 157 567 157 196
579 163 553 163 597 165 571 165 97
575 194 561 195 593 197 579 197 236
577 212 562 211 595 215 580 214 280
579 224 559 224 597 227 577 229 177
575 229 552 230 593 233 572 233 423
577 252 553 252 595 257 570 257 102
575 256 550 256 593 261 567 261 188
577 267 548 267 595 273 565 273 82
579 271 550 270 597 277 565 277 79
579 276 547 276 597 283 565 283 103
575 292 537 292 593 301 553 301 46
577 336 523 336 595 351 537 351 94
575 340 521 340 593 355 535 356 67
584 55 558 55 603 53 576 53 212
582 65 556 65 601 63 574 63 103
585 101 563 101 603 101 580 101 178
581 105 558 105 599 105 575 104 174
581 116 557 116 599 117 574 117 157
583 139 559 139 601 141 576 141 122
581 146 555 147 599 147 573 147 139
585 149 559 150 603 151 576 151 94
581 154 555 153 599 155 572 155 63
585 163 562 162 603 165 580 164 146
584 169 563 171 603 171 580 172 169
583 225 564 225 601 229 582 229 240
581 227 561 227 599 231 578 231 136
583 239 563 239 601 243 580 243 82
580 245 558 245 599 249 576 249 84
581 256 556 256 599 261 573 261 115
585 263 557 263 603 269 574 269 115
582 285 547 285 601 293 563 294 53
585 296 545 296 603 305 562 305 42
584 305 542 305 603 315 558 315 39
582 315 537 316 601 327 552 327 39
581 319 534 319 599 331 549 331 54
584 341 529 341 603 357 544 357 101
580 344 525 344 599 361 539 361 191
589 48 562 50 607 47 580 48 339
586 66 561 66 605 65 578 65 118
586 76 561 76 605 75 579 75 101
588 72 563 72 607 71 581 71 73
588 89 559 87 607 89 581 87 315
591 115 570 115 609 115 588 115 316
591 128 567 127 609 129 585 129 336
587 132 563 133 605 133 582 133 227
591 202 576 202 609 205 593 205 340
586 243 565 243 605 247 583 247 92
586 248 563 248 605 253 582 253 81
589 267 561 266 607 273 579 272 84
587 281 559 281 605 289 569 289 68
588 281 554 281 607 289 571 289 60
587 294 548 294 605 303 564 303 69
588 299 547 298 607 309 564 308 37
590 303 548 303 609 313 564 313 31
596 60 584 58 615 59 602 57 485
596 68 571 69 615 67 589 67 196
594 80 569 79 613 79 587 78 146
595 97 573 97 613 97 591 97 189
594 132 571 132 613 133 589 133 213
592 163 569 161 611 165 589 164 154
592 173 568 174 611 175 585 176 503
595 170 570 172 613 173 587 174 464
597 198 585 199 615 201 603 201 427
597 200 585 200 615 203 602 203 425
596 222 578 221 615 225 596 225 202
595 228 576 228 613 231 594 231 165
597 225 578 225 615 229 596 229 212
595 231 575 231 613 235 593 235 244
593 237 573 237 611 241 590 241 91
597 241 576 241 615 245 595 245 175
596 269 567 269 615 275 585 275 92
596 287 560 287 615 295 577 295 37
593 296 551 296 613 305 568 305 45
592 306 549 306 611 317 565 317 39
592 315 549 312 611 327 565 325 68
598 72 573 71 617 71 591 70 150
602 110 582 111 621 111 600 111 311
600 169 577 171 619 171 596 172 297
602 165 579 164 621 167 602 166 283
598 173 582 171 617 175 599 174 343
602 171 582 170 621 173 600 172 318
601 193 587 193 619 195 605 195 510
600 219 582 220 619 223 600 223 352
599 254 575 254 619 259 593 259 133
600 267 572 267 619 273 589 273 84
598 263 571 263 617 269 588 269 116
600 281 566 281 619 289 583 289 40
600 287 563 287 619 295 581 295 37
600 290 561 291 619 299 579 299 48
600 296 560 296 619 305 577 305 52
599 311 555 311 619 323 571 324 45
599 319 567 319 619 331 581 333 75
606 33 583 33 625 31 602 31 399
607 49 595 48 625 49 613 49 430
608 93 587 93 627 93 605 93 179
604 89 579 87 623 89 597 87 246
606 93 580 94 625 93 603 93 319
606 107 585 106 625 107 603 106 298
608 113 588 112 627 113 606 112 291
606 138 582 138 625 139 600 138 98
606 151 582 151 625 153 600 153 175
606 161 586 160 625 163 604 162 373
608 165 586 165 627 167 604 167 350
608 231 586 231 627 235 604 235 125
604 235 582 236 623 239 600 240 134
604 256 578 256 623 261 596 261 173
603 313 558 313 623 325 575 325 43
607 312 562 312 627 323 579 324 45
603 312 558 312 623 323 576 322 45
613 52 602 51 631 51 620 51 326
611 97 591 95 631 97 611 95 202
613 120 590 121 633 121 608 121 182
610 119 587 119 629 119 606 120 243
614 147 592 145 633 149 610 147 255
610 156 586 155 629 157 604 157 249
614 171 602 171 633 173 620 173 289
615 180 602 181 633 183 620 183 616
614 209 592 210 633 213 610 213 124
610 216 588 216 629 219 606 219 139
610 214 587 216 629 217 606 217 270
610 233 588 233 629 237 607 238 153
614 261 588 261 633 267 607 266 147
610 263 583 263 629 269 601 269 82
611 278 579 278 631 285 597 285 47
613 287 578 285 633 295 589 297 80
609 294 570 294 629 303 587 303 30
613 296 573 296 633 305 591 305 41
608 301 567 301 629 311 585 311 29
609 310 564 310 629 321 582 321 41
616 20 594 20 635 17 612 15 475
618 50 608 51 637 51 626 49 270
616 62 609 64 635 63 623 62 208
617 84 597 82 637 83 615 82 237
616 85 595 83 635 85 609 86 191
619 100 598 99 639 101 617 101 289
616 103 595 103 635 103 613 103 300
615 117 591 116 635 117 610 117 375
616 128 591 128 635 129 610 129 95
619 140 596 139 639 141 614 141 318
619 199 598 198 639 203 616 203 281
617 210 595 209 637 213 615 213 157
619 225 598 225 639 229 617 229 110
620 241 598 241 639 245 617 245 54
615 250 590 250 635 255 609 255 119
619 290 580 291 639 299 598 300 44
615 292 574 292 635 301 594 301 30
617 301 573 302 637 311 593 309 42
616 307 573 306 637 317 591 317 42
621 30 610 30 641 31 629 30 357
626 38 616 39 645 39 634 39 177
624 47 614 47 643 47 632 47 164
624 88 602 87 643 87 621 87 198
624 111 613 111 643 113 632 112 335
625 140 602 140 645 141 621 141 336
624 155 601 154 643 157 619 157 360
622 165 612 165 641 167 630 165 283
624 167 614 167 643 169 632 169 237
625 198 603 199 645 201 622 202 148
622 213 600 213 641 217 619 217 120
622 229 599 229 641 233 618 233 64
623 270 593 270 643 277 612 277 49
623 280 590 280 643 287 608 287 44
623 285 587 285 643 293 605 293 40
629 134 607 134 649 135 626 135 261
627 130 604 130 647 131 623 131 169
629 143 620 143 649 145 638 144 540
630 169 620 168 649 171 637 171 138
629 211 608 212 649 215 627 215 139
627 220 605 219 647 223 624 223 148
631 221 608 221 651 225 627 225 126
631 217 609 217 651 221 629 221 99
628 229 609 229 649 233 629 233 76
630 229 608 229 651 233 628 233 41
627 252 603 252 647 257 622 257 145
629 256 605 256 649 261 624 261 197
625 336 571 336 647 351 589 351 43
638 100 628 99 657 101 647 99 244
634 114 624 114 653 115 643 115 180
634 149 624 149 653 151 643 151 440
636 148 626 147 655 149 645 148 300
638 168 628 167 657 171 646 171 149
636 175 625 175 655 177 643 177 243
638 179 626 178 657 181 645 181 176
638 184 626 184 657 187 645 187 197
637 190 617 190 657 193 636 193 231
635 219 612 220 655 223 631 223 109
632 225 613 225 655 229 629 229 98
637 223 614 223 657 227 633 227 92
637 239 619 238 655 243 635 243 64
633 252 609 252 653 257 628 257 151
634 283 599 283 655 291 618 291 33
633 308 590 308 655 319 608 319 47
632 335 579 336 655 351 597 351 59
632 339 578 339 655 355 596 355 57
644 55 638 54 663 55 657 54 133
644 84 633 83 663 85 653 85 349
640 97 630 95 659 97 649 95 249
644 115 634 115 663 117 653 115 190
644 126 637 125 663 127 655 127 326
642 149 632 153 661 155 651 153 130
644 167 638 167 663 171 656 169 369
642 171 632 170 661 173 650 172 182
640 182 628 182 659 185 647 185 294
639 215 612 215 659 219 631 219 223
643 211 622 211 663 215 641 215 87
643 217 621 217 663 221 641 221 77
643 235 620 235 659 239 637 239 55
637 246 615 245 659 251 636 251 193
640 250 617 250 661 255 636 255 110
638 265 611 265 659 271 630 271 54
638 275 601 276 659 283 625 283 45
638 279 600 279 659 287 619 286 44
640 283 604 283 661 291 624 291 37
637 286 601 286 659 295 620 295 36
637 297 597 297 659 307 616 307 35
639 299 603 297 661 309 623 307 55
641 319 602 317 663 331 622 330 91
650 60 644 60 669 61 663 60 153
648 63 642 62 667 63 661 62 158
646 86 639 86 665 87 657 87 266
649 163 635 163 667 165 653 166 334
648 173 635 172 667 175 654 174 236
647 182 637 183 667 185 655 185 267
645 186 634 187 665 189 651 190 279
649 182 639 183 669 185 657 185 347
647 225 624 225 667 229 643 229 67
645 254 621 254 665 259 640 259 127
645 271 617 270 667 277 636 277 45
644 274 612 274 665 281 632 280 47
645 283 610 283 667 291 630 291 38
645 287 609 287 667 295 628 295 42
646 304 604 304 669 315 624 315 39
643 311 603 310 665 323 619 322 71
654 64 649 63 673 65 666 65 115
652 92 645 92 671 93 664 92 268
656 101 650 101 675 103 668 103 73
654 121 648 121 673 123 667 122 125
652 125 646 125 671 127 665 127 164
653 134 646 134 671 135 665 133 163
654 137 648 137 673 139 667 139 116
652 145 646 145 671 147 666 146 121
656 147 649 147 675 149 667 150 42
654 157 648 157 673 159 666 159 103
654 169 641 169 673 171 660 172 286
655 171 647 172 673 173 665 174 312
651 215 629 215 671 219 649 219 85
655 227 631 227 675 231 652 231 70
651 222 628 223 671 227 647 227 166
652 231 630 231 671 235 648 235 53
655 237 631 237 673 241 650 241 67
651 243 626 244 673 247 649 248 68
654 248 631 248 675 253 650 253 169
654 263 626 263 675 269 646 269 89
648 322 607 321 671 335 628 334 59
650 335 595 337 675 351 615 352 43
662 95 656 95 681 97 674 96 123
662 125 656 125 681 127 674 126 201
662 133 656 133 681 135 675 135 189
660 137 654 137 679 139 672 139 230
662 151 655 150 681 153 674 153 67
662 161 656 161 681 163 675 163 181
660 165 654 165 679 167 672 167 245
659 182 648 182 679 185 668 185 340
660 201 638 201 681 205 658 204 241
660 208 637 208 681 211 657 211 236
672 83 663 83 687 85 678 85 164
668 92 662 91 687 93 681 93 146
669 100 663 100 685 103 679 102 251
668 119 662 119 687 121 679 121 224
664 137 658 137 683 139 676 139 92
668 137 662 137 687 139 680 139 85
668 155 661 155 687 157 680 157 214
668 157 662 156 687 159 680 159 87
664 157 658 157 683 159 676 159 84
664 177 653 176 683 179 671 178 183
662 210 639 209 683 213 659 213 245
666 206 644 206 687 209 664 209 181
662 217 639 217 683 221 659 221 170
664 227 641 227 685 231 661 232 177
662 223 639 223 683 227 659 227 248
664 228 641 229 685 233 661 234 120
666 235 643 235 687 239 663 239 219
662 256 637 255 683 261 657 261 178
666 261 638 261 687 267 658 267 121
663 283 627 283 685 291 648 291 37
660 286 624 286 683 295 644 295 35
674 56 668 56 693 57 687 56 219
670 82 661 82 691 83 682 83 153
673 87 665 87 689 89 680 89 151
674 92 667 91 693 93 686 93 157
672 104 665 103 691 105 684 104 85
674 121 668 121 693 123 687 123 165
670 123 664 123 689 125 682 125 153
670 132 664 133 689 135 682 135 118
672 151 666 151 691 153 684 153 62
674 157 668 157 693 159 686 159 137
670 161 664 161 689 163 682 163 95
674 163 668 164 693 165 687 166 140
668 208 645 207 689 211 665 210 269
668 221 645 221 689 225 665 225 129
668 233 645 233 689 237 665 237 129
670 228 647 230 691 233 668 232 225
672 234 649 235 693 239 670 239 191
672 245 649 243 693 249 670 249 302
668 277 635 277 691 285 655 284 33
665 300 625 297 689 311 645 311 63
668 320 633 319 693 333 650 331 87
676 54 670 53 695 55 689 54 152
680 113 673 113 699 115 692 115 52
676 130 670 133 695 133 688 131 103
680 135 673 135 699 137 692 137 88
680 161 673 160 699 163 692 163 116
678 167 671 168 697 169 690 170 120
675 190 658 191 697 193 678 194 303
678 202 659 201 699 205 677 203 224
674 220 652 220 695 225 672 225 212
674 219 651 220 695 223 672 223 262
674 227 651 228 695 231 672 231 325
676 236 654 235 697 241 674 241 303
678 235 656 233 699 239 676 239 487
678 240 656 241 699 245 676 245 417
676 248 654 248 697 253 674 253 369
675 259 649 259 695 265 668 265 159
674 281 639 281 697 289 660 289 45
672 285 635 284 695 293 656 292 33
675 292 637 291 699 301 657 301 47
674 310 632 307 699 321 650 322 52
670 309 625 309 695 321 647 321 57
672 313 627 313 697 325 648 325 63
681 82 674 82 701 83 693 83 169
686 123 680 123 705 125 699 124 68
681 157 675 157 701 159 694 159 175
681 187 662 185 701 189 681 187 242
684 206 664 206 705 209 685 209 197
679 212 658 211 701 215 679 215 223
682 222 660 221 703 225 680 224 208
679 219 658 219 701 223 678 222 201
684 232 664 232 705 237 685 236 512
680 239 658 239 701 243 679 243 298
683 243 663 243 705 247 685 247 218
679 259 653 259 701 265 673 265 149
683 263 655 263 705 269 676 269 84
679 276 645 275 703 283 668 283 57
681 279 648 279 705 287 669 287 47
676 293 638 293 701 303 659 303 43
680 304 638 304 705 315 659 315 48
679 330 636 330 705 345 660 347 73
692 90 685 90 711 91 704 91 146
692 99 685 99 711 101 704 101 96
689 127 677 127 709 129 697 129 319
688 137 679 137 707 139 698 139 69
692 135 683 135 711 137 703 136 64
691 141 684 142 711 143 704 144 64
688 151 679 151 707 153 698 153 81
691 155 683 155 711 157 702 157 112
687 157 679 157 707 159 698 159 131
692 171 683 170 711 173 702 172 69
688 198 669 199 709 201 689 202 259
688 204 668 204 709 207 689 207 270
688 212 667 212 709 215 688 215 187
689 227 670 227 711 231 691 231 317
687 229 666 229 709 233 687 233 457
686 237 667 237 707 241 687 241 329
687 275 655 275 711 283 676 283 59
697 68 690 67 717 69 709 68 88
695 72 688 72 715 73 708 73 56
691 86 683 86 715 87 708 87 247
696 97 689 97 715 95 709 97 214
695 124 689 123 715 125 707 125 139
694 133 687 134 713 135 705 134 98
697 139 689 139 717 141 709 141 79
695 151 686 150 715 153 706 153 65
695 159 686 159 715 161 706 161 88
697 186 686 185 717 189 706 188 157
697 196 674 195 717 199 695 197 715
692 200 673 201 713 203 693 204 300
694 208 674 208 715 211 695 211 332
693 219 674 219 715 223 695 222 220
692 235 672 234 713 239 693 239 240
695 239 676 239 717 243 697 243 201
689 241 669 241 713 245 692 245 170
689 290 650 290 713 299 672 300 38
688 306 643 306 713 317 667 317 57
686 334 641 333 713 349 665 349 62
703 80 697 79 723 81 711 79 193
699 84 687 84 719 85 713 84 175
699 88 694 87 719 89 711 89 212
700 104 692 103 721 105 711 105 151
703 108 694 107 723 109 713 108 80
701 109 692 109 721 111 712 111 101
700 115 692 115 721 117 713 117 139
700 114 690 113 719 115 711 115 153
699 119 690 119 719 121 710 121 116
701 135 693 135 721 137 712 137 105
703 145 695 145 723 147 714 147 71
701 149 692 148 721 151 712 151 103
699 157 691 157 719 159 710 158 56
699 153 691 153 719 155 710 155 81
699 163 691 164 719 165 710 165 63
701 169 692 169 721 171 712 170 42
703 173 694 173 723 175 714 175 97
700 183 690 183 721 187 710 186 99
703 186 692 185 723 189 713 189 127
702 213 689 214 723 217 709 217 397
700 220 685 220 721 223 708 223 405
702 223 682 223 723 227 704 227 289
698 256 674 256 723 261 697 261 96
700 259 673 259 723 265 695 265 95
696 263 668 263 719 269 689 269 81
701 265 671 264 723 271 694 271 67
695 277 660 277 719 285 683 285 50
698 288 661 288 723 297 684 297 46
695 293 656 293 721 303 679 303 43
697 297 656 297 723 307 679 307 35
706 59 699 58 725 59 719 59 118
707 66 701 64 727 65 720 67 70
710 73 705 73 727 73 721 73 156
709 80 703 79 729 81 721 80 154
707 88 699 87 727 89 719 88 146
707 110 698 109 727 111 718 111 113
705 123 696 123 725 125 716 125 58
707 141 698 141 727 143 718 142 51
707 149 699 149 727 151 719 151 44
709 157 700 157 729 159 720 158 57
709 173 700 172 729 175 720 175 93
705 177 696 176 725 179 715 179 141
704 211 691 212 725 215 711 215 248
704 218 691 218 725 221 711 221 361
701 250 677 250 725 255 699 255 209
702 277 668 277 727 285 690 284 49
702 302 659 302 729 313 683 313 37
700 311 655 311 727 323 678 323 40
716 70 709 70 735 71 729 71 44
711 86 705 85 731 87 723 87 218
711 92 703 92 731 93 723 93 161
713 104 704 103 733 105 724 105 71
715 125 706 123 735 127 726 126 63
713 137 704 137 733 139 725 139 81
711 155 702 155 731 157 722 157 50
713 163 704 163 733 165 724 165 38
715 159 706 159 735 161 726 161 26
713 167 704 166 733 169 723 169 26
715 165 705 164 735 167 725 166 25
715 180 701 180 735 183 721 183 104
715 186 701 186 735 189 720 189 115
712 202 698 202 733 205 719 205 58
714 215 700 215 735 219 721 219 110
715 219 702 219 735 223 721 223 104
712 227 697 227 733 231 717 231 102
712 223 697 224 733 227 718 227 158
708 277 675 276 733 285 698 285 46
705 286 668 285 731 295 692 295 48
717 70 711 70 737 71 731 70 71
719 84 709 83 739 85 730 84 157
719 88 710 88 739 89 730 89 125
717 94 708 93 737 95 728 95 154
721 109 712 109 741 111 732 110 77
717 127 708 127 737 129 728 129 65
719 145 710 145 739 147 730 146 51
720 197 706 197 741 201 727 201 126
716 200 702 200 737 203 723 203 62
718 221 703 221 739 225 724 225 123
720 247 698 247 739 253 709 254 60
715 259 691 259 741 265 712 265 69
713 277 680 278 739 285 703 285 48
711 280 677 281 737 289 700 289 35
713 311 668 311 741 323 693 323 48
726 63 719 64 745 65 739 64 93
723 86 714 85 743 87 734 86 115
725 105 716 105 745 107 736 106 81
727 122 718 121 747 123 738 123 110
725 139 716 139 745 141 736 141 72
725 155 716 154 745 157 736 157 56
723 157 714 157 743 159 734 159 41
724 204 709 204 745 207 731 207 43
721 210 707 209 747 213 728 213 81
725 206 711 206 747 209 732 209 33
725 221 710 221 745 225 729 225 80
724 227 708 227 745 231 729 231 83
730 245 707 245 747 251 723 251 61
726 251 703 251 745 257 721 257 44
722 270 690 270 747 277 714 277 58
716 300 674 300 743 311 699 311 38
729 92 720 92 749 93 739 93 146
733 94 723 93 751 97 743 96 105
733 117 724 117 753 119 744 118 107
733 138 723 138 753 139 744 139 101
729 141 720 141 749 143 740 143 57
728 151 719 151 749 153 739 153 43
730 169 720 167 751 171 741 170 80
730 180 719 180 751 183 740 181 195
728 189 713 188 749 191 735 191 142
728 194 714 193 749 197 735 196 119
729 202 715 202 751 205 736 205 67
735 225 720 225 753 229 737 229 91
727 272 696 273 753 279 720 279 76
722 290 684 290 749 299 708 299 45
721 296 681 296 749 307 705 306 41
725 306 682 306 753 317 707 317 40
723 323 688 323 753 337 717 336 96
720 344 683 341 751 361 713 359 105
735 46 729 45 755 47 749 45 122
737 106 730 105 757 107 750 106 170
735 109 723 110 755 111 748 111 160
736 120 726 119 757 121 747 120 131
738 151 729 151 759 153 750 153 67
736 157 726 157 757 159 747 159 74
736 163 726 162 757 165 747 165 84
734 167 723 166 755 169 744 169 77
733 188 719 188 755 191 741 191 192
737 196 723 196 759 199 745 200 251
733 206 719 206 755 209 741 209 54
737 206 723 206 759 209 744 210 76
737 219 723 219 757 223 741 223 99
730 281 695 281 757 289 720 289 37
729 284 692 284 755 293 717 293 52
731 298 691 298 759 309 715 309 45
729 304 686 304 757 315 711 315 41
728 309 683 309 757 321 709 321 45
743 48 737 48 763 49 757 48 172
742 90 734 90 763 91 751 91 162
744 116 733 115 765 117 754 116 124
742 120 731 119 763 121 753 121 120
742 136 733 136 763 137 754 137 92
740 139 731 139 761 141 752 141 109
740 145 732 144 761 147 752 146 79
744 147 736 147 765 149 757 148 74
740 161 732 161 761 163 752 163 102
744 169 735 168 765 171 756 170 125
740 174 731 174 761 177 752 177 120
739 212 725 212 761 215 746 215 90
743 219 729 219 765 223 749 223 107
739 224 729 223 763 227 748 227 95
738 277 704 277 765 285 729 285 44
738 281 703 281 765 289 728 289 52
737 292 698 292 765 301 724 301 50
733 290 695 290 761 299 720 299 35
733 294 693 295 761 303 719 303 52
745 64 739 63 767 65 758 64 73
749 72 744 72 769 73 764 73 145
747 76 741 76 767 77 759 76 108
747 127 740 127 767 129 760 128 121
746 133 738 133 767 135 758 134 93
747 139 738 139 767 141 758 141 76
747 151 738 151 767 153 758 153 58
750 167 741 166 771 169 763 168 111
746 181 731 180 767 183 757 183 220
749 187 735 187 769 189 756 189 171
749 208 735 208 771 211 757 211 245
745 206 731 206 767 209 752 209 109
747 216 733 215 769 219 755 219 151
743 242 730 241 767 247 741 248 97
741 286 704 286 769 295 729 295 42
743 292 704 292 771 301 730 301 47
742 297 701 296 771 307 728 307 44
757 43 750 43 777 45 770 44 139
752 64 746 63 773 65 764 63 73
752 88 745 88 773 89 766 88 161
752 96 745 96 773 97 766 96 124
757 106 750 105 777 107 770 107 179
755 137 747 135 775 139 768 139 55
754 151 747 152 775 153 767 153 59
752 157 743 157 773 159 764 159 104
756 173 747 172 777 175 768 174 122
752 171 743 170 773 173 764 172 95
752 177 743 176 773 179 764 178 187
755 202 741 202 777 205 763 205 335
751 204 737 204 773 207 759 207 172
753 206 739 206 775 209 761 209 223
751 210 737 210 773 213 759 213 195
751 218 737 217 773 221 759 221 142
754 221 740 221 775 225 759 225 282
751 264 721 264 777 271 748 271 53
746 282 711 282 775 291 737 291 39
750 279 715 279 777 287 741 287 37
745 290 706 290 773 299 732 299 46
760 110 754 109 781 111 774 111 124
759 121 752 121 779 123 772 122 80
758 135 752 135 779 137 772 136 55
762 137 755 137 783 139 776 138 59
759 150 751 147 779 151 771 149 88
762 167 753 166 783 169 774 168 114
760 169 751 169 781 171 772 171 131
758 165 750 165 779 167 770 167 127
762 175 753 175 783 177 774 177 111
758 177 749 176 779 179 770 179 190
760 183 751 182 781 185 772 184 211
761 200 748 200 783 203 770 203 206
759 216 746 216 781 219 768 219 301
750 286 709 289 779 295 740 294 47
751 284 714 283 779 293 740 293 42
765 46 758 46 785 47 778 47 136
764 163 759 163 785 165 780 165 125
768 169 760 169 789 171 781 171 129
765 196 753 196 787 199 775 199 292
765 204 752 204 787 207 774 207 194
765 218 752 217 787 221 774 221 289
756 291 717 291 785 301 744 301 35
759 298 719 298 789 309 745 309 44
770 46 764 46 791 47 784 46 91
774 91 767 91 795 91 788 90 155
772 110 765 109 793 111 786 110 83
772 130 766 133 793 131 786 129 52
774 135 767 137 795 139 788 137 69
772 149 765 149 793 153 786 152 38
771 155 765 155 793 159 786 158 61
774 161 767 160 795 163 788 163 84
772 174 763 174 793 177 784 177 85
774 173 765 172 795 175 787 175 145
772 183 763 182 793 185 784 184 124
769 206 756 206 791 209 778 209 247
765 279 729 279 793 287 756 287 41
765 293 725 294 795 303 753 303 44
763 290 724 287 793 299 753 299 38
761 295 721 295 791 305 748 306 53
764 309 719 309 795 321 747 321 43
776 125 769 128 797 129 790 127 48
780 132 774 130 801 133 794 133 52
778 151 772 151 799 153 792 153 45
780 157 773 156 801 159 794 158 57
776 167 767 166 797 169 788 168 77
780 177 771 176 801 179 793 179 144
776 178 767 178 797 181 788 181 85
778 181 769 180 799 183 791 183 123
780 184 771 184 801 187 792 187 80
774 205 761 206 801 207 789 207 259
776 251 750 251 801 257 775 257 87
772 253 745 253 797 259 771 259 93
772 260 742 260 799 267 769 267 95
772 277 739 277 801 285 765 285 59
768 280 733 280 797 289 759 289 29
769 312 718 314 801 325 745 323 77
768 323 719 323 801 337 748 337 80
782 167 775 166 803 169 796 169 80
781 188 774 188 803 191 795 191 95
780 229 764 229 805 233 788 233 120
781 235 763 235 805 239 787 239 175
779 247 751 247 803 253 780 252 144
773 290 735 290 803 299 763 300 65
772 298 731 298 803 309 760 309 47
790 102 784 102 811 103 805 103 344
785 108 782 107 809 109 802 108 92
789 112 782 112 811 113 804 113 114
792 116 784 115 813 117 806 116 89
790 140 783 140 811 143 804 143 120
790 142 783 142 811 145 804 145 110
792 149 785 149 813 151 806 151 161
790 161 783 160 811 163 804 162 67
792 159 785 158 813 161 806 160 121
792 165 785 165 813 167 806 167 78
790 177 783 177 811 181 804 179 114
788 194 779 194 809 197 801 196 134
791 198 783 198 813 201 804 201 169
786 233 769 233 811 237 793 237 284
783 251 758 251 809 257 784 257 74
786 253 765 254 813 259 787 259 64
780 279 745 278 809 287 773 287 64
782 295 742 294 813 305 771 305 45
797 133 791 133 819 135 812 134 182
794 164 787 165 815 167 808 167 98
798 173 791 172 819 175 812 175 182
797 202 789 202 819 205 810 205 235
791 236 770 236 815 241 794 241 340
787 268 757 268 815 275 784 275 155
790 275 757 275 819 283 784 283 75
784 291 746 292 815 301 773 301 37
785 289 748 289 817 299 777 299 45
783 317 734 318 817 331 766 331 169
785 322 735 324 819 337 767 336 207
804 74 797 73 825 75 819 74 258
805 110 800 110 825 111 821 111 309
804 131 797 131 825 133 819 132 107
802 145 795 145 823 147 816 147 222
802 149 795 149 823 151 816 151 196
804 153 797 153 825 155 818 155 263
804 169 797 168 825 171 818 170 160
800 164 793 164 821 167 814 167 122
803 175 797 174 825 177 818 177 208
799 181 791 181 821 183 813 183 101
799 196 791 196 821 199 813 199 133
801 200 793 200 823 203 815 203 262
791 279 762 279 821 287 785 287 84
792 308 747 308 825 321 777 321 115
787 317 739 318 821 331 769 332 220
806 76 799 75 827 77 821 76 274
809 102 803 101 831 103 824 102 164
809 139 803 139 831 141 824 140 201
806 137 799 137 827 139 821 138 193
807 143 803 143 829 145 821 144 542
807 147 801 147 829 149 823 148 212
807 151 799 150 829 153 822 153 247
809 155 804 154 831 157 825 156 187
805 159 799 158 827 161 820 161 133
808 178 800 178 829 181 821 181 190
809 183 801 182 831 185 823 185 116
805 187 797 189 827 191 819 191 100
809 196 801 196 831 199 823 199 174
805 229 788 229 829 233 812 233 309
801 273 770 273 831 281 797 281 91
797 289 759 290 829 299 789 299 62
796 310 750 311 829 323 781 323 145
793 314 743 317 827 327 778 327 150
814 92 807 91 835 93 829 92 180
815 123 809 123 837 125 831 125 91
811 137 806 137 833 139 826 138 148
813 141 807 141 835 143 828 142 215
815 145 809 145 837 147 831 146 139
811 149 805 149 833 151 826 150 220
811 164 805 164 833 167 826 166 119
815 171 808 170 837 173 830 172 221
813 200 804 200 835 203 825 203 395
811 231 795 231 837 235 820 235 426
809 260 785 257 835 265 807 265 238
803 270 769 270 833 277 801 277 122
803 297 762 297 835 307 792 307 103
799 305 757 304 833 317 787 317 98
817 113 812 113 841 115 833 114 219
817 125 811 125 839 127 833 127 65
821 123 814 122 843 125 836 124 91
821 129 815 129 843 131 837 131 50
821 149 815 149 843 151 835 150 74
818 167 810 166 839 169 832 168 210
814 225 794 226 839 229 823 229 327
807 300 766 300 841 311 797 311 107
805 303 763 303 839 315 793 315 83
807 307 762 308 841 319 793 320 76
825 105 819 105 847 107 841 106 115
827 153 820 152 849 155 842 154 39
822 159 816 158 845 161 838 160 115
827 175 820 174 849 177 842 177 148
823 194 816 194 845 197 839 196 439
811 312 765 311 845 325 796 325 41
831 118 824 117 853 119 846 118 97
831 161 824 161 853 163 846 163 71
833 168 828 168 855 171 849 170 115
819 288 780 287 851 297 811 297 292
818 305 772 306 853 317 808 317 130
837 98 830 97 859 99 852 98 126
835 116 833 116 857 117 855 118 322
834 119 828 119 857 121 850 120 146
835 126 828 125 857 127 850 127 91
834 139 828 139 857 141 850 140 56
838 137 832 137 861 139 854 138 58
837 135 831 135 859 137 852 136 85
836 141 829 141 859 143 852 142 59
838 155 831 155 861 157 854 157 58
837 173 832 173 859 175 854 175 175
835 199 819 199 861 201 845 201 445
825 270 781 270 861 277 814 277 261
818 275 777 275 857 283 809 283 345
844 114 838 113 867 115 860 114 79
844 129 838 129 867 131 860 130 103
843 141 835 141 865 143 858 142 64
845 157 837 157 867 159 860 159 54
842 153 835 153 865 155 858 154 82
840 161 834 160 865 163 858 162 76
826 272 783 273 863 281 816 280 239
828 297 784 299 865 311 818 309 159
830 303 786 304 867 315 820 315 191
846 120 840 119 869 121 862 121 112
851 127 845 126 873 129 867 128 97
851 137 846 136 873 139 868 138 90
851 145 847 145 873 147 867 147 120
846 149 840 149 869 151 861 150 93
848 161 842 160 871 163 864 163 121
832 245 787 245 869 253 822 253 173
831 312 784 312 869 325 819 324 148
856 139 852 139 879 141 874 141 103
857 147 853 146 879 149 875 148 104
854 151 847 150 877 153 870 152 139
856 162 850 162 879 165 873 165 150
854 159 848 159 877 161 870 160 115
853 166 847 166 877 169 869 168 147
860 113 856 111 883 115 879 113 70
863 131 857 130 885 133 880 132 67
860 135 854 134 883 137 877 136 90
860 137 854 136 883 139 877 138 95
859 143 855 142 881 145 877 144 84
863 146 858 146 885 149 881 148 77
860 157 854 157 883 159 877 159 113
858 177 849 176 881 179 875 179 251
868 155 862 154 891 157 886 157 74
864 159 859 158 887 161 881 161 42
866 186 850 186 893 189 877 188 224
866 192 850 191 893 195 876 195 147
880 121 875 120 903 123 901 124 275
876 174 872 173 899 177 894 176 234
880 172 876 175 903 175 898 175 257
872 194 856 194 899 197 883 197 190
887 125 882 124 909 127 910 127 359
882 158 877 161 905 161 900 159 279
882 167 878 168 905 171 900 169 258
892 163 888 162 915 165 911 164 245
890 167 886 167 913 169 909 168 262
896 182 891 182 919 185 915 184 519
906 89 891 89 935 89 919 88 66
911 183 902 183 937 185 928 185 273
914 101 898 100 943 101 927 100 249
919 63 903 63 951 63 933 61 11
920 126 901 128 949 127 933 125 340
921 196 908 195 949 199 935 199 215
896 267 828 267 951 281 875 281 76
896 273 828 273 951 287 875 287 43
896 280 827 280 951 295 875 295 35
925 92 911 90 955 91 939 91 119
926 97 911 96 955 97 939 96 150
897 271 829 271 953 285 877 285 34
900 267 831 267 957 281 880 281 51
900 275 832 275 957 289 880 289 29
901 273 833 273 957 287 881 287 31
932 103 920 103 961 103 950 103 204
905 277 837 278 963 293 886 293 30
903 282 834 282 959 297 883 297 22
935 75 920 75 965 75 949 74 61
935 99 920 98 965 99 949 98 83
936 169 920 165 965 169 951 170 159
921 236 872 237 969 245 915 245 133
908 282 838 282 965 297 888 297 26
908 291 837 291 965 307 888 307 13
941 72 927 73 971 71 959 73 65
944 149 929 145 975 149 960 151 140
927 227 879 229 975 237 922 237 203
928 233 879 233 975 241 922 241 145
923 236 874 237 971 245 919 246 134
948 144 930 143 977 145 962 143 138
931 237 880 238 979 245 923 247 216
954 88 937 85 985 87 968 85 414
955 151 940 151 985 153 971 153 85
958 84 941 83 989 83 973 82 484
971 69 954 67 1003 67 987 67 225
940 293 871 293 1003 311 925 311 24
979 45 963 44 1011 43 995 42 203
980 43 964 42 1013 41 996 40 172
982 48 966 46 1015 45 998 44 208
984 51 968 50 1017 49 1000 48 220
988 81 972 82 1017 83 1005 82 637
980 151 965 154 1013 153 995 151 57
952 296 881 296 1017 313 938 314 48
990 67 975 65 1023 65 1007 64 469
955 274 881 271 1019 289 935 289 58
955 278 885 277 1021 293 941 293 70
954 287 884 287 1019 303 940 303 91
954 292 884 292 1019 309 940 309 91
956 289 886 289 1021 305 942 305 102
957 295 887 296 1023 313 943 313 49
996 57 978 56 1029 55 1011 54 403
994 154 981 153 1025 157 1012 155 83
998 159 986 158 1029 161 1017 160 53
996 161 984 160 1027 163 1015 162 70
959 257 891 257 1027 269 947 269 50
961 281 891 281 1027 297 948 297 174
961 288 891 288 1027 305 948 305 115
1001 145 986 144 1033 147 1017 149 130
999 153 987 153 1031 155 1018 155 86
1001 165 989 162 1033 165 1020 165 71
1004 160 991 159 1035 163 1022 162 112
964 249 897 249 1033 261 958 261 56
967 281 896 281 1033 297 954 297 79
967 284 896 283 1033 299 954 299 121
966 288 896 289 1033 305 954 306 92
1009 171 995 170 1041 173 1027 172 167
973 266 903 265 1041 279 961 280 59
973 283 903 283 1041 299 962 299 78
1013 78 993 77 1047 77 1025 75 447
1014 155 999 155 1047 159 1032 157 56
975 263 905 263 1043 277 964 277 59
974 276 905 273 1043 291 963 291 58
977 287 906 286 1045 303 965 303 100
975 288 904 288 1043 305 963 304 80
1015 49 1000 47 1049 47 1034 45 110
1019 61 997 62 1053 61 1028 62 223
1015 88 995 87 1049 87 1024 87 362
1018 130 1002 130 1053 131 1037 130 39
1015 132 1000 131 1049 133 1033 132 64
982 265 912 266 1051 279 971 278 42
984 281 913 281 1053 297 973 297 65
980 283 909 283 1049 299 969 299 88
982 290 911 290 1051 307 971 307 84
980 290 909 290 1049 307 969 307 101
1023 135 1008 139 1057 139 1041 141 32
1023 174 1007 174 1057 177 1041 177 97
989 290 919 290 1059 307 980 307 98
1029 141 1012 141 1065 143 1048 143 41
979 248 911 248 1061 259 977 259 73
993 275 926 275 1065 291 984 291 41
992 281 921 281 1063 297 983 297 86
991 288 919 289 1061 305 981 305 102
994 292 923 293 1065 309 984 309 79
1030 77 1013 77 1067 75 1048 75 46
1032 122 1016 121 1069 123 1051 122 37
1035 129 1017 132 1071 131 1053 131 26
1035 168 1017 168 1071 171 1053 170 45
1031 170 1014 169 1067 173 1049 172 82
1035 174 1018 174 1071 177 1053 177 115
999 281 928 281 1071 297 991 297 60
996 283 925 283 1067 299 987 299 69
1003 283 932 283 1075 299 995 299 87
1001 290 930 290 1073 307 993 307 110
1043 62 1024 63 1079 61 1061 59 101
1045 176 1026 176 1083 179 1064 178 103
1007 281 935 281 1079 297 999 297 67
1008 277 937 277 1081 293 1001 293 43
1048 155 1029 156 1087 157 1067 157 45
1007 248 935 248 1085 259 1001 259 70
1007 251 939 251 1085 263 1001 263 61
1012 285 941 284 1085 303 1005 303 86
1015 288 944 288 1089 305 1009 305 75
1012 290 940 290 1085 307 1005 307 67
1013 294 942 294 1087 311 1007 311 62
1054 89 1035 91 1093 89 1073 88 66
1052 146 1032 147 1091 147 1070 149 49
1043 206 1002 206 1095 211 1053 211 228
1040 210 1000 210 1093 215 1050 215 166
1016 292 945 292 1091 309 1010 310 54
1050 212 1008 213 1105 217 1061 217 109
1048 214 1006 215 1103 219 1059 219 125
1053 221 1010 220 1109 227 1064 227 30
1061 220 1018 220 1117 227 1072 227 23
1043 250 968 251 1119 263 1035 263 213
1066 221 1022 222 1121 229 1076 229 19
1058 246 985 245 1137 259 1055 257 112
1079 213 1033 214 1139 219 1091 219 31
1061 257 991 257 1143 271 1063 271 62
1088 222 1040 223 1151 229 1101 228 16
1092 231 1045 231 1157 239 1106 239 12
1092 241 1047 239 1157 249 1105 250 11
1100 217 1052 218 1167 225 1114 223 16
1078 303 1006 305 1163 323 1081 325 18
1105 117 1056 116 1171 115 1119 114 102
1106 136 1057 136 1173 135 1121 135 115
1101 258 1056 259 1171 269 1115 269 7
1110 118 1062 117 1177 115 1125 114 149
1111 135 1063 135 1179 135 1127 134 102
1107 138 1058 137 1175 137 1122 137 90
1108 182 1057 182 1175 185 1117 185 287
1111 190 1062 190 1179 193 1118 194 252
1107 224 1060 222 1175 231 1121 230 18
1111 238 1062 238 1179 245 1126 244 11
1107 272 1059 272 1175 285 1123 284 9
1109 295 1060 296 1177 309 1122 310 17
1111 304 1063 303 1179 319 1126 320 13
1113 120 1064 119 1181 117 1128 116 106
1113 134 1064 133 1181 133 1128 132 97
1113 142 1064 139 1181 141 1128 139 86
1113 262 1063 263 1185 275 1131 274 6
1115 275 1066 278 1183 289 1131 287 8
1121 173 1072 176 1189 179 1137 181 173
1119 179 1070 178 1187 183 1135 182 153
1119 184 1071 183 1187 187 1135 186 183
1118 273 1069 272 1187 285 1133 285 13
1124 246 1074 246 1195 255 1140 255 10
1122 256 1073 257 1193 267 1139 267 8
1124 293 1076 294 1195 307 1144 307 23
1131 262 1078 261 1203 273 1146 273 16
1134 224 1084 224 1207 231 1151 232 12
1134 271 1080 271 1209 285 1151 283 14
1146 244 1092 243 1221 253 1163 254 12
1143 251 1090 251 1219 261 1161 261 9
1140 262 1087 262 1217 275 1158 275 13
1147 227 1096 227 1223 235 1165 235 13
1147 235 1096 234 1225 245 1166 245 9
1144 254 1091 252 1223 265 1167 266 13
1146 264 1091 264 1223 277 1164 277 15
