39 62 16 63 61 61 36 62 17
38 149 15 147 61 147 39 147 12
41 154 20 154 63 153 37 153 6
40 228 15 227 63 227 41 226 11
44 65 21 66 65 65 43 65 10
47 122 23 122 69 121 45 121 13
45 132 22 131 67 131 44 131 16
46 179 22 180 67 179 43 177 6
49 196 25 197 69 197 45 197 11
45 235 17 235 65 235 29 233 25
54 297 18 296 67 299 40 298 28
53 125 29 124 75 123 51 124 14
50 155 28 156 73 155 47 154 8
51 194 27 193 73 193 48 193 10
53 223 24 223 71 223 45 221 16
51 251 21 249 71 251 42 249 11
51 268 21 268 71 269 44 268 15
57 293 23 292 75 295 38 294 23
57 297 21 296 71 299 35 298 24
56 106 32 107 79 107 56 105 11
56 119 32 120 79 119 56 120 13
57 164 35 164 79 163 55 164 8
60 199 38 197 81 199 61 199 13
56 239 29 241 77 239 53 237 22
58 263 29 263 77 263 48 263 12
63 284 24 284 81 285 41 285 44
62 289 28 289 77 291 42 290 28
61 294 23 292 81 295 39 294 25
64 132 37 133 85 131 62 130 10
60 144 38 143 83 145 59 145 9
64 176 41 176 87 175 62 174 6
64 223 40 223 87 223 66 224 10
69 77 43 76 93 75 68 76 21
67 102 44 102 89 101 65 102 23
71 128 46 128 93 127 70 126 14
68 130 43 130 91 129 65 128 6
70 188 50 187 93 187 69 187 8
73 243 47 241 93 241 64 241 9
73 266 46 265 93 267 65 265 6
78 297 40 296 91 299 53 298 23
77 106 54 107 99 105 77 104 14
74 110 51 110 95 109 73 110 13
75 182 53 182 99 181 76 181 8
77 223 52 223 97 223 75 222 7
76 254 47 251 95 253 67 254 9
81 299 45 298 95 301 57 300 38
81 180 60 180 105 179 87 180 14
87 262 57 262 105 263 76 261 8
86 287 48 287 101 289 67 288 46
83 122 61 122 107 121 84 119 26
86 133 67 135 109 135 87 134 11
85 140 61 140 107 139 83 139 12
85 148 62 148 107 147 81 146 16
87 217 61 219 109 219 85 218 12
89 217 67 217 111 217 88 216 9
90 236 62 239 111 237 84 235 19
89 266 62 265 107 267 77 267 10
88 270 60 270 107 271 80 270 14
96 297 60 296 109 299 72 298 44
90 88 69 89 113 87 35 89 80
90 94 68 93 113 93 34 93 85
92 100 73 101 117 99 96 98 38
92 154 71 152 115 151 95 151 25
94 159 72 159 115 161 93 159 17
95 176 71 176 117 175 93 175 11
96 184 74 184 115 183 90 182 10
96 180 73 180 117 179 92 177 10
91 190 73 189 113 189 90 189 16
97 198 74 196 117 197 95 196 9
99 241 72 241 117 241 90 242 17
95 243 67 242 113 243 87 243 17
101 259 69 260 117 261 87 260 9
103 280 69 281 115 283 79 281 24
99 284 63 285 113 287 79 286 29
103 293 68 292 117 295 82 294 49
103 304 68 304 117 307 80 306 32
97 146 75 146 119 145 96 146 27
97 154 76 154 121 153 98 152 29
96 150 74 150 119 149 97 149 28
100 152 78 151 123 151 103 151 37
100 266 70 266 119 267 88 266 13
110 237 82 237 127 237 98 237 15
110 249 83 248 129 249 102 248 18
106 259 79 258 125 259 96 258 8
106 271 75 270 125 271 97 270 17
112 293 78 292 125 295 92 294 43
107 74 88 75 131 73 112 73 56
109 112 89 112 133 111 110 111 23
108 160 87 160 131 159 107 160 31
111 188 87 187 133 187 110 187 32
111 195 87 193 133 195 110 195 10
113 229 92 228 135 229 116 227 12
110 237 81 236 131 237 102 236 16
114 241 87 240 133 241 105 240 16
110 248 82 248 131 247 103 247 6
114 259 87 259 131 261 102 262 16
118 304 82 303 131 307 93 306 25
119 66 97 67 141 65 120 66 117
113 79 96 79 139 77 119 78 85
115 123 92 124 137 123 115 122 41
113 143 95 142 139 141 117 141 151
120 166 94 165 139 165 110 165 46
115 192 93 193 137 193 115 193 19
119 195 95 195 139 195 117 194 31
114 214 92 214 137 213 114 213 8
123 233 99 233 141 235 115 234 11
120 250 93 250 139 251 109 249 10
131 280 95 279 141 281 105 280 33
125 294 89 294 137 297 101 296 38
128 310 93 309 141 313 101 312 53
119 82 102 83 143 81 125 82 149
124 143 105 142 147 141 128 141 156
124 164 94 163 145 163 118 163 79
129 166 102 166 147 165 120 165 42
124 170 97 170 143 169 115 169 36
128 172 101 172 147 171 119 171 68
127 184 99 184 145 183 117 183 28
123 183 97 184 143 183 113 182 29
121 212 101 211 145 211 123 211 8
132 245 105 245 147 245 123 245 18
127 249 101 248 145 249 115 249 10
126 261 98 260 145 261 116 261 13
128 263 101 263 147 265 119 264 13
130 308 93 307 143 311 105 310 47
125 60 106 61 149 59 129 60 148
130 72 110 73 153 71 133 71 156
131 88 105 87 151 87 97 89 251
131 122 110 123 153 121 135 123 33
127 127 105 127 151 129 128 129 47
131 174 103 174 149 173 121 173 68
135 235 107 237 151 237 125 235 15
136 236 110 237 149 237 128 236 14
132 256 104 255 151 257 121 256 21
131 262 103 261 149 263 121 262 8
133 282 101 281 149 283 115 282 21
137 289 104 288 153 291 118 290 37
136 287 103 286 149 289 116 288 43
134 86 112 86 155 85 133 84 196
135 95 112 95 157 93 130 95 180
133 91 107 89 155 89 131 89 257
134 171 107 171 155 171 127 171 76
139 180 111 180 157 179 129 179 59
137 183 109 183 155 183 127 183 24
140 189 112 189 159 189 130 188 19
137 200 111 200 155 199 127 199 15
136 228 109 230 155 229 133 227 8
140 270 111 270 157 271 127 270 16
140 285 109 284 155 287 121 285 21
149 314 102 315 157 319 111 317 52
141 80 122 81 165 79 144 79 109
141 172 113 172 161 171 131 171 30
146 180 118 180 165 179 137 179 41
146 201 119 200 163 199 135 199 9
143 243 116 242 163 243 133 242 12
145 248 117 248 163 249 135 248 11
150 298 113 297 163 301 124 300 28
145 54 124 55 167 53 148 54 242
149 96 123 96 169 95 143 94 47
149 126 129 126 171 125 151 125 55
146 154 126 154 169 153 147 153 134
147 157 123 159 169 159 142 159 86
149 173 122 174 167 173 139 173 36
149 182 121 182 167 181 139 181 45
149 186 121 186 167 185 139 185 34
150 186 123 186 169 185 141 185 17
147 204 121 203 167 205 137 204 12
151 203 124 202 171 203 142 203 9
153 210 126 209 171 209 146 208 16
149 270 118 270 167 271 138 270 16
153 278 119 276 169 279 133 278 20
154 294 125 294 167 297 138 297 50
159 298 121 297 171 301 133 300 37
154 302 117 301 167 305 129 304 36
159 318 114 317 167 323 121 322 99
159 329 113 328 167 335 118 335 113
152 56 131 57 175 55 150 55 306
150 78 130 79 173 77 152 77 167
154 82 134 83 177 81 156 82 283
158 174 135 174 177 173 157 174 32
157 184 130 184 175 183 147 183 17
159 186 131 186 177 185 149 186 12
151 240 126 241 173 241 148 240 19
156 285 125 285 173 287 138 287 19
160 289 125 288 173 291 138 290 26
168 327 121 326 175 333 126 332 147
170 329 123 328 177 335 127 334 95
162 104 138 102 183 101 157 100 7
159 140 138 140 181 139 159 138 105
163 184 135 184 181 183 153 183 9
163 202 135 202 181 201 153 202 6
165 207 140 207 181 207 155 206 15
159 211 131 210 179 211 151 210 15
160 215 132 217 179 217 151 216 15
166 284 136 281 181 285 147 285 16
167 293 131 292 179 295 145 293 42
171 105 147 105 189 105 165 105 13
169 216 143 215 187 217 160 216 24
167 246 139 246 185 247 157 246 17
171 251 142 250 189 251 161 251 22
164 251 138 251 185 253 154 251 28
170 287 139 287 187 289 153 289 14
169 120 146 121 191 119 162 120 268
173 192 146 193 191 193 164 192 9
177 89 156 85 199 85 174 85 163
182 218 156 218 201 219 173 217 19
179 223 152 224 197 225 170 223 17
178 227 153 226 197 227 171 226 17
177 234 152 234 197 235 171 234 13
183 259 155 258 201 259 173 258 33
179 260 150 259 197 261 168 260 24
184 272 151 272 201 273 168 273 25
184 52 158 52 203 49 177 50 49
185 97 158 97 203 95 175 95 27
185 103 156 103 203 101 174 101 27
190 115 162 113 207 111 177 109 36
187 182 159 181 205 181 177 181 62
184 189 157 189 203 189 175 189 26
189 185 161 185 207 185 179 185 21
187 187 159 187 205 187 176 187 52
188 207 161 207 207 207 179 207 8
185 210 158 209 203 209 176 207 13
185 233 160 234 205 235 177 234 18
186 268 157 267 203 269 171 269 28
195 325 148 325 203 331 155 330 93
199 329 152 328 207 335 158 334 76
190 97 164 98 209 95 180 95 27
191 103 163 103 209 101 180 101 17
191 128 163 128 209 127 179 128 60
191 162 162 162 209 161 180 161 27
191 177 165 179 211 179 184 179 33
192 181 165 181 211 181 185 181 75
195 207 167 207 213 207 186 207 8
187 251 164 250 209 251 185 249 28
197 279 165 279 211 281 171 279 21
201 298 164 297 213 301 173 300 31
198 294 159 294 211 299 173 299 30
197 306 159 305 211 309 171 308 63
196 302 158 301 209 305 169 304 39
201 324 157 323 211 329 164 328 105
200 195 171 197 217 197 189 197 17
198 210 172 211 217 211 189 210 7
202 256 171 256 219 257 188 257 56
201 262 173 262 219 263 190 263 77
199 266 171 265 217 267 186 266 49
202 302 164 301 215 305 176 304 28
209 324 164 323 219 329 173 328 99
206 328 160 328 215 335 164 334 71
205 93 180 95 225 91 199 92 79
203 105 175 105 221 103 193 102 16
205 127 175 129 221 127 192 127 24
203 166 174 166 221 165 192 164 7
205 187 177 187 223 187 195 186 7
203 202 174 200 221 201 193 202 7
207 258 181 258 225 259 199 259 103
212 121 183 121 229 119 200 119 12
213 130 184 129 231 129 202 131 10
211 137 182 136 227 133 198 133 15
212 161 183 162 229 161 201 161 8
211 176 184 175 229 175 201 174 13
211 182 183 181 229 181 201 181 14
212 237 186 236 231 237 203 237 25
208 234 181 234 227 235 199 234 18
212 274 182 273 229 275 197 274 26
217 282 180 280 231 283 197 282 17
222 326 176 326 231 333 182 332 118
222 328 175 328 231 335 181 334 85
220 121 191 120 237 119 209 118 12
219 129 190 128 237 127 208 127 8
217 140 190 141 235 139 206 138 11
220 163 191 161 237 159 209 159 11
218 174 191 174 237 173 207 172 16
217 184 189 184 235 183 207 183 38
213 214 187 214 233 215 205 214 16
216 240 190 240 235 241 208 241 28
220 272 190 271 237 273 205 273 42
220 277 190 277 237 279 206 279 30
221 297 182 297 233 301 191 300 28
228 339 177 338 235 347 180 346 56
221 87 192 87 239 85 211 86 19
223 112 194 111 239 111 210 112 8
225 130 196 130 243 129 213 128 9
220 178 193 178 239 177 211 177 25
223 181 196 181 241 181 213 181 23
222 216 195 217 241 217 212 215 28
225 275 194 275 241 277 210 276 31
229 297 193 296 243 301 206 300 29
227 314 184 313 239 319 197 318 112
236 339 184 338 243 347 189 346 50
234 43 198 42 249 37 213 38 43
231 49 195 50 247 45 210 46 15
229 115 200 116 247 115 218 115 13
233 145 202 143 249 141 221 141 11
231 162 203 162 249 161 220 161 19
229 164 201 163 247 163 218 162 35
231 206 203 205 249 205 222 206 23
228 208 199 205 245 207 218 206 14
227 221 199 221 245 221 217 221 34
234 262 203 262 249 263 222 263 146
231 270 202 269 249 271 220 270 68
233 298 196 297 247 301 209 300 30
234 320 191 319 245 325 197 325 84
235 325 189 324 245 331 197 330 80
240 333 190 333 249 341 196 340 53
240 342 187 342 247 351 191 350 44
240 46 204 47 255 41 218 42 21
240 65 203 67 255 61 219 63 22
234 119 207 119 253 117 226 117 11
231 120 205 120 251 119 224 119 16
232 130 202 129 251 129 223 129 15
237 129 209 129 255 127 227 128 18
236 172 209 172 255 171 227 171 26
235 175 208 175 253 175 225 175 23
236 190 209 188 255 189 227 189 14
234 195 207 195 253 195 225 194 34
235 198 208 198 253 197 226 198 32
232 211 205 211 251 211 223 211 27
236 223 210 223 255 223 228 223 41
233 268 204 267 251 269 221 269 119
239 287 205 286 255 289 221 288 35
244 37 207 37 259 31 222 32 52
244 56 208 56 259 51 222 51 12
244 76 209 76 259 71 222 71 24
239 163 212 162 257 161 230 162 27
239 175 212 175 257 175 230 174 19
241 173 213 174 259 173 231 173 38
243 189 215 189 261 189 233 188 31
238 207 212 209 257 209 230 207 32
241 276 211 275 259 277 230 277 53
241 284 208 284 257 287 222 286 34
241 290 205 290 257 293 221 293 35
245 294 209 293 259 297 223 296 32
252 337 200 337 259 345 206 344 42
252 344 199 343 259 353 202 352 67
248 52 212 53 263 47 226 48 20
252 85 216 85 267 81 230 81 20
251 81 215 81 267 77 229 75 41
248 82 210 85 263 79 225 81 23
252 89 217 90 267 85 231 87 18
249 94 215 95 265 91 229 92 24
249 111 220 113 265 111 237 111 37
244 120 218 119 263 117 233 118 34
249 132 221 131 267 131 237 131 59
249 140 221 141 267 139 239 140 49
244 142 218 142 263 141 229 140 41
248 156 221 156 267 155 240 157 25
246 200 219 199 265 199 237 199 33
244 215 217 214 263 215 235 214 55
246 217 219 216 265 217 237 216 64
244 223 218 222 263 223 237 223 34
244 231 218 231 263 231 237 230 50
246 262 214 262 263 263 231 263 123
251 271 220 271 267 273 235 273 56
249 307 210 306 263 311 232 311 123
253 312 211 311 263 317 220 316 109
251 318 207 318 263 323 217 323 123
252 323 207 322 263 329 215 328 76
257 327 210 326 267 333 218 332 72
258 56 222 56 273 51 236 52 13
254 69 218 68 269 65 232 66 17
258 72 223 71 273 69 237 68 10
254 83 218 84 269 79 233 80 15
253 104 221 103 269 101 235 101 30
251 142 223 142 269 141 241 140 67
255 157 227 157 273 157 243 156 20
255 164 228 164 273 163 246 164 14
251 165 224 165 269 165 242 165 21
252 184 225 184 271 183 243 183 14
255 194 228 193 273 193 246 193 19
256 256 226 256 273 257 241 257 148
254 273 224 273 271 275 240 275 42
259 316 215 316 271 321 227 320 113
261 52 226 52 277 47 241 48 15
264 83 228 83 279 79 243 79 13
263 85 225 85 277 81 241 81 9
263 122 230 121 279 119 249 119 86
262 131 230 130 279 129 246 129 65
263 136 229 135 277 133 248 134 109
258 133 226 132 275 131 242 131 55
260 152 233 153 279 151 249 149 22
259 240 230 241 277 241 251 240 25
261 270 232 269 279 271 248 271 32
260 277 228 277 277 279 243 279 33
260 273 229 273 277 275 245 275 28
262 282 229 282 279 285 244 284 29
266 323 221 322 277 329 229 328 72
266 333 215 333 275 341 225 340 56
271 344 217 343 279 353 221 353 55
268 129 236 129 285 127 252 127 97
264 133 235 133 281 131 248 131 78
262 193 235 193 281 193 253 193 35
264 252 235 252 281 253 252 253 113
266 256 235 256 283 257 252 257 132
268 269 239 269 285 271 255 271 64
264 275 233 275 281 277 249 277 28
270 327 223 326 281 333 230 333 59
271 61 234 60 287 57 250 57 8
273 63 237 64 289 59 251 58 9
271 109 235 109 287 105 250 107 52
271 125 237 125 287 123 253 123 144
268 140 242 140 287 139 260 139 89
273 214 246 213 289 215 258 215 41
269 266 241 265 287 267 257 267 84
271 266 243 265 289 267 260 266 81
273 269 244 269 291 271 260 271 44
272 273 241 273 289 275 258 275 19
275 294 237 293 289 297 254 296 54
273 299 236 299 289 303 245 302 42
279 338 227 338 287 347 232 347 65
281 40 246 40 297 35 261 34 27
277 42 242 43 293 37 256 37 33
281 56 245 56 297 51 260 51 25
279 67 245 69 297 65 260 65 10
277 82 242 83 293 79 256 78 8
281 113 248 114 297 111 261 109 87
281 125 248 125 297 123 262 123 147
276 129 245 129 293 127 260 127 113
276 138 247 141 295 137 266 135 78
279 267 249 267 297 269 266 269 57
276 275 245 275 293 277 261 277 22
279 309 233 308 293 313 245 312 96
286 319 237 318 293 325 247 324 160
286 337 234 336 295 345 240 344 53
285 45 249 45 301 39 264 39 25
285 51 249 51 301 45 264 46 22
285 56 249 56 301 51 264 51 18
287 60 251 58 303 55 266 54 12
283 81 247 79 299 77 263 77 21
287 96 252 96 303 93 267 93 47
285 100 251 100 301 97 267 98 68
284 115 253 116 301 113 266 113 105
283 123 250 123 299 121 265 121 94
286 170 255 170 303 169 271 169 48
277 208 259 207 301 207 275 208 69
284 217 253 217 301 217 269 217 24
284 223 253 226 301 227 269 227 36
286 236 255 236 303 237 271 237 43
287 317 243 317 299 323 254 322 119
291 337 241 336 301 345 247 344 48
293 349 238 349 301 359 243 358 59
288 26 254 27 305 21 270 22 45
288 78 252 79 305 75 267 75 14
291 81 256 81 307 77 270 77 16
289 89 253 88 305 85 269 86 23
292 90 257 90 309 87 274 87 32
289 110 261 112 307 109 280 109 110
288 119 260 119 307 117 276 117 138
288 159 256 158 305 157 272 156 36
288 192 261 191 305 193 284 191 64
288 209 257 209 305 211 273 213 43
289 221 259 221 307 221 275 221 41
287 240 257 242 305 241 280 239 88
290 255 259 254 307 255 275 254 91
291 282 257 282 307 285 274 284 29
291 292 257 291 307 295 272 294 37
294 301 255 300 309 305 267 304 60
291 308 252 308 305 313 264 312 102
299 347 244 346 307 357 249 356 43
291 115 265 116 311 113 284 113 128
296 123 264 123 313 121 280 121 116
298 166 267 166 315 165 283 164 30
295 262 267 261 313 263 284 263 76
298 265 269 265 315 267 287 266 64
301 316 255 316 315 321 271 320 123
300 328 252 327 311 335 260 335 59
305 331 255 331 315 339 262 339 48
301 123 271 124 319 121 287 121 105
304 131 273 131 321 129 290 129 92
297 135 269 135 317 133 288 133 98
305 209 271 211 321 209 289 209 33
301 232 277 232 321 233 296 233 71
299 236 275 236 319 237 294 237 48
297 242 272 242 317 243 292 243 72
301 240 277 240 321 241 296 241 85
303 305 263 304 317 309 276 309 78
303 310 263 309 317 315 275 314 108
308 317 264 317 321 323 276 322 98
309 326 263 325 321 333 272 332 63
308 329 259 329 319 337 269 336 57
310 332 261 331 321 339 273 340 52
312 342 259 341 321 351 263 351 55
309 350 252 350 317 361 257 361 47
308 30 274 31 325 25 290 25 12
307 37 274 37 325 33 290 33 29
310 86 277 87 327 83 292 82 31
308 98 275 98 325 95 291 95 32
306 133 275 133 323 131 291 131 100
309 163 278 162 327 161 296 162 35
308 216 275 216 325 215 292 215 25
306 228 279 229 325 229 301 229 46
307 232 282 232 327 233 301 232 71
306 236 281 236 325 237 299 237 74
309 239 283 238 327 239 303 239 119
305 243 281 242 325 243 299 243 84
304 252 278 252 323 253 297 253 97
304 258 280 257 323 259 294 259 109
308 260 281 259 327 261 299 261 124
304 264 276 263 323 265 294 265 83
308 295 270 295 323 299 286 298 26
312 295 275 295 327 299 289 299 23
315 326 269 325 327 333 278 332 62
312 328 264 327 323 335 272 334 46
314 343 260 343 323 353 266 353 60
312 79 278 79 329 75 296 75 33
311 81 278 81 329 77 294 78 24
314 101 282 102 331 99 298 99 40
314 193 283 193 331 193 299 193 17
316 198 284 197 333 197 301 196 17
313 204 282 205 331 203 299 203 20
312 207 281 207 329 207 297 207 29
309 227 287 227 329 229 305 227 48
312 236 287 236 331 237 306 236 55
315 250 286 250 333 251 302 251 78
312 264 285 263 331 265 303 265 77
316 268 281 269 329 271 298 271 99
316 269 285 269 333 271 302 271 36
317 273 284 273 333 275 300 275 43
315 286 279 286 331 289 297 288 30
314 288 279 288 329 291 292 291 25
321 335 271 334 333 343 279 343 54
321 342 268 341 331 351 275 350 49
319 338 267 337 329 347 275 345 53
321 343 268 343 331 353 275 352 41
320 86 288 85 337 83 302 84 24
322 178 291 177 339 177 307 176 29
322 206 290 207 339 207 307 207 22
320 209 289 208 337 209 305 209 38
322 214 290 213 339 213 307 213 32
323 216 287 216 339 215 306 214 55
317 256 288 256 335 257 303 258 66
321 271 291 271 339 273 309 273 32
324 310 284 310 339 315 297 315 127
325 315 275 319 339 321 294 321 72
326 333 276 332 337 341 284 340 44
328 352 271 352 337 363 277 362 59
326 75 296 75 345 71 313 71 30
327 95 296 94 345 93 313 93 14
324 168 292 168 341 167 309 167 33
325 170 294 170 343 169 309 167 28
325 212 295 211 343 211 311 211 45
321 221 296 221 343 221 314 221 37
328 324 282 324 341 331 292 331 48
329 335 279 334 341 343 288 342 62
330 340 279 339 341 349 294 349 88
331 164 300 164 349 163 318 164 34
329 177 297 177 347 177 314 177 13
333 180 302 179 351 179 319 177 13
333 186 302 186 351 185 319 185 19
329 199 298 199 347 199 315 199 20
333 267 303 267 351 269 320 269 28
329 274 298 274 347 277 315 276 29
331 302 293 301 347 307 308 305 86
338 321 293 320 351 327 304 327 61
341 350 285 349 351 361 292 360 46
336 78 307 79 355 75 325 75 24
337 163 302 161 355 161 323 161 38
337 199 307 199 355 199 323 199 16
337 242 307 242 355 243 324 242 131
337 284 301 284 353 287 317 287 45
338 295 303 295 355 299 316 299 63
344 331 295 331 357 339 305 339 56
344 343 291 343 355 353 298 353 60
343 122 306 123 361 119 323 121 24
344 133 311 133 361 131 327 130 19
341 164 309 164 359 163 326 163 35
343 172 311 172 361 171 328 170 24
340 182 309 182 359 181 325 181 31
343 221 316 221 361 221 338 222 128
342 228 316 227 361 227 336 227 113
341 288 308 287 359 291 323 291 38
345 291 308 291 359 295 320 295 61
346 327 298 327 359 335 309 334 41
346 66 315 69 365 65 332 65 21
351 94 320 94 369 91 337 91 32
349 94 318 94 367 91 335 90 25
349 98 316 99 367 95 334 95 26
348 109 314 108 365 105 330 105 15
347 141 315 141 365 139 332 139 24
344 156 310 157 365 155 331 155 43
347 176 315 175 365 175 333 175 20
347 185 318 183 367 183 336 183 16
348 191 319 190 367 189 336 187 43
347 197 316 197 365 197 334 197 31
350 201 319 201 369 201 337 201 36
348 203 318 203 367 203 335 203 41
349 221 325 220 369 221 345 220 61
347 226 323 227 367 227 343 227 127
348 250 322 250 367 251 342 251 86
347 261 317 262 365 263 334 264 19
351 274 319 273 367 275 336 275 18
351 273 319 272 369 275 338 275 26
350 306 309 306 365 311 323 311 81
352 310 311 310 367 315 325 315 70
355 339 303 339 367 349 313 348 53
355 343 302 342 367 353 310 353 59
356 23 321 23 373 17 337 17 22
353 86 320 86 371 83 336 83 31
352 90 321 90 371 87 339 87 30
357 88 333 87 375 85 351 83 57
351 127 316 125 371 123 337 123 18
357 131 325 131 375 129 341 129 11
357 166 326 166 375 165 344 165 27
357 178 327 179 375 177 344 177 38
353 182 322 182 371 181 340 181 21
352 187 322 187 371 187 340 187 20
352 191 322 191 371 191 340 191 30
348 206 322 204 371 205 338 205 45
355 202 324 202 373 203 341 203 28
353 223 329 222 373 223 348 223 58
355 228 331 228 375 229 351 229 63
352 234 327 234 371 235 346 235 93
355 242 331 242 375 243 351 243 147
353 238 329 238 373 239 348 239 89
352 262 321 263 371 263 338 265 26
356 269 327 269 375 271 343 271 11
352 267 323 267 371 269 340 269 12
354 287 320 287 371 291 337 290 27
355 300 317 299 371 305 332 304 80
356 308 316 308 371 313 329 313 141
361 326 314 325 375 333 325 333 54
360 334 310 334 373 343 319 343 50
360 344 306 344 371 355 314 354 46
362 346 307 346 373 357 314 357 60
362 74 331 74 381 71 349 71 24
361 122 327 121 379 119 345 119 13
361 131 329 131 379 129 346 129 22
359 135 327 135 377 133 344 133 24
361 140 329 139 379 137 346 137 28
361 148 339 148 381 147 359 146 27
360 160 328 163 377 161 340 162 60
359 164 329 164 377 163 346 163 30
358 175 329 175 377 175 346 175 33
360 191 330 191 379 191 348 191 24
359 232 335 232 379 233 355 233 87
359 248 334 248 379 249 354 249 124
363 261 333 261 381 263 350 263 28
363 267 333 267 381 269 350 269 23
367 289 328 289 381 293 343 293 29
364 295 327 295 381 299 343 299 71
363 324 317 323 377 331 328 331 44
365 35 330 33 383 29 345 27 19
366 172 335 171 385 171 353 170 38
366 176 336 176 385 175 354 176 46
368 180 338 180 387 179 356 179 71
365 187 334 187 383 187 352 187 36
369 189 339 189 387 189 356 189 43
365 205 343 204 385 205 362 203 21
365 248 340 248 385 249 360 249 93
368 259 339 259 387 261 356 261 33
366 263 337 263 385 265 354 265 31
365 268 337 269 387 271 355 271 25
368 280 336 280 385 283 353 283 32
368 293 331 293 385 297 346 297 70
371 318 327 318 385 325 333 323 63
372 332 322 332 385 341 332 341 45
373 341 320 341 385 351 329 351 58
371 345 317 344 383 355 325 355 42
374 37 341 37 393 31 357 31 29
373 39 338 40 391 33 355 34 20
375 41 340 41 393 35 357 36 15
371 44 337 46 389 39 353 39 13
375 69 342 70 393 65 359 65 29
373 88 346 88 393 85 364 85 35
372 172 342 172 391 171 360 171 43
374 175 344 175 393 175 362 174 43
374 180 345 180 393 179 362 179 47
371 228 347 228 391 229 367 229 31
373 234 349 234 393 235 369 234 37
372 263 342 263 391 265 361 265 28
376 289 340 289 393 293 356 293 63
377 310 336 310 393 315 350 315 104
373 312 332 311 389 317 346 317 90
375 322 329 322 389 329 341 329 84
377 38 342 39 395 33 359 33 14
377 49 343 48 395 43 359 43 15
379 67 345 65 397 61 363 62 20
380 96 351 96 399 93 370 93 28
377 92 349 92 397 89 368 89 31
380 188 351 188 399 187 369 187 36
375 217 353 217 395 219 370 219 34
377 223 352 223 397 223 372 223 22
380 258 350 258 399 259 369 258 21
381 297 345 296 399 301 359 301 64
383 302 344 302 399 307 359 307 135
379 313 337 313 395 319 351 319 69
381 325 334 325 395 333 345 333 66
385 330 336 330 399 339 347 339 52
383 348 328 347 395 359 337 358 52
383 38 348 39 401 33 365 34 19
387 45 352 45 405 39 369 39 16
387 56 352 56 405 51 369 51 16
385 54 350 55 403 49 367 50 22
387 129 356 129 405 127 374 127 16
384 141 350 142 403 139 368 140 34
389 199 358 200 405 201 379 199 19
383 223 359 222 403 223 379 223 12
385 229 361 228 405 229 380 229 18
385 237 360 236 405 237 379 237 25
386 242 353 241 405 243 373 243 83
388 308 348 307 405 313 363 313 80
390 37 355 37 409 31 373 32 27
392 45 358 45 411 39 375 40 22
391 50 356 50 409 45 373 45 27
389 55 355 56 407 49 371 49 18
391 68 357 69 409 63 375 64 18
392 102 362 102 411 99 381 99 20
389 107 359 107 409 105 378 105 13
392 108 362 108 411 105 380 105 14
389 120 358 120 407 117 375 117 19
393 160 361 160 411 159 379 159 31
389 232 365 232 409 233 385 233 28
388 251 359 250 407 253 377 251 28
387 273 353 273 407 275 375 275 29
393 312 353 311 411 317 368 317 61
393 334 343 334 407 343 354 342 46
393 340 341 339 407 349 351 349 49
396 33 363 32 415 27 381 25 25
397 40 362 41 415 35 379 35 18
396 46 362 46 415 41 379 41 17
398 48 364 49 417 43 381 43 25
397 59 362 58 415 53 379 53 20
397 68 365 70 417 65 383 66 11
396 102 366 102 415 99 385 99 22
394 104 364 104 413 101 383 101 16
399 107 368 109 417 107 386 107 15
392 134 364 132 413 131 381 130 22
397 155 365 151 417 153 387 155 29
396 177 367 176 415 175 387 175 22
396 189 368 189 415 189 386 189 15
397 184 370 185 417 185 389 184 7
395 193 367 193 415 193 385 194 15
395 219 364 218 413 219 383 219 20
396 244 366 243 415 245 385 245 21
396 270 366 270 415 273 383 273 39
392 275 361 274 413 277 381 277 54
397 289 361 289 415 293 375 293 165
399 348 345 347 413 359 351 358 56
400 85 366 83 419 81 385 80 20
401 89 367 87 419 85 385 83 30
403 109 373 108 423 107 392 107 18
400 135 369 135 419 133 388 135 18
404 146 376 145 423 145 395 143 14
404 171 376 172 423 173 395 173 15
400 175 373 176 421 175 392 174 15
401 214 372 213 421 215 391 214 13
403 257 375 257 423 261 394 259 32
400 263 370 263 419 265 389 265 33
401 274 370 274 419 277 387 277 54
403 287 365 287 419 291 381 291 203
404 291 368 291 421 295 384 295 63
407 351 349 349 421 363 361 363 40
407 47 377 47 427 43 395 43 33
410 56 378 56 429 51 396 51 21
407 54 376 54 427 49 395 50 24
410 61 378 62 429 57 396 58 32
409 80 376 79 429 77 395 78 12
406 84 374 84 425 79 392 81 16
411 99 381 102 429 99 399 99 18
408 114 377 114 427 111 396 111 37
409 174 381 174 429 173 399 172 19
405 179 377 179 425 179 397 178 25
408 222 380 222 427 225 397 225 22
409 244 379 244 429 245 398 245 26
408 263 378 262 427 265 397 265 32
411 293 374 293 429 297 391 297 154
411 289 375 289 429 293 392 293 114
407 300 370 300 425 305 386 305 69
410 332 361 332 425 341 373 340 54
410 345 357 344 425 355 368 354 52
415 46 384 45 435 41 404 41 29
411 50 380 50 431 45 399 45 26
415 54 384 54 435 49 402 50 33
414 73 381 74 433 69 399 68 20
414 79 381 79 433 75 398 73 15
413 94 381 94 433 89 400 89 15
413 112 383 112 433 109 401 109 33
415 113 385 114 435 111 403 111 38
416 184 387 183 435 183 407 183 17
415 185 387 185 435 185 407 185 29
410 189 384 187 431 187 402 187 15
411 193 383 193 431 193 403 193 17
411 215 383 214 431 215 402 215 20
413 219 385 217 433 219 404 217 30
410 228 385 228 431 229 401 229 20
414 230 390 230 435 231 411 230 35
411 246 381 246 431 247 400 247 46
413 273 384 272 433 275 402 275 99
415 282 384 281 435 285 400 285 96
415 286 382 285 433 289 397 289 85
413 293 378 292 431 297 393 297 70
415 297 379 296 433 301 395 301 77
417 300 379 300 435 305 395 305 90
415 304 379 303 433 309 392 309 79
414 307 374 307 431 313 389 313 82
417 320 372 319 433 327 386 326 59
417 331 367 330 433 339 381 339 47
422 30 388 29 441 23 407 24 43
421 38 389 40 441 33 407 33 36
419 61 388 61 439 57 406 56 27
417 71 385 71 437 67 403 67 13
422 81 390 81 441 77 409 78 17
420 81 388 81 439 77 406 77 12
417 151 387 151 437 149 407 148 23
421 157 391 156 441 155 409 154 29
419 201 391 200 439 201 412 203 18
421 239 392 239 441 241 411 241 49
419 238 390 238 439 239 409 239 39
419 245 391 245 439 247 409 247 28
421 253 392 253 441 255 411 255 36
419 280 385 280 437 283 403 283 122
417 286 387 285 437 289 401 289 88
419 295 382 295 437 299 399 299 177
423 304 383 303 441 309 400 309 79
419 311 378 311 437 317 393 317 64
424 313 382 312 441 319 397 319 60
422 334 372 333 437 343 384 343 50
423 36 390 37 443 31 409 32 24
427 38 395 40 447 33 412 32 27
425 56 393 57 445 51 413 51 24
423 58 391 58 443 53 410 53 21
425 61 393 62 445 57 412 57 26
427 85 391 86 447 81 413 81 21
426 104 392 104 445 101 409 101 25
423 154 393 154 443 153 412 153 31
423 161 393 160 443 159 412 158 22
422 199 395 199 443 199 414 199 15
424 200 397 201 445 201 417 201 16
426 235 401 235 447 237 421 236 43
427 243 398 243 447 245 417 245 31
427 259 398 259 447 261 417 260 84
425 255 396 255 445 257 415 257 42
424 267 394 267 443 269 413 269 50
419 275 391 274 443 277 410 277 75
426 278 393 278 445 281 412 281 111
428 295 392 295 447 299 409 299 69
429 311 388 311 447 317 404 317 49
426 320 382 319 443 327 397 326 56
428 330 376 329 445 339 393 339 49
430 345 375 346 445 357 387 356 52
429 35 396 35 449 29 415 29 35
430 65 399 64 451 61 418 59 23
433 79 399 80 453 75 418 74 23
434 86 401 86 453 81 422 83 52
429 87 394 89 449 83 416 83 16
431 129 397 129 451 127 415 127 34
431 133 399 133 451 131 417 131 23
429 138 398 139 449 137 417 137 29
431 168 400 167 451 167 419 166 20
431 190 403 189 451 189 423 190 20
432 207 408 206 453 207 423 205 27
432 213 405 213 453 213 425 213 14
428 218 404 218 449 219 425 218 12
428 224 404 224 449 225 425 225 9
432 221 408 220 453 221 428 221 13
430 240 406 240 451 241 426 241 64
431 255 402 255 451 257 421 257 52
431 263 403 263 451 265 422 265 49
430 291 395 291 449 295 412 295 87
433 300 394 300 451 305 411 305 93
431 314 389 314 449 321 404 321 43
431 320 387 319 449 327 402 327 52
436 322 391 321 453 329 405 329 43
433 336 382 335 449 345 395 345 60
437 350 382 349 453 361 394 360 66
435 77 401 77 455 73 420 73 32
439 80 405 80 459 75 424 75 35
437 82 403 82 457 77 422 77 31
439 86 406 85 459 81 424 81 20
435 119 401 119 455 115 419 116 15
439 120 405 120 459 117 423 117 12
439 126 405 126 459 123 423 123 25
438 121 403 122 457 119 422 119 21
436 128 401 130 455 127 419 127 21
435 145 404 145 455 143 423 143 26
439 146 407 147 459 145 426 146 43
437 151 406 151 457 149 425 149 35
435 163 404 163 455 163 423 163 25
436 181 412 181 457 181 432 181 20
434 211 407 211 455 211 427 211 22
434 236 410 236 455 237 430 237 30
437 249 408 249 457 251 427 251 45
439 255 410 255 459 257 429 257 58
438 291 402 291 457 295 420 295 63
440 319 395 319 457 327 409 327 52
441 346 387 345 457 357 399 357 72
445 33 412 31 465 27 431 25 36
439 40 409 40 461 35 426 34 12
441 57 410 61 463 55 431 56 23
443 98 409 97 463 93 429 92 15
445 99 411 99 465 95 430 95 16
443 130 409 131 463 129 427 128 9
445 133 411 133 465 131 429 130 14
442 178 417 177 463 177 439 177 45
440 207 414 207 461 207 434 207 32
444 219 420 218 465 219 433 221 55
444 255 417 255 465 257 436 256 38
441 263 412 263 463 265 433 265 37
444 261 416 261 465 263 436 263 25
440 272 409 272 461 275 430 274 60
444 283 410 283 463 287 429 286 89
441 297 407 296 461 301 423 301 149
440 302 405 301 463 307 415 307 140
445 323 399 323 463 331 414 331 37
446 337 395 337 463 347 408 347 49
447 66 425 67 469 63 445 63 45
449 92 415 91 469 87 434 87 15
447 93 413 93 467 89 432 89 17
451 97 417 96 471 93 436 93 11
451 129 416 130 471 127 436 127 24
449 131 415 132 469 129 434 129 14
449 135 415 135 469 133 434 133 16
449 177 425 177 471 177 447 177 53
449 184 426 184 471 183 447 183 50
446 213 419 212 467 213 439 213 32
448 209 424 209 469 209 445 209 33
448 215 421 214 469 215 442 216 38
447 236 421 235 469 237 439 237 47
448 248 423 247 469 249 444 249 59
450 265 423 265 471 267 442 267 26
446 271 417 270 467 273 437 273 57
450 268 421 268 471 271 441 271 30
449 280 416 279 469 283 435 283 86
452 309 412 309 471 315 429 315 79
453 328 405 328 471 337 420 336 52
452 335 401 335 469 345 415 345 59
450 342 397 341 467 353 411 352 81
455 26 421 27 475 21 441 20 51
452 28 419 29 473 23 439 23 53
456 74 431 72 477 69 452 68 58
453 105 419 104 473 101 439 101 24
456 156 427 153 477 155 447 153 134
454 164 431 164 475 163 452 163 127
455 162 435 161 477 161 453 161 181
458 179 433 177 477 177 453 177 37
451 182 428 182 473 181 449 181 47
456 184 432 184 477 183 453 183 42
452 202 425 201 473 201 446 200 45
455 223 431 222 475 223 452 223 37
456 242 427 241 477 243 447 243 66
452 238 424 237 473 239 443 239 48
456 272 427 272 477 275 446 275 44
452 274 422 274 473 277 441 277 113
459 287 421 287 475 291 437 291 81
454 291 418 290 473 295 437 295 80
455 298 418 298 475 303 436 303 113
457 294 420 294 477 299 438 299 100
456 302 417 301 475 307 434 307 93
454 316 411 316 473 323 427 323 68
455 325 407 323 473 333 423 333 60
462 67 439 67 483 63 460 64 76
458 95 425 95 479 91 445 91 14
462 117 429 115 483 115 450 113 89
462 166 439 166 483 165 460 165 68
458 194 430 193 479 193 451 193 33
462 197 435 197 483 197 455 197 40
458 208 435 208 479 209 455 209 29
462 238 433 237 483 239 454 239 43
460 251 437 251 481 253 457 253 38
461 255 431 255 483 257 451 257 19
462 268 433 268 483 271 454 269 43
462 276 431 276 483 279 451 279 193
461 293 421 292 481 297 443 297 102
460 306 420 305 479 311 438 311 108
460 318 416 317 479 325 432 325 55
461 323 414 322 479 331 430 330 49
463 335 412 335 481 345 427 345 49
466 344 412 344 483 355 425 355 48
466 349 411 349 483 361 424 361 64
468 36 443 33 489 31 467 30 104
468 39 445 37 489 35 467 33 113
467 144 434 144 489 143 453 143 37
464 195 437 195 485 195 457 195 30
467 235 436 233 487 237 456 236 42
466 241 438 242 487 243 458 243 36
464 272 435 272 485 275 454 275 59
467 281 434 281 487 285 453 285 81
467 285 433 285 487 289 451 289 88
467 302 431 301 489 307 448 307 98
466 320 421 319 485 327 437 328 54
466 327 417 326 485 335 434 335 74
469 339 417 338 487 349 431 348 71
471 53 443 54 493 49 469 49 99
472 90 439 90 491 87 455 88 19
470 117 441 117 491 115 462 116 147
472 131 438 131 493 129 458 129 60
470 156 437 156 491 155 456 155 62
471 211 449 211 493 211 470 211 16
469 216 446 216 491 217 468 217 22
474 241 446 241 495 243 466 243 41
470 255 442 255 491 257 462 257 16
469 263 442 262 491 265 462 264 26
474 274 444 274 495 277 463 277 210
474 279 441 279 495 283 461 283 161
470 291 435 291 491 295 454 295 95
471 303 432 303 491 309 450 309 101
471 300 434 299 491 305 453 305 127
474 326 427 326 493 335 443 335 56
479 45 456 45 501 41 478 41 48
477 49 454 49 499 45 475 45 34
478 91 446 92 499 87 466 88 11
475 97 442 96 497 93 462 93 28
478 99 445 99 499 95 465 95 18
475 121 454 122 497 119 475 120 161
479 125 456 125 501 123 478 123 162
480 131 446 131 501 129 466 129 97
480 147 446 147 501 145 466 145 86
476 156 449 158 497 155 469 156 73
475 177 447 177 497 177 467 176 21
477 189 449 189 499 189 470 189 42
475 217 453 218 497 219 474 219 31
475 255 447 255 497 257 470 256 19
476 272 445 272 497 275 465 275 100
478 278 446 277 499 281 466 281 79
476 285 442 285 497 289 461 289 85
480 289 445 289 501 293 464 293 116
478 330 429 329 497 339 445 338 53
482 335 431 335 501 345 447 345 76
483 351 427 351 501 363 441 363 86
480 347 425 347 499 359 441 358 112
479 351 423 351 497 363 437 363 180
484 26 451 26 505 19 471 19 26
481 57 456 57 503 53 477 53 74
486 143 452 143 507 141 471 141 185
484 149 450 149 505 147 470 147 202
484 225 464 224 507 225 485 226 101
484 229 464 230 507 231 486 231 130
485 236 464 235 507 237 477 238 242
485 255 457 256 507 257 478 258 44
486 266 457 266 507 269 477 267 69
482 289 447 289 503 293 466 293 94
486 302 447 301 507 307 466 307 125
483 305 443 305 503 311 461 311 88
487 319 442 319 507 327 460 327 45
484 331 434 331 503 341 450 341 63
484 337 433 337 503 347 449 347 80
487 92 456 91 511 87 477 87 55
489 97 457 97 511 93 477 93 15
488 139 453 139 509 137 473 137 276
488 145 454 145 509 143 473 143 267
491 167 463 166 513 165 484 166 294
490 174 459 174 513 173 479 173 443
486 184 466 183 509 183 487 184 131
491 182 470 181 513 181 492 181 211
488 187 468 189 511 189 490 189 202
491 197 470 197 513 197 492 197 117
489 201 468 200 511 201 490 200 204
489 209 468 209 511 209 490 209 156
489 226 468 226 511 227 490 227 253
487 278 456 277 509 281 476 281 106
485 282 451 282 509 285 474 285 182
490 285 456 285 511 289 476 289 113
492 296 455 295 513 301 474 301 114
493 321 447 321 513 329 465 329 56
491 323 445 322 511 331 462 331 54
494 345 439 345 513 357 455 357 112
490 351 435 350 509 363 450 363 137
492 43 464 42 515 39 486 38 196
493 50 461 51 515 45 483 47 306
494 94 460 93 515 89 481 89 94
495 106 470 103 517 103 492 104 228
494 137 463 139 517 135 483 137 433
494 158 461 157 517 157 487 159 490
494 178 474 181 517 179 496 180 204
494 191 474 188 517 189 496 189 202
493 191 472 191 515 191 494 191 83
496 197 476 193 519 195 498 194 274
494 203 474 199 517 201 496 201 204
492 205 472 204 515 205 494 205 83
495 219 474 219 517 219 496 219 223
497 224 476 224 519 225 498 225 406
493 253 468 253 515 255 489 255 72
493 259 465 258 515 261 487 261 48
495 255 469 255 517 257 490 257 54
495 268 464 268 515 271 488 269 134
497 274 467 273 519 277 486 277 103
494 285 460 285 515 289 480 289 96
498 303 459 303 519 309 478 309 91
498 307 458 307 519 313 477 314 80
494 305 454 305 515 311 473 311 68
496 310 455 310 517 317 473 317 90
494 318 451 317 515 325 469 325 57
496 316 453 316 517 323 471 323 73
497 333 447 333 517 343 464 343 82
499 345 445 345 519 357 460 357 133
495 349 440 349 515 361 456 361 174
499 350 444 350 519 363 460 363 147
498 25 467 26 521 19 488 21 70
503 41 471 43 525 37 492 39 250
499 62 467 61 521 57 490 59 732
501 66 473 65 523 61 494 61 624
501 75 474 74 523 71 496 70 508
503 122 477 121 525 119 495 117 207
501 168 469 166 523 167 493 166 558
498 176 478 176 521 175 500 175 385
501 215 480 215 523 215 502 215 122
503 234 477 235 525 235 499 237 535
503 271 470 272 525 275 492 275 120
501 285 467 285 523 289 488 289 72
500 298 463 297 521 303 482 303 91
504 318 460 317 525 325 478 325 47
501 326 453 326 521 335 471 335 101
503 338 451 338 523 349 467 349 112
506 37 470 38 529 31 491 33 137
509 110 477 109 531 107 499 107 246
508 168 479 168 531 167 500 167 653
504 223 485 222 527 223 507 223 184
507 236 479 236 529 237 501 237 442
508 253 481 253 531 255 504 255 37
504 257 476 257 527 259 498 259 24
507 272 476 271 529 275 497 275 89
508 294 472 293 529 299 491 299 96
509 303 470 303 531 309 490 309 84
506 321 460 321 527 329 479 329 41
508 324 461 324 529 333 480 333 62
510 328 462 328 531 337 480 337 61
511 348 455 348 531 361 471 361 280
514 69 483 73 537 65 504 67 356
511 108 479 109 533 105 500 105 304
513 126 481 126 535 123 502 123 134
515 131 482 131 537 129 497 131 183
513 153 483 155 535 151 502 151 491
511 221 493 220 535 221 515 221 190
511 240 483 239 533 241 505 241 304
512 264 485 264 535 267 504 267 52
515 283 482 283 537 287 503 287 85
513 292 477 292 535 297 498 297 78
510 298 475 297 533 303 493 303 165
512 350 456 350 533 363 473 363 234
516 28 482 28 539 21 504 21 49
517 30 485 30 541 23 507 23 36
520 40 487 39 543 33 509 33 61
518 36 485 35 541 29 507 29 33
518 128 485 128 541 125 507 125 95
520 141 487 141 543 139 509 139 235
515 217 495 217 541 217 511 218 327
516 222 497 222 539 223 519 223 253
516 236 489 235 539 237 511 237 464
518 242 491 242 541 243 513 243 237
516 244 489 244 539 245 511 245 160
520 265 492 265 543 267 514 267 42
517 260 489 260 541 263 513 263 59
517 272 487 271 539 275 508 275 57
517 280 484 279 539 283 506 283 83
521 302 483 301 543 307 502 307 59
518 317 473 317 539 325 493 325 40
521 320 475 320 539 329 490 329 86
518 322 471 322 539 331 490 331 48
522 329 473 329 543 339 491 339 84
522 335 471 335 543 345 489 345 153
522 340 470 340 541 351 488 351 144
522 28 489 28 545 21 511 21 44
526 126 493 126 549 123 514 123 223
524 137 491 138 547 135 512 135 158
524 145 493 145 547 143 515 143 171
526 152 495 153 549 151 516 150 293
524 156 493 156 547 155 514 154 484
526 177 496 177 549 177 517 178 305
524 180 493 179 547 179 515 179 246
526 183 496 183 549 183 517 183 282
526 245 499 245 549 247 521 247 125
524 257 497 257 547 259 517 259 84
525 272 495 271 549 275 517 275 66
526 276 495 276 549 279 517 279 70
522 280 491 279 545 283 511 283 71
522 283 489 283 545 287 511 287 62
524 294 488 294 547 299 509 299 77
525 312 482 312 547 319 502 319 45
523 336 472 336 545 347 490 347 120
527 336 481 336 549 347 502 348 220
529 23 497 23 553 17 519 16 53
527 33 495 33 551 27 517 25 98
531 30 499 30 555 23 521 23 80
530 39 498 39 553 33 520 33 118
528 51 493 50 551 45 515 43 84
530 47 493 49 553 41 515 43 139
532 53 497 53 555 47 519 47 170
530 82 497 82 553 77 519 78 229
528 96 505 97 551 93 528 93 447
528 107 507 107 551 105 529 105 272
530 130 497 130 553 127 518 127 135
528 149 497 150 551 147 519 147 308
528 174 499 173 551 173 521 173 667
528 181 498 181 551 181 519 181 243
532 183 502 183 555 183 524 183 378
526 215 506 215 553 215 531 215 225
527 221 510 220 551 221 531 221 310
529 221 511 221 553 221 534 221 279
532 253 505 253 555 255 527 255 64
530 249 504 249 553 251 524 251 101
532 255 505 255 555 257 527 257 47
530 283 498 283 553 287 519 287 62
532 290 497 290 555 295 518 295 127
531 303 493 303 553 309 512 309 99
529 316 485 315 551 323 505 323 44
531 333 481 331 553 343 499 343 75
533 340 481 340 555 351 499 351 229
531 343 478 343 553 355 496 355 182
536 40 503 39 559 33 526 34 93
538 88 509 88 561 85 530 83 444
538 124 505 124 561 121 527 121 226
534 122 500 122 557 119 522 119 356
533 171 509 172 557 171 531 171 603
536 181 504 181 559 181 527 182 433
538 219 520 218 561 219 542 219 235
534 222 515 222 557 223 539 223 236
536 257 508 257 559 259 531 259 63
534 270 503 270 557 273 526 273 87
538 274 508 274 561 277 530 277 73
533 276 502 276 557 279 525 279 60
534 287 500 286 557 291 521 291 132
536 285 503 284 559 289 524 289 152
538 299 501 299 561 305 522 305 68
534 303 495 303 557 309 516 309 67
541 27 510 26 565 21 533 21 95
540 50 508 49 563 43 530 42 120
541 92 518 92 565 89 541 89 300
543 209 525 210 567 209 549 209 201
543 217 526 216 567 217 549 217 154
539 222 521 222 563 223 545 223 209
540 268 510 268 563 271 533 271 124
543 266 515 266 567 269 537 269 112
542 303 504 303 565 309 525 309 71
544 305 504 305 567 311 525 311 74
542 310 501 310 565 317 521 317 63
540 315 496 315 563 323 516 323 53
542 322 496 322 565 331 516 331 70
540 324 494 324 563 333 513 333 57
540 345 486 345 563 357 505 357 172
544 343 490 343 567 355 509 355 176
544 348 489 348 567 361 508 360 180
549 54 519 53 573 49 543 49 97
547 135 517 134 571 133 541 133 220
549 143 521 142 573 141 543 140 349
547 141 517 143 571 139 541 139 370
550 195 530 195 573 195 553 195 292
547 221 530 221 571 221 553 221 197
549 226 532 226 573 227 555 227 299
546 247 521 247 569 249 543 249 149
549 251 525 253 573 253 546 253 162
549 264 521 264 573 267 544 267 114
546 272 516 272 569 275 538 275 110
549 281 520 281 571 285 539 285 90
549 294 512 294 573 299 535 299 110
548 301 510 301 571 307 531 307 79
550 299 513 299 573 305 534 305 90
547 315 505 315 571 323 525 323 63
546 321 500 320 569 329 521 329 38
546 326 499 326 569 335 518 335 44
549 337 497 337 573 349 517 349 100
551 24 519 23 575 17 542 16 88
555 26 519 29 579 19 547 19 111
553 31 525 31 577 25 548 25 105
551 74 521 72 575 69 543 69 207
555 168 526 169 579 167 549 168 498
553 179 533 180 577 179 557 180 406
551 201 531 201 575 201 554 201 379
551 268 523 268 575 271 545 271 74
555 272 525 272 579 275 548 275 95
555 277 524 277 579 281 546 281 83
555 283 524 283 579 287 545 287 70
553 290 518 290 577 295 540 295 75
553 298 517 297 577 303 538 303 86
555 301 521 302 579 307 543 308 76
560 85 532 85 585 81 555 81 189
557 100 528 100 581 97 551 96 140
559 141 529 143 583 139 553 141 292
559 199 543 199 583 199 566 199 654
557 221 541 221 581 221 565 221 261
559 225 543 224 583 225 566 225 383
559 249 533 249 583 251 556 251 186
555 262 527 262 583 265 554 265 292
561 272 531 271 585 275 554 275 124
559 290 524 290 583 295 546 295 78
557 296 521 295 581 301 543 301 118
559 325 511 326 583 335 532 335 44
557 345 503 344 581 357 523 357 98
561 348 506 348 585 361 525 361 162
563 66 536 64 587 61 560 60 145
567 83 539 83 591 79 563 78 160
563 142 533 144 587 141 555 143 272
563 156 537 155 587 155 561 155 403
565 165 538 165 589 163 561 165 377
567 213 540 214 591 213 563 215 510
565 225 538 227 589 225 561 225 267
563 242 536 240 587 243 559 241 397
565 258 538 258 589 261 561 261 101
567 254 540 253 591 257 563 257 172
563 265 535 264 587 267 564 267 229
567 262 540 263 591 265 563 265 144
563 279 531 279 587 283 554 283 57
564 284 532 284 589 289 555 289 64
567 292 529 292 591 297 552 297 98
563 288 528 288 587 293 551 293 81
568 323 519 324 591 333 541 333 48
563 327 514 327 587 337 535 337 50
566 331 517 331 591 341 539 341 53
564 338 513 338 589 349 534 349 108
562 341 509 341 587 353 530 352 99
568 28 540 28 593 23 564 23 58
570 89 539 89 595 85 563 85 109
570 114 539 114 595 111 562 111 106
570 123 539 122 595 121 563 121 106
572 128 541 128 597 125 564 125 197
571 139 542 139 595 137 566 137 243
571 145 541 145 595 143 564 143 143
572 162 546 163 597 161 569 161 304
569 180 552 179 593 179 575 178 485
571 181 555 180 595 181 578 180 538
569 192 550 191 593 193 574 191 571
572 275 541 275 597 279 565 279 54
569 277 535 277 593 281 561 281 54
569 288 534 288 593 293 557 293 99
572 299 535 301 593 305 558 307 73
568 321 523 320 593 329 544 329 56
572 329 523 329 597 339 545 339 51
570 350 514 350 595 363 535 363 89
578 31 548 32 603 25 572 25 35
578 50 552 52 603 45 575 46 58
576 97 545 97 601 93 569 93 99
578 101 547 101 603 97 570 97 87
574 112 543 113 599 109 566 109 82
578 127 549 127 603 125 573 125 261
574 149 543 149 599 147 567 147 130
574 157 544 156 599 155 568 155 230
579 182 561 182 603 181 585 182 390
577 211 560 211 601 211 584 211 276
578 230 552 230 603 231 576 231 219
578 257 552 256 603 259 576 259 259
575 264 547 264 599 267 570 267 103
584 289 548 289 603 295 565 295 101
586 292 551 292 603 299 566 299 86
576 336 523 333 601 347 546 347 44
574 348 519 348 599 361 540 361 53
581 62 556 62 605 57 581 57 77
584 102 553 103 609 99 577 99 108
580 99 549 99 605 95 573 95 90
584 143 555 143 609 141 579 141 184
580 147 550 147 605 145 573 145 124
580 155 550 154 605 153 574 152 191
584 158 555 158 609 157 579 156 142
580 162 550 162 605 161 574 161 184
584 196 568 195 609 195 592 195 184
585 200 568 201 609 201 592 201 137
581 207 564 207 605 207 588 207 220
581 214 557 214 605 215 581 215 374
584 218 558 218 609 219 582 219 281
584 216 559 216 609 217 583 217 373
580 259 554 259 605 261 578 261 214
581 272 551 272 607 275 576 275 104
584 275 554 275 609 279 577 279 49
582 279 551 279 607 283 574 283 62
581 278 549 277 605 281 573 281 48
580 285 547 284 605 289 570 289 99
591 288 557 288 607 295 570 295 91
580 306 539 306 605 313 558 314 60
580 313 536 312 605 321 559 321 39
583 338 531 338 609 349 553 349 40
588 89 558 89 613 85 582 85 135
590 91 565 89 615 87 585 88 197
588 98 555 97 613 95 581 94 128
586 153 556 153 611 151 580 151 112
588 150 557 151 613 149 581 149 85
588 181 568 182 613 181 592 181 302
586 193 570 191 611 191 594 191 316
590 209 574 209 615 209 598 209 135
588 213 565 213 613 213 589 215 303
589 224 569 227 613 225 597 225 480
588 245 565 247 613 247 589 248 471
590 249 565 248 615 251 589 250 213
586 251 561 251 611 253 585 253 144
586 259 561 258 611 261 584 261 218
588 270 558 270 613 273 582 273 103
588 277 556 277 613 281 581 281 57
587 306 546 306 613 313 570 313 38
586 340 534 339 613 351 557 351 47
588 345 533 345 615 359 556 359 45
593 36 563 37 619 29 588 29 28
593 49 563 48 619 43 587 42 74
595 83 561 81 621 79 586 77 224
594 98 569 98 619 95 593 96 203
592 108 561 108 617 105 585 105 208
593 141 565 141 619 139 589 139 195
595 149 567 149 621 147 591 147 129
592 170 563 170 617 169 587 169 249
592 174 575 173 617 173 599 173 264
597 181 577 183 621 181 602 182 340
596 197 579 198 621 197 604 198 183
592 200 576 201 617 201 600 201 129
596 203 579 203 621 203 604 203 108
593 214 577 214 617 215 601 215 199
594 237 571 237 619 239 596 239 226
596 247 572 247 621 249 597 249 149
594 243 572 243 619 245 596 245 183
592 253 567 253 617 255 591 255 221
591 281 559 280 617 285 583 285 56
595 279 564 279 621 283 588 283 68
591 284 558 284 617 289 582 289 86
595 283 563 282 621 287 587 287 87
593 292 557 292 619 297 582 297 110
595 299 557 299 621 305 581 305 68
592 334 542 334 619 345 565 345 56
590 342 537 342 617 355 559 355 57
599 30 569 29 625 23 594 22 79
597 39 568 39 623 33 592 32 51
597 45 568 45 623 39 592 39 43
597 92 568 93 623 89 593 89 263
598 96 573 95 623 93 599 92 201
599 94 575 94 625 91 599 91 202
598 123 575 123 623 121 600 122 508
601 145 572 145 627 143 597 143 54
600 198 583 197 625 199 608 199 141
597 228 576 228 623 229 600 229 411
602 234 579 234 627 235 604 235 283
598 239 576 239 623 241 600 241 267
602 238 580 238 627 239 604 239 160
602 243 579 243 627 245 603 245 125
601 253 577 253 627 255 602 255 101
600 259 574 258 625 261 599 261 75
600 275 570 275 625 279 593 279 63
597 304 556 305 623 311 579 312 57
597 315 552 315 623 323 576 323 42
603 53 573 53 629 47 598 47 60
603 89 578 90 629 85 603 86 157
607 87 581 86 633 83 606 83 192
607 91 582 91 633 87 607 87 136
603 99 579 99 629 97 601 99 173
607 143 578 143 633 141 603 141 85
603 162 573 164 629 161 599 161 94
604 195 587 195 629 195 612 195 194
604 201 587 201 629 201 612 201 172
608 243 585 244 633 245 610 245 142
607 251 585 251 633 253 609 253 105
608 256 583 256 631 259 606 259 235
605 294 569 294 631 299 599 298 107
606 301 567 300 633 307 592 306 48
604 304 564 304 631 311 588 311 56
606 325 558 325 633 335 582 334 46
602 338 550 337 629 349 573 349 57
609 25 579 25 635 19 604 18 108
609 51 579 51 635 45 604 45 103
609 77 583 78 635 73 608 73 148
613 81 586 81 639 77 612 77 197
611 94 586 94 637 91 611 91 157
609 106 584 106 635 103 609 102 105
614 127 583 126 639 125 608 125 331
611 145 582 145 637 143 607 143 164
611 153 582 152 637 151 607 151 130
613 155 584 154 639 153 610 153 82
610 187 595 188 635 187 621 187 289
613 185 597 183 639 185 621 183 288
614 199 599 199 639 199 624 199 235
615 224 598 224 639 225 623 225 351
610 220 594 220 635 221 619 221 359
611 230 590 230 637 231 614 231 274
613 235 591 236 639 237 611 237 365
611 241 589 241 637 243 614 243 104
613 273 583 273 639 277 608 277 98
611 277 580 277 637 281 605 281 70
612 291 575 291 635 297 599 297 66
610 307 568 307 637 315 591 317 48
610 329 561 329 637 339 585 339 60
611 332 561 332 639 343 585 343 47
607 331 558 331 635 341 582 341 54
607 337 555 337 635 349 579 349 54
609 343 555 343 637 355 579 355 62
616 24 586 24 643 17 612 17 184
615 40 586 40 641 33 611 34 205
615 50 586 50 641 45 611 45 127
615 57 587 56 641 51 612 51 111
615 62 588 62 641 57 613 57 122
619 68 591 67 645 63 616 62 110
619 85 592 84 645 81 617 79 232
615 88 589 89 641 85 614 85 177
617 106 591 106 643 103 617 103 104
619 110 593 110 645 107 618 107 104
615 122 594 123 641 121 619 121 289
619 144 588 147 645 143 613 145 169
617 158 589 158 643 157 614 157 83
618 166 591 166 645 165 617 165 83
615 162 587 162 641 161 612 161 86
617 177 591 177 643 177 616 177 132
617 239 596 240 643 241 621 241 147
617 256 591 256 645 259 618 259 95
614 260 588 260 641 263 614 263 103
615 264 588 264 641 267 613 267 122
620 270 591 270 645 273 608 272 178
616 273 587 273 643 277 611 277 79
618 277 587 277 645 281 612 281 83
620 282 587 282 645 287 611 287 84
618 290 589 289 645 295 608 295 81
614 302 575 303 641 309 600 310 54
613 316 569 316 641 325 593 325 46
614 325 566 326 641 335 590 335 48
615 334 564 334 643 345 588 345 58
614 330 564 330 641 341 588 341 58
625 68 612 67 651 63 638 61 261
623 100 601 100 649 97 626 97 188
621 104 597 105 647 101 622 101 166
623 142 596 143 649 141 622 141 117
620 149 591 149 647 147 616 147 101
620 154 592 154 647 153 618 153 59
624 151 597 150 651 149 622 149 81
622 191 607 191 647 191 632 191 333
624 197 608 197 649 197 633 197 283
623 221 603 221 649 221 628 221 211
624 245 602 245 649 247 627 247 125
626 251 603 251 651 253 628 253 85
621 253 598 253 647 255 623 255 113
621 266 593 266 647 269 618 269 166
624 268 597 268 651 271 622 271 195
622 275 592 275 649 279 617 279 87
623 293 589 294 647 299 609 299 72
621 309 584 311 649 317 604 317 71
620 328 571 328 649 339 596 339 45
618 340 565 340 647 353 589 353 54
629 42 614 43 655 37 640 35 598
630 137 606 137 657 135 631 135 136
626 164 602 164 653 163 627 163 143
626 168 602 168 653 167 630 166 180
627 182 615 180 653 181 640 179 491
632 201 619 201 657 201 644 201 227
629 230 610 229 655 231 635 231 196
627 232 608 232 653 233 633 233 208
626 258 602 258 655 261 629 261 162
626 264 599 264 653 267 625 267 225
626 273 597 273 653 277 622 277 110
626 284 594 284 653 289 619 289 124
624 339 572 340 653 351 596 351 46
632 114 611 114 659 111 637 111 312
636 133 612 133 663 131 637 131 233
632 147 606 146 659 145 629 146 45
634 167 610 165 659 165 636 165 159
636 174 616 174 663 173 641 173 281
635 193 623 193 661 193 647 193 337
634 212 619 212 659 213 644 212 253
635 234 615 234 661 235 641 235 167
637 232 617 232 663 233 643 233 235
635 238 615 237 661 239 640 239 155
633 249 611 249 659 251 636 251 77
631 302 596 301 659 309 622 309 60
632 299 593 299 659 305 619 305 73
640 113 619 113 667 111 645 111 627
640 172 617 172 667 171 643 171 293
638 178 619 177 665 177 644 177 343
642 176 619 176 669 175 646 175 269
642 198 629 199 667 197 654 199 411
641 247 620 247 667 249 645 249 157
641 251 619 251 669 253 647 253 65
641 262 613 262 667 265 641 265 186
642 273 612 273 669 277 638 277 118
638 275 608 275 665 279 634 279 108
637 281 609 279 665 285 632 285 86
639 283 607 283 667 287 634 287 72
648 133 622 133 675 131 648 130 193
644 143 618 143 671 141 644 141 74
648 158 621 158 675 157 648 157 210
647 216 621 217 673 217 647 218 176
648 245 625 246 675 247 651 247 92
648 251 625 251 675 253 651 253 80
648 260 621 260 675 263 647 263 175
647 266 624 264 675 269 646 269 148
645 265 618 265 673 269 644 269 112
644 300 605 300 673 307 631 307 40
649 122 624 121 677 119 650 119 279
652 144 626 143 679 143 652 142 206
652 163 627 164 679 163 653 162 373
650 220 626 221 677 221 652 222 159
654 230 630 230 681 231 656 231 187
654 228 630 228 681 229 656 228 179
654 234 630 233 681 235 656 235 144
650 239 627 240 677 241 653 242 100
651 273 622 273 679 277 649 277 85
650 304 610 301 679 311 645 309 75
661 34 649 33 687 31 675 30 213
659 38 648 37 685 35 674 34 333
659 116 633 116 687 113 661 112 424
655 120 629 120 683 117 656 117 305
657 178 644 178 683 177 670 177 353
659 231 636 231 687 233 663 233 96
656 235 632 235 683 237 659 237 136
660 244 637 245 687 247 663 249 65
657 260 630 260 685 263 657 263 173
654 268 626 268 683 271 654 271 188
659 271 631 271 687 275 658 275 82
655 273 626 273 683 277 653 277 90
658 286 624 285 687 291 651 291 50
656 295 619 295 685 301 645 301 47
653 349 596 349 685 363 624 363 51
665 137 639 137 693 135 666 134 150
663 158 639 158 691 157 665 157 494
663 169 652 169 689 169 678 169 294
663 180 650 179 689 179 676 179 265
665 193 643 192 693 193 669 193 404
662 206 638 206 689 207 667 207 326
661 218 639 217 689 219 665 219 116
666 219 643 219 693 221 669 221 143
662 224 640 224 689 225 665 225 144
665 241 643 241 693 243 669 243 60
665 245 643 245 693 247 669 247 38
661 249 639 249 689 251 665 251 72
666 258 639 258 693 261 664 261 223
671 91 660 90 699 87 686 88 308
669 87 656 86 697 83 684 85 327
670 122 645 121 699 119 672 119 362
669 122 643 121 697 119 670 119 326
667 133 642 133 695 131 669 130 126
667 143 642 143 695 141 669 141 310
669 141 644 141 697 139 671 139 292
671 156 646 156 697 155 671 155 450
671 174 659 174 697 173 685 173 137
668 205 646 204 695 205 672 205 150
669 226 645 226 697 227 672 227 130
671 262 645 262 699 265 672 265 167
670 272 642 271 699 275 669 275 105
670 280 637 280 699 285 664 284 40
666 284 633 284 695 289 661 289 60
667 288 633 288 697 293 660 293 37
678 81 669 82 705 79 694 79 237
679 173 669 171 705 173 694 173 145
676 189 653 189 703 189 679 189 311
678 189 667 189 705 189 693 189 207
677 198 656 197 705 199 683 198 81
675 224 652 224 703 225 679 225 196
673 233 649 233 705 235 679 235 63
675 241 650 241 703 243 678 243 37
677 237 652 237 703 239 681 239 60
676 246 655 247 703 249 683 248 67
673 258 647 258 701 261 674 261 167
677 260 651 260 705 263 678 263 153
673 264 647 264 701 267 674 267 190
672 275 642 275 701 279 670 279 90
675 286 641 286 705 291 669 291 44
671 295 632 295 701 301 662 301 35
685 57 679 55 711 53 705 52 96
685 85 675 85 711 83 700 82 216
685 106 674 107 711 105 700 104 112
683 120 673 117 709 117 698 117 294
685 119 675 117 711 117 701 115 145
685 126 674 125 711 125 700 123 308
683 153 673 153 709 153 698 155 116
685 170 674 170 711 171 703 169 542
683 175 673 175 709 175 698 174 169
681 185 668 184 707 185 694 184 225
683 219 661 219 711 223 688 221 134
679 226 655 226 707 227 682 227 119
680 229 657 229 709 231 684 231 88
679 237 655 237 711 239 683 239 96
678 256 655 256 707 259 681 259 134
683 260 657 260 711 263 685 263 100
680 298 641 298 711 305 669 305 41
677 319 638 321 709 329 668 331 72
675 349 627 351 709 363 656 364 103
691 61 685 61 717 59 711 58 406
690 62 683 63 715 61 709 60 168
687 87 678 87 713 85 703 85 170
691 90 682 90 715 89 706 89 277
687 111 677 110 713 109 703 109 87
690 124 683 124 715 123 708 123 268
688 185 677 185 715 185 703 185 222
689 195 664 194 717 195 693 195 153
687 199 667 198 715 199 694 198 113
687 218 665 218 715 219 692 219 144
687 243 662 243 715 245 689 245 38
685 260 658 260 713 263 687 263 87
685 277 655 277 715 281 683 281 50
685 303 644 303 717 311 673 311 45
683 305 642 303 715 313 671 313 43
695 124 689 123 721 123 714 123 247
693 135 687 137 719 135 712 136 213
695 140 689 140 721 139 714 139 195
695 173 683 174 721 173 706 172 284
692 187 680 187 719 187 707 187 276
695 214 671 214 723 215 699 215 156
693 231 668 231 721 233 696 233 73
695 258 673 257 723 261 696 261 100
690 264 663 264 719 267 692 267 111
691 275 661 275 721 279 689 279 53
692 284 659 284 723 289 688 289 48
688 288 654 287 719 293 682 293 47
688 291 651 291 719 297 680 297 38
692 288 657 287 723 293 686 293 51
692 295 654 295 723 301 683 301 44
688 298 648 298 719 305 678 305 33
703 61 699 60 729 59 719 59 445
702 75 697 73 727 73 721 73 45
699 100 693 100 725 99 718 99 74
703 98 697 98 729 97 722 96 110
701 124 695 124 727 123 720 123 203
703 135 697 136 729 135 722 133 245
703 164 697 164 729 163 722 163 193
696 222 673 221 725 223 701 223 159
695 230 671 230 725 231 699 232 159
696 233 673 233 725 235 700 235 224
697 239 674 239 725 241 700 241 54
699 245 675 245 727 247 702 247 40
694 251 671 251 725 253 704 252 65
700 256 675 256 729 259 703 259 102
696 289 660 289 727 295 689 295 38
697 287 663 286 729 293 692 293 38
697 296 659 296 729 303 688 303 45
694 338 653 339 729 351 685 352 77
709 59 703 58 735 57 729 56 108
705 126 699 125 731 125 724 125 103
707 132 700 132 733 133 726 132 117
705 140 698 140 731 139 724 139 89
709 140 702 140 735 139 728 139 84
709 158 704 157 735 157 728 157 134
705 167 699 167 731 167 724 166 133
706 193 682 193 735 193 710 193 260
704 197 680 197 733 197 708 197 317
703 287 668 287 735 293 698 293 36
711 53 705 52 737 51 731 50 100
715 57 709 56 741 55 735 54 129
710 85 700 85 739 83 729 83 125
712 89 706 88 739 87 731 87 91
715 93 708 92 741 91 734 91 151
713 102 703 102 739 101 732 100 256
713 116 706 116 739 115 732 114 58
711 134 704 134 737 135 730 134 102
715 138 708 138 741 137 734 137 194
713 154 706 154 739 153 732 153 50
711 163 705 163 737 163 730 163 89
707 205 683 206 737 207 712 208 189
711 210 687 210 741 211 716 211 393
709 216 685 217 739 217 714 219 178
707 224 683 223 737 225 711 225 115
709 229 685 229 739 231 713 231 128
711 233 686 233 741 235 715 235 275
709 238 685 237 739 239 713 240 189
711 243 686 243 741 245 715 245 155
706 267 679 267 737 271 708 271 80
709 267 681 267 739 271 710 271 79
708 273 681 273 739 277 713 277 89
709 283 676 281 741 287 706 286 52
705 286 670 286 737 291 700 291 50
705 284 670 284 737 289 699 289 52
705 321 665 323 739 333 697 332 83
705 345 658 343 741 359 690 357 64
717 55 711 54 743 53 737 52 104
721 68 714 69 747 67 740 67 48
716 71 710 73 743 71 736 71 23
721 91 714 90 747 89 741 89 105
717 98 710 97 743 97 736 95 83
721 116 714 116 747 115 740 115 63
721 122 714 122 747 121 740 120 56
721 128 714 127 747 127 740 126 93
717 133 710 131 743 133 736 131 90
721 138 714 138 747 137 740 137 90
721 154 714 153 747 153 740 153 74
721 165 714 165 747 165 740 164 98
713 214 689 214 743 215 718 215 179
713 241 688 241 743 243 717 243 232
715 237 691 236 745 239 720 238 199
717 243 693 243 747 245 722 245 247
716 254 691 254 745 257 720 257 217
717 271 690 271 747 275 717 275 69
716 275 686 275 747 279 715 279 66
711 284 677 285 743 291 707 292 55
715 289 679 289 747 295 707 295 28
709 303 668 304 743 311 699 312 36
726 59 715 59 751 57 740 57 163
728 106 720 106 753 105 749 104 83
723 167 716 167 749 167 742 166 122
726 185 715 185 753 185 742 185 288
720 193 699 193 749 193 727 193 369
721 245 697 245 751 247 726 247 349
719 254 695 254 749 257 724 257 320
723 256 700 256 753 259 729 259 260
718 293 680 292 751 299 711 299 45
719 300 680 300 753 307 711 307 46
730 53 721 53 757 51 745 51 77
727 83 721 82 757 81 745 81 91
728 87 721 86 755 85 745 85 92
733 91 726 90 759 89 752 89 120
732 101 726 100 759 99 752 98 95
729 140 719 140 755 139 745 139 112
730 154 721 153 757 153 748 153 90
728 157 719 157 755 157 746 157 98
729 192 708 192 757 191 735 191 263
726 204 705 202 755 203 733 201 387
727 218 704 218 757 219 733 219 224
725 230 701 229 755 231 731 232 369
727 225 703 225 757 227 733 227 117
729 241 709 240 759 243 738 242 485
727 247 703 248 757 249 733 249 265
725 243 702 243 755 245 731 245 532
731 250 707 251 759 253 737 253 269
726 285 691 285 759 291 722 291 79
723 296 684 296 757 303 716 303 48
722 301 682 301 757 309 714 309 45
721 303 679 304 755 311 711 311 38
736 67 729 66 763 65 755 64 67
740 81 733 80 765 79 758 78 87
738 87 732 86 765 85 751 85 229
734 91 728 90 761 89 754 89 124
734 126 725 126 761 125 754 125 93
738 126 731 125 765 125 757 124 86
734 138 725 138 761 137 753 136 107
734 144 725 144 761 143 752 143 99
738 154 728 153 765 153 755 152 109
735 158 725 157 761 157 753 157 73
738 162 729 161 765 161 756 161 68
735 208 713 208 765 209 743 209 318
733 212 712 212 763 213 741 213 238
735 217 713 218 765 219 742 219 258
733 231 711 231 763 233 740 233 270
733 237 714 236 763 239 743 238 303
733 245 713 245 763 247 742 247 263
733 263 708 262 763 267 738 266 111
733 275 703 275 765 279 733 279 60
731 278 699 278 763 283 729 283 67
732 280 700 280 765 285 731 285 183
737 58 730 57 767 55 754 55 72
740 69 733 68 767 67 760 66 58
744 71 738 71 771 69 765 69 60
740 73 732 72 767 71 759 70 38
743 105 729 105 771 103 761 103 186
744 111 734 110 771 109 762 109 95
741 116 733 116 769 115 761 115 167
741 122 733 122 769 121 760 121 141
740 142 731 141 767 141 758 141 93
744 138 735 138 771 137 762 137 118
744 152 735 152 771 151 762 151 92
742 160 733 159 769 159 760 159 110
742 156 733 156 769 155 760 155 97
742 166 732 166 769 165 759 165 64
744 173 734 173 771 173 761 173 57
744 179 734 178 771 179 761 179 125
743 197 733 196 771 197 760 197 231
741 221 721 221 771 223 750 222 363
738 228 718 227 769 227 747 229 257
737 235 716 235 767 237 745 237 312
741 237 720 238 771 239 750 238 274
737 249 715 249 767 251 745 251 172
738 277 703 277 771 281 739 281 131
733 294 695 294 767 301 726 301 43
748 59 741 58 775 57 768 56 106
750 67 743 67 777 63 770 65 60
746 81 739 80 773 79 761 79 137
750 89 743 88 777 87 770 86 114
748 109 738 108 775 107 766 107 94
746 113 736 112 773 111 763 110 78
750 111 740 110 777 109 768 109 90
746 130 736 130 773 129 761 129 201
748 148 738 147 775 147 766 147 123
750 181 740 181 777 181 767 181 108
745 188 735 189 773 189 762 188 219
748 214 725 215 777 215 753 214 596
745 226 733 226 775 227 761 227 426
745 228 725 227 775 229 754 229 357
743 247 722 247 773 249 752 249 161
746 261 720 261 777 265 750 265 71
742 267 711 268 773 271 739 272 94
742 296 703 296 777 303 735 303 46
740 298 701 298 775 305 733 305 44
756 34 750 33 783 31 777 29 15
755 51 749 50 781 49 775 48 158
756 75 748 74 783 73 778 73 102
755 93 747 92 783 91 774 90 130
753 99 744 99 781 97 772 97 86
754 122 744 122 781 121 772 120 89
754 128 747 130 781 127 772 126 86
753 138 745 137 781 137 769 136 88
752 152 743 152 779 151 770 151 90
753 158 744 157 781 157 772 156 91
754 177 744 177 781 177 772 177 65
750 216 737 218 779 217 764 217 312
749 230 729 229 779 231 758 230 300
753 235 735 235 783 237 766 237 210
748 247 727 247 779 249 757 249 118
750 256 725 256 781 259 756 259 178
750 259 725 259 781 263 756 262 107
750 265 723 265 779 269 751 269 71
749 270 720 270 783 275 753 275 89
747 281 713 282 781 287 746 287 96
762 49 755 48 787 47 779 46 82
758 71 751 70 785 69 778 68 54
757 97 748 96 785 95 776 95 83
757 105 748 104 785 103 776 102 85
759 113 750 112 787 111 778 110 100
761 123 752 122 789 121 780 120 110
761 144 752 144 789 143 779 143 101
761 148 752 147 789 147 780 146 69
759 161 749 161 787 161 777 160 47
760 185 745 185 789 185 774 185 115
760 191 745 191 789 191 773 191 129
758 206 743 206 787 207 772 207 59
760 222 746 222 789 223 775 223 105
758 234 742 234 787 235 771 235 115
759 247 737 245 789 249 767 249 73
755 243 735 243 785 245 765 245 161
757 252 731 252 789 255 762 255 117
766 65 760 65 793 63 787 62 50
767 87 758 86 795 85 786 84 72
763 89 754 88 791 87 782 86 84
765 111 755 111 793 109 783 109 87
761 205 746 204 791 205 775 205 55
769 209 753 208 795 209 783 209 41
763 211 747 210 791 211 776 211 38
765 228 750 227 795 229 779 229 116
762 232 746 232 791 233 775 233 189
761 239 743 239 791 241 772 241 77
763 254 739 254 795 257 770 256 80
764 263 738 263 793 267 766 267 64
761 276 726 276 795 281 762 281 174
759 283 725 283 795 287 759 287 116
755 292 718 292 791 299 752 298 67
756 299 716 299 793 307 750 307 58
770 67 763 67 797 65 790 65 34
771 91 762 91 801 89 789 89 159
769 107 760 105 797 105 788 103 76
773 113 763 112 801 111 791 111 115
769 142 760 142 797 141 788 140 98
773 144 764 144 801 143 792 143 73
773 169 763 169 801 169 791 169 79
770 167 759 167 797 167 788 166 39
773 180 763 179 801 179 791 179 103
769 197 754 197 799 197 784 197 92
773 205 757 204 801 205 787 205 44
769 233 753 233 799 235 783 235 157
767 251 741 250 799 253 771 253 90
773 261 747 261 801 265 774 265 100
764 279 729 283 799 285 765 284 100
761 302 719 302 799 311 754 310 42
760 313 723 311 799 323 756 324 65
777 103 762 105 805 101 790 103 239
779 118 769 118 807 117 797 117 166
775 120 765 120 803 119 794 118 91
778 132 773 131 807 131 801 130 140
774 154 763 153 803 153 789 152 84
778 158 769 157 807 157 797 156 63
774 165 764 165 803 165 792 164 106
774 173 761 173 803 173 792 172 85
776 177 766 176 805 177 794 176 97
774 185 763 183 803 185 792 184 200
773 193 759 193 803 193 788 193 94
773 199 759 198 803 199 788 199 66
773 210 758 210 803 211 787 211 46
769 276 737 276 803 281 770 281 134
766 294 726 293 803 301 760 301 53
766 298 726 297 803 305 761 305 44
769 303 727 303 807 311 762 311 43
785 44 779 43 813 41 806 40 193
784 79 777 78 813 77 805 76 65
780 85 773 84 809 83 802 82 112
780 123 769 122 809 121 798 120 143
781 136 775 133 809 135 802 135 115
780 142 771 142 809 141 799 141 80
784 148 776 147 813 147 804 146 83
783 154 773 154 811 153 801 153 150
782 160 773 159 811 159 801 159 97
784 164 775 163 813 163 804 163 106
782 167 772 167 811 167 800 166 86
782 189 769 189 813 189 798 189 124
781 193 766 193 811 193 796 193 163
780 212 765 212 811 213 796 213 102
779 232 763 232 809 233 793 233 98
782 235 767 236 813 237 797 236 90
777 278 745 278 813 283 779 283 162
776 285 742 285 813 291 776 292 90
790 58 783 57 815 55 808 54 100
786 71 783 71 815 69 810 68 113
785 119 775 118 815 117 804 116 172
790 117 779 116 819 115 808 115 208
788 121 777 120 817 119 806 119 146
790 142 781 142 819 141 810 141 79
786 140 777 140 815 139 805 139 108
790 154 781 154 819 153 810 153 96
788 174 779 173 817 173 808 172 83
786 175 777 175 815 175 805 175 94
786 179 777 179 815 179 805 178 188
784 189 770 189 815 189 800 189 198
785 202 770 201 815 201 800 201 207
785 210 770 210 815 211 800 211 210
787 217 772 216 817 217 802 217 143
779 314 739 314 819 323 779 323 61
792 73 785 72 821 71 814 70 55
793 79 787 79 821 77 815 77 74
794 85 791 85 823 83 819 83 301
796 89 789 89 825 87 817 86 132
796 98 790 96 825 95 818 94 143
794 121 783 120 823 119 812 118 170
796 160 787 159 825 159 816 158 100
794 171 785 171 823 171 813 171 95
792 185 782 186 821 185 811 185 209
790 213 776 212 821 213 806 212 284
792 211 778 210 823 211 808 211 185
789 226 776 225 821 227 805 227 142
794 230 777 230 825 231 810 231 167
796 257 772 257 825 261 800 261 55
791 253 767 253 821 257 794 257 41
797 270 768 269 821 275 790 274 78
785 292 747 292 823 299 783 299 51
784 318 748 320 825 329 789 327 64
800 87 797 88 829 85 821 84 76
803 95 796 94 831 93 824 92 136
799 109 791 112 827 109 820 107 160
798 139 791 139 827 139 820 139 70
803 150 796 149 831 149 824 148 56
802 177 793 176 831 177 822 176 122
798 181 789 181 827 181 817 181 194
800 187 789 188 829 187 815 185 169
800 212 786 212 831 213 816 213 241
798 210 784 210 829 211 814 211 218
798 224 784 224 829 225 814 225 201
799 233 783 233 831 235 814 235 111
800 251 778 251 829 255 805 254 55
800 265 772 264 827 269 798 268 56
789 288 753 289 827 295 789 295 41
790 296 751 296 829 303 788 302 58
788 301 746 301 827 309 784 309 47
808 58 802 57 837 55 830 54 133
808 92 801 91 837 89 830 88 122
805 110 798 110 833 109 826 108 104
807 140 799 139 835 139 828 138 58
806 165 797 165 835 165 827 164 135
804 168 795 167 833 167 824 166 118
806 173 797 173 835 173 826 172 92
801 195 789 197 833 197 819 197 177
805 206 791 206 835 207 821 207 190
804 220 791 220 835 221 821 221 290
806 222 793 222 837 223 823 223 232
805 226 789 226 837 227 822 227 291
809 255 785 255 837 259 812 259 42
795 285 760 285 833 291 796 291 67
798 294 759 294 837 301 796 301 40
797 298 758 297 837 305 795 305 48
793 320 755 321 835 331 799 329 78
812 91 806 91 841 89 834 88 79
813 166 805 165 839 165 833 165 88
810 175 801 175 839 175 830 175 132
814 177 805 177 843 177 834 177 131
813 189 804 188 843 189 834 189 176
813 201 799 200 843 201 829 200 183
810 205 797 204 841 205 827 204 242
808 208 795 208 839 209 825 209 262
812 224 799 224 843 225 829 225 168
818 97 813 96 847 93 841 95 92
816 111 809 110 845 109 838 108 76
818 140 811 139 847 139 840 139 30
819 154 811 153 847 153 840 153 58
818 161 811 161 847 161 840 160 58
818 163 811 163 847 163 839 162 170
817 173 809 173 847 173 839 173 182
817 179 808 179 847 179 838 179 89
817 187 808 186 847 187 838 187 104
819 187 811 187 849 187 840 187 105
814 208 801 208 845 209 831 209 220
814 220 801 219 845 221 831 222 206
820 249 797 249 847 253 824 253 64
809 278 777 278 847 283 813 283 86
809 294 770 293 849 301 808 301 48
825 102 813 103 853 101 842 101 132
826 121 819 122 855 119 848 120 46
824 133 817 133 853 131 846 131 51
824 154 817 154 853 153 846 153 44
821 171 813 171 851 171 842 170 124
821 183 812 183 851 183 842 182 77
825 189 817 189 855 189 846 189 62
825 185 817 185 855 185 847 185 117
823 203 815 202 853 203 843 203 162
815 288 779 288 855 295 817 295 63
813 306 770 307 855 315 809 316 63
809 304 768 304 851 313 806 313 53
807 337 755 337 853 351 796 351 46
804 344 749 344 851 359 791 359 50
827 170 821 169 857 169 849 169 78
829 193 821 193 859 193 850 192 80
817 302 776 303 859 311 815 312 50
815 302 774 302 857 311 813 311 58
815 320 768 319 859 331 808 331 39
834 81 828 79 863 79 857 77 232
836 85 829 85 865 83 858 82 205
837 104 828 102 865 101 857 100 275
836 113 828 112 865 111 858 111 97
836 109 829 108 865 107 857 106 187
837 132 830 132 867 131 860 130 200
835 166 828 165 865 165 858 164 51
836 181 828 182 865 183 858 183 103
834 185 827 184 863 185 856 184 57
832 195 825 194 863 195 854 195 67
833 199 824 198 863 199 854 199 68
837 202 829 202 867 203 858 202 140
833 237 815 237 867 239 848 239 102
825 265 799 265 863 269 835 269 66
824 286 789 285 865 293 827 293 68
824 294 786 294 865 301 824 301 45
821 297 782 297 863 305 821 305 40
820 306 778 306 863 315 818 315 52
844 77 837 76 873 75 866 74 241
842 73 835 72 871 71 865 70 119
841 87 834 87 871 85 864 84 259
843 136 836 136 873 135 866 135 321
843 156 836 156 873 155 866 155 227
839 170 833 168 869 169 862 169 63
843 178 836 177 873 177 866 176 216
843 207 834 206 873 207 864 207 216
843 210 832 210 873 211 863 211 79
835 243 816 243 869 245 849 245 140
835 257 806 257 871 261 841 259 102
832 261 806 261 869 265 842 265 82
834 263 807 263 871 267 843 267 47
831 282 799 282 871 287 836 287 83
833 286 798 287 873 293 836 292 56
827 295 786 295 869 303 827 303 39
830 298 791 297 873 305 830 305 43
830 299 791 299 873 307 830 307 46
826 306 783 307 869 315 824 315 48
828 309 786 309 871 319 826 318 53
825 314 779 315 869 325 820 325 42
828 316 782 317 873 327 824 326 44
827 322 780 322 873 333 821 333 43
823 323 776 324 869 335 817 335 45
823 342 769 343 871 357 812 357 51
849 105 842 104 879 103 872 102 137
847 142 840 141 877 141 870 140 263
849 148 843 147 879 147 872 146 233
849 166 842 165 879 165 872 165 144
847 175 840 174 877 175 870 174 166
849 179 843 179 879 179 872 179 327
848 187 840 185 879 185 870 185 257
848 204 840 204 879 205 870 205 178
839 280 806 280 879 285 844 285 78
834 304 791 304 877 313 827 311 51
833 308 791 308 877 317 831 317 49
832 313 788 313 877 323 829 323 42
831 325 783 323 877 337 825 337 50
853 77 847 76 883 75 876 74 178
851 75 846 74 881 73 875 72 200
855 89 848 88 885 87 878 86 361
851 95 845 94 881 93 874 93 350
852 111 843 110 881 109 872 108 171
853 118 846 117 883 117 876 116 72
855 125 848 124 885 123 878 122 89
851 140 844 139 881 139 874 138 266
855 146 848 145 885 145 877 144 279
855 150 849 149 885 149 879 148 239
855 171 848 170 885 171 878 170 241
854 183 846 183 885 183 876 183 181
852 193 844 193 883 193 875 191 329
854 203 846 202 885 203 877 203 185
839 292 802 292 881 299 841 299 74
842 299 803 298 885 307 839 306 59
839 304 797 304 883 313 837 313 53
839 313 795 313 885 323 837 323 55
857 97 851 96 887 95 881 94 184
861 101 855 99 891 99 885 98 151
861 124 854 125 891 123 884 122 81
859 128 852 127 889 127 882 126 91
857 142 850 141 887 141 880 140 202
861 144 854 143 891 143 884 142 219
858 157 850 157 887 157 880 157 241
860 157 852 157 889 157 883 156 174
859 169 852 168 889 169 882 168 176
856 201 848 200 887 201 879 201 133
857 213 847 212 889 215 876 214 153
853 235 837 235 887 237 871 237 88
856 241 839 241 891 243 872 243 146
851 244 833 244 889 247 868 247 119
853 267 824 268 891 273 860 273 42
847 275 815 275 889 281 855 281 180
850 283 816 283 891 289 855 289 53
847 292 809 292 889 299 849 299 78
845 295 807 295 889 303 847 303 53
841 316 795 316 887 327 837 327 60
842 321 795 322 889 333 837 333 46
844 318 798 318 891 329 841 329 47
841 330 790 330 889 343 834 343 53
840 339 786 337 889 353 831 353 53
863 99 857 98 893 97 887 96 337
866 115 858 114 895 113 887 112 118
863 119 856 118 893 117 886 116 97
865 138 858 137 895 137 888 136 138
866 156 860 155 897 155 891 154 95
863 160 856 159 893 159 886 159 155
866 171 860 171 897 171 890 170 187
865 181 859 181 895 181 889 181 157
865 188 854 189 895 189 887 189 174
857 243 839 242 893 245 873 245 175
859 248 838 248 893 251 873 251 100
856 277 824 277 897 283 862 282 54
853 299 814 300 897 307 854 307 45
849 300 809 301 893 309 849 309 67
850 302 809 302 895 311 850 311 47
849 313 804 313 895 323 847 323 57
850 318 804 318 897 329 847 330 47
870 106 866 108 901 105 897 107 135
869 103 862 101 899 101 893 100 128
867 109 862 110 899 109 892 108 131
869 125 862 124 899 123 892 122 96
870 144 864 143 901 143 894 142 96
872 175 865 175 903 175 896 174 138
869 185 862 185 899 185 892 185 140
872 189 865 190 903 189 896 189 123
870 199 863 198 901 199 894 198 110
870 205 865 204 903 205 894 205 92
865 213 857 211 899 213 889 213 61
868 233 851 233 903 235 887 234 103
855 309 811 309 901 319 854 319 47
858 320 811 319 903 333 857 332 70
851 323 803 323 899 335 847 335 48
849 337 797 337 899 351 842 351 59
878 161 871 161 909 161 901 160 39
876 171 869 170 907 171 900 170 87
876 179 869 179 907 179 900 178 139
876 191 869 191 907 191 900 190 150
878 195 871 194 909 195 902 195 284
879 206 869 206 909 207 899 207 271
876 203 868 202 907 203 899 203 205
874 235 857 235 909 237 891 237 103
870 231 854 231 905 233 888 232 102
870 237 855 236 905 239 887 239 123
859 300 819 300 905 309 861 309 62
860 313 815 313 907 323 859 323 49
857 325 808 325 905 337 852 337 56
888 69 879 68 915 67 909 66 84
881 86 874 85 913 85 906 84 56
880 119 873 118 911 117 904 116 117
884 122 876 122 915 121 907 120 81
883 126 876 126 915 125 907 124 80
880 163 873 163 911 163 904 163 45
880 175 872 173 911 175 905 174 157
883 201 875 200 915 201 909 201 613
881 229 865 229 915 231 898 231 68
879 240 860 240 915 243 894 243 102
871 267 846 267 913 271 883 271 46
868 283 834 283 911 289 875 289 86
889 83 885 84 919 83 912 83 54
889 134 882 134 921 133 914 132 83
886 181 880 181 917 181 911 180 199
883 228 867 227 919 229 905 229 203
887 233 870 233 921 235 904 235 202
882 235 865 235 917 237 899 237 99
878 283 844 283 921 289 885 289 109
865 337 814 335 917 351 860 350 167
867 335 815 335 919 349 862 349 126
893 115 886 114 925 113 918 112 56
895 152 887 151 927 151 919 150 126
891 156 885 155 923 155 916 154 79
891 171 883 171 923 171 914 171 131
895 168 888 167 927 167 920 166 82
894 179 888 179 925 179 919 178 214
891 203 874 204 927 203 910 204 232
872 331 821 331 923 345 868 345 142
872 336 822 335 925 349 869 349 115
895 89 889 90 929 87 923 85 21
900 93 896 92 931 91 926 90 21
897 170 890 169 929 169 922 168 100
896 221 879 222 933 225 915 224 123
892 225 875 225 929 229 911 229 173
892 240 871 240 929 243 909 243 141
895 239 875 239 931 241 911 241 128
894 245 879 244 931 247 911 247 152
887 275 854 277 929 283 897 283 184
885 291 849 292 931 299 891 299 205
884 297 845 298 931 305 889 306 68
881 318 834 317 931 329 881 329 108
878 323 831 323 929 335 877 335 102
881 328 831 328 933 341 879 341 105
879 328 829 328 931 341 877 341 124
901 74 893 73 935 71 929 70 223
903 132 897 131 935 131 932 129 113
907 136 901 135 935 135 933 134 171
907 138 901 137 939 137 933 136 91
902 191 886 190 939 191 922 190 186
902 223 884 223 939 225 921 225 158
886 307 843 308 935 317 889 317 52
883 332 832 332 935 345 879 346 125
911 122 905 121 941 121 937 120 31
910 149 905 148 941 149 936 148 82
909 160 903 159 941 159 934 158 58
906 193 891 191 943 193 926 192 152
902 240 886 240 941 243 923 242 167
893 330 845 330 945 343 892 343 123
916 83 912 83 949 83 945 83 50
918 158 911 156 949 157 943 156 85
919 165 913 165 951 165 945 164 103
912 206 893 206 949 207 930 207 67
897 321 849 320 949 333 898 333 164
921 183 918 183 955 183 952 183 264
917 194 901 194 955 195 939 195 253
915 210 897 210 953 211 935 211 77
901 312 855 313 953 323 905 323 440
927 179 922 178 959 179 954 178 273
929 181 924 181 961 181 957 181 396
912 311 861 307 967 321 912 320 219
911 326 860 326 967 339 912 340 181
943 167 938 167 975 167 971 166 212
949 183 944 183 981 183 977 182 286
952 172 948 171 985 171 980 171 169
961 104 944 103 1001 101 983 101 418
964 139 949 138 1005 137 988 136 194
971 83 955 82 1011 79 995 78 53
969 87 953 86 1009 83 992 82 51
968 97 952 96 1009 93 992 91 231
967 131 953 131 1007 127 991 128 333
970 193 962 192 1007 193 997 193 257
974 98 958 98 1015 95 998 94 169
972 106 955 105 1013 103 996 103 356
985 183 976 182 1023 183 1013 182 379
983 192 971 192 1023 193 1009 192 357
987 93 971 92 1029 89 1012 88 142
981 96 967 95 1025 93 1010 93 372
985 198 971 198 1025 199 1010 199 291
994 149 978 147 1035 147 1009 146 277
993 159 977 159 1035 157 1018 158 177
991 165 974 163 1033 165 1016 165 99
989 202 975 202 1031 203 1015 203 278
996 200 981 198 1037 201 1022 200 279
1019 83 1003 86 1059 81 1042 80 495
1013 145 998 143 1057 143 1040 142 121
1041 59 1025 57 1087 53 1070 51 229
1041 76 1033 77 1087 71 1079 72 565
1045 61 1029 60 1091 55 1074 54 413
1051 154 1035 155 1099 153 1080 152 48
1055 168 1042 167 1099 167 1086 167 42
1003 278 922 278 1097 293 999 293 130
1006 305 921 304 1099 325 1000 325 80
1007 313 922 313 1101 333 1002 334 59
1006 321 920 321 1101 343 1001 344 41
1004 327 917 328 1097 351 995 349 38
1058 64 1041 63 1105 59 1088 57 604
1020 221 941 221 1107 227 1021 227 67
1014 278 931 278 1107 293 1011 293 139
1009 293 925 294 1103 311 1004 311 64
1009 297 923 297 1103 315 1004 315 38
1014 306 929 306 1107 325 1007 325 47
1009 309 923 309 1103 329 1004 329 73
1014 314 929 314 1107 335 1009 335 50
1012 325 924 326 1105 347 1006 347 19
1068 50 1053 49 1111 45 1098 43 442
1067 70 1054 71 1113 63 1099 65 335
1020 233 942 234 1109 241 1021 241 173
1017 280 933 282 1111 295 1014 296 213
1015 290 929 291 1109 307 1010 308 56
1015 323 929 323 1109 345 1010 345 27
1071 80 1060 81 1119 75 1107 76 201
1029 219 952 219 1117 225 1031 225 63
1026 232 950 231 1117 239 1029 239 91
1022 303 936 303 1119 323 1019 323 54
1074 71 1061 71 1121 65 1106 64 278
1026 301 940 301 1123 319 1024 320 71
1024 312 938 313 1121 333 1022 334 41
1083 99 1069 101 1131 95 1115 95 130
1031 305 943 305 1127 325 1027 325 66
1085 92 1063 95 1133 89 1107 87 248
1046 233 967 233 1137 241 1048 241 64
1038 292 949 292 1135 309 1030 309 59
1094 173 1079 173 1143 173 1127 173 100
1098 137 1082 137 1147 135 1131 133 48
1098 154 1081 154 1147 153 1130 153 38
1100 171 1083 169 1149 171 1132 170 64
1107 70 1091 67 1161 63 1142 61 45
1105 173 1089 172 1157 173 1138 172 71
1112 75 1093 75 1165 69 1146 69 32
1115 157 1096 157 1167 155 1148 156 13
1115 159 1096 159 1167 159 1148 158 19
1111 175 1092 174 1163 175 1144 174 38
1115 173 1096 172 1167 173 1149 172 45
1114 179 1096 179 1167 179 1149 178 66
1119 171 1098 169 1171 171 1152 171 42
1117 179 1099 178 1171 179 1150 179 62
1087 242 1023 241 1169 249 1107 251 24
1121 103 1102 102 1177 97 1156 97 21
1124 178 1104 178 1179 179 1158 179 59
1095 229 1034 229 1179 237 1109 237 28
1133 177 1112 178 1189 179 1167 177 83
1102 236 1039 233 1187 243 1139 241 37
1137 82 1117 81 1193 77 1172 76 73
1137 112 1116 112 1193 107 1172 107 60
1140 181 1120 180 1197 181 1176 181 83
1137 181 1114 180 1193 181 1169 180 72
1142 82 1121 81 1199 77 1178 75 84
1142 147 1122 147 1199 145 1178 145 45
1145 151 1127 150 1201 149 1182 148 44
1151 147 1131 145 1207 143 1187 143 36
1148 156 1128 155 1205 155 1184 155 38
1161 65 1141 67 1219 59 1200 59 15
