28 30 20 31 99 41 92 42 1e+07
29 39 19 39 99 49 90 49 169
30 47 19 48 99 57 89 58 153
28 84 17 85 97 93 86 93 134
28 104 17 104 97 111 86 111 122
28 136 17 137 97 143 86 143 66
31 154 19 155 99 161 86 161 105
32 19 24 20 103 31 96 32 178
36 45 25 46 105 55 95 56 141
33 89 21 89 101 97 91 98 117
33 140 22 140 101 147 91 148 67
46 213 15 212 103 217 72 216 284
39 35 31 35 109 45 101 45 138
38 39 31 39 107 49 100 49 211
41 37 33 37 111 47 104 47 187
38 51 28 52 107 61 97 62 190
39 68 33 66 107 77 99 76 120
43 92 33 93 109 99 97 98 88
43 118 32 118 111 125 100 125 34
40 119 33 120 107 127 97 128 57
40 126 29 127 107 133 98 134 56
45 151 31 153 111 157 96 157 84
47 157 31 158 111 163 97 163 64
53 196 21 196 109 201 76 201 130
52 201 19 202 107 207 75 207 163
50 230 20 230 107 235 77 235 284
51 242 17 241 107 247 73 246 148
57 246 22 246 111 251 77 250 110
52 263 18 262 107 267 73 266 39
57 270 23 271 111 273 77 273 34
53 271 19 270 107 275 73 274 46
57 276 22 276 111 281 77 279 29
49 28 41 28 117 39 111 40 140
45 45 34 46 113 55 103 56 196
49 120 37 122 117 129 105 129 28
49 127 39 127 115 133 106 134 17
45 130 32 130 113 137 101 137 30
45 137 31 137 113 145 103 143 49
45 143 32 143 113 149 102 149 48
49 155 33 155 113 161 99 161 57
62 237 29 236 117 241 83 240 116
63 242 30 242 117 247 83 247 78
52 32 44 33 121 43 113 43 142
55 106 42 105 121 113 110 113 84
57 124 44 124 123 131 114 129 53
54 136 43 134 121 141 110 140 17
56 149 41 150 121 155 107 155 52
59 159 45 159 123 165 109 164 75
58 166 43 166 123 171 108 171 80
63 196 33 196 119 201 87 201 133
70 227 35 227 123 233 88 233 153
71 286 31 285 123 291 88 290 48
71 311 30 310 121 317 76 316 15
58 35 49 36 127 45 118 46 179
63 43 53 44 129 53 119 53 145
64 52 51 53 129 61 118 61 175
64 141 55 142 129 147 119 147 59
60 143 50 143 125 149 117 149 47
62 158 49 158 127 163 114 163 80
63 162 49 162 127 167 114 167 76
64 189 37 191 127 193 99 195 122
73 200 43 199 127 205 93 205 128
75 266 39 266 127 271 93 270 21
75 290 39 289 127 295 91 294 40
67 41 57 42 133 51 122 52 194
67 68 54 69 133 77 119 77 161
70 122 59 122 135 129 121 129 87
70 134 58 134 135 141 123 141 50
65 153 55 154 131 159 117 159 85
69 180 53 181 133 185 118 185 144
72 183 56 183 135 187 119 186 135
80 238 46 238 133 243 98 242 58
79 250 41 250 131 255 98 254 24
78 258 37 258 131 263 88 263 25
76 271 38 270 131 275 95 275 18
72 33 62 34 137 43 127 44 257
74 63 62 63 139 71 127 71 150
73 133 62 132 139 137 127 139 190
78 166 64 166 141 171 128 171 164
76 193 52 192 139 197 114 196 167
75 23 68 23 143 33 135 33 154
81 124 68 121 145 129 133 130 72
83 121 71 120 147 125 135 127 87
81 145 68 146 145 151 133 151 156
79 147 67 147 143 153 131 153 95
79 160 67 160 143 165 131 165 101
89 214 61 214 147 219 114 218 34
96 259 60 259 147 265 111 265 36
84 21 75 22 151 31 144 31 109
86 31 76 32 151 41 141 42 174
88 69 75 70 151 77 139 77 80
90 99 77 100 153 107 140 107 106
90 137 77 138 153 143 141 143 85
90 148 77 148 153 153 140 153 129
83 153 71 153 149 159 136 159 311
103 226 66 226 153 231 118 231 25
97 266 62 266 149 271 115 270 35
98 271 63 271 149 277 113 275 32
91 28 81 29 155 37 144 38 175
91 33 80 34 155 43 144 44 176
94 139 81 139 157 145 144 145 79
92 158 79 158 155 163 141 163 135
105 206 75 206 159 211 130 210 35
101 213 70 212 155 217 125 217 33
106 244 69 244 157 249 123 248 21
103 247 69 246 155 251 117 251 13
105 268 72 267 155 273 122 272 60
101 69 90 69 163 77 152 77 123
103 73 89 74 165 81 152 81 127
99 77 86 78 161 85 148 86 195
103 98 90 98 165 105 152 105 143
99 139 86 139 161 145 148 145 94
108 196 76 196 161 201 129 201 159
113 254 78 254 165 259 129 259 33
109 288 74 287 161 293 125 292 59
105 25 91 27 167 35 154 36 154
109 74 96 75 171 81 158 82 106
106 133 92 133 167 139 154 139 181
109 135 96 135 171 141 157 141 273
108 148 93 148 169 153 155 153 192
107 154 90 153 167 159 151 159 220
110 162 94 162 169 167 157 165 357
116 230 82 230 167 235 134 234 58
113 19 100 21 175 29 162 29 160
113 28 99 29 175 37 161 38 50
114 153 99 154 175 159 159 159 188
115 161 98 164 175 169 167 167 349
121 214 90 214 173 219 140 219 47
124 218 91 218 175 223 142 223 70
126 264 89 264 177 269 144 268 42
120 34 106 35 181 43 168 43 66
125 61 114 61 183 69 171 69 281
124 158 107 158 183 163 167 163 265
125 196 98 196 179 201 152 201 110
128 224 94 224 179 229 145 229 104
129 242 95 242 179 247 144 247 53
129 275 97 274 181 279 149 278 75
129 33 115 33 189 41 174 42 43
127 32 112 33 187 41 172 42 33
130 40 115 41 187 49 174 49 81
129 55 117 53 187 63 174 61 281
128 139 107 140 185 145 163 145 361
131 206 103 206 185 211 158 212 68
136 222 102 222 187 227 153 227 95
138 226 105 226 189 231 156 231 123
136 31 122 31 195 39 181 39 91
134 30 119 31 193 39 179 39 72
137 73 114 71 193 79 170 77 220
137 69 114 69 193 77 170 75 223
137 86 114 87 193 93 170 94 169
136 87 112 85 191 91 168 92 214
142 224 109 224 193 229 160 229 156
142 230 110 230 193 235 160 235 188
140 262 105 262 191 267 156 267 42
141 282 107 281 191 287 157 286 116
145 290 111 289 195 295 159 294 98
139 18 127 18 199 27 185 28 227
138 35 125 35 197 43 181 44 122
141 76 121 77 199 83 177 83 137
141 83 118 83 197 89 173 89 114
141 85 117 84 197 91 173 91 137
143 91 120 91 199 97 175 98 74
141 93 118 93 197 99 174 98 87
143 149 120 147 199 153 176 151 165
150 226 118 226 201 231 168 230 105
147 94 124 94 203 99 179 100 50
149 101 129 103 205 107 180 107 30
149 111 123 112 203 117 179 117 16
149 115 125 115 205 121 179 121 15
151 130 128 129 207 135 181 134 53
156 212 125 212 207 217 175 216 91
153 242 119 242 203 247 171 246 52
157 256 124 256 207 261 175 260 25
153 252 121 251 203 257 171 256 38
160 297 126 296 207 301 175 302 53
158 311 119 309 207 317 172 316 21
159 83 137 83 213 89 187 89 34
155 116 134 115 211 121 186 120 18
155 164 132 164 211 169 187 169 20
159 173 137 172 213 177 190 177 19
158 168 135 168 213 173 190 173 19
155 171 131 170 209 175 186 175 22
159 185 135 184 213 189 190 189 24
160 216 128 216 211 221 179 221 80
161 238 130 237 211 243 178 243 75
160 248 127 248 209 253 178 252 25
159 254 125 254 209 259 178 258 36
163 276 130 275 213 281 181 280 111
161 284 125 283 209 289 174 288 143
161 63 137 63 215 69 193 69 101
163 67 140 67 217 73 196 73 66
162 91 139 91 217 99 193 98 12
159 103 135 103 215 107 192 106 16
163 107 140 108 217 113 194 113 14
163 128 138 130 217 135 193 134 11
166 140 140 139 219 145 193 143 17
161 160 138 159 215 165 191 164 11
165 166 142 166 219 171 196 171 18
161 171 138 171 215 175 191 175 18
161 176 139 175 215 181 188 182 22
164 241 133 240 215 245 182 245 20
166 254 136 254 217 259 185 258 22
166 51 144 52 221 57 198 57 64
169 57 146 58 223 63 200 63 34
169 65 145 66 223 71 199 72 49
171 67 147 67 225 73 201 73 22
169 81 145 81 223 87 200 87 16
171 84 148 85 225 89 201 90 10
170 98 146 97 223 101 199 101 16
168 106 145 106 221 111 198 112 9
170 113 146 114 223 119 199 119 20
172 132 147 129 225 137 200 137 25
170 138 145 137 223 143 198 141 15
169 148 146 148 223 153 200 153 15
170 152 147 152 225 157 201 157 13
169 165 145 166 223 169 199 170 23
171 168 147 168 225 173 201 173 11
168 170 144 170 221 175 198 175 20
169 186 145 187 223 191 200 191 21
169 193 145 194 223 199 200 197 18
169 204 143 204 221 209 198 208 25
175 238 145 237 225 243 193 242 16
171 257 141 256 223 261 192 260 22
174 291 143 290 225 297 189 296 63
177 295 141 295 225 301 188 300 37
178 38 155 39 231 45 208 45 23
176 62 153 62 231 67 208 67 15
175 86 153 87 229 93 205 95 15
178 91 155 92 231 97 209 97 18
178 133 153 136 231 139 207 138 17
175 141 151 142 229 147 204 147 14
173 150 150 150 227 155 203 155 12
175 163 151 164 229 169 205 169 16
179 203 154 202 231 207 207 207 15
173 224 149 225 227 229 202 229 20
176 237 145 237 227 241 194 241 19
178 249 146 249 227 255 197 253 15
178 267 147 268 227 271 197 271 50
181 271 144 269 231 275 198 274 100
178 280 144 279 227 285 193 284 151
181 299 143 298 227 305 189 304 28
177 25 157 28 233 33 215 32 26
180 39 156 40 233 45 210 46 22
184 43 161 44 237 49 214 49 42
181 57 158 57 235 63 212 63 20
183 75 162 77 237 81 215 81 24
181 85 158 85 235 91 212 91 33
182 93 161 93 235 99 212 99 19
181 136 158 136 235 141 210 141 17
181 173 157 172 235 177 211 177 20
186 212 160 212 237 217 212 217 11
179 219 155 217 233 223 207 222 13
180 227 156 226 233 231 209 231 16
187 290 155 290 235 295 208 296 144
185 293 149 292 235 299 198 298 45
186 301 151 301 233 307 196 307 19
187 18 165 20 241 25 221 26 35
189 31 166 31 243 37 219 37 60
186 41 163 42 239 47 215 47 34
189 57 167 57 243 63 221 63 84
186 65 165 64 241 69 218 71 30
190 78 167 78 243 83 220 83 53
186 84 163 83 239 89 217 88 33
189 99 164 100 241 105 218 105 18
190 101 167 101 243 107 219 106 15
189 135 164 135 241 141 217 140 10
190 146 165 146 241 151 218 151 10
185 154 161 156 239 161 215 161 12
186 168 161 169 239 173 216 171 12
187 185 162 184 239 189 216 189 15
188 187 164 187 241 191 217 191 9
187 220 164 223 239 225 214 225 12
190 249 165 248 241 253 218 252 13
188 254 166 251 241 257 215 256 14
196 295 159 295 243 301 205 301 35
191 27 169 28 245 33 221 33 37
196 49 173 50 249 55 225 56 42
194 82 172 82 247 87 225 87 41
197 84 174 84 249 89 227 89 61
193 89 172 90 247 95 225 95 45
194 110 170 110 245 115 221 115 12
192 175 168 174 245 179 220 179 11
195 179 169 177 247 183 222 183 9
197 198 173 198 249 203 224 203 6
193 207 169 206 245 211 220 210 10
196 220 171 217 247 225 220 223 18
196 242 172 241 247 247 222 246 12
193 251 171 251 247 255 223 255 14
196 274 162 274 245 279 213 278 193
198 35 176 35 251 41 228 41 77
198 41 176 41 251 47 229 47 84
201 57 179 58 253 63 232 64 67
200 53 179 54 253 59 231 59 52
203 107 179 107 255 113 231 113 39
204 118 179 121 255 125 231 125 18
202 133 178 134 255 139 229 140 19
203 140 178 140 255 145 230 144 9
202 160 176 159 253 165 229 165 23
201 209 177 208 253 213 229 213 10
199 213 175 213 251 217 227 217 11
201 244 175 243 251 249 226 248 13
203 276 169 276 251 281 218 281 147
205 20 183 21 259 27 236 27 93
207 34 183 33 259 41 237 39 92
205 34 182 34 257 41 235 39 97
205 42 182 42 257 47 236 48 92
203 49 183 50 257 55 233 54 98
210 126 185 126 261 131 237 131 10
209 134 185 135 261 139 236 139 12
209 142 185 142 261 147 236 146 16
205 147 180 148 257 151 232 151 11
204 156 179 155 257 161 231 160 13
209 197 184 198 261 201 235 203 7
209 209 184 209 261 213 236 212 17
207 247 183 247 259 251 234 250 10
210 293 171 292 257 299 217 298 66
216 307 178 306 259 313 225 313 34
216 47 193 47 267 53 244 53 63
211 67 191 68 265 73 243 72 125
211 70 189 69 263 75 242 75 112
212 97 191 97 265 103 242 102 162
216 112 190 112 267 117 243 117 20
211 116 187 116 263 121 240 122 20
210 121 187 122 263 127 239 127 13
214 126 189 126 265 131 241 131 7
216 156 190 156 267 161 242 161 13
211 191 186 190 263 195 237 195 10
216 203 189 202 267 207 241 207 5
215 241 188 240 265 245 240 243 8
219 27 197 27 271 33 249 31 58
222 32 198 32 273 37 250 38 28
217 41 194 42 269 47 248 47 63
217 56 194 56 269 61 247 62 56
216 69 195 70 269 75 246 74 101
217 75 195 76 269 81 248 81 102
222 130 198 130 273 135 249 135 11
222 150 198 151 273 155 249 155 16
217 160 192 160 269 165 243 165 19
222 167 196 167 273 171 247 171 7
217 178 191 177 269 183 243 181 10
219 201 193 201 269 205 241 203 9
222 221 195 221 273 225 249 224 21
220 217 194 217 271 221 246 221 10
220 239 195 238 271 243 245 242 10
218 242 193 244 269 247 243 248 7
217 246 197 245 271 251 243 252 17
226 32 202 32 277 37 253 37 36
223 35 199 35 275 41 251 41 36
227 49 206 50 279 55 258 55 53
227 92 206 92 279 97 258 97 83
227 107 205 105 277 111 256 109 35
227 121 203 121 277 127 253 125 10
223 133 199 133 275 139 245 137 26
226 132 201 132 277 137 252 137 13
224 154 198 154 275 159 250 158 17
228 151 202 153 277 157 254 155 14
228 157 203 157 279 163 253 161 17
227 185 200 185 277 189 251 189 10
224 187 198 186 275 191 250 192 8
227 190 203 190 279 195 252 194 10
226 198 202 197 277 203 252 202 12
229 203 202 202 279 207 252 206 6
228 209 202 208 279 213 253 213 9
224 211 200 212 277 217 249 215 10
224 235 198 235 275 239 250 237 10
228 249 197 249 279 253 253 252 16
235 32 210 32 285 37 261 37 26
231 96 211 96 283 101 264 101 102
230 110 206 110 281 115 258 116 20
234 114 210 114 285 119 261 119 12
235 148 209 150 285 153 259 151 11
235 175 209 173 285 179 259 179 12
234 186 209 185 285 191 259 190 13
230 201 204 200 281 205 255 204 12
235 223 209 221 285 225 259 225 16
231 222 205 222 281 227 255 226 11
235 227 209 226 285 231 258 231 12
233 278 200 277 281 283 247 282 78
237 295 199 294 281 301 243 300 68
239 21 216 22 291 27 268 28 45
238 111 214 112 289 117 265 117 18
239 128 214 128 289 133 264 133 15
241 143 215 143 291 147 266 147 18
237 154 211 154 287 159 261 159 20
238 151 212 151 289 155 263 154 16
241 174 214 174 291 179 266 177 8
241 180 216 182 291 185 265 185 17
236 193 210 193 287 197 260 197 17
237 203 210 202 287 207 261 208 13
241 220 215 220 291 225 265 224 22
245 123 219 122 295 127 270 127 16
247 124 223 125 297 129 272 129 16
243 127 219 127 293 131 268 131 11
243 131 218 131 293 135 268 135 15
245 142 220 142 295 147 270 147 25
245 173 220 173 295 177 269 177 19
246 183 221 182 295 187 271 187 9
242 208 217 208 293 213 266 212 6
245 205 219 203 295 209 270 210 10
248 254 220 254 297 259 257 258 15
248 277 212 277 293 283 257 283 48
249 281 213 281 295 287 259 287 66
250 15 226 17 301 21 276 21 121
251 52 226 51 301 57 277 57 50
250 86 228 86 301 91 279 91 98
249 118 224 118 299 123 274 123 29
253 143 227 143 303 147 278 147 10
249 180 223 179 299 185 274 184 15
253 216 228 216 303 221 277 220 8
249 217 223 216 299 221 273 220 12
250 235 221 235 299 239 270 237 8
252 242 223 243 301 247 272 247 12
251 280 218 279 299 285 264 285 60
257 283 218 283 301 289 265 289 79
259 298 213 298 303 305 264 304 129
258 317 214 316 301 325 255 324 25
257 37 235 40 307 45 286 45 51
255 50 231 50 305 55 281 55 31
258 54 237 53 309 59 288 59 56
257 111 233 109 305 115 282 113 34
257 123 231 123 307 127 281 128 21
259 126 233 124 309 131 283 130 18
258 133 231 132 307 137 282 138 11
255 173 230 173 305 177 280 177 9
259 177 234 177 309 181 283 181 8
257 191 231 191 307 197 280 195 11
260 203 233 202 309 207 285 207 13
255 217 229 216 305 221 279 221 9
260 218 235 217 309 223 282 222 14
261 225 233 224 309 229 282 229 12
259 285 220 285 305 291 267 291 65
258 281 223 281 305 287 270 286 48
263 285 230 284 309 291 273 291 54
265 302 223 301 309 309 267 308 61
261 305 219 305 305 313 263 312 48
267 80 242 81 315 85 292 85 118
266 101 241 101 315 105 291 106 12
264 103 239 103 313 107 289 108 14
266 155 240 154 315 159 290 159 22
262 153 237 153 311 157 286 157 14
264 159 238 159 313 163 287 162 14
261 178 236 178 311 183 285 182 10
261 183 236 183 311 187 285 187 11
261 190 235 190 311 195 284 194 11
263 198 238 198 313 203 287 203 12
262 227 235 226 311 231 283 231 9
265 222 236 222 313 227 284 227 15
264 232 237 232 313 237 285 236 13
264 237 237 237 313 243 285 241 14
265 250 237 250 313 255 285 255 12
268 257 239 256 315 261 288 261 12
269 60 243 59 321 65 296 65 57
269 71 249 73 319 77 297 76 101
267 81 248 81 319 85 301 85 87
267 106 242 107 317 111 292 111 20
272 105 247 105 321 109 296 109 24
268 125 243 124 317 129 292 129 11
269 134 239 136 319 139 291 138 24
268 208 242 208 317 213 291 212 10
268 204 242 204 317 209 292 208 10
265 212 240 212 317 215 291 215 17
272 223 245 222 321 227 294 226 17
271 232 242 231 319 237 291 236 10
272 244 245 244 321 249 292 248 5
271 252 243 251 319 257 292 256 12
273 289 233 288 317 295 278 295 52
275 298 233 297 319 305 277 304 56
275 19 255 19 325 23 305 23 48
272 48 250 51 323 55 301 53 34
275 58 251 57 325 61 305 62 62
277 80 257 81 327 85 308 85 58
273 83 251 82 323 87 304 88 47
274 98 250 98 323 103 299 103 24
273 108 248 109 323 113 298 113 17
274 125 251 124 323 129 297 130 14
278 121 252 120 327 125 302 125 13
273 170 250 172 323 175 298 175 47
272 178 249 180 323 183 299 184 48
277 175 253 175 327 179 295 179 64
277 215 249 217 323 221 298 221 10
278 297 246 298 323 305 292 305 57
278 303 237 303 323 311 280 310 32
279 310 236 309 323 317 279 317 28
283 320 236 320 325 329 278 328 22
280 23 259 24 331 29 310 29 53
281 76 257 77 331 81 313 81 57
284 93 260 94 333 99 309 99 17
282 110 257 110 331 115 306 115 16
282 120 256 120 331 125 306 125 18
282 129 257 131 331 135 306 135 16
285 144 259 143 333 147 308 147 22
284 161 257 161 333 165 307 165 29
282 183 259 181 331 187 306 186 56
284 205 259 205 333 211 308 209 6
287 245 258 245 333 251 305 250 9
289 270 255 270 333 275 301 275 70
283 277 249 277 329 283 295 282 78
287 281 253 280 333 287 299 286 37
285 311 242 310 329 319 285 318 26
287 319 246 319 329 327 284 327 23
288 46 268 45 337 51 320 53 94
291 54 267 54 339 59 315 57 131
288 63 268 64 339 67 319 67 138
287 93 264 93 337 97 313 98 45
285 91 263 91 335 95 309 95 41
287 97 261 96 335 101 311 101 20
290 105 265 105 339 109 314 109 15
288 152 263 152 337 157 312 156 18
291 152 265 151 339 155 314 155 16
289 161 263 162 337 167 312 166 26
290 190 263 192 339 195 313 194 6
289 186 262 186 337 191 311 191 24
289 195 264 195 339 199 313 198 6
289 225 261 224 337 229 309 229 11
291 235 264 236 339 241 311 239 12
290 242 261 242 337 247 308 247 12
287 254 258 252 335 259 306 258 15
291 281 257 281 337 287 302 287 38
290 298 249 297 335 305 296 305 30
295 305 252 303 339 313 295 311 35
295 320 249 319 339 329 291 328 25
292 106 267 106 341 111 316 111 11
295 202 269 202 343 207 317 207 11
295 206 272 206 345 211 320 211 9
293 220 265 221 341 225 313 225 11
294 225 267 224 343 229 317 229 13
297 228 271 227 345 233 319 232 22
298 292 260 291 343 299 305 298 34
297 301 257 301 343 309 304 309 42
297 307 254 306 341 315 296 314 27
298 313 254 312 341 321 296 320 31
298 317 252 316 341 325 295 325 31
302 25 282 25 351 29 329 30 145
300 30 278 28 349 35 327 34 161
301 29 279 28 351 35 329 34 102
300 95 275 95 349 99 324 99 71
300 99 276 99 349 103 324 103 47
300 110 276 111 349 115 324 115 20
298 112 273 112 347 117 322 117 15
303 125 278 125 351 129 325 129 24
302 139 276 139 351 143 326 144 12
299 198 273 198 347 203 321 202 8
302 223 278 222 351 227 326 226 18
303 229 276 228 351 233 324 233 23
299 242 270 239 347 247 318 247 13
300 254 270 256 347 259 318 259 16
303 279 271 278 351 285 318 285 63
304 307 260 306 347 315 303 314 35
306 309 262 308 349 317 304 316 29
304 312 259 312 347 321 301 320 30
304 26 284 27 353 31 333 31 156
307 30 288 30 357 35 338 35 93
305 137 280 137 353 141 329 141 15
306 237 277 235 353 241 325 243 24
308 240 279 240 355 245 327 246 14
312 309 267 308 355 317 310 316 37
312 314 267 314 355 323 309 322 37
314 320 267 319 355 329 309 329 27
312 45 291 43 361 49 340 48 92
314 43 293 42 363 47 344 47 113
314 48 292 48 363 53 341 54 105
313 105 291 106 359 109 333 108 34
316 212 290 212 363 217 337 218 15
315 224 287 224 361 229 329 227 30
316 228 288 227 363 233 335 232 22
314 234 285 234 361 239 332 239 23
316 242 286 242 363 247 334 247 18
313 249 284 250 359 255 329 255 19
315 251 288 252 363 257 332 255 14
314 262 288 262 361 267 332 265 15
312 275 278 275 359 281 323 280 26
312 281 277 280 359 287 323 287 37
315 294 276 293 359 301 319 300 46
315 299 277 299 361 307 319 306 41
316 316 271 315 359 325 312 324 36
320 43 300 42 369 47 350 47 86
320 47 300 49 369 53 348 53 80
319 116 294 115 367 119 342 119 28
321 121 296 121 369 125 343 125 17
317 135 292 135 365 139 340 139 19
321 173 296 173 369 177 344 177 10
317 191 291 189 365 195 341 195 10
320 216 296 215 369 219 345 219 13
316 219 292 218 365 223 341 222 12
318 221 294 221 367 225 344 223 22
319 245 289 245 365 251 337 249 14
323 256 292 256 369 261 339 261 16
320 296 282 295 365 303 324 302 50
325 303 285 302 369 311 329 310 62
324 312 279 312 367 321 321 320 41
327 65 302 66 375 69 351 69 30
325 125 300 125 373 129 348 128 16
323 130 297 129 371 133 347 134 8
325 135 299 135 373 139 347 138 12
325 139 300 139 373 143 348 143 8
323 143 298 143 371 147 346 147 15
327 149 302 149 375 153 350 153 4
323 152 297 152 371 157 346 155 8
327 165 302 165 375 169 350 169 8
327 211 302 210 375 215 349 214 13
325 216 300 216 371 221 349 220 13
328 249 299 249 375 255 345 255 14
327 305 284 305 371 313 327 312 80
331 312 286 311 375 321 327 320 53
332 61 306 60 381 65 355 63 26
329 109 309 108 377 113 355 115 73
333 146 308 146 381 149 357 149 9
334 150 308 151 381 155 355 155 8
331 159 306 159 379 163 354 163 8
333 163 308 163 381 167 356 167 12
334 180 308 181 381 185 355 183 9
333 189 308 188 381 193 355 193 7
330 190 305 189 379 195 354 195 8
333 201 309 200 381 205 357 204 4
330 206 304 205 377 211 353 210 13
332 232 302 233 379 237 348 238 20
329 229 299 230 377 233 348 233 22
330 234 301 233 377 239 348 238 20
333 245 303 245 379 251 348 251 15
331 247 301 246 377 251 346 250 12
334 292 295 291 379 299 340 298 48
333 296 293 295 377 303 336 302 48
338 325 289 324 381 335 331 334 37
335 37 311 37 383 41 360 41 48
338 42 319 45 387 47 367 49 39
335 120 309 118 383 123 358 123 32
337 123 311 123 385 127 360 127 19
338 135 315 136 387 139 362 139 14
341 142 316 142 387 145 362 145 15
336 148 310 149 383 153 357 153 10
339 173 314 173 387 177 362 177 15
335 173 311 173 383 177 358 177 9
337 171 313 172 385 175 360 175 13
339 185 312 184 385 189 359 188 9
337 203 312 203 385 207 360 207 8
340 208 315 208 387 213 362 213 16
340 219 317 219 385 225 360 224 16
338 226 311 226 385 231 359 230 24
341 255 309 256 387 261 356 260 12
340 263 310 263 387 269 356 269 21
336 285 299 285 383 291 344 291 27
341 286 305 286 387 293 348 293 31
342 40 321 39 391 45 371 44 60
344 65 320 65 391 69 367 69 21
345 114 321 113 393 117 368 117 32
346 140 320 141 393 145 368 145 7
345 167 320 167 393 171 368 171 12
343 179 321 179 391 183 370 183 25
345 197 320 197 393 201 369 200 7
344 203 319 203 391 209 366 209 8
341 213 317 212 389 217 365 216 11
343 258 311 258 389 263 357 263 14
346 289 307 289 389 297 351 296 39
349 297 308 297 393 305 352 304 45
346 303 307 302 391 311 346 311 39
347 308 306 308 391 317 345 315 41
348 316 301 315 391 325 343 324 44
348 321 301 321 391 331 343 330 32
349 331 303 330 393 341 343 340 24
352 344 299 345 393 357 351 357 19
350 62 326 62 397 65 373 65 26
350 62 327 63 399 67 376 67 11
350 96 325 95 399 99 373 98 16
347 92 322 92 395 95 371 94 12
352 145 327 145 399 149 374 150 15
350 153 327 151 399 155 375 155 16
351 170 327 169 399 173 373 174 18
352 175 327 175 399 179 374 179 14
349 218 325 219 397 223 372 222 12
345 239 318 238 395 243 364 243 27
352 238 323 238 399 243 369 243 19
352 263 321 263 399 269 367 269 7
355 310 310 309 399 319 352 318 57
355 49 332 51 403 53 379 52 32
357 89 333 87 405 91 381 91 10
353 90 329 92 401 95 376 96 7
355 105 331 105 403 109 379 109 8
358 108 333 108 405 113 381 113 18
356 153 331 153 403 157 379 156 42
354 157 329 157 401 161 376 161 37
358 192 334 193 405 197 381 197 10
358 220 333 221 405 225 381 225 9
360 290 321 290 405 297 366 297 45
355 286 319 286 401 293 365 292 36
363 303 319 302 405 311 363 311 39
362 321 314 320 405 331 356 330 36
359 327 311 327 401 337 353 337 74
364 68 339 68 411 71 387 70 20
360 89 337 90 407 95 383 94 10
360 107 335 107 407 111 382 110 12
359 103 335 102 407 107 381 105 12
363 103 339 103 411 107 386 107 11
363 110 339 109 411 113 387 113 11
363 119 339 120 411 125 386 125 19
362 138 336 138 409 141 384 141 13
361 203 337 202 409 207 384 207 13
363 211 339 211 411 215 386 215 13
360 218 335 219 407 223 382 223 14
360 224 336 224 407 229 383 228 16
365 236 333 236 411 241 381 240 17
365 255 334 255 411 263 379 262 16
365 263 333 263 411 269 379 269 9
363 269 330 269 409 275 377 275 13
365 297 324 297 409 305 368 304 44
366 303 327 302 411 311 367 311 59
368 314 321 313 411 323 363 323 47
367 317 320 316 411 327 361 326 58
368 324 320 323 411 335 361 335 45
370 92 346 92 417 95 393 95 10
367 101 343 101 415 105 391 105 15
368 112 343 112 415 115 390 115 16
366 125 341 125 413 129 389 129 9
370 129 345 129 417 135 393 135 16
370 147 346 148 417 151 392 151 93
371 167 339 167 417 171 385 171 34
365 184 341 184 413 187 388 188 16
367 181 343 181 415 185 391 185 47
367 187 343 187 415 191 391 191 16
366 209 342 209 413 213 388 213 8
369 225 342 224 413 229 389 229 18
369 234 338 234 415 239 383 239 26
370 241 340 243 417 249 385 247 15
368 249 337 248 415 253 383 254 16
369 259 337 259 415 265 383 264 13
369 290 333 289 415 297 378 296 30
368 299 328 298 413 307 371 306 39
374 313 326 313 417 323 368 322 35
370 319 321 319 413 329 363 329 36
370 333 320 333 413 345 361 344 34
373 94 349 93 421 97 397 97 11
372 105 348 105 419 109 395 109 11
372 103 347 103 419 107 394 106 20
372 114 347 113 419 117 395 117 22
372 127 348 127 419 131 395 131 23
377 155 346 155 423 159 391 159 53
373 159 342 159 419 163 387 163 72
373 163 341 163 419 167 387 167 41
377 256 347 255 423 261 391 261 19
372 261 341 260 419 267 386 266 9
377 263 344 263 423 269 390 269 10
380 321 331 321 423 331 373 331 40
376 326 327 325 419 337 368 337 46
380 332 332 331 423 343 372 342 55
382 24 361 24 429 27 409 26 220
377 22 356 22 425 25 404 25 203
378 56 356 55 427 59 405 58 126
379 61 357 62 427 65 404 66 97
383 98 357 97 429 101 404 101 14
379 100 352 99 425 103 400 103 17
381 151 349 151 427 155 396 155 84
379 163 348 163 425 167 393 167 62
379 171 348 171 425 175 393 175 39
379 175 348 174 425 179 394 179 61
378 184 348 183 425 189 395 187 36
380 203 356 203 427 207 403 207 15
384 206 359 206 429 211 405 211 13
379 209 355 209 427 213 404 212 5
379 234 349 233 425 239 393 239 18
383 246 351 245 429 251 398 252 16
379 261 347 261 425 267 394 265 17
381 265 348 265 427 271 394 271 15
383 271 350 271 429 277 396 277 11
381 297 342 297 427 305 384 304 24
382 303 343 302 427 311 386 311 23
386 328 337 327 429 339 378 339 44
383 47 361 47 431 51 409 51 102
385 46 366 47 433 49 412 49 137
388 61 366 61 435 65 415 64 103
385 64 361 63 433 67 412 66 92
385 71 365 72 431 73 408 73 88
386 119 363 121 433 123 411 123 83
385 161 354 161 431 165 399 165 57
386 157 357 155 433 161 401 161 48
389 167 357 167 435 171 403 171 109
387 171 355 171 433 175 401 175 91
387 189 356 188 433 193 403 194 27
385 218 361 217 431 223 408 222 9
387 280 355 279 435 289 393 289 26
387 288 350 287 433 295 394 294 20
390 296 351 296 435 305 394 303 24
386 304 343 304 431 313 385 313 43
387 303 346 302 435 311 392 311 22
388 315 341 314 433 325 384 324 43
389 319 341 318 433 329 383 328 47
391 344 337 343 431 359 372 358 47
394 46 373 46 441 49 421 49 153
393 52 373 52 441 55 420 55 157
391 108 363 110 439 113 409 111 109
395 118 371 118 441 121 417 121 129
394 156 365 156 441 159 409 158 44
395 171 364 171 441 175 409 175 97
393 177 362 177 439 181 407 181 20
391 185 360 185 437 189 405 189 26
395 188 363 188 441 193 409 192 34
395 242 363 241 441 247 407 247 17
393 255 360 255 439 261 405 261 15
394 261 361 262 439 267 405 267 13
394 291 358 289 441 297 401 297 33
395 315 347 314 437 325 385 323 28
393 330 344 329 437 341 385 341 31
397 44 380 45 445 47 426 47 124
396 48 375 48 443 51 423 51 125
398 45 379 45 447 49 427 48 143
400 52 378 53 447 55 425 56 160
400 74 381 77 447 77 430 77 96
398 159 368 159 445 163 414 163 27
397 163 366 163 443 167 411 167 76
397 165 366 165 443 169 412 169 31
401 173 369 173 447 177 415 177 55
397 169 366 169 443 173 411 173 75
401 273 367 272 445 279 412 279 20
401 297 362 296 447 305 406 305 31
403 313 357 313 447 323 399 322 23
403 318 357 318 447 329 402 330 48
406 50 385 50 453 53 432 52 185
406 56 385 56 453 59 433 59 171
407 100 373 101 453 103 418 103 94
406 104 374 104 453 107 420 107 76
404 106 371 107 451 109 418 110 56
407 177 376 177 453 181 421 180 18
405 193 373 193 451 197 419 198 31
403 236 367 237 451 241 417 241 24
407 239 374 239 453 245 420 245 26
407 245 375 245 453 251 419 250 18
405 251 372 251 451 257 418 256 21
405 257 373 258 451 263 418 262 24
405 288 365 288 449 295 410 295 26
407 328 357 327 451 339 398 339 57
409 342 357 342 453 355 397 354 45
410 348 354 348 453 361 394 361 52
408 48 387 48 455 51 434 51 206
408 151 375 153 455 155 422 156 33
410 153 377 154 457 157 427 155 28
409 167 378 167 455 171 423 171 41
413 163 382 163 459 167 427 167 31
409 173 378 174 455 177 423 176 20
413 171 381 169 459 175 427 174 14
413 190 382 190 459 195 427 195 11
411 236 379 236 457 241 427 240 20
409 253 377 253 455 259 422 259 28
413 261 381 261 459 267 426 266 54
411 263 379 262 457 269 425 268 54
413 269 380 268 459 275 425 275 31
411 312 361 312 455 323 406 321 19
414 322 365 322 459 333 407 333 50
411 328 361 327 455 339 402 338 72
411 338 359 338 455 351 400 350 52
415 335 363 334 459 347 405 346 46
412 350 355 349 455 363 395 363 52
414 44 394 43 461 47 441 45 301
414 56 392 56 461 59 440 59 189
416 63 395 63 463 65 443 67 257
416 159 387 159 463 163 428 161 39
419 163 387 164 465 167 433 167 30
415 181 384 181 461 185 429 185 19
419 183 389 182 465 187 434 186 8
419 208 388 208 465 213 434 212 23
414 205 383 205 461 209 429 210 18
415 243 383 243 461 249 428 249 29
415 249 383 249 461 255 428 255 24
419 247 387 247 465 253 432 253 29
417 265 383 265 463 271 428 271 78
420 268 386 268 465 275 430 275 54
415 282 383 282 461 289 429 289 29
420 314 373 312 465 323 417 322 16
419 316 372 317 463 327 415 326 25
424 56 402 57 471 59 447 59 190
424 63 405 64 471 65 451 67 266
425 141 394 143 471 145 442 146 44
421 197 390 197 467 201 435 201 16
425 215 394 215 471 219 441 217 42
422 219 391 218 469 225 437 224 21
421 244 390 244 467 249 434 249 21
421 261 389 261 467 267 434 266 67
422 274 387 274 467 281 432 281 41
430 77 408 81 477 79 453 81 136
429 115 392 113 475 117 440 118 22
427 147 391 145 473 151 440 150 29
429 150 396 149 475 155 442 153 30
429 211 398 210 475 215 444 216 26
429 218 397 218 475 223 442 222 24
427 255 394 255 473 261 440 261 31
427 259 395 259 473 265 441 264 42
427 264 394 263 473 271 439 270 46
429 307 382 307 473 317 428 316 30
432 311 387 310 477 321 430 320 23
432 315 385 315 477 325 429 325 28
427 313 382 313 473 323 425 323 42
425 321 376 319 473 333 418 331 31
429 331 377 331 473 343 419 343 26
434 51 413 49 481 53 461 51 594
434 56 413 56 481 59 460 58 396
433 136 399 135 479 139 444 139 19
437 152 403 151 483 155 449 155 24
435 157 402 159 481 161 448 162 19
437 173 404 173 483 177 450 177 72
433 177 401 177 479 181 446 181 46
432 212 402 211 479 217 447 216 21
434 227 404 227 481 231 449 231 31
436 228 405 227 483 235 451 234 21
431 236 400 236 479 241 444 240 27
432 276 398 276 479 283 444 283 36
433 287 398 287 481 295 442 295 16
441 296 395 296 483 305 441 305 32
435 342 382 341 479 355 424 355 23
441 52 419 49 489 53 465 51 803
440 85 412 85 487 87 458 87 39
443 99 409 100 489 101 454 101 36
438 148 405 148 485 151 451 151 27
440 150 407 150 487 153 453 153 27
440 166 410 167 487 171 456 171 50
439 177 407 177 485 181 452 181 42
442 207 412 206 489 211 457 212 16
442 228 411 228 489 233 457 233 23
438 233 408 233 485 239 454 238 18
441 285 402 285 487 293 448 293 15
443 326 391 325 487 337 435 337 30
448 106 415 107 495 109 460 108 21
444 105 411 105 491 107 456 107 12
449 129 415 129 495 131 461 131 20
447 148 414 147 493 151 460 149 25
447 153 415 154 493 157 461 159 18
446 170 414 169 493 173 460 173 29
447 174 415 174 493 179 460 179 21
445 185 413 185 491 189 459 188 13
445 193 414 192 491 197 460 196 10
448 213 418 214 495 219 463 218 13
445 252 416 252 491 257 461 257 78
448 255 417 255 495 261 463 261 85
449 261 416 260 495 267 461 266 77
445 276 410 275 491 283 455 283 24
447 278 411 278 493 285 457 285 34
445 295 401 293 491 303 449 303 25
447 298 406 298 493 307 450 307 42
445 300 403 300 491 309 449 308 39
445 309 400 309 491 319 444 319 36
449 327 400 327 495 339 441 338 28
450 332 398 332 495 345 440 345 39
450 334 397 334 495 347 440 347 42
455 57 427 57 501 59 476 58 666
453 119 419 119 499 121 465 121 14
454 149 422 147 501 151 467 151 25
453 175 421 175 499 179 467 179 26
451 190 419 191 497 195 464 195 21
454 206 423 206 501 211 469 211 10
450 208 419 208 497 213 465 213 15
452 211 421 212 499 217 467 216 18
455 259 420 259 501 265 466 265 119
450 262 419 265 497 269 464 271 105
455 278 420 278 501 285 465 285 33
451 287 415 287 497 295 459 294 28
455 294 412 295 501 303 458 303 34
453 305 410 305 499 315 454 314 36
451 305 407 305 497 315 451 314 33
454 311 409 311 499 321 453 321 44
455 328 405 328 501 341 447 341 40
454 345 399 345 499 359 442 358 27
459 100 425 101 505 103 471 102 14
460 150 427 150 507 153 473 153 22
458 167 426 167 505 171 472 171 47
458 211 427 209 505 215 473 214 26
456 234 426 234 503 239 471 239 42
460 234 429 233 507 239 475 238 57
458 241 428 241 505 247 474 247 39
460 255 424 255 507 261 470 261 81
460 280 425 279 507 287 469 287 34
460 285 424 285 507 293 470 293 39
459 291 420 291 505 299 465 300 34
461 296 420 297 507 305 464 305 46
457 309 413 309 503 319 456 319 47
459 313 415 313 507 323 458 323 40
461 318 414 317 507 329 457 329 42
461 328 409 328 507 341 453 341 26
462 341 408 341 507 355 450 355 35
461 346 408 346 507 361 451 360 38
467 70 434 70 513 71 479 71 199
463 93 428 94 509 95 473 95 15
464 102 430 102 511 103 476 103 12
466 109 432 109 513 111 478 111 17
463 120 429 119 509 121 475 122 10
462 127 428 128 509 129 475 130 21
465 144 431 146 511 147 477 147 17
467 147 433 147 513 149 479 149 19
465 159 435 157 511 163 479 163 54
462 166 431 165 509 169 476 169 37
464 177 432 177 511 181 478 181 15
462 181 430 181 509 185 475 184 20
464 208 433 208 511 213 477 213 30
462 212 432 212 509 217 475 215 18
464 232 434 232 511 237 479 236 70
466 236 436 236 513 241 482 241 49
464 255 428 255 511 261 474 260 119
466 262 431 262 513 269 477 269 96
463 288 425 287 509 295 471 295 25
466 298 425 298 513 307 470 306 35
461 301 421 301 509 311 465 311 56
467 313 423 312 513 323 464 323 35
468 322 417 321 513 333 462 333 33
465 335 412 335 511 349 454 348 43
465 343 412 343 511 357 454 356 35
468 68 436 69 515 69 481 69 170
468 76 435 76 515 77 481 77 26
468 134 435 133 515 137 481 137 19
472 142 439 143 519 145 484 146 26
470 158 440 158 517 161 485 161 32
470 162 439 161 517 165 484 165 52
468 166 437 165 515 169 482 169 34
472 175 440 176 519 179 486 179 34
468 189 436 189 515 193 482 193 14
472 231 442 232 519 237 488 237 52
473 259 437 259 519 265 482 265 141
473 280 436 279 519 287 482 287 61
469 285 432 285 515 293 477 293 34
469 303 426 303 515 313 470 313 41
471 307 426 307 517 317 471 317 39
473 307 428 307 519 317 472 317 40
473 314 426 314 519 325 473 325 41
471 320 426 319 519 331 468 331 38
471 330 419 330 517 343 463 343 49
469 348 413 347 517 363 457 362 104
475 26 427 26 521 23 471 23 42
477 32 430 32 523 29 473 29 178
474 126 441 127 521 129 487 128 15
478 146 445 146 525 149 491 149 51
474 148 441 149 521 151 486 150 48
478 186 446 186 525 191 492 191 21
478 195 446 194 525 199 492 199 31
476 205 444 205 523 209 490 209 48
478 218 447 217 525 223 493 222 164
474 228 444 225 521 233 490 233 63
478 233 448 233 525 239 494 239 46
474 253 444 253 521 259 490 258 66
474 259 443 259 521 265 489 265 88
476 262 444 262 523 269 490 269 133
474 276 440 275 521 283 485 283 101
482 333 427 332 525 345 473 346 43
475 337 421 337 521 351 464 350 31
479 341 424 341 525 355 468 355 81
479 345 426 345 525 359 467 359 43
480 160 448 160 527 163 494 163 52
482 161 450 161 529 165 496 165 50
484 195 452 194 531 199 498 198 38
484 218 454 218 531 223 500 223 79
480 224 450 224 527 229 496 229 80
484 250 445 247 531 255 493 256 64
480 253 450 253 527 259 497 259 75
482 268 448 268 529 275 494 275 139
481 276 447 275 529 283 492 283 134
482 283 446 283 529 291 492 291 83
481 301 439 301 527 311 482 311 51
481 320 431 319 527 331 478 333 32
483 324 438 324 529 335 476 335 29
484 328 433 328 531 341 477 341 42
481 332 427 329 527 345 473 345 31
488 32 442 31 535 29 487 29 22
489 71 443 71 537 71 488 69 45
486 86 442 86 533 87 486 87 60
485 125 454 121 533 125 501 123 23
486 135 454 137 533 139 499 140 61
486 167 454 167 533 171 500 171 26
490 181 458 180 537 185 504 184 34
486 212 455 212 533 217 502 217 80
485 283 449 283 533 291 494 291 58
486 279 450 279 533 287 496 287 87
487 299 448 299 537 309 493 309 67
489 307 446 307 537 317 492 317 50
487 307 445 307 535 317 491 317 42
491 342 435 342 537 357 478 357 101
486 346 431 346 533 361 475 361 77
494 36 447 36 541 33 491 33 22
492 38 445 38 539 35 489 35 31
495 56 449 53 543 53 505 55 44
496 148 464 147 543 151 510 151 51
494 180 461 179 541 183 508 183 29
492 178 459 177 539 181 506 181 24
496 193 464 194 543 197 510 198 67
496 218 466 218 543 223 512 222 117
496 226 466 225 543 231 512 231 84
496 281 459 281 543 289 505 289 54
491 298 450 297 539 307 496 307 45
492 303 449 303 539 313 494 313 71
491 320 445 321 539 331 488 331 36
492 329 440 328 539 341 485 340 20
496 342 441 342 543 357 485 357 56
501 40 455 40 549 37 500 37 12
502 99 463 99 549 99 508 99 132
500 104 460 104 547 105 506 105 91
500 101 460 101 547 103 506 103 107
498 108 458 108 545 109 504 109 93
501 194 470 193 549 197 517 196 82
498 201 466 200 545 205 512 206 102
500 204 468 204 547 209 515 209 84
497 210 466 210 545 215 512 214 130
499 255 463 254 547 261 509 260 107
498 257 462 256 545 263 507 262 119
502 261 465 261 549 267 512 267 89
500 279 463 279 547 287 509 287 38
501 283 465 283 549 291 510 291 42
501 316 454 315 549 327 500 327 40
498 327 445 325 545 339 493 338 32
498 335 441 334 545 349 490 348 35
504 29 459 29 551 25 504 25 17
504 41 459 41 553 39 505 37 15
503 74 457 74 551 71 503 71 26
507 89 463 91 555 89 511 90 225
504 154 473 153 551 157 519 156 41
508 163 475 161 555 167 521 165 52
505 200 474 201 553 205 520 203 104
507 261 471 261 555 267 518 268 162
509 275 475 274 555 283 518 283 178
503 287 466 286 551 295 512 295 51
504 319 454 321 551 331 499 331 29
509 32 462 32 557 29 508 28 15
511 34 464 34 559 31 510 31 15
511 78 466 80 559 79 511 79 95
511 166 479 165 559 169 526 169 58
510 180 479 181 557 183 525 185 52
514 209 480 208 561 213 527 212 91
511 257 475 257 559 263 521 263 125
513 272 480 271 561 279 525 279 139
511 279 475 279 559 287 521 287 43
512 303 470 303 561 313 516 313 33
510 306 467 305 557 315 512 315 31
515 307 469 306 561 317 515 317 34
513 312 467 312 561 323 512 323 52
512 317 467 317 561 329 512 329 47
514 330 461 331 561 345 506 345 16
511 344 455 343 559 359 500 359 86
519 55 476 56 567 53 522 53 68
517 60 472 61 565 59 519 58 33
515 91 470 92 563 91 516 92 203
519 93 475 93 567 93 521 93 185
517 89 472 90 565 89 519 89 158
517 95 474 94 565 95 520 94 231
517 101 477 100 565 101 523 101 126
519 108 480 108 567 109 527 108 130
516 137 473 134 563 139 521 139 102
519 237 478 237 567 243 523 243 24
519 262 479 262 567 269 525 269 159
515 283 478 283 563 291 524 291 47
519 279 483 279 567 287 529 287 51
515 299 475 298 563 309 519 309 28
516 321 468 321 565 333 513 333 40
516 328 465 328 565 341 511 341 33
525 30 477 30 573 25 523 25 18
523 62 479 63 571 61 525 62 50
521 66 477 67 569 65 523 65 56
520 82 476 82 569 81 523 81 137
525 194 485 191 573 197 532 195 39
523 207 483 206 571 211 529 210 68
525 231 485 231 573 235 531 233 43
525 253 485 254 573 259 532 260 216
523 273 483 274 571 281 531 281 90
524 310 480 310 573 321 526 321 64
521 314 473 313 569 325 520 325 81
522 317 474 317 571 329 520 329 41
522 328 473 328 571 341 518 341 24
522 340 463 339 571 355 513 355 48
524 342 469 342 573 357 515 357 41
526 24 478 24 575 19 525 19 23
527 68 483 68 575 67 533 67 155
529 79 488 79 577 79 535 77 148
529 91 488 91 579 91 535 91 90
528 101 488 101 577 101 534 101 95
527 105 487 105 575 105 533 105 124
529 195 490 195 577 201 536 202 52
527 234 487 233 575 239 534 240 34
527 239 487 238 575 245 534 245 37
530 261 491 260 579 267 538 267 200
530 283 494 280 579 289 542 288 43
530 297 489 297 577 307 533 307 25
530 303 487 303 579 313 534 313 37
528 312 481 311 577 323 529 323 60
529 320 480 320 577 333 526 332 37
528 317 481 317 577 329 526 329 49
526 347 469 347 575 363 514 363 110
532 27 485 26 581 23 531 22 22
532 29 485 29 581 25 531 23 41
534 40 487 39 583 35 534 36 24
533 121 489 120 581 123 537 121 102
535 144 497 145 583 147 544 147 64
533 141 495 143 581 143 541 145 54
536 152 496 153 585 155 543 155 28
534 158 494 158 583 161 541 160 36
532 158 494 157 581 161 541 159 46
536 175 495 175 585 179 537 178 62
536 229 496 228 583 233 547 233 90
535 249 505 247 585 255 554 253 113
532 259 493 258 581 265 540 265 265
534 268 501 268 583 275 550 275 137
534 285 497 284 583 293 544 293 29
536 292 497 291 585 301 545 300 23
532 297 491 297 581 307 533 307 23
534 305 490 305 583 315 537 315 33
532 301 489 301 581 311 536 311 33
536 334 484 334 585 349 527 349 29
536 341 477 341 585 355 523 355 56
542 23 493 21 591 19 541 19 39
543 84 499 84 589 83 541 83 220
538 91 498 91 587 91 544 91 88
540 91 500 91 589 91 546 91 116
540 149 501 148 589 151 548 150 33
540 162 501 161 589 165 548 164 28
538 238 509 237 587 243 557 243 58
540 240 511 239 589 245 559 244 50
543 272 508 271 591 279 555 279 96
538 290 499 288 587 299 546 299 30
539 297 496 297 587 307 543 307 18
537 303 494 303 587 313 542 313 40
542 313 495 313 591 325 542 325 42
539 317 490 317 589 329 539 329 66
540 322 491 322 589 335 537 335 37
546 56 506 56 595 55 553 56 33
548 97 507 97 597 97 554 97 101
546 103 505 103 595 103 552 103 95
546 156 506 156 595 159 552 157 27
545 161 506 162 595 165 553 165 32
548 166 508 166 597 169 555 169 46
544 243 515 243 593 249 563 249 44
546 251 517 251 595 257 565 257 92
545 255 514 254 593 261 562 261 103
541 263 503 262 593 269 551 269 208
544 268 510 268 593 275 558 275 132
546 270 512 269 595 277 560 277 75
549 308 502 308 597 319 550 319 49
546 339 492 339 595 353 538 353 21
554 57 513 55 603 55 560 53 21
550 103 509 103 599 103 556 103 97
555 174 515 176 603 179 563 180 47
553 194 513 193 603 197 560 197 76
553 260 523 260 603 267 571 267 158
550 279 509 280 599 287 559 287 60
549 284 511 284 599 293 559 293 24
551 293 510 293 599 303 559 303 28
549 299 507 300 601 311 558 311 21
556 311 507 311 603 323 554 323 54
549 322 501 322 599 335 548 335 25
550 338 496 338 601 353 543 353 21
555 25 509 23 605 21 557 20 35
555 33 510 33 605 29 558 28 47
559 57 517 57 609 55 565 54 31
556 61 513 61 605 59 561 59 50
557 144 517 145 607 147 565 147 40
559 151 515 149 609 153 563 151 29
558 197 517 196 607 201 565 201 37
556 202 516 202 605 207 563 207 42
559 207 521 205 609 211 569 210 47
556 256 519 257 605 263 572 263 235
559 277 524 276 609 285 572 284 65
555 288 517 288 605 297 565 297 30
558 310 513 309 609 321 559 321 22
561 35 517 35 611 31 564 31 54
563 39 519 38 613 35 566 35 40
561 141 521 141 611 143 567 142 32
561 146 521 146 611 149 568 148 27
565 185 522 183 615 189 570 190 32
565 206 525 206 615 211 573 211 48
562 268 524 268 611 275 572 275 177
565 284 527 284 615 293 575 293 51
563 295 522 295 613 305 570 305 31
563 313 515 313 613 325 563 325 25
562 321 514 320 613 333 563 333 42
564 317 516 317 615 329 565 329 32
564 328 513 329 615 341 561 341 31
563 342 508 342 615 357 556 357 40
567 52 525 52 617 49 573 49 19
572 57 529 57 621 53 578 55 26
569 149 529 148 619 151 577 150 33
571 150 531 151 621 153 579 153 28
569 200 529 200 619 205 577 205 26
571 203 530 205 621 209 579 209 30
569 207 529 207 619 213 577 212 54
567 253 527 253 617 259 575 259 138
567 258 527 260 617 265 577 266 189
567 275 529 275 617 283 579 283 71
571 277 533 276 621 285 581 284 79
570 282 533 282 621 291 581 291 67
569 322 521 322 621 335 569 335 80
570 326 520 326 621 339 568 339 34
575 72 534 69 627 71 579 69 97
578 105 533 103 627 105 581 103 129
574 118 531 117 623 121 577 119 76
578 131 542 127 627 131 588 133 78
574 143 534 143 623 145 581 145 55
579 145 539 144 627 147 587 147 48
576 170 536 167 627 173 585 171 31
572 293 531 291 623 301 580 301 45
573 296 535 297 627 307 584 307 16
574 336 518 336 625 351 568 351 20
576 338 521 338 627 353 570 353 20
582 128 543 126 631 129 590 130 70
582 160 540 159 633 163 588 162 30
578 172 536 171 629 175 585 174 34
582 178 540 178 633 181 589 181 24
579 181 538 181 629 185 587 185 24
579 212 553 212 633 217 604 217 62
579 243 539 243 629 251 589 250 84
578 291 537 291 629 301 586 301 20
582 293 541 293 633 303 590 303 19
578 311 531 311 629 323 579 323 55
578 313 531 313 629 325 579 325 59
581 318 533 318 633 331 582 331 98
577 320 529 320 629 333 578 333 61
583 156 541 155 635 157 591 156 60
587 175 545 175 639 179 593 179 24
584 232 544 234 635 239 593 240 88
585 237 544 238 635 245 593 244 88
586 253 556 252 635 259 606 257 197
591 256 559 256 639 263 608 263 106
584 276 545 276 635 285 594 285 43
588 278 548 278 639 287 598 286 27
587 291 546 291 639 301 596 301 13
585 307 541 307 637 319 589 319 52
586 313 540 313 639 325 590 325 70
582 329 531 329 635 343 580 343 38
585 338 532 337 639 353 581 352 20
592 153 548 152 643 155 597 154 32
590 165 547 165 641 169 596 167 22
593 179 553 180 645 183 603 183 31
590 185 551 186 641 189 600 190 21
593 213 563 212 643 217 613 216 87
593 265 555 264 645 273 604 273 53
593 269 558 269 645 277 610 276 29
590 276 551 276 641 285 599 284 31
592 281 553 282 643 291 602 291 20
593 286 554 285 645 295 603 295 20
591 289 550 289 643 299 601 299 25
592 320 544 320 645 333 593 333 71
595 111 553 111 647 111 602 111 45
597 116 554 116 649 117 604 117 50
598 172 558 172 649 175 606 173 35
598 182 558 183 649 187 607 187 26
596 184 556 184 647 189 605 189 43
599 197 560 198 651 201 608 201 48
596 204 567 204 647 209 617 207 123
598 254 567 254 649 261 617 261 186
600 253 570 252 651 259 620 259 128
597 273 556 273 649 281 606 281 23
599 277 562 277 651 285 609 283 23
599 284 556 283 649 293 606 292 21
597 291 556 291 649 301 606 301 10
596 303 552 303 649 315 602 315 39
597 328 547 328 651 343 596 343 31
605 52 563 51 657 49 614 47 61
604 66 558 66 657 63 608 63 23
600 76 555 73 653 73 605 71 18
600 79 554 79 653 77 604 77 29
600 106 556 106 653 105 606 105 41
604 111 560 110 657 111 611 111 44
603 174 563 174 655 177 613 177 23
601 181 561 182 653 185 611 185 68
601 189 561 189 653 193 611 193 79
605 192 565 193 657 197 614 197 40
604 230 576 229 655 235 625 235 148
603 241 574 240 655 247 624 247 157
602 266 562 266 655 275 613 276 30
602 315 554 314 655 327 605 327 50
604 318 556 318 657 331 606 331 47
600 341 546 341 655 357 596 357 49
598 347 543 347 653 363 593 363 237
610 68 563 68 663 65 614 64 22
606 85 560 85 659 83 610 83 20
609 97 565 96 663 95 616 93 28
608 105 564 105 661 105 614 104 36
611 159 572 159 663 161 622 161 23
607 191 566 191 659 195 617 195 43
610 194 569 193 663 199 620 198 71
608 207 583 209 659 213 631 211 120
608 214 579 214 659 219 629 218 105
612 247 583 246 663 253 633 253 132
607 251 578 250 659 257 628 257 115
611 252 582 252 663 259 631 258 85
611 263 571 264 663 273 619 273 36
608 276 568 276 661 285 619 285 21
607 291 567 291 659 301 617 301 16
607 311 559 311 661 323 613 323 56
605 324 556 325 661 339 607 339 53
605 327 554 327 659 341 605 341 46
614 81 568 81 667 79 618 79 18
615 106 572 105 669 105 623 104 57
614 102 570 102 667 101 621 101 53
617 144 577 143 669 147 627 146 43
616 151 576 151 669 153 627 153 31
616 155 576 155 669 157 627 157 37
613 184 572 184 665 189 623 188 53
613 186 572 188 665 191 622 191 78
616 220 587 220 667 225 637 225 125
618 225 589 225 669 231 639 231 185
614 224 585 224 665 229 635 229 121
614 228 585 227 665 233 635 233 217
614 235 585 235 665 241 635 241 139
616 239 586 239 667 245 636 245 188
614 249 584 249 665 255 634 255 126
617 247 588 247 669 253 639 252 105
616 282 575 282 669 291 626 291 22
616 285 575 285 669 295 626 295 15
614 291 572 291 667 301 624 301 13
616 295 576 294 669 305 627 305 19
614 306 571 306 667 317 621 317 25
614 327 564 326 669 341 615 340 42
615 328 563 328 669 343 614 343 73
617 85 572 84 671 83 623 83 25
618 103 574 102 671 101 625 101 50
620 153 579 152 673 155 630 154 43
620 168 580 167 673 171 630 171 51
618 181 578 179 671 183 629 182 55
623 232 595 231 675 237 645 237 100
624 245 595 245 675 251 645 251 115
620 252 590 252 671 259 640 259 111
620 272 579 271 673 281 632 281 50
619 278 581 279 673 287 628 289 40
618 287 577 287 671 297 628 297 14
623 298 577 299 675 309 627 310 47
619 304 576 304 673 315 628 315 32
615 343 560 342 671 359 611 359 78
626 31 583 29 679 27 638 26 44
626 155 586 155 679 157 637 157 95
625 162 585 161 679 165 636 164 106
623 172 583 172 677 175 634 175 69
627 178 586 178 681 181 637 183 68
625 179 585 179 679 183 636 184 49
629 208 605 209 681 213 652 213 17
627 226 600 225 679 231 650 231 63
625 230 597 229 677 235 647 235 82
627 235 599 235 679 241 649 241 98
625 276 586 276 679 285 639 285 63
626 300 584 300 681 311 635 311 45
625 324 575 324 681 339 628 339 69
631 90 585 90 685 89 631 88 56
631 93 589 97 685 93 638 95 33
633 159 593 159 687 161 645 161 125
633 174 594 174 687 177 646 177 42
632 197 606 197 685 201 656 201 16
633 225 605 225 685 231 656 230 42
631 229 602 229 683 235 653 235 102
631 241 602 240 683 247 653 246 97
633 283 596 281 687 293 644 293 27
631 295 590 294 685 305 642 305 36
633 295 592 295 687 305 644 305 40
633 298 592 298 687 309 643 309 73
631 327 580 327 687 341 632 341 63
630 332 578 332 687 347 631 347 85
628 341 573 340 685 357 626 356 86
630 337 576 337 687 353 629 353 154
634 23 587 21 689 17 641 16 54
637 94 589 93 689 91 645 91 35
642 144 603 145 693 145 657 143 49
643 161 601 162 693 165 653 165 78
637 166 599 166 691 169 650 169 95
636 179 598 176 691 181 649 180 39
639 212 613 212 691 217 663 217 19
641 220 607 219 693 225 658 224 70
639 227 609 227 691 233 660 233 92
638 257 607 257 691 263 660 264 58
636 273 597 273 691 281 648 283 46
639 285 599 285 693 295 650 295 18
646 119 606 120 699 121 657 121 43
643 167 605 168 697 171 657 171 54
644 222 615 222 697 227 667 227 36
641 270 601 271 695 279 654 279 53
640 281 600 282 695 291 653 291 25
642 287 601 287 697 297 654 297 50
640 283 600 284 695 293 654 294 18
642 296 601 296 699 307 653 307 76
639 344 583 344 697 361 636 361 108
651 37 596 39 705 33 646 35 70
646 67 600 70 701 67 651 65 30
650 174 611 174 705 177 663 179 43
647 172 608 171 701 175 660 175 35
651 170 612 170 705 173 663 171 43
651 184 611 187 705 189 660 188 45
648 225 619 225 701 231 670 230 31
650 221 621 222 703 227 673 227 30
652 229 621 231 705 235 675 235 30
649 244 619 243 703 251 671 250 61
645 300 599 300 701 311 655 311 100
647 312 601 312 701 325 650 325 46
645 316 597 316 701 329 650 329 30
646 342 591 342 705 359 645 359 82
652 58 613 59 707 55 665 54 25
653 96 610 96 709 95 664 95 23
656 233 627 233 709 239 679 239 32
655 239 625 238 709 245 677 244 42
655 279 615 280 709 291 669 289 22
652 294 611 294 707 305 664 305 53
650 300 607 300 707 311 661 311 118
651 319 603 319 709 333 657 333 47
649 321 600 321 707 335 654 335 47
658 27 607 27 715 23 671 22 48
657 61 618 60 713 57 670 57 24
658 66 618 66 713 63 671 62 30
659 113 617 111 713 113 668 112 27
660 174 622 173 715 177 675 176 24
660 193 622 193 715 197 675 197 18
663 214 625 214 717 219 676 218 33
660 230 631 230 713 235 682 235 27
660 240 630 240 715 247 682 247 59
659 255 619 253 715 263 672 262 42
661 272 630 271 717 281 683 281 99
661 287 620 287 717 297 674 297 58
657 285 617 285 713 295 670 295 31
659 283 619 283 715 293 672 293 46
659 304 615 304 715 315 668 315 70
659 310 613 310 717 323 668 323 132
659 330 607 330 717 345 662 345 124
655 326 604 326 713 341 658 341 78
658 333 606 333 717 349 660 349 122
656 337 602 337 715 353 656 353 101
666 27 619 27 723 21 670 20 39
666 36 622 35 723 33 677 32 45
664 41 618 41 719 37 670 39 53
663 60 624 60 719 57 676 56 28
664 67 624 66 719 63 677 62 21
663 102 621 101 719 101 674 100 30
663 141 629 140 719 141 683 140 24
668 149 631 151 723 151 686 150 21
666 155 630 156 721 157 683 157 15
663 179 627 181 719 183 679 183 14
663 201 627 199 719 205 679 205 19
667 221 631 223 721 227 687 226 32
667 268 626 269 723 277 680 277 73
662 289 622 289 719 299 676 299 42
667 292 627 291 723 303 680 303 75
666 309 620 309 723 321 675 321 113
662 330 610 330 721 345 665 345 132
661 337 607 337 721 353 662 353 108
663 337 610 336 723 353 664 353 137
671 28 623 28 729 21 680 21 25
669 31 622 30 725 25 675 23 30
673 160 635 157 729 161 690 161 15
673 195 634 194 729 199 688 199 12
672 225 634 225 727 231 688 230 31
674 233 643 233 729 239 696 239 38
670 281 635 283 727 291 685 291 54
668 296 627 296 725 307 681 307 66
672 300 630 300 729 311 684 311 60
668 305 623 305 725 317 677 317 142
670 312 621 312 729 325 679 325 89
667 340 612 340 727 357 668 357 168
679 157 640 155 735 159 696 159 32
677 165 642 165 733 169 695 168 18
677 180 640 179 733 183 694 183 27
679 191 642 189 735 195 695 193 21
675 189 638 189 731 193 691 193 21
679 189 642 188 735 193 696 192 21
678 237 648 237 733 243 701 243 40
676 248 637 247 733 257 691 256 25
674 270 635 270 731 279 689 278 79
676 274 637 274 733 283 691 283 78
678 281 639 281 735 291 693 291 49
676 291 636 290 733 301 690 301 63
677 308 631 308 735 321 687 321 79
675 309 631 309 733 321 685 321 137
674 314 626 314 733 327 689 327 268
679 25 633 27 737 17 687 16 28
681 65 636 65 739 61 692 62 26
680 84 637 81 737 81 692 79 58
683 122 646 121 741 123 700 121 34
683 159 647 160 739 161 701 163 32
684 171 648 171 741 175 702 175 25
683 176 645 176 739 179 700 179 22
683 206 645 206 739 211 699 211 25
684 235 655 233 739 241 709 240 47
680 291 642 290 739 301 696 301 90
681 296 641 296 739 307 695 307 141
680 317 632 317 739 331 687 331 214
677 337 624 336 739 353 680 353 159
687 78 644 78 745 75 699 75 30
689 138 648 138 747 139 704 139 59
690 155 646 155 747 157 701 156 38
686 170 649 169 743 173 704 172 32
688 229 659 229 743 235 713 235 35
689 251 649 251 747 259 705 259 30
685 266 647 265 743 275 701 274 80
688 270 648 271 745 279 702 279 57
687 294 647 294 747 305 703 305 159
682 310 637 310 745 323 695 323 202
684 326 633 326 745 341 689 341 197
694 80 652 80 753 77 708 77 38
691 82 649 82 749 79 704 79 38
695 136 654 135 753 137 710 137 53
693 247 654 247 751 255 709 255 50
694 287 654 286 753 297 710 297 95
694 304 649 304 753 317 705 317 290
688 314 642 313 749 327 698 327 234
693 310 647 310 753 323 704 323 176
687 317 639 317 749 331 696 331 260
687 343 631 343 749 361 688 361 188
699 24 653 23 759 17 710 16 23
695 26 650 25 755 19 706 19 22
695 64 656 64 755 59 711 60 73
696 76 654 78 755 73 711 74 50
703 121 664 121 759 123 717 121 65
699 134 658 134 757 135 714 134 62
699 181 666 180 757 185 725 185 30
698 196 663 197 755 201 717 200 28
702 194 664 197 759 199 719 201 18
702 240 670 240 759 247 725 247 40
701 239 669 239 757 245 724 245 39
697 250 657 250 755 259 713 257 94
700 249 661 248 759 257 716 257 66
698 262 658 262 757 271 714 271 49
697 266 657 266 755 275 713 275 98
695 308 649 308 755 321 706 321 226
699 312 651 312 759 325 709 325 188
694 315 647 315 755 329 704 329 332
693 325 643 325 757 341 702 341 131
693 332 640 333 755 349 697 349 126
694 343 638 343 757 361 696 361 140
707 204 671 204 765 209 727 210 24
704 236 673 237 761 243 728 243 26
708 250 667 248 765 257 722 255 66
704 255 664 254 763 263 721 263 96
706 266 666 266 765 275 722 275 94
702 281 663 281 761 291 719 291 81
702 279 663 279 761 289 719 289 59
703 308 657 308 763 321 714 321 202
704 319 655 319 765 333 713 333 113
702 331 649 331 765 347 708 347 113
700 336 646 336 763 353 704 353 152
707 29 661 28 767 21 719 21 30
706 69 654 70 767 65 712 65 40
709 123 665 123 769 123 722 123 36
707 127 664 127 767 127 721 127 60
711 125 667 125 771 125 724 125 48
711 131 668 130 771 131 726 129 39
711 165 681 163 771 167 735 168 36
712 170 681 169 769 173 737 173 29
710 202 675 202 769 207 731 206 19
710 222 679 221 767 227 735 227 13
714 235 683 235 771 241 739 241 29
712 239 681 239 769 245 736 245 31
710 253 670 253 769 261 727 261 62
708 253 668 252 767 261 725 261 61
709 256 669 256 769 265 726 265 79
707 258 668 258 767 267 724 267 58
711 260 671 260 771 269 728 269 73
707 278 668 278 767 289 725 289 91
709 313 661 313 771 327 719 327 135
707 315 659 315 769 329 717 329 134
709 319 660 319 771 333 719 333 105
706 329 654 329 769 345 712 345 119
705 340 650 340 769 357 709 357 120
705 345 649 345 769 363 707 363 158
703 343 647 343 767 361 706 361 97
713 55 661 55 775 49 720 48 40
715 58 663 59 777 53 721 53 40
711 64 660 64 773 59 719 58 42
714 79 663 79 777 75 721 74 39
714 91 663 91 777 87 722 87 31
716 131 672 131 777 131 730 130 26
716 167 685 166 773 169 740 169 25
716 207 680 207 775 213 736 212 33
715 242 685 242 773 249 741 249 47
717 257 677 257 777 265 735 265 69
714 258 674 258 773 267 731 267 53
716 290 676 290 777 301 734 301 52
716 296 676 295 777 307 733 307 67
712 301 669 301 773 313 726 313 103
709 332 656 333 773 349 715 349 114
714 331 661 331 777 347 720 347 183
713 336 659 336 777 353 718 353 111
712 344 656 345 777 363 715 363 103
721 59 666 58 783 53 729 53 32
716 93 665 93 779 89 723 89 37
722 139 677 138 783 139 736 139 65
720 148 675 147 781 149 733 148 69
723 174 693 174 781 177 749 177 59
723 256 693 258 783 265 746 267 105
719 262 679 262 779 271 737 271 69
722 274 684 273 783 283 742 283 73
719 271 679 271 779 281 737 280 73
719 278 680 277 779 287 737 287 69
722 284 682 284 783 295 740 295 65
722 313 674 313 783 327 732 327 90
717 331 664 330 781 347 723 347 123
722 77 671 77 785 75 730 73 23
722 93 671 92 785 89 730 89 19
725 124 683 123 787 123 739 123 90
724 141 679 140 785 141 738 141 87
731 160 700 158 789 161 757 161 48
729 159 698 158 787 161 755 161 48
731 176 701 176 789 179 757 179 52
729 233 699 233 787 239 756 239 34
726 299 684 299 789 311 743 311 86
723 304 678 304 785 317 738 317 61
724 313 676 313 787 327 735 327 173
721 320 671 320 785 335 731 335 89
721 336 667 336 787 353 728 353 201
728 26 678 25 793 17 737 16 32
731 33 680 33 795 25 740 24 37
729 56 679 56 791 51 739 49 24
728 102 678 102 791 99 737 98 42
733 166 702 166 791 169 759 168 72
737 169 706 168 795 171 763 171 65
733 225 704 225 791 231 760 231 19
730 271 692 270 791 281 749 281 110
732 288 691 288 793 299 750 299 54
732 294 691 294 793 305 749 305 47
731 303 685 302 793 315 745 315 56
729 311 682 311 791 325 740 325 110
736 28 685 28 801 19 745 17 30
734 45 684 45 799 37 744 37 32
737 48 687 47 801 41 747 40 24
738 62 689 62 801 55 748 55 19
740 168 710 168 799 171 767 171 64
742 205 712 205 801 209 769 209 26
739 217 710 217 797 223 761 223 51
742 231 713 230 801 237 770 237 39
740 227 711 227 799 233 768 233 23
742 235 712 235 801 241 769 241 64
738 240 708 240 797 247 765 247 95
739 249 699 249 801 257 759 257 120
735 251 695 252 797 259 752 260 125
737 280 697 281 799 291 756 291 38
738 288 697 288 801 299 757 299 70
737 292 697 292 799 303 755 303 31
733 295 691 295 799 307 754 307 61
736 320 686 320 801 335 747 335 90
730 346 673 346 799 363 738 363 140
739 38 688 39 803 31 749 30 31
742 41 691 39 807 33 752 32 23
738 42 688 41 803 35 749 35 21
741 75 690 75 807 69 751 69 37
742 89 690 89 807 85 751 85 31
738 98 686 98 803 95 747 94 27
744 203 714 203 803 207 771 207 26
746 208 716 208 805 213 773 213 22
748 218 718 218 807 223 776 223 19
748 231 718 229 807 237 776 237 34
746 228 716 228 805 235 774 235 30
746 235 718 236 805 241 774 241 63
741 247 701 246 803 255 761 255 110
743 251 703 251 805 259 763 258 94
741 288 699 288 803 299 759 299 42
740 297 697 297 803 309 757 309 46
740 294 699 294 803 305 759 305 55
742 303 697 303 803 315 755 315 61
742 304 698 304 807 317 759 317 84
739 308 693 308 803 321 753 321 81
739 309 693 309 803 323 753 323 63
739 323 689 323 805 339 750 339 85
738 323 687 323 803 339 748 339 81
736 336 682 335 803 353 744 353 162
746 30 697 30 811 21 758 21 25
746 37 696 37 811 29 756 29 29
744 45 694 44 809 37 754 37 30
746 60 696 59 811 53 757 52 22
748 88 696 87 813 83 758 83 46
745 91 694 91 811 87 756 87 29
743 93 693 93 809 89 754 88 24
753 146 724 145 813 147 782 147 57
751 149 722 149 811 151 780 151 76
754 155 725 155 813 157 785 157 93
746 153 717 154 809 155 775 155 57
751 184 714 183 813 187 773 187 38
751 190 713 189 813 193 773 193 54
752 219 722 219 811 225 780 225 28
749 225 720 223 809 229 778 228 21
754 225 725 225 813 231 783 230 21
753 236 723 236 813 243 782 242 84
747 263 708 263 809 271 767 271 38
751 267 711 268 813 275 771 276 39
750 290 709 290 813 301 770 301 26
749 308 703 308 813 321 764 321 63
747 320 697 320 813 335 759 335 88
754 27 705 26 819 19 767 17 28
751 60 701 59 817 53 763 53 47
750 90 699 90 815 85 762 87 46
759 151 729 151 819 153 787 153 98
756 185 719 185 819 189 779 188 28
756 191 719 191 819 195 779 195 28
754 188 717 187 817 191 777 191 45
756 189 719 189 819 193 779 193 40
759 202 729 202 817 207 786 207 24
759 214 730 214 819 219 788 219 20
755 215 726 216 815 221 784 220 20
758 236 729 237 819 243 787 243 60
755 240 724 240 815 247 783 247 71
756 253 716 253 819 261 776 261 48
752 249 712 249 815 257 772 257 70
752 283 711 283 815 293 772 293 36
753 293 712 293 817 305 772 305 33
752 306 707 306 817 319 768 319 77
750 309 703 309 815 323 765 323 58
751 319 701 318 817 333 763 333 104
755 327 703 327 815 343 759 343 169
747 333 693 333 815 351 756 351 163
762 218 733 218 823 223 791 223 28
761 229 733 229 821 235 791 235 34
761 255 724 255 825 263 787 264 71
761 273 721 273 825 283 782 283 26
757 280 717 281 821 291 778 291 14
757 292 716 292 821 303 776 303 27
757 297 715 297 821 309 776 309 38
755 302 709 302 821 315 773 315 90
755 308 709 308 821 321 772 321 63
759 311 712 311 825 325 774 325 131
754 321 704 321 821 337 766 337 76
755 327 704 327 821 343 765 343 113
767 229 737 229 827 235 797 235 93
767 258 727 257 831 265 798 266 112
767 288 727 288 831 299 789 298 22
764 309 717 309 831 323 780 323 105
761 321 711 321 827 337 771 337 118
761 319 712 319 829 335 775 335 135
763 325 713 325 831 341 776 341 141
758 334 702 333 827 351 768 351 173
777 231 750 229 837 237 809 235 194
768 251 730 251 833 259 792 259 132
770 260 736 260 835 269 801 267 98
771 300 727 300 837 313 789 313 87
766 307 719 307 835 321 785 321 77
771 304 726 304 837 317 789 317 100
769 312 722 313 837 327 785 327 152
768 321 718 321 837 337 782 337 149
775 51 726 50 843 41 790 39 27
782 195 756 195 843 201 815 199 196
782 204 756 204 843 207 815 208 242
781 211 754 215 841 219 813 221 222
781 227 755 227 841 233 814 233 263
782 232 756 232 843 237 816 237 386
772 298 730 298 841 311 793 311 51
774 302 730 302 841 315 793 315 80
775 311 729 311 843 325 791 325 129
769 329 717 329 841 345 784 345 129
770 339 715 339 841 357 781 357 113
768 340 713 340 839 359 778 359 135
780 38 730 37 849 29 795 28 17
777 100 725 99 845 95 789 95 148
784 178 758 175 845 179 817 177 185
788 197 762 196 849 201 821 203 132
788 202 762 203 849 207 821 206 268
784 224 758 223 845 229 817 229 244
779 275 740 276 845 287 803 286 17
778 300 734 300 845 313 797 313 82
778 316 730 316 847 331 794 331 175
778 320 729 320 847 335 793 335 198
780 327 732 326 849 343 793 343 254
784 30 735 30 853 21 800 20 23
782 31 733 32 851 23 798 22 20
782 41 732 40 851 33 797 32 16
784 44 734 43 853 35 799 35 22
790 152 764 152 851 153 823 153 503
789 158 763 158 851 159 823 158 492
793 160 767 160 855 161 826 161 308
794 213 770 212 855 219 828 218 212
790 218 764 218 851 223 823 224 323
794 222 767 222 855 227 827 227 284
790 224 764 224 851 229 823 229 470
792 228 766 228 853 233 825 233 376
784 291 744 291 851 303 806 303 23
781 323 730 323 851 339 796 339 163
795 268 760 268 861 277 824 277 84
793 268 759 268 859 277 823 276 73
795 273 759 273 861 283 822 283 50
790 293 749 293 857 305 812 305 23
789 311 743 310 859 325 808 325 150
787 325 739 324 857 341 802 341 185
788 340 732 340 861 359 800 359 97
801 222 776 221 863 227 836 227 218
805 226 780 227 867 231 841 231 218
798 275 760 275 865 285 824 285 60
799 271 762 271 865 281 827 281 102
797 284 757 284 865 295 821 295 37
798 295 756 295 867 307 822 307 12
793 314 745 314 863 329 811 329 229
793 320 745 320 865 335 812 335 178
811 220 786 220 873 225 847 225 274
807 226 782 226 869 231 843 231 217
805 267 766 268 873 277 831 277 107
801 291 757 289 869 303 817 303 32
802 291 761 291 871 303 827 303 11
803 307 757 307 873 321 823 321 92
803 313 754 312 873 327 821 327 195
797 313 749 313 869 327 817 327 205
797 335 743 335 871 353 811 353 76
807 34 755 34 879 25 823 24 40
814 224 790 224 877 229 851 229 264
817 222 792 222 879 227 854 227 324
811 260 767 262 879 269 829 271 149
806 278 767 278 875 289 832 289 27
810 291 769 291 879 303 835 303 9
808 288 769 287 877 299 834 299 15
806 308 760 308 877 323 826 323 144
804 325 753 325 877 341 822 341 191
815 161 783 161 881 163 854 163 453
818 227 794 227 881 233 856 233 181
815 282 775 282 885 293 842 293 17
808 329 755 329 883 347 825 347 139
821 245 781 245 891 253 847 252 222
822 259 782 258 891 267 848 267 103
820 266 782 265 891 275 848 274 116
821 271 782 271 891 281 849 281 71
821 278 781 278 891 289 848 289 26
817 278 777 278 887 289 844 289 35
821 287 778 288 891 299 847 301 15
821 307 772 307 891 321 841 321 105
818 313 771 313 891 327 840 327 157
814 326 763 326 889 343 832 343 117
827 213 805 212 897 217 870 217 252
834 218 810 218 897 223 872 223 408
831 233 808 233 895 239 870 238 283
834 235 810 235 897 241 872 240 698
824 248 785 248 895 255 852 256 192
823 269 784 269 893 279 851 279 129
825 273 785 273 895 283 853 283 78
825 282 784 281 895 293 852 293 35
826 294 784 295 897 307 851 308 25
825 306 778 307 897 321 847 321 200
822 311 775 311 895 325 844 325 175
827 209 805 209 899 215 869 213 199
833 217 813 216 903 221 875 221 423
838 222 814 222 901 227 877 227 222
829 248 791 247 901 255 859 255 260
829 246 791 245 901 253 858 253 319
831 291 790 291 903 303 858 303 24
826 292 788 290 899 303 854 303 19
827 304 783 303 901 319 851 318 209
827 323 777 322 903 339 847 339 105
822 329 770 330 899 347 841 347 117
822 336 767 336 899 355 839 355 103
845 235 822 235 909 241 885 240 301
838 262 798 262 909 271 867 271 141
837 270 797 271 907 281 866 282 117
835 278 796 278 907 289 864 289 58
837 284 797 284 909 295 865 295 55
834 285 794 285 905 297 862 297 36
837 287 797 287 909 299 865 299 31
833 307 787 307 907 321 857 321 191
833 317 781 317 909 333 855 333 305
829 325 778 325 905 341 855 343 183
845 167 811 165 911 169 883 169 542
848 210 825 210 913 215 889 214 192
841 245 802 245 913 253 870 253 335
840 269 800 270 911 279 867 279 134
843 273 804 273 915 283 873 283 83
843 279 803 279 915 291 872 291 122
836 306 790 306 911 321 861 321 88
834 321 784 321 911 337 856 337 105
839 319 789 319 915 335 861 335 111
838 324 787 324 915 341 859 341 160
856 205 834 205 921 209 897 209 90
856 218 834 218 921 223 898 222 97
856 228 834 227 921 233 898 233 187
845 243 806 243 917 251 875 251 378
846 284 806 284 919 295 875 295 70
846 291 808 291 919 303 874 303 28
848 287 808 287 921 299 877 299 40
847 294 805 294 921 307 876 307 49
843 324 791 324 917 341 861 341 173
860 198 837 199 925 203 902 203 310
858 209 836 208 923 213 900 212 224
858 218 836 218 923 223 900 222 194
862 228 840 227 927 233 904 233 172
858 233 836 233 923 239 900 239 268
851 243 812 243 923 251 881 251 356
851 273 815 273 927 283 885 283 70
850 276 810 276 923 287 880 287 74
851 289 811 289 925 301 881 301 21
847 295 799 295 923 309 877 309 38
847 306 799 306 923 321 874 321 118
847 312 800 312 923 327 872 327 104
848 315 799 315 925 331 872 331 145
847 321 797 321 925 337 871 337 119
865 187 839 186 931 191 901 191 385
864 197 842 197 929 201 906 200 185
867 203 845 203 933 209 910 209 120
867 220 846 220 933 225 910 225 275
857 247 819 245 931 255 889 254 276
855 270 819 271 931 281 891 282 110
857 282 817 282 931 293 888 293 52
858 292 815 292 933 305 888 305 44
854 312 807 312 931 327 880 327 169
851 319 801 319 929 335 875 335 120
870 175 839 177 935 177 904 176 650
871 207 849 206 937 211 914 210 153
869 209 848 208 935 213 912 212 343
869 216 848 216 935 221 912 221 329
869 224 848 224 935 229 912 229 209
871 222 850 222 937 227 915 227 174
869 235 847 235 935 241 912 241 261
865 243 825 243 939 251 896 251 281
863 258 824 259 937 267 896 266 150
863 262 824 262 937 271 895 271 126
861 278 821 278 935 289 892 289 48
862 282 822 282 937 293 893 293 51
864 286 824 286 939 297 896 297 35
864 282 824 282 939 293 896 293 52
859 308 813 308 937 323 886 323 127
862 78 808 78 943 71 883 70 187
877 206 855 205 943 211 920 211 221
868 247 830 247 943 255 902 255 225
867 267 828 266 941 277 898 277 137
868 271 830 270 943 281 901 281 116
866 305 821 305 943 319 894 319 78
868 85 814 85 949 79 890 78 116
883 174 855 173 951 175 924 175 502
876 261 841 260 951 269 911 269 268
872 274 834 274 947 285 905 285 84
870 292 830 292 949 305 904 305 66
873 303 829 303 951 317 902 317 134
868 306 823 307 947 321 897 321 109
868 325 816 325 949 343 893 343 98
869 330 816 330 951 349 893 349 58
865 332 812 333 947 351 888 351 83
874 60 820 59 957 51 897 49 283
873 82 821 81 955 75 897 74 198
875 84 822 83 957 77 899 76 168
887 191 865 195 953 193 931 193 473
877 280 838 280 953 291 911 290 59
877 299 833 299 955 313 907 313 87
877 304 833 304 957 319 908 319 102
872 317 824 317 953 333 899 333 118
875 313 827 314 955 329 902 329 109
875 320 825 321 957 337 902 337 91
873 335 818 336 957 355 896 355 81
873 339 817 339 957 359 896 359 75
892 205 871 204 959 209 935 207 417
889 253 851 252 961 261 920 261 286
886 269 847 269 961 279 920 278 224
882 274 844 274 959 285 917 285 126
885 287 845 287 963 299 919 299 113
885 292 844 292 963 305 918 305 147
881 297 838 297 959 311 912 311 119
884 301 840 301 963 315 915 315 115
878 323 827 323 961 341 905 341 73
880 327 829 328 963 345 906 345 48
877 332 824 332 961 351 902 352 102
895 258 857 257 969 267 932 269 401
893 269 856 269 969 279 927 279 319
891 291 849 290 969 303 924 303 195
887 303 843 303 967 317 919 317 128
888 309 843 311 969 323 919 323 154
885 315 837 315 967 331 914 331 91
881 340 825 340 967 361 905 361 85
897 167 875 169 971 171 949 171 859
895 264 857 264 971 273 933 274 404
895 280 854 279 973 291 930 291 173
894 292 852 292 973 305 928 305 143
893 310 847 310 975 325 924 325 99
888 316 839 316 971 333 918 333 63
890 315 842 315 973 331 921 331 81
891 322 842 322 975 339 921 339 61
888 325 837 325 973 343 916 343 49
891 329 838 329 975 347 918 347 66
888 342 832 342 975 363 912 363 112
900 33 856 32 981 23 932 21 137
901 50 857 49 981 41 933 39 97
900 274 861 274 979 285 936 285 226
896 324 845 325 981 343 924 343 54
895 333 841 333 979 349 921 349 86
892 339 837 339 979 359 917 357 101
904 31 859 31 985 21 936 20 124
916 201 893 201 987 207 963 205 272
907 285 867 285 987 297 944 297 174
904 302 863 303 987 317 939 317 89
898 337 843 336 985 357 923 358 78
908 41 864 42 989 33 941 35 129
920 201 897 199 991 205 967 205 254
909 270 869 269 989 281 951 283 236
909 279 869 279 989 291 946 291 123
913 285 873 285 993 297 950 297 167
911 296 868 295 993 309 946 309 149
906 308 860 309 989 323 939 322 105
928 186 905 185 999 189 976 189 309
928 190 905 189 999 193 976 193 323
924 190 902 189 995 193 971 192 339
924 197 902 197 995 201 972 201 239
924 196 903 195 995 199 972 199 271
925 209 901 209 997 215 975 215 258
915 264 877 264 995 275 953 274 298
915 271 877 270 995 281 953 281 206
915 281 876 281 995 293 953 293 136
915 297 872 297 997 311 950 311 100
912 313 865 313 997 329 945 329 97
917 61 867 60 1003 51 948 50 68
931 174 910 174 1003 177 981 176 336
931 184 909 184 1003 187 979 186 199
921 279 883 279 1003 291 961 291 186
919 288 879 289 1001 301 957 301 92
918 308 872 308 1003 323 953 323 86
912 342 855 341 1003 363 940 363 130
920 61 870 60 1009 51 952 51 64
936 190 913 189 1009 193 984 193 217
934 188 911 188 1007 191 982 191 273
934 194 912 193 1007 197 983 196 263
925 244 887 242 1007 251 965 251 122
925 263 887 262 1007 273 965 273 282
925 281 887 281 1007 293 965 293 179
927 283 888 283 1009 295 967 295 118
925 289 885 289 1007 301 964 301 256
923 301 878 300 1007 315 953 315 71
926 297 883 297 1011 311 964 311 59
921 304 878 304 1007 319 958 319 77
922 314 874 315 1009 331 956 331 54
920 337 864 337 1011 357 950 357 60
919 340 864 340 1011 361 949 361 83
924 68 878 67 1013 59 961 57 121
928 127 881 126 1015 125 963 124 92
940 186 917 185 1013 189 988 188 248
944 203 922 201 1017 207 994 206 187
932 285 894 285 1015 297 973 297 178
928 311 881 311 1015 327 963 327 69
926 332 873 332 1017 351 958 351 62
932 49 881 49 1021 37 965 37 84
934 59 883 58 1023 49 967 48 134
933 82 882 82 1023 75 966 74 247
932 134 885 133 1019 133 967 132 141
948 194 926 193 1021 197 999 197 144
950 200 927 199 1023 203 1001 203 179
945 226 925 225 1019 231 995 231 239
941 253 909 253 1021 261 986 261 437
937 256 905 256 1019 265 981 264 340
937 263 901 265 1019 275 978 273 294
938 283 900 283 1021 295 979 295 136
938 287 898 286 1021 299 978 299 119
931 325 879 324 1021 343 964 343 54
926 341 869 341 1019 363 956 363 83
940 34 890 34 1029 21 974 20 88
937 48 886 47 1027 37 971 36 130
936 111 888 110 1025 107 972 106 190
954 203 935 203 1027 207 1006 207 167
947 243 916 241 1027 251 991 251 220
949 251 918 251 1029 259 995 259 177
947 249 916 249 1027 257 993 257 167
944 258 911 258 1025 267 989 267 269
947 255 915 254 1027 263 993 263 254
944 265 910 265 1025 275 988 275 149
948 269 914 269 1029 279 992 279 190
946 278 909 278 1029 289 989 289 121
942 279 905 279 1025 291 984 291 150
943 281 906 281 1027 293 986 293 114
942 285 903 285 1025 297 983 297 83
938 325 887 325 1029 343 972 343 67
934 328 882 328 1025 347 968 348 74
937 330 885 329 1029 349 971 349 61
943 54 893 51 1035 43 978 42 145
946 136 899 136 1035 135 983 135 98
955 240 924 240 1035 247 1002 246 213
953 249 921 249 1033 257 999 257 103
954 263 921 263 1035 273 999 273 176
952 267 918 267 1033 277 997 277 172
949 275 913 275 1031 285 993 285 162
942 311 895 311 1031 327 980 327 57
943 316 895 316 1033 333 980 333 92
944 325 891 324 1035 343 978 343 68
941 334 887 335 1035 355 974 355 60
951 68 904 67 1041 59 988 58 188
962 225 938 225 1037 231 1015 231 220
960 247 930 247 1041 255 1008 255 164
959 243 929 243 1039 251 1006 251 136
956 253 924 252 1037 261 1003 261 217
958 249 927 248 1039 257 1005 257 148
960 256 928 256 1041 265 1006 265 193
957 260 925 260 1039 269 1004 269 199
954 278 919 277 1039 289 1001 288 158
956 283 918 283 1041 295 1000 295 164
951 299 911 300 1039 313 991 313 101
950 308 904 307 1041 325 989 325 88
950 317 901 318 1041 335 987 335 65
946 321 895 321 1037 339 982 339 75
943 326 892 327 1037 347 979 347 111
942 338 886 338 1037 359 975 359 70
953 61 903 60 1045 51 989 50 107
955 104 907 104 1045 99 992 99 278
955 115 906 114 1047 111 992 110 110
953 111 904 111 1045 107 990 106 155
954 119 905 118 1045 115 991 114 116
952 117 903 116 1043 113 989 112 121
952 126 903 127 1043 123 989 123 193
956 134 911 133 1045 133 995 132 154
968 228 944 228 1043 233 1020 233 255
958 276 924 275 1043 287 1003 287 182
961 285 923 285 1047 297 1005 297 135
959 292 919 292 1047 305 1002 305 169
956 313 908 313 1047 329 994 329 83
950 325 900 325 1043 343 987 343 54
959 116 910 117 1051 113 996 112 149
963 142 918 141 1053 141 1004 140 94
978 213 957 212 1053 217 1032 216 234
973 221 947 221 1049 229 1027 227 315
969 251 938 250 1051 259 1018 259 156
967 256 936 256 1049 265 1015 265 122
966 267 933 267 1049 277 1013 277 205
971 266 938 266 1053 275 1018 275 179
969 272 934 272 1053 283 1015 283 214
960 300 917 300 1051 315 1003 315 92
963 302 919 302 1053 317 1005 317 78
959 327 907 327 1053 345 995 345 71
954 334 898 334 1049 355 989 355 97
967 108 922 107 1059 103 1009 102 154
966 135 919 134 1057 133 1005 133 82
966 140 921 139 1057 139 1007 138 77
970 144 923 144 1059 143 1009 142 112
981 207 962 207 1057 211 1037 211 278
978 221 949 221 1059 227 1030 226 327
975 240 945 240 1059 247 1027 247 206
973 244 942 243 1055 251 1022 251 147
975 244 945 244 1057 251 1024 251 286
973 255 942 254 1055 263 1022 263 107
972 287 932 287 1057 299 1016 299 158
964 319 915 319 1059 337 1004 337 68
963 325 909 325 1057 343 1002 344 117
969 68 921 68 1061 59 1008 58 234
970 113 924 112 1061 109 1011 108 124
974 123 928 123 1065 119 1016 118 94
970 138 924 137 1061 137 1011 136 90
972 140 926 140 1063 139 1013 139 75
985 203 965 203 1061 207 1040 207 252
977 234 949 233 1065 241 1027 241 335
981 245 952 245 1063 253 1032 253 112
978 255 948 255 1061 263 1028 263 183
978 259 947 259 1061 267 1028 267 210
979 267 946 267 1065 277 1029 277 123
981 272 947 272 1065 283 1028 283 148
975 293 933 293 1065 307 1020 307 113
969 316 920 316 1063 333 1010 333 65
965 331 911 330 1061 351 1002 351 79
966 334 913 334 1063 355 1003 355 90
975 104 930 104 1067 99 1017 98 218
975 111 929 110 1067 107 1016 106 93
979 118 933 118 1071 115 1021 114 115
975 138 929 138 1067 137 1016 136 88
993 203 973 202 1071 207 1050 206 332
989 220 962 219 1071 225 1041 225 318
989 225 961 225 1069 229 1039 228 553
985 238 957 238 1069 245 1039 245 374
985 243 956 243 1067 251 1036 251 128
986 247 957 247 1069 255 1038 255 195
984 249 955 249 1067 257 1035 257 136
988 255 959 254 1071 263 1040 263 192
983 262 952 262 1067 271 1034 271 157
985 289 947 289 1071 301 1028 301 88
976 316 927 316 1071 333 1017 333 69
975 321 925 321 1071 339 1016 339 108
981 102 935 102 1073 97 1024 96 206
982 129 937 129 1075 127 1025 126 159
992 242 964 241 1075 249 1045 249 172
994 251 965 251 1077 259 1046 259 174
992 263 960 263 1077 273 1043 273 135
987 269 953 269 1073 279 1037 279 78
983 300 939 300 1077 315 1029 315 106
982 316 933 316 1077 333 1024 333 78
979 312 931 312 1073 329 1021 329 114
989 97 944 97 1083 91 1035 89 231
988 105 943 105 1081 101 1031 100 141
986 126 940 125 1079 123 1030 122 148
987 130 942 129 1081 127 1030 127 195
990 144 944 144 1083 143 1034 142 107
998 214 973 213 1079 219 1053 218 237
1002 212 977 212 1083 217 1056 217 235
998 218 968 218 1081 223 1050 223 223
1000 218 977 217 1083 223 1055 223 176
998 240 970 240 1081 247 1051 247 131
996 242 968 242 1079 249 1049 249 136
998 244 969 243 1081 251 1051 251 147
1001 257 973 257 1083 265 1053 265 265
983 289 943 289 1079 303 1043 304 130
987 295 944 295 1079 309 1035 309 135
986 319 937 319 1083 337 1029 337 98
994 98 948 99 1087 93 1038 92 177
990 109 945 110 1085 105 1035 105 120
990 115 943 114 1085 111 1033 110 125
1007 210 986 209 1087 215 1065 214 222
1003 223 976 223 1087 229 1058 229 120
1005 231 978 231 1089 237 1060 237 112
1004 229 975 228 1087 235 1058 235 125
1005 240 977 239 1089 247 1059 247 107
1004 255 977 254 1089 263 1059 263 181
999 260 967 260 1085 269 1051 269 181
993 299 950 299 1087 313 1040 313 81
993 309 947 309 1089 325 1033 324 118
991 308 939 306 1085 323 1036 323 100
996 102 951 102 1091 97 1042 96 164
1007 245 979 245 1091 253 1062 253 101
1009 244 981 244 1093 251 1064 251 134
1009 249 982 249 1093 257 1064 257 200
1002 97 958 97 1099 93 1048 91 238
1004 115 957 115 1101 111 1049 110 125
1005 126 961 125 1101 123 1052 122 223
1014 247 988 247 1099 255 1071 255 271
1016 251 989 251 1101 259 1072 259 246
1006 292 967 292 1099 305 1055 305 105
1000 309 955 310 1097 325 1048 326 131
1006 119 960 118 1103 115 1052 114 137
1006 122 957 122 1103 119 1048 119 270
1021 220 995 220 1105 225 1078 225 239
1020 223 994 223 1105 229 1077 229 199
1008 287 969 287 1107 301 1065 301 80
1008 291 969 291 1105 305 1061 305 95
1011 298 967 298 1107 313 1060 313 88
1022 221 996 221 1109 227 1082 227 314
1018 280 978 280 1113 293 1063 291 57
1014 300 969 299 1111 315 1064 315 109
1022 261 990 261 1115 269 1078 270 129
1023 280 987 280 1119 293 1079 293 49
1018 287 977 287 1115 301 1070 301 82
1021 293 975 292 1119 307 1074 307 116
1019 293 977 293 1115 307 1070 307 89
1032 259 998 259 1125 267 1087 268 197
1028 255 994 254 1121 263 1083 264 146
1030 259 995 260 1123 267 1085 268 127
1029 282 991 282 1123 295 1083 294 127
1025 289 983 289 1125 303 1077 303 80
1022 296 979 296 1121 311 1074 311 95
1032 73 991 75 1127 67 1077 65 620
1035 239 999 239 1129 247 1090 247 230
1035 270 1001 270 1127 279 1090 279 24
1031 302 988 302 1131 317 1083 317 84
1038 223 1002 223 1133 229 1094 229 287
1046 204 1010 204 1141 211 1103 209 193
1046 230 1010 230 1141 237 1103 237 195
1044 228 1008 228 1139 235 1101 235 157
1043 246 1006 246 1139 255 1099 255 199
1047 248 1011 248 1143 257 1104 257 181
1042 257 1007 257 1139 267 1099 267 104
1053 89 1013 91 1149 81 1107 83 112
1047 93 1008 92 1145 87 1103 86 103
1053 226 1018 226 1149 233 1111 233 150
1052 232 1017 232 1149 239 1111 239 140
1053 245 1017 245 1145 253 1105 253 166
1053 262 1018 262 1147 273 1110 273 23
1053 264 1020 264 1149 275 1112 275 38
1055 291 1013 291 1153 305 1116 306 99
1054 295 1012 295 1155 309 1110 309 134
1052 303 1007 303 1155 319 1107 319 101
1079 145 1073 144 1161 145 1153 144 156
1064 219 1029 219 1159 225 1123 225 130
1069 247 1034 247 1161 255 1121 255 153
1059 259 1023 259 1157 269 1116 269 59
1063 307 1019 307 1161 321 1119 321 179
1086 147 1078 146 1165 147 1157 146 127
1084 149 1076 148 1163 149 1155 148 98
1083 225 1045 225 1167 231 1130 231 305
1077 237 1039 238 1167 243 1126 243 232
1065 246 1029 246 1165 255 1125 255 157
1065 252 1029 252 1163 261 1124 261 248
1065 255 1027 255 1165 265 1124 265 76
1065 288 1021 288 1167 303 1122 302 98
1092 134 1081 133 1173 133 1162 132 164
1083 235 1043 234 1173 241 1132 241 324
1077 248 1041 248 1173 257 1133 257 151
1065 294 1021 294 1171 309 1123 309 93
1064 304 1020 304 1169 319 1121 319 131
1087 231 1051 231 1175 237 1134 237 333
1083 245 1047 245 1177 253 1137 253 172
1074 290 1035 289 1177 305 1133 305 71
1071 297 1031 296 1175 311 1129 311 193
1102 51 1081 51 1181 45 1159 45 244
1095 228 1059 227 1181 233 1138 233 320
1106 216 1071 216 1189 221 1149 221 142
1099 239 1060 239 1191 247 1149 247 225
1094 242 1055 242 1187 249 1146 249 211
1102 251 1063 251 1191 259 1150 259 167
1085 346 1042 343 1187 363 1145 364 197
1110 128 1099 127 1195 127 1184 126 152
1103 247 1063 247 1195 255 1155 255 156
1107 251 1071 251 1197 259 1155 259 169
1118 125 1107 124 1203 123 1192 122 151
1117 157 1105 156 1203 157 1191 156 32
1107 240 1068 239 1203 249 1161 249 275
1120 161 1108 160 1207 161 1195 160 36
1110 245 1071 245 1207 253 1165 253 247
1109 247 1071 247 1205 255 1164 255 182
1108 265 1070 265 1205 275 1162 275 63
1124 129 1113 128 1211 127 1199 126 127
1129 148 1118 147 1215 147 1205 147 43
1114 230 1073 229 1211 237 1174 237 131
1114 243 1075 242 1215 249 1173 249 195
1130 75 1119 73 1217 69 1204 68 158
1130 123 1119 122 1217 121 1205 120 78
1120 237 1082 237 1219 245 1177 245 215
1123 302 1081 303 1219 317 1173 318 284
1139 127 1128 126 1227 125 1216 124 69
1136 129 1124 128 1223 127 1212 126 67
1138 149 1127 148 1227 149 1216 148 63
1133 159 1119 159 1223 159 1207 159 27
1123 241 1083 243 1225 249 1183 248 191
1125 267 1086 267 1225 277 1181 277 59
