23 102 16 102 99 107 93 107 140
25 175 21 175 99 177 93 177 269
27 43 21 44 103 51 97 52 70
29 89 23 89 105 95 99 95 142
24 92 18 92 101 97 95 97 78
30 104 23 104 105 109 98 109 281
26 121 17 120 101 125 95 126 170
37 206 21 206 105 207 90 207 210
34 237 19 237 103 237 87 237 184
36 247 20 247 105 247 88 246 140
34 93 28 93 109 99 103 99 305
34 102 27 102 109 107 103 107 231
37 189 26 187 109 191 99 191 270
37 223 20 223 107 223 90 223 205
40 229 25 228 109 229 94 228 186
38 85 32 86 113 91 107 91 131
41 89 35 89 115 95 109 95 103
39 99 32 98 113 103 107 104 182
43 96 37 96 117 101 111 102 135
41 132 35 132 115 135 108 136 92
43 159 35 159 117 163 109 161 83
41 193 29 194 113 195 95 194 291
50 207 33 206 117 207 102 207 155
47 223 31 222 115 223 99 222 97
46 229 30 228 115 229 99 228 109
48 241 32 241 115 241 101 240 147
47 249 33 249 115 249 101 249 213
47 253 29 252 115 253 97 252 90
45 253 27 252 113 253 95 252 106
46 87 41 86 119 93 114 93 77
49 89 43 89 121 97 115 97 146
43 115 37 115 119 119 113 119 139
48 124 41 124 123 129 116 128 132
51 162 43 161 123 165 117 165 90
55 212 40 212 123 213 108 212 71
53 227 38 226 121 227 106 226 80
56 125 49 125 129 129 122 129 128
56 143 49 143 129 145 122 146 131
55 168 49 168 129 173 122 174 341
52 179 46 177 125 181 118 180 147
55 188 47 188 125 189 119 189 358
59 191 49 191 129 193 120 193 188
60 221 48 221 127 221 117 222 108
62 229 46 228 129 229 114 229 78
62 103 57 101 135 107 129 106 185
58 104 52 104 131 109 126 108 105
57 111 52 110 131 115 124 115 115
61 127 54 127 133 131 126 131 264
61 166 54 166 133 169 126 169 119
59 164 52 164 131 167 124 167 171
61 175 54 175 133 179 126 177 126
59 187 52 187 131 189 124 189 206
62 216 51 216 131 217 119 216 71
68 216 57 216 135 215 124 216 40
65 225 52 224 133 225 116 224 72
66 226 55 226 135 227 124 226 83
66 247 47 246 131 247 112 246 190
67 55 59 56 139 63 132 63 203
68 63 61 63 139 69 135 71 132
66 99 61 98 137 105 133 103 248
69 102 64 101 141 107 134 107 145
62 115 60 114 137 119 131 119 193
66 124 59 125 137 129 130 129 222
70 141 63 141 141 145 133 145 152
66 139 59 139 137 143 130 143 233
64 162 57 161 137 165 130 164 120
66 164 59 165 137 167 130 167 112
70 202 58 199 139 203 126 201 53
69 223 57 222 137 223 125 222 36
71 224 59 224 139 225 127 224 56
86 302 47 301 139 303 100 302 9
74 45 68 45 145 53 140 53 91
69 53 63 53 143 61 137 61 106
76 56 70 56 147 63 141 63 151
71 60 66 61 143 67 137 67 156
76 63 70 63 147 69 141 69 114
75 136 66 135 143 141 136 140 158
77 165 69 164 147 167 139 167 76
77 177 69 177 147 179 139 179 137
75 178 68 179 145 181 137 181 85
79 189 69 189 147 191 137 191 151
72 192 64 191 143 193 135 192 158
75 221 63 221 143 221 131 221 22
78 225 65 224 145 225 132 224 41
80 223 66 223 147 223 134 223 35
77 247 57 246 143 247 125 246 137
77 50 71 50 149 57 143 57 100
79 45 72 46 151 53 143 53 66
81 52 75 53 151 59 146 60 109
79 79 75 78 149 85 144 84 88
81 75 77 75 153 83 145 81 101
83 98 76 98 153 103 146 103 140
82 119 75 118 153 123 145 123 113
80 123 72 127 151 129 143 127 206
82 160 74 160 151 163 142 161 53
81 183 74 183 151 185 143 185 114
91 251 71 250 153 251 131 250 154
90 261 69 260 153 261 131 260 62
87 77 85 76 157 83 150 83 97
85 90 78 90 155 95 148 96 116
87 96 80 96 157 101 155 101 312
86 107 80 107 159 111 152 111 198
88 135 80 134 157 137 149 135 211
88 142 80 142 157 145 149 145 130
85 147 81 146 155 149 149 149 114
91 163 83 163 159 165 151 165 102
88 167 81 167 157 169 149 169 128
90 173 82 173 159 175 151 175 164
86 170 78 170 155 173 147 173 89
86 176 78 176 155 179 147 178 100
88 194 78 192 155 195 142 195 78
94 199 81 199 159 201 148 200 68
93 255 72 254 155 255 133 254 133
98 265 76 263 159 265 135 264 70
97 108 89 108 165 113 157 113 176
92 143 85 143 161 147 153 147 149
92 171 85 170 161 173 153 173 115
100 83 93 84 169 89 161 89 160
102 92 95 92 171 97 163 98 203
98 106 90 107 167 111 159 111 157
103 185 95 186 171 187 156 186 276
104 75 97 75 173 81 167 80 139
104 79 97 79 173 85 165 85 186
109 86 102 86 177 91 170 91 234
108 120 99 120 175 123 165 122 116
115 248 86 248 173 249 144 249 257
120 270 91 270 177 271 148 271 70
118 297 81 297 173 299 137 299 19
122 305 85 304 175 307 137 306 18
115 82 106 82 181 87 172 87 288
116 87 109 87 183 93 176 92 157
116 94 111 92 183 99 175 99 133
115 88 109 87 181 95 171 97 229
116 113 107 113 183 117 174 117 164
114 115 105 115 181 119 172 119 188
117 160 108 160 183 163 174 163 170
111 174 102 173 179 179 170 177 260
116 191 104 191 181 193 169 193 164
123 230 92 229 179 231 148 231 166
122 254 93 253 179 255 150 254 135
124 260 95 259 181 261 152 260 83
122 275 93 273 179 277 150 275 55
120 98 112 98 187 103 180 102 120
122 107 114 107 189 111 180 111 168
118 117 109 117 185 121 176 121 241
123 115 114 115 189 119 180 119 234
124 138 114 138 189 141 180 141 213
121 142 111 142 187 145 179 145 169
120 157 109 157 185 161 176 160 108
123 161 114 161 189 163 180 163 235
128 255 99 255 187 257 154 256 128
128 76 119 78 193 83 185 84 166
127 120 118 121 193 125 184 126 284
126 204 114 204 191 205 169 206 265
139 225 109 227 195 227 168 229 413
135 249 109 249 195 251 166 251 325
136 257 111 257 195 259 167 259 218
143 292 108 292 195 293 163 294 19
141 304 101 304 193 307 155 306 20
132 111 122 111 197 115 188 115 133
134 133 124 134 199 137 189 137 164
132 135 123 135 197 139 187 139 166
134 141 126 140 201 143 189 144 114
136 161 127 160 201 163 191 163 189
131 159 123 158 197 161 187 161 169
137 170 126 170 201 173 192 173 215
134 175 122 174 197 177 186 177 352
141 267 111 266 199 269 169 269 169
141 271 114 271 199 273 169 273 246
139 275 112 275 197 277 167 277 134
142 101 133 101 207 105 197 105 95
138 103 128 103 203 107 194 107 120
138 112 128 112 203 115 193 115 114
140 119 131 117 205 123 195 125 270
139 159 129 159 203 161 194 161 210
145 175 131 175 207 177 193 177 175
151 245 119 245 205 247 175 249 430
149 86 139 86 213 91 204 91 161
147 88 137 88 211 93 202 93 165
150 99 139 99 213 103 202 103 175
147 105 136 105 211 109 201 109 99
149 129 139 129 213 133 203 133 158
145 129 135 128 209 131 199 131 140
148 133 138 133 211 137 201 137 104
149 157 139 157 213 159 203 159 133
150 189 137 189 213 191 200 191 85
152 194 136 193 213 195 199 195 125
160 265 126 265 213 267 179 266 103
158 287 124 285 211 289 177 288 48
155 48 146 49 219 55 212 55 176
155 81 146 82 219 87 210 88 201
152 91 142 91 217 95 207 95 227
154 103 143 103 217 107 206 107 194
156 113 145 114 219 117 209 117 172
153 158 144 158 217 161 206 161 311
160 233 130 232 215 235 185 234 457
162 253 128 252 215 255 181 254 173
164 261 129 260 217 263 183 263 156
169 319 131 318 219 323 179 322 35
160 77 150 77 223 81 213 81 129
162 89 151 89 225 93 214 94 165
160 94 149 95 223 99 212 100 228
160 111 149 111 223 115 212 115 252
162 117 152 118 225 121 214 121 125
160 125 150 125 223 131 213 131 164
158 136 148 135 221 139 210 140 162
158 134 148 133 221 137 211 137 163
162 147 151 149 225 153 214 155 109
159 155 148 153 221 157 210 156 170
159 157 148 157 221 159 211 159 143
161 162 149 163 223 165 212 165 194
161 181 146 181 223 183 208 183 54
172 207 139 207 225 209 193 209 109
170 253 136 252 223 255 187 254 193
168 259 134 258 221 261 187 261 111
169 304 135 304 221 307 183 306 36
165 58 154 59 227 65 217 65 314
164 65 154 66 227 71 217 72 302
168 74 157 74 231 79 221 79 144
166 115 155 116 229 119 218 119 111
178 205 144 205 231 207 197 207 116
173 209 140 208 227 211 194 211 110
175 238 140 238 227 241 192 241 137
175 249 140 248 227 251 192 250 161
177 253 142 252 229 255 194 254 79
175 297 138 296 227 299 191 298 47
178 300 141 300 229 303 193 302 44
169 40 162 40 233 47 226 46 138
171 47 164 47 235 53 228 54 226
173 54 162 55 233 61 225 60 443
175 59 163 60 235 65 226 65 273
171 70 160 70 233 75 222 75 201
173 72 162 72 235 77 225 77 265
175 78 165 78 237 83 227 83 159
171 86 161 86 235 89 225 89 79
175 132 165 133 237 135 227 135 33
173 140 161 139 235 143 223 143 81
175 167 161 166 235 169 222 169 80
173 168 159 168 233 171 220 171 110
175 182 162 182 235 185 222 185 42
173 195 156 195 233 197 215 196 158
185 249 150 248 237 251 202 250 50
179 269 144 268 233 271 196 270 21
184 280 145 280 233 283 199 282 19
186 331 139 330 235 335 189 334 34
176 50 167 50 241 57 233 57 185
181 61 170 62 243 67 245 65 528
177 76 167 76 239 81 229 81 164
182 120 171 120 243 123 233 123 94
179 135 169 136 241 139 230 139 27
177 139 163 140 241 143 230 143 49
177 144 165 144 239 147 229 147 52
179 148 165 148 239 151 228 151 50
183 161 169 161 243 163 230 163 91
177 175 166 175 239 177 228 175 60
189 251 154 250 241 253 206 252 42
191 279 156 278 243 281 208 280 33
183 49 175 49 245 55 239 56 149
191 57 177 58 249 63 240 63 153
185 53 177 53 247 59 238 58 176
188 118 178 118 247 121 236 120 83
187 136 176 137 249 139 237 138 102
188 154 177 154 249 157 238 156 80
187 158 173 159 247 161 236 161 110
185 165 170 164 245 167 231 167 72
185 171 171 171 245 173 231 173 71
188 177 174 177 247 179 234 179 79
186 181 171 181 245 183 232 185 66
190 185 176 185 249 187 235 187 70
191 229 157 229 247 231 210 231 36
198 299 162 298 249 301 213 300 36
198 309 159 309 247 313 208 312 28
196 314 157 312 247 317 202 319 23
194 316 152 316 245 321 195 319 28
195 67 181 68 253 73 242 73 212
190 144 180 144 251 147 241 147 88
193 148 183 147 253 151 243 151 110
189 164 177 164 253 167 241 167 317
191 169 179 169 251 171 239 171 79
196 173 183 173 255 175 241 175 106
193 189 180 188 253 191 240 190 122
199 271 163 271 251 273 217 272 38
200 277 165 276 251 279 216 278 44
199 70 187 71 259 75 247 75 141
197 87 184 87 257 91 244 91 90
198 136 186 136 257 139 244 138 74
197 146 185 146 257 149 245 149 48
202 175 189 175 261 177 249 176 125
210 239 176 239 261 241 227 241 58
205 237 173 236 257 239 222 239 41
207 255 170 255 261 257 222 257 45
209 326 164 326 257 331 211 330 24
204 41 195 41 265 47 256 47 127
208 157 195 155 267 159 255 157 157
204 158 192 158 263 161 251 161 183
208 173 195 173 267 175 255 177 244
204 171 192 171 263 173 251 173 173
206 179 193 177 265 181 253 179 351
208 197 196 197 267 199 255 199 188
214 245 180 244 265 247 230 247 85
216 265 181 264 267 267 233 266 38
214 311 171 311 263 315 222 314 46
220 338 171 337 265 343 219 344 21
215 36 204 37 273 43 264 43 167
213 41 205 41 273 47 265 47 134
212 54 202 53 271 59 263 58 299
210 73 198 73 273 77 259 77 166
211 85 199 85 271 89 258 89 180
209 93 197 89 269 95 256 93 156
214 114 201 114 273 117 261 117 237
214 148 202 148 273 151 260 151 174
215 167 201 167 273 169 260 169 239
215 171 201 171 273 173 260 173 226
216 217 189 218 269 221 240 219 53
218 241 183 240 269 243 235 243 94
220 317 179 316 269 321 227 320 29
215 66 200 67 277 69 269 68 319
219 150 206 150 277 153 264 153 249
219 185 206 185 277 187 261 186 233
222 191 205 191 279 193 263 193 259
225 225 190 224 275 227 241 227 54
228 229 195 228 279 231 245 231 59
224 231 190 230 275 233 241 232 72
227 247 195 246 279 249 247 248 86
229 274 192 274 279 277 246 276 47
224 294 190 293 275 297 240 296 135
227 297 193 296 277 299 242 298 147
225 302 189 301 275 305 236 305 180
225 68 211 69 283 73 269 73 250
227 79 213 79 285 83 270 83 201
225 111 212 111 283 115 269 113 419
227 117 213 117 285 119 268 121 359
227 143 214 144 285 147 271 147 320
226 165 210 165 283 167 267 167 233
227 174 212 175 285 173 270 172 520
230 225 197 224 281 227 248 227 71
235 284 200 284 285 287 253 286 117
235 308 188 307 283 313 237 311 113
234 319 187 318 281 323 237 322 27
231 22 218 22 289 27 276 27 136
228 20 214 21 287 25 273 26 146
233 165 216 164 289 167 273 167 325
240 236 207 236 291 239 258 238 180
241 252 207 252 291 255 258 254 77
241 298 206 297 291 301 255 300 171
242 322 197 323 289 329 245 327 22
237 26 224 27 295 31 282 31 226
235 46 222 47 293 51 280 52 136
239 51 226 51 297 55 284 55 120
241 73 229 72 297 77 281 79 384
241 150 218 151 295 153 272 153 582
237 175 219 177 293 177 275 176 292
241 187 218 186 295 189 273 191 319
246 235 213 234 297 237 264 237 206
243 272 208 272 293 275 259 275 46
245 288 211 288 295 291 261 290 208
245 302 209 301 295 305 259 304 105
245 309 201 309 295 315 252 314 55
247 315 203 314 295 319 249 318 36
248 318 202 318 293 323 251 322 21
245 322 204 321 293 327 247 327 18
241 20 229 20 299 25 286 25 153
241 55 228 55 299 59 285 59 111
249 100 227 101 303 103 292 103 281
247 121 221 119 301 123 277 121 446
247 129 223 127 301 131 277 133 502
251 233 218 232 301 235 268 235 135
253 237 220 236 303 239 270 239 202
253 252 219 252 303 255 270 254 68
249 264 216 264 299 267 266 266 58
252 283 220 282 303 285 271 284 240
252 81 232 84 307 85 286 87 369
253 103 229 102 307 105 282 104 256
253 147 230 146 307 149 283 149 334
252 203 233 203 307 205 289 204 136
258 233 226 232 309 235 276 235 150
254 262 222 261 305 265 272 264 46
260 303 224 303 309 307 272 306 52
254 32 241 33 311 37 297 38 427
257 36 244 36 313 41 299 42 353
259 81 237 83 313 85 292 85 181
257 104 234 105 311 107 287 107 111
258 118 234 118 311 121 287 121 33
262 141 238 141 315 143 291 143 76
262 149 239 147 315 151 291 151 118
265 250 232 250 315 253 282 252 28
260 258 228 258 311 261 279 260 34
267 312 226 311 315 317 274 316 32
270 318 228 317 315 323 272 322 36
264 326 219 325 313 329 261 329 27
267 349 214 348 311 357 253 356 18
268 62 243 62 321 65 298 65 173
267 74 246 75 321 77 300 77 139
266 81 243 80 319 83 298 84 174
268 112 244 113 321 115 297 115 19
263 126 240 127 317 129 295 128 18
267 131 244 130 321 133 297 133 14
264 143 240 142 317 145 293 145 49
266 169 243 169 319 171 295 171 40
269 170 245 170 321 173 297 172 22
267 178 245 178 321 181 297 181 29
263 180 241 180 317 183 293 182 45
266 183 242 183 319 185 295 185 36
267 243 237 242 319 245 286 245 58
271 244 239 244 321 247 290 246 36
271 264 235 264 321 267 285 266 37
271 259 235 259 319 263 285 261 38
269 294 235 293 319 297 284 296 122
272 303 237 302 321 307 284 306 50
272 311 234 310 321 315 281 314 34
273 341 224 340 321 349 269 348 14
271 73 249 73 325 75 301 74 93
275 76 251 76 327 79 303 79 73
269 96 249 95 323 99 303 98 44
270 104 246 104 323 107 300 105 22
271 120 247 119 325 123 301 122 18
274 117 248 116 327 119 303 119 24
269 118 245 117 323 121 298 120 17
271 149 247 149 325 153 300 151 15
274 159 251 159 327 161 303 161 18
272 167 248 167 325 169 301 169 26
272 174 248 175 325 177 302 177 22
274 193 250 191 327 195 303 195 29
272 235 240 234 323 237 290 237 54
275 248 243 247 325 251 293 250 30
273 268 242 268 323 271 292 270 35
276 292 241 291 325 295 290 295 146
275 338 229 338 323 345 272 344 21
280 41 257 41 333 43 310 44 123
280 72 256 73 333 75 309 75 33
278 79 254 79 331 81 307 81 39
278 94 254 95 331 97 307 97 19
276 92 253 93 329 95 306 95 24
276 107 253 107 329 109 306 110 20
276 119 252 118 329 121 305 121 22
276 141 252 140 329 143 306 141 13
276 148 252 148 329 151 305 151 14
280 151 256 151 333 153 309 153 12
276 157 252 156 329 159 305 159 23
276 169 252 169 329 171 305 171 16
277 166 254 166 331 169 308 169 18
277 173 253 173 329 175 306 175 14
278 177 254 177 331 179 307 179 20
281 181 256 181 333 183 309 183 15
276 183 253 183 329 185 305 185 14
277 218 250 218 329 221 305 220 34
280 220 256 219 333 223 309 223 29
280 275 246 276 329 279 296 278 93
282 301 246 301 331 305 294 305 60
283 41 259 41 335 43 312 44 85
284 52 261 53 337 55 315 55 49
286 50 264 51 339 53 315 53 33
284 72 260 73 337 75 313 76 21
282 75 259 75 335 77 313 76 23
285 87 263 87 339 91 316 90 29
282 98 259 99 335 101 312 101 17
283 132 258 131 335 133 312 133 19
283 145 258 144 335 147 310 146 16
285 143 260 142 337 145 312 144 28
287 147 261 146 339 149 314 149 12
285 163 260 163 337 165 313 165 12
285 190 261 189 337 191 313 191 33
285 204 260 204 337 207 312 207 33
283 239 259 238 335 241 311 240 25
287 307 249 305 335 311 296 310 61
291 323 244 323 339 329 296 328 26
287 342 242 341 335 349 281 349 16
289 30 265 30 341 33 319 32 49
288 55 265 55 341 57 318 58 36
293 58 269 58 345 61 322 61 38
290 67 267 67 343 69 320 70 39
289 71 267 73 343 75 319 75 57
288 77 265 77 341 79 318 79 71
292 111 269 110 345 113 322 112 12
287 130 264 130 341 133 318 134 28
293 147 268 147 345 149 320 149 12
294 154 269 154 345 157 320 157 14
291 159 266 159 343 161 318 161 11
293 166 266 163 343 167 318 167 9
292 192 267 192 343 195 318 194 10
290 201 265 200 343 203 317 203 26
293 205 268 204 345 207 321 207 12
289 208 264 208 341 211 317 210 18
293 213 268 213 345 215 320 215 12
289 215 265 214 341 217 317 216 21
292 231 266 230 343 233 319 232 11
289 241 265 241 341 243 316 243 10
294 267 265 267 345 269 318 269 10
291 288 258 287 341 291 307 290 169
293 286 259 285 343 289 308 289 205
296 289 261 290 345 293 309 294 191
293 303 254 302 341 307 301 306 100
295 22 274 23 349 25 327 25 50
297 29 274 29 349 31 328 32 35
297 38 274 39 349 41 328 42 29
298 52 275 52 351 55 327 55 56
294 74 271 75 347 77 324 78 37
299 75 276 75 351 79 328 79 55
297 89 274 89 349 91 327 91 34
296 97 274 97 349 99 327 100 36
294 114 272 112 347 115 324 115 20
297 118 272 118 349 121 325 121 14
299 127 275 127 351 129 327 129 15
294 128 270 129 347 131 323 132 33
295 139 270 139 347 141 323 141 20
295 151 271 151 347 153 323 153 9
297 147 273 146 349 149 325 149 15
296 162 271 163 347 165 323 165 14
300 189 276 189 351 191 327 191 11
295 195 271 193 347 197 322 197 15
299 196 275 197 351 199 326 198 13
294 201 271 201 347 203 323 203 12
295 217 271 217 347 219 322 219 14
298 238 272 237 349 241 324 239 11
296 243 271 243 347 245 323 245 11
300 251 275 250 351 253 327 252 10
299 310 261 309 347 315 308 314 80
301 319 263 319 351 325 307 324 50
304 352 248 351 347 361 291 360 10
304 31 282 31 357 33 337 35 36
304 47 282 47 357 49 335 49 64
305 64 283 65 357 67 335 67 90
302 89 280 89 355 91 333 90 65
303 95 282 95 355 97 334 97 93
303 103 280 103 355 105 332 105 86
305 109 283 109 357 111 335 111 102
301 123 276 122 353 125 329 124 16
300 162 277 161 355 165 331 164 27
303 169 279 169 355 171 331 171 25
302 165 282 163 355 167 335 165 48
300 169 278 169 353 171 329 171 35
302 185 279 186 353 187 328 187 13
306 193 280 193 357 195 332 195 12
303 205 279 204 355 207 330 206 15
306 213 281 213 357 215 332 214 19
306 217 281 216 357 219 333 218 14
304 223 278 222 355 225 330 224 11
303 284 269 283 353 287 316 287 197
305 286 272 285 355 289 320 289 135
310 47 288 46 363 49 341 49 98
310 52 290 53 363 55 343 56 99
308 60 288 61 361 63 338 63 112
309 63 287 63 361 65 339 65 100
306 69 287 69 361 71 339 71 121
306 90 285 91 359 93 337 93 93
312 114 287 115 363 117 340 116 57
312 137 287 137 363 139 339 139 13
308 142 283 143 359 145 334 145 26
309 148 284 147 361 149 336 149 15
308 149 282 148 359 151 335 151 13
310 155 285 155 361 157 337 157 16
311 159 287 160 363 161 338 160 16
309 163 285 162 361 165 337 164 16
308 178 283 178 359 181 335 180 14
307 177 282 176 359 179 334 179 19
308 194 283 194 359 197 334 196 15
307 229 283 228 359 231 334 230 16
307 239 282 239 359 241 334 240 18
310 236 285 236 361 239 336 238 16
311 286 278 285 361 289 326 289 127
313 291 278 290 361 295 326 294 119
312 295 278 294 361 299 327 298 117
312 314 271 313 359 319 318 318 56
312 22 290 24 365 25 342 26 22
313 47 290 45 365 49 345 49 78
317 83 297 83 369 85 349 85 199
315 81 295 81 367 83 347 84 157
317 93 296 91 369 95 349 96 163
313 120 290 118 365 121 341 123 67
315 127 292 127 367 129 342 129 22
315 125 292 125 367 127 342 127 16
315 135 290 134 367 137 342 137 15
314 151 289 149 365 153 340 153 14
318 165 294 166 369 167 345 168 14
313 179 288 179 365 181 339 181 19
314 205 288 204 365 207 339 205 12
318 213 292 213 369 215 343 215 12
320 289 286 289 369 293 335 292 122
322 319 279 319 369 325 325 324 64
320 20 299 22 373 23 349 23 35
324 30 300 29 375 31 352 31 24
319 41 295 42 371 43 347 43 48
319 79 299 79 371 81 351 82 147
320 115 296 114 371 117 347 115 65
324 133 299 133 375 135 351 135 15
319 131 295 131 371 133 346 133 13
320 156 295 158 371 159 346 159 18
321 160 297 160 373 163 348 162 14
324 176 299 175 375 179 350 179 18
320 185 295 185 371 187 345 187 12
324 185 299 185 375 187 350 187 14
322 192 296 193 373 195 347 195 14
322 205 297 204 373 207 347 207 15
321 211 294 211 371 213 345 213 16
323 214 296 214 373 217 347 216 15
320 227 296 226 371 229 345 229 11
322 231 298 230 373 233 349 232 19
322 239 296 238 373 241 347 241 16
322 241 296 240 373 243 346 244 17
324 244 298 244 375 247 348 248 10
321 252 295 251 371 255 345 255 21
322 248 297 248 373 251 347 251 16
322 286 289 285 371 289 337 289 94
322 291 288 290 371 295 336 294 100
325 300 288 300 373 305 333 305 140
328 321 285 320 375 327 331 326 47
328 325 285 324 375 331 330 330 48
323 24 302 25 377 27 354 27 36
327 35 302 33 379 37 353 35 24
330 108 311 108 381 111 363 110 119
328 141 303 141 379 143 354 143 18
329 145 303 146 379 149 354 148 13
329 163 303 163 379 165 353 164 17
332 187 305 183 381 187 355 187 18
328 203 303 203 379 205 354 205 11
331 210 304 210 381 213 355 212 9
331 212 304 212 381 215 355 215 19
325 223 300 222 377 225 351 224 10
327 249 301 248 377 251 351 250 13
329 258 303 257 379 261 352 261 9
330 285 297 285 379 289 346 289 78
329 289 296 288 377 293 343 292 85
332 317 290 316 379 323 336 322 69
335 323 291 322 381 329 338 329 42
331 21 309 21 383 23 362 24 63
330 60 311 61 383 63 362 62 97
334 57 312 57 385 59 364 60 102
337 108 318 109 387 111 371 111 103
334 105 316 105 385 107 368 107 91
336 123 312 123 387 125 363 125 19
335 183 309 183 385 185 359 185 31
332 199 306 199 383 201 358 200 15
334 194 308 195 385 197 359 197 21
336 202 309 202 387 205 361 205 21
337 211 311 210 387 213 361 212 14
334 215 309 214 385 217 360 216 18
337 234 310 234 387 237 361 236 17
335 230 309 231 385 233 359 233 19
332 241 307 240 383 243 357 242 20
332 249 306 248 383 251 359 250 14
338 319 296 318 385 325 341 325 70
341 19 318 22 393 23 369 24 58
339 22 316 24 391 25 368 25 72
341 29 318 29 393 31 367 32 77
337 42 313 42 389 43 365 43 37
337 53 315 53 389 55 365 54 103
340 121 315 119 391 123 366 121 22
342 127 316 127 393 129 368 129 27
342 135 317 135 393 137 368 136 16
342 180 317 180 393 183 368 182 22
339 185 313 184 389 187 364 187 27
338 191 312 189 389 193 363 193 27
339 215 312 214 389 217 363 217 10
343 218 317 218 393 221 367 221 9
339 224 312 225 389 227 364 225 12
343 248 316 249 393 251 366 251 11
339 285 305 284 389 289 355 288 74
342 293 308 292 391 297 354 297 101
340 289 307 288 389 293 355 292 70
348 341 298 340 393 349 340 348 30
343 46 321 48 395 49 371 50 45
346 69 328 67 397 71 379 69 95
346 89 324 89 397 91 374 92 205
345 137 319 137 395 139 370 139 28
349 143 323 143 399 145 373 145 21
346 151 321 151 397 153 371 152 19
344 150 319 150 395 151 369 152 28
345 156 319 155 395 157 370 157 15
345 161 319 160 395 163 369 162 20
344 167 319 167 395 169 369 169 21
349 165 322 166 399 167 373 168 19
343 193 319 192 395 195 369 194 18
348 197 323 196 399 199 373 199 10
347 210 321 209 397 213 371 211 12
344 214 319 215 395 217 369 217 16
349 224 323 224 399 227 373 227 19
349 236 321 235 399 239 372 238 22
347 244 320 244 397 247 369 247 15
345 253 319 251 397 253 370 252 25
347 269 317 269 399 273 369 271 11
347 285 311 284 395 289 361 288 64
346 291 312 290 395 295 361 294 70
349 295 315 294 399 299 361 299 100
352 322 308 321 399 329 354 328 82
349 97 331 99 401 99 383 101 180
352 123 331 124 403 125 379 124 57
351 141 325 141 401 143 376 144 14
356 179 329 180 405 183 379 182 7
354 183 329 181 405 185 379 184 25
352 248 325 247 401 251 367 249 25
353 254 326 254 403 257 375 257 12
354 261 327 260 405 263 377 263 13
356 287 322 287 405 291 370 291 45
354 317 311 316 401 323 356 322 63
357 334 309 333 403 341 357 340 35
360 33 336 35 411 35 387 37 189
358 51 338 50 409 53 390 53 82
356 61 334 61 407 63 385 63 63
360 65 338 65 411 67 392 68 57
359 100 335 99 409 101 385 101 152
356 119 332 117 407 121 386 119 57
356 131 331 131 407 133 381 133 29
360 139 337 140 411 141 385 141 37
358 135 332 134 409 137 383 137 18
356 140 330 140 407 143 380 141 15
359 158 335 158 411 161 385 161 27
359 185 333 185 409 187 383 187 7
361 192 335 192 411 195 384 196 30
360 189 334 189 411 191 384 191 31
361 201 335 200 411 203 385 203 25
361 211 336 210 411 213 385 212 20
359 217 335 219 411 221 384 219 22
361 232 334 232 411 235 383 235 19
359 236 332 235 409 239 381 239 19
361 247 334 247 411 251 383 249 19
363 304 324 303 411 309 371 308 51
364 309 325 308 411 315 369 315 59
366 28 344 28 417 29 396 30 208
364 46 343 47 415 47 394 49 109
364 51 343 50 415 53 395 53 79
362 67 343 68 413 69 394 69 53
362 83 342 82 413 85 395 84 120
362 111 337 111 413 113 388 113 32
362 129 337 128 413 131 388 130 21
367 131 341 131 417 133 391 133 20
364 135 339 135 415 137 388 137 24
365 165 339 164 415 167 389 167 24
363 194 338 193 413 197 388 196 11
367 202 340 202 417 205 389 205 13
362 203 337 202 413 205 387 205 10
363 209 337 208 413 211 387 211 10
365 215 340 215 415 217 390 217 9
366 212 341 212 417 215 390 214 9
366 220 336 222 415 223 391 222 17
367 219 341 218 417 221 391 221 11
367 232 340 231 417 235 390 234 14
364 246 335 245 413 249 385 248 12
365 242 338 242 415 245 386 244 18
368 242 340 241 417 245 389 244 16
363 256 334 254 413 259 384 259 17
368 264 339 263 417 267 389 267 15
366 268 337 267 415 271 387 271 14
366 266 338 266 415 269 387 269 18
366 313 323 312 413 319 369 319 49
368 326 323 325 415 333 369 332 53
368 77 349 77 419 79 398 79 94
368 81 344 79 419 83 396 81 117
367 85 347 85 419 87 397 85 129
370 89 351 90 421 91 401 92 82
373 114 349 115 423 115 398 115 37
372 117 347 117 423 119 397 119 30
370 121 345 121 421 123 396 123 24
370 151 343 149 421 153 393 151 32
373 147 346 147 423 149 397 148 32
373 179 347 178 423 181 396 181 28
369 181 343 181 419 183 393 183 28
371 183 345 183 421 185 395 185 30
369 199 343 198 419 201 393 201 12
372 226 347 226 423 229 398 229 15
369 232 342 231 419 235 392 234 27
374 232 346 231 423 235 396 234 20
372 248 345 248 421 251 392 250 13
369 252 340 252 419 255 390 255 18
373 253 345 251 423 255 395 254 24
371 274 340 274 419 279 389 277 34
377 284 341 283 423 289 390 287 104
369 287 337 286 419 291 381 291 77
371 292 335 292 419 297 382 297 89
373 294 337 294 421 299 386 299 78
378 315 335 314 423 321 379 321 44
375 19 350 23 425 23 409 24 127
374 25 351 24 425 27 401 28 94
380 39 356 37 429 41 405 41 125
374 60 353 57 425 61 403 63 122
374 65 353 65 425 67 405 66 97
378 89 356 89 429 91 407 91 75
376 129 351 129 427 131 401 130 20
377 143 351 143 427 145 401 144 32
379 173 353 173 429 175 403 174 19
374 186 349 188 425 189 399 190 41
376 191 351 189 427 193 401 191 49
377 204 349 204 427 207 400 207 21
376 228 349 228 425 231 399 231 21
376 246 347 245 425 249 396 249 23
376 257 347 257 425 261 396 261 15
381 261 350 261 429 265 398 265 18
377 274 351 275 427 277 401 279 14
378 287 344 286 427 291 392 291 129
381 292 346 291 429 297 393 297 98
377 288 342 288 425 293 390 292 130
381 305 341 304 429 311 388 311 34
378 324 333 323 425 331 378 331 58
382 329 337 328 429 337 382 336 33
383 339 337 339 427 347 379 347 26
383 44 361 43 433 45 413 45 118
384 63 365 61 435 65 415 65 203
382 65 363 65 433 67 414 67 125
380 85 361 86 431 87 415 87 91
385 99 360 100 435 101 411 101 36
383 106 358 105 433 107 408 107 28
381 119 356 120 431 121 406 121 29
383 131 364 130 433 133 415 132 46
382 136 358 137 433 139 409 139 44
381 159 356 159 431 161 405 161 28
383 169 356 169 433 171 407 171 26
383 216 358 217 433 219 406 220 13
384 220 358 220 433 223 408 222 18
386 234 357 234 435 237 406 237 32
382 251 353 249 431 255 402 254 15
382 258 353 258 431 261 401 261 10
382 269 352 269 431 273 405 273 19
384 323 338 323 431 331 381 330 57
387 101 362 102 437 103 412 103 34
390 114 366 116 441 117 416 117 15
389 133 372 133 439 135 423 134 54
386 137 368 136 437 139 419 139 53
391 153 365 153 441 155 415 155 30
391 159 365 158 441 161 415 161 16
387 161 361 160 437 163 411 163 20
389 159 363 159 439 161 413 161 24
389 199 364 198 439 201 413 201 13
389 194 363 194 439 197 413 197 31
390 307 349 306 437 313 396 312 35
393 305 353 305 441 311 401 310 46
394 314 351 313 441 321 390 321 79
393 331 345 330 439 339 390 339 52
394 348 341 348 441 359 385 358 14
397 108 372 108 447 109 422 109 52
397 117 372 117 447 119 422 119 17
397 125 368 126 445 129 420 129 24
395 162 369 162 445 165 420 165 17
395 179 373 179 445 181 422 182 102
394 216 369 216 445 219 419 219 19
398 236 371 235 447 239 420 239 27
395 239 367 238 443 243 413 243 27
395 257 366 259 445 263 415 263 16
398 267 368 267 447 271 416 271 11
396 265 371 263 445 269 420 267 41
396 271 367 270 445 275 415 274 12
397 319 353 319 445 327 397 326 48
400 327 353 326 447 335 398 335 64
400 32 385 29 451 33 436 31 399
402 35 383 35 453 37 434 37 191
401 33 381 34 451 35 432 36 207
400 39 379 38 451 41 432 40 173
399 123 374 123 449 125 424 124 26
403 125 378 126 453 127 429 126 29
403 145 378 145 453 147 428 147 21
401 179 380 179 451 181 430 181 103
399 210 374 210 449 213 423 213 16
400 232 374 232 449 235 424 234 23
405 271 374 271 453 275 422 275 12
404 288 369 288 453 293 417 293 62
405 294 369 293 453 299 417 299 93
406 308 365 308 453 315 412 314 56
406 314 364 314 453 321 410 321 73
406 336 358 336 453 345 403 345 44
404 17 385 18 455 19 437 18 156
406 33 389 35 457 35 437 34 187
406 39 388 38 457 41 439 40 194
409 74 390 73 459 75 440 73 139
409 98 388 97 459 101 441 99 189
407 116 382 115 457 117 431 117 25
409 123 383 124 459 125 433 126 30
410 156 384 156 459 159 434 159 17
408 153 382 153 457 155 431 155 20
407 163 377 163 457 165 426 163 23
409 173 384 173 459 175 433 175 61
409 226 385 226 459 229 433 229 20
409 234 388 235 459 237 437 239 36
410 253 381 252 459 257 430 256 15
407 261 378 261 457 265 427 265 17
408 269 378 268 457 273 427 273 14
410 273 380 272 459 277 428 277 12
410 276 379 276 457 281 427 280 16
411 301 371 298 455 307 415 308 91
411 312 369 312 459 319 416 319 60
412 345 361 344 459 355 406 354 38
411 347 360 346 457 357 404 357 43
410 62 391 61 461 63 442 61 143
411 70 393 69 461 71 443 70 130
410 75 392 76 461 77 442 79 104
411 111 388 114 463 115 438 115 52
413 116 387 115 463 117 438 117 33
411 119 386 120 461 121 435 121 23
413 133 388 133 463 135 438 135 27
413 143 388 143 463 145 438 144 19
411 156 386 155 461 157 435 158 13
415 167 390 167 465 169 439 170 13
416 216 390 215 465 219 439 219 9
411 212 386 212 461 215 435 215 15
411 218 386 218 461 221 435 220 13
413 228 388 228 463 231 438 230 14
412 257 383 256 461 261 431 260 19
412 263 382 263 461 267 430 267 21
412 275 381 274 461 279 431 279 14
412 278 385 278 461 283 433 283 35
415 308 374 308 463 315 421 314 86
415 314 373 313 463 321 419 320 113
419 101 401 102 469 103 451 103 79
419 125 394 125 469 127 444 127 30
419 137 395 138 469 139 445 140 29
421 147 395 147 471 149 445 149 13
421 151 396 152 471 153 445 153 7
417 159 392 159 467 161 441 161 8
421 180 395 181 471 183 445 182 12
417 183 392 182 467 185 441 184 18
419 185 394 184 469 187 443 187 17
417 194 392 194 467 197 441 196 18
419 199 393 198 469 201 443 201 16
419 218 392 217 469 221 443 221 11
418 224 392 224 467 227 442 227 17
422 241 395 239 471 245 441 245 32
420 258 390 257 469 261 438 261 19
421 274 391 274 471 279 440 279 20
421 308 380 308 469 315 427 315 70
423 312 380 311 471 319 428 319 69
422 334 372 333 469 343 418 343 70
422 345 371 344 469 355 415 355 41
425 75 401 74 475 75 450 75 95
423 157 398 157 473 159 447 159 13
425 166 400 163 475 167 449 165 28
427 167 401 167 477 169 451 169 6
425 173 400 172 475 175 449 174 9
423 178 397 179 473 181 447 180 13
428 188 401 187 477 189 452 190 9
423 192 397 192 473 195 447 195 10
421 198 395 198 473 201 445 199 13
427 213 403 214 477 217 452 216 20
423 212 398 211 473 215 447 215 17
427 216 402 216 477 219 452 219 13
425 220 400 219 475 223 449 223 14
423 240 396 238 473 243 445 242 33
426 245 397 243 475 249 445 247 20
426 251 395 251 475 255 443 254 22
426 257 395 256 475 261 443 260 13
424 261 393 259 473 265 442 265 16
426 292 390 291 475 297 438 297 15
428 299 391 298 477 305 436 305 30
429 319 384 319 477 327 431 327 69
429 315 387 315 477 323 431 323 74
427 323 381 322 475 331 427 331 63
428 346 376 346 475 357 420 356 51
430 350 378 349 477 361 422 360 43
430 19 408 19 481 21 459 23 47
431 22 407 24 481 23 458 24 53
431 37 406 37 481 37 457 37 20
429 66 404 66 479 67 453 68 160
433 77 409 77 483 77 458 77 42
429 117 409 121 479 119 462 119 83
429 123 404 124 479 125 453 124 57
431 133 406 133 481 135 454 136 10
431 157 405 157 481 159 455 159 20
429 159 404 159 479 161 453 161 5
431 181 406 180 481 183 455 183 21
434 179 408 179 483 181 458 181 23
432 190 406 190 481 193 455 193 15
430 191 404 192 479 195 454 194 10
433 194 408 194 483 197 458 197 19
433 206 407 206 483 209 457 209 10
433 230 409 230 483 233 463 232 25
434 266 402 266 483 271 451 271 18
433 296 394 297 481 303 440 301 22
431 314 390 313 481 321 436 321 83
431 317 386 317 479 325 433 325 104
433 321 387 321 481 329 434 329 59
434 335 383 335 481 345 429 345 45
434 341 383 340 481 351 428 351 51
435 348 383 348 483 359 429 358 41
435 41 410 40 485 41 461 41 29
439 128 414 129 489 131 463 129 20
436 149 410 149 485 151 459 151 12
435 155 410 155 485 157 460 157 9
437 171 412 171 487 173 461 173 21
439 178 414 179 489 181 463 181 12
437 209 412 210 487 211 461 210 14
440 245 408 244 489 249 456 248 20
436 271 404 270 485 275 452 275 24
441 325 395 323 489 333 441 332 56
441 48 413 47 491 49 463 48 90
443 62 423 61 493 63 473 61 75
441 102 416 100 491 103 466 103 44
441 122 416 121 491 123 466 123 58
445 147 420 147 495 149 469 149 13
441 149 416 149 491 151 466 151 19
445 161 420 161 495 163 469 162 23
441 162 417 164 491 165 466 165 19
441 174 416 174 491 177 465 176 12
441 242 416 241 491 245 465 244 39
446 249 415 249 495 253 463 253 25
443 255 412 254 493 257 461 257 24
445 278 412 278 493 283 460 283 25
446 317 403 317 495 325 449 325 46
451 57 427 57 501 57 477 57 34
449 70 424 69 497 71 473 71 24
449 98 424 98 499 99 474 99 17
449 108 425 107 499 109 475 108 16
447 153 422 153 497 155 472 155 34
447 159 422 159 497 161 471 161 32
447 185 422 184 497 187 472 187 18
447 218 421 219 497 221 470 222 23
451 228 427 227 501 231 476 230 16
448 245 419 246 497 249 466 249 34
448 276 415 276 497 281 464 281 21
450 284 410 282 499 289 464 288 22
448 299 409 300 499 307 456 305 74
451 306 409 306 497 313 454 313 101
453 319 408 318 501 327 456 327 40
452 336 400 336 499 347 445 347 59
451 342 400 341 499 353 445 353 74
448 351 396 351 497 363 441 363 40
455 69 430 68 505 69 480 69 12
453 94 428 94 503 95 478 95 23
455 106 430 106 505 109 480 107 13
455 110 430 109 505 111 480 111 15
455 115 429 115 505 117 479 117 28
458 133 433 133 507 135 482 135 17
453 137 429 138 503 139 479 140 18
457 210 432 210 507 213 482 213 10
453 226 429 225 503 229 478 229 18
457 232 433 231 507 235 481 235 20
453 249 424 248 503 253 473 252 25
458 247 426 247 507 251 474 251 28
454 262 421 261 503 267 470 266 15
458 268 425 267 507 273 474 271 22
458 282 424 282 507 287 473 287 19
458 295 414 296 507 301 464 301 36
454 307 414 307 503 315 460 315 75
456 304 416 304 505 311 463 311 49
456 315 414 314 505 323 460 323 42
458 320 415 320 507 329 459 328 58
459 340 406 340 507 351 452 351 79
455 344 403 343 503 355 448 355 69
457 347 405 346 505 359 450 358 54
461 67 437 66 511 67 487 67 34
459 92 436 92 511 93 486 92 21
461 106 437 105 511 107 486 106 26
461 123 437 123 511 125 486 125 16
460 141 437 141 511 143 487 143 25
463 155 439 154 513 157 488 157 167
463 175 430 174 513 177 479 176 76
462 190 438 190 511 193 487 193 43
459 214 435 213 509 217 485 216 12
461 245 432 244 511 249 479 249 44
464 278 431 276 513 283 479 283 24
460 276 427 275 509 281 475 281 21
461 300 421 300 509 307 469 307 61
461 306 421 305 509 313 469 312 63
469 23 443 21 519 23 493 21 369
469 73 442 73 519 73 491 73 33
464 107 440 107 515 109 490 108 18
467 159 434 160 517 161 484 161 94
467 165 435 165 517 167 484 167 81
465 175 432 174 515 177 481 177 76
467 192 443 192 517 195 492 195 74
470 264 435 265 519 269 482 267 22
469 283 436 283 519 289 482 288 16
467 287 433 288 515 293 480 294 18
468 294 432 293 517 301 481 300 20
469 311 427 310 519 319 475 318 40
466 313 423 313 515 321 470 321 47
467 327 420 329 517 339 466 339 40
475 34 453 35 525 35 504 36 188
471 96 446 96 521 97 496 96 27
473 98 449 98 523 99 498 98 23
473 116 452 113 523 117 502 117 42
471 139 447 139 521 141 496 141 34
471 163 439 163 521 165 488 165 83
473 159 441 159 523 161 493 162 125
473 165 441 165 523 167 490 167 83
473 171 440 171 523 173 489 173 120
473 179 441 178 523 181 489 181 81
471 207 447 207 521 211 496 210 28
473 228 451 227 523 231 498 231 13
473 232 448 231 523 235 498 235 14
474 263 440 263 523 267 489 268 20
471 266 437 265 521 271 487 271 21
475 264 441 263 525 269 490 269 21
473 274 440 273 523 279 487 279 17
474 279 440 279 523 285 488 285 27
471 276 438 275 521 281 486 281 32
475 322 430 322 525 331 483 331 40
474 320 431 320 523 329 477 329 23
472 351 419 350 521 363 464 363 54
474 351 424 352 523 363 466 363 103
477 31 456 30 527 31 506 30 278
481 34 460 33 531 35 509 34 200
477 50 458 50 527 51 509 49 440
479 54 456 54 529 55 506 54 130
477 56 455 56 527 57 505 57 190
475 90 454 88 527 89 504 88 56
479 122 454 121 529 123 504 123 77
477 124 452 124 527 125 502 125 83
477 165 445 165 527 167 494 167 177
479 169 447 169 529 171 496 171 128
481 165 447 164 531 167 496 166 91
477 175 444 175 527 177 494 177 104
481 179 448 179 531 181 497 181 134
480 210 456 210 531 213 505 213 31
479 216 458 213 529 219 504 219 16
480 239 453 242 529 243 497 243 27
481 283 447 283 531 289 496 289 18
480 295 443 298 531 305 491 305 22
481 304 441 303 531 311 489 311 24
482 315 439 315 531 323 487 323 34
480 320 436 320 531 329 485 329 21
483 20 461 20 533 21 511 20 228
482 51 459 51 533 51 511 52 139
483 56 460 56 533 57 511 57 152
487 76 466 76 537 77 517 77 96
483 175 450 175 533 177 500 177 133
485 194 452 194 535 197 501 197 32
483 206 459 206 533 209 508 209 61
485 243 454 243 535 247 505 245 18
486 268 453 267 537 273 502 273 14
484 280 449 279 533 285 498 285 23
485 285 451 285 535 291 500 291 21
487 300 449 299 537 307 496 307 30
489 33 469 33 539 33 519 33 232
491 30 471 31 541 31 522 31 183
494 43 471 43 543 43 523 43 145
489 50 469 50 539 51 520 51 164
491 55 471 55 541 55 521 55 126
489 57 468 57 539 57 518 57 152
489 68 470 68 539 69 520 69 91
489 124 465 124 539 125 514 124 159
493 144 461 141 543 145 511 143 285
493 167 460 167 543 169 508 168 60
491 171 459 171 541 173 508 173 159
491 173 458 172 541 175 508 175 116
493 177 460 177 543 179 509 179 67
493 194 461 193 543 197 510 195 27
489 196 456 196 539 199 506 199 30
489 281 455 281 539 287 503 286 34
487 296 447 295 541 303 501 301 30
487 304 445 304 539 311 497 311 34
493 313 451 312 543 321 497 321 21
488 311 446 311 539 319 495 318 28
488 330 442 329 539 343 487 343 31
495 51 475 50 545 51 525 50 149
495 58 473 59 545 59 523 59 151
495 180 462 180 545 183 511 183 63
495 206 462 207 545 209 512 209 31
495 232 471 232 545 235 523 234 14
497 247 464 247 547 251 513 250 24
497 254 463 254 547 259 511 259 23
499 263 464 263 549 269 513 268 23
496 291 465 291 549 297 512 297 34
496 310 455 310 547 319 499 318 24
499 319 455 319 549 329 503 328 18
495 336 445 336 545 347 492 347 27
495 341 443 340 545 353 490 352 78
501 35 480 36 551 35 531 36 337
502 39 481 39 553 39 532 39 277
503 45 483 45 553 45 533 45 253
505 41 484 41 555 41 535 41 248
503 53 479 51 553 53 529 51 200
501 56 477 54 551 57 527 55 456
504 58 483 58 555 59 533 58 248
501 132 473 131 553 133 523 133 265
502 160 470 160 553 161 520 161 45
505 163 472 162 555 165 522 164 46
501 167 468 167 551 169 518 169 43
504 175 472 175 555 177 521 177 62
502 171 469 171 551 173 519 173 51
503 181 470 180 553 183 519 183 40
500 204 468 205 551 209 517 209 20
505 213 472 212 555 217 522 216 20
501 252 466 252 551 257 515 257 34
501 258 466 258 551 263 515 264 32
501 269 467 269 551 275 516 275 37
505 334 455 332 555 345 501 345 17
501 334 453 333 553 347 500 346 29
509 39 488 39 559 39 538 39 406
510 50 490 49 561 51 540 49 387
508 63 487 62 559 63 537 63 286
511 99 491 101 561 99 540 100 204
508 96 487 96 559 97 537 96 235
508 157 479 156 559 159 529 157 44
507 161 477 159 557 163 525 162 44
506 173 474 173 557 175 523 175 46
507 179 474 179 557 181 523 180 34
509 188 476 188 559 191 526 191 30
506 201 474 200 557 203 523 204 24
508 215 476 215 559 219 525 219 35
506 216 474 216 557 221 523 219 26
507 247 475 247 557 251 524 251 24
509 262 474 263 559 267 523 266 42
507 260 472 259 557 265 522 265 36
511 279 475 279 561 285 524 285 99
507 276 472 276 559 281 521 282 164
509 281 473 281 559 287 522 287 87
508 301 470 301 559 309 517 309 21
508 312 461 313 559 323 516 324 15
507 322 459 323 557 333 508 332 18
510 333 461 332 561 345 508 344 26
510 339 459 338 561 351 507 351 31
506 346 452 346 557 359 497 357 68
516 71 496 71 567 71 546 71 300
514 161 486 161 565 163 535 162 46
514 169 484 168 565 171 534 170 48
516 173 485 172 567 175 536 173 101
512 171 481 170 563 173 530 173 30
513 192 480 192 563 195 529 195 25
514 219 483 219 565 223 532 223 28
516 229 484 228 567 233 534 233 29
517 247 484 247 567 251 535 250 22
517 260 482 259 567 265 532 265 33
513 260 479 260 563 265 528 265 39
515 262 481 262 565 267 530 267 74
512 283 476 283 563 289 526 289 70
514 281 478 281 565 287 528 287 50
514 288 477 288 565 295 528 295 36
513 312 471 310 565 321 519 321 15
513 315 465 313 565 325 519 325 14
514 326 464 324 565 335 514 334 20
516 346 462 346 567 359 510 359 41
522 93 494 92 573 93 543 94 139
520 125 484 126 571 125 534 126 48
518 149 487 150 569 151 537 152 63
522 233 489 234 573 237 538 238 28
524 307 480 309 573 317 528 318 24
518 335 469 335 569 347 522 347 41
524 31 501 33 575 31 552 32 216
526 181 492 180 577 183 542 183 50
528 179 494 178 579 181 544 181 56
528 184 494 184 579 187 544 187 67
524 190 492 189 575 193 542 193 34
528 198 496 198 579 201 539 202 39
524 209 492 209 575 213 542 212 16
528 223 496 223 579 227 546 227 28
524 229 493 231 575 233 543 234 29
526 238 493 238 577 243 543 243 29
528 236 494 238 579 241 545 241 31
528 244 495 243 579 249 545 248 26
525 254 499 253 575 259 549 257 42
525 258 497 258 575 263 547 263 35
527 271 493 271 577 277 543 277 117
526 275 491 274 577 281 540 280 104
525 296 482 293 575 303 536 303 26
528 303 488 303 579 311 537 311 14
528 312 485 312 579 321 531 320 27
528 323 483 322 579 333 532 333 39
525 332 476 331 577 343 524 343 38
534 51 514 52 585 51 566 51 645
530 63 513 65 581 63 560 63 485
532 157 496 156 583 159 547 159 42
532 160 496 158 583 161 547 161 30
530 172 493 171 581 175 543 173 44
530 181 495 181 581 183 546 183 83
534 184 500 184 585 187 549 186 47
532 200 500 199 583 203 550 203 17
532 208 500 207 583 211 549 211 15
530 240 497 239 581 245 547 243 39
529 292 493 292 581 299 542 299 29
529 298 491 298 583 305 542 305 21
531 297 488 297 581 305 540 305 22
533 305 493 305 585 313 544 313 14
530 330 480 329 581 341 529 341 52
528 336 479 335 581 347 528 347 34
540 65 521 63 591 65 565 64 646
539 104 503 103 591 103 553 103 44
539 112 503 112 591 111 554 110 19
535 114 499 114 587 115 550 114 26
535 123 500 121 587 123 550 123 19
539 126 504 127 591 127 559 128 34
535 128 500 129 587 129 550 128 15
536 175 504 175 587 177 554 177 47
536 182 502 182 587 185 552 185 49
540 192 506 192 591 195 556 195 39
540 201 507 201 591 205 557 205 22
537 221 505 221 589 225 555 225 19
537 217 505 216 589 221 555 220 16
539 219 507 219 591 223 557 223 28
536 239 503 238 587 243 553 242 28
536 244 503 244 587 249 553 249 23
540 264 511 262 591 269 560 269 105
537 268 507 267 589 273 557 272 161
540 291 502 291 591 299 551 299 40
535 301 496 300 587 309 546 309 21
538 299 499 299 591 307 549 307 23
541 304 503 303 591 313 551 312 25
538 316 489 316 591 325 536 326 48
535 319 490 319 587 329 539 329 37
538 319 494 319 591 329 544 329 42
536 326 488 326 587 337 538 336 49
540 332 489 331 591 343 539 343 39
543 111 507 110 595 111 557 111 19
541 110 505 109 593 109 556 109 35
543 119 507 119 595 119 558 119 22
545 134 509 132 597 135 560 133 33
541 154 507 153 593 157 557 155 37
545 159 511 160 597 161 561 163 43
541 162 508 162 593 163 559 164 34
543 177 510 177 595 179 560 179 45
545 183 515 184 597 185 563 184 71
542 181 508 181 593 185 558 185 52
543 196 510 196 595 199 560 199 28
545 200 512 199 597 203 562 202 23
543 223 511 225 595 229 561 229 16
545 290 508 289 597 297 557 296 43
542 293 504 293 593 301 554 300 38
543 317 498 317 595 327 548 326 31
549 85 509 85 601 83 558 82 58
549 123 513 123 601 123 564 123 23
551 126 515 127 603 127 566 128 39
549 155 515 155 601 157 565 156 34
547 163 513 164 599 165 563 167 31
549 190 516 190 601 193 566 195 26
547 220 515 220 599 223 565 225 13
549 234 517 234 601 239 567 239 18
547 244 516 244 599 249 566 249 39
547 267 509 267 599 273 559 273 175
547 276 510 275 599 283 560 283 144
550 293 512 293 601 301 561 301 43
551 315 506 315 603 325 557 325 28
547 328 499 328 599 339 546 339 68
547 333 499 333 601 345 549 345 69
555 128 519 129 607 129 570 129 29
555 158 519 157 607 159 571 159 45
555 169 523 168 607 171 570 173 34
557 173 523 173 609 175 574 175 39
555 175 521 175 607 177 572 177 34
557 179 523 178 609 181 574 181 33
555 186 522 185 607 189 572 189 34
553 218 521 218 605 223 571 223 20
553 226 520 227 605 229 572 228 15
553 244 521 244 605 249 571 248 42
557 244 524 243 609 249 575 249 57
555 242 523 242 607 247 573 247 64
555 252 523 252 607 257 573 257 65
553 257 515 257 605 263 566 263 76
553 275 516 275 605 281 566 281 164
553 309 512 309 607 319 562 319 47
552 317 507 317 605 327 557 327 58
556 315 511 315 609 325 562 325 35
553 330 503 329 605 341 553 341 103
556 335 505 335 609 347 555 347 75
555 342 503 341 605 355 549 355 92
562 71 527 70 615 69 579 68 233
561 81 526 80 613 79 577 79 30
558 96 521 97 611 95 573 95 19
560 100 524 99 613 99 575 99 20
560 109 524 109 613 109 575 109 27
562 113 526 113 615 113 578 113 29
561 186 527 186 613 189 578 189 28
563 198 528 198 615 201 579 200 20
563 203 529 203 615 207 580 206 15
559 223 527 223 611 227 578 227 44
561 244 528 243 613 249 579 249 117
561 251 528 252 613 257 579 257 58
561 271 522 271 613 277 573 276 116
559 269 520 269 611 275 571 275 148
559 275 521 274 611 281 571 280 105
559 299 520 299 611 307 570 307 51
558 303 519 302 611 311 570 311 35
558 320 512 320 611 331 563 331 91
558 322 511 322 611 333 562 333 58
555 327 508 327 611 339 561 339 107
561 328 514 327 615 339 564 339 80
564 83 529 82 617 81 580 80 31
565 89 529 90 617 89 580 89 29
566 163 533 163 619 165 585 163 65
567 169 533 169 619 171 584 171 63
565 173 531 173 617 175 582 175 53
569 184 534 184 621 187 585 187 39
569 200 534 200 621 203 585 203 32
566 229 532 227 619 233 583 232 79
566 241 534 241 619 247 585 246 94
568 243 537 244 621 249 588 249 77
564 262 526 261 617 267 578 268 215
569 295 530 295 621 303 581 303 61
565 297 526 297 617 305 577 305 51
567 314 525 314 621 325 574 325 70
567 322 521 322 621 333 571 333 68
565 328 517 327 619 339 568 339 94
565 324 515 324 619 335 569 335 114
565 342 513 341 619 355 563 355 49
563 344 510 343 617 357 561 357 51
572 73 536 72 625 71 588 70 73
570 153 535 154 623 155 587 155 62
572 167 538 167 625 169 590 169 94
573 178 539 178 625 181 590 181 32
570 194 536 194 623 197 587 196 26
570 207 536 207 623 211 587 211 53
572 224 539 224 625 229 590 229 106
574 244 542 243 627 249 594 249 69
570 267 539 267 623 273 590 273 115
570 273 537 272 623 279 589 279 149
572 276 538 276 625 283 589 283 231
569 326 522 325 623 337 573 337 99
570 338 519 338 625 351 571 351 78
580 102 530 103 633 101 582 100 73
576 154 542 154 629 155 593 155 56
580 157 546 157 633 159 597 159 91
578 213 544 212 631 217 596 217 97
580 228 548 228 633 233 599 232 147
578 284 540 283 631 291 592 291 156
576 287 538 287 629 295 590 295 162
580 293 541 293 633 301 593 301 205
581 299 540 298 633 307 593 307 94
577 322 529 322 631 333 581 333 59
582 88 533 87 637 85 585 84 76
585 102 537 103 639 101 589 103 91
584 142 549 143 637 143 603 142 93
586 190 552 190 639 193 604 193 56
582 211 548 211 635 215 600 215 118
585 239 552 238 637 243 603 242 137
586 240 554 240 639 245 605 244 86
584 265 552 264 637 271 604 270 93
582 271 549 271 635 277 601 277 116
589 104 540 104 643 103 592 103 165
588 144 557 145 641 145 614 146 146
591 154 557 154 645 155 609 155 106
590 187 555 186 643 189 607 189 54
590 232 558 232 643 237 610 237 133
588 228 556 228 641 233 608 234 167
592 240 560 239 645 245 611 245 103
593 255 561 257 645 261 608 259 41
589 295 550 294 643 303 602 303 103
589 291 550 291 643 299 602 299 80
587 302 546 302 641 311 598 311 80
585 315 541 315 641 325 593 325 92
590 325 543 325 645 337 595 337 80
585 327 539 327 641 339 591 339 79
590 329 542 329 645 341 594 341 67
596 109 552 108 651 107 605 107 118
595 196 561 197 649 199 613 200 44
594 202 559 203 647 205 613 203 48
597 209 563 208 651 213 616 214 67
596 221 561 220 649 225 614 225 133
593 223 559 222 647 227 611 226 221
594 238 561 238 647 243 613 243 111
596 298 555 298 649 307 607 307 159
597 302 557 302 651 311 609 311 120
595 314 552 314 651 325 605 324 76
594 314 547 312 649 325 602 324 78
593 322 543 321 647 333 598 333 53
592 318 547 318 647 329 600 329 55
597 322 547 321 651 333 601 333 68
595 327 547 327 651 339 600 339 66
596 30 544 29 653 23 598 23 22
596 36 544 36 653 29 597 28 20
596 49 544 49 653 43 597 43 18
598 47 546 48 655 41 599 40 15
597 75 545 75 653 71 598 71 60
601 100 556 99 655 97 609 97 180
598 107 554 106 653 105 607 105 130
601 154 567 155 655 155 621 157 47
599 202 565 202 653 205 618 204 70
601 206 568 206 655 209 620 209 63
603 209 569 208 657 213 622 213 77
599 215 565 215 653 219 618 219 99
600 268 561 268 653 275 612 275 437
599 296 559 296 653 305 611 305 127
600 300 560 300 655 309 612 309 147
602 304 561 304 657 313 614 313 115
598 343 545 343 655 357 598 357 31
605 49 554 50 663 43 607 43 17
602 69 550 71 659 65 604 66 34
607 103 562 102 663 101 617 101 139
604 110 562 110 659 109 615 109 138
608 265 577 265 663 271 630 271 286
604 337 551 337 661 351 605 351 38
603 339 550 339 659 353 603 353 58
604 343 550 343 661 357 603 357 40
612 44 563 42 669 37 616 37 18
610 78 559 77 667 75 613 74 134
608 92 562 93 665 89 616 90 309
613 103 569 103 669 101 623 101 165
610 148 562 147 665 149 615 151 92
613 177 579 177 667 179 630 177 71
613 268 573 269 667 275 626 275 356
611 283 576 281 667 291 631 289 170
612 293 574 293 667 301 627 301 87
611 305 569 305 667 315 623 315 55
609 321 562 321 665 333 615 333 30
611 327 563 327 667 339 616 339 36
610 346 552 345 667 361 609 361 48
613 27 560 26 671 19 615 19 28
615 75 566 77 673 71 619 73 93
617 101 572 101 673 99 626 99 218
617 213 575 213 675 217 631 215 146
618 274 578 274 673 281 631 281 366
616 283 575 281 671 291 629 289 114
616 287 579 287 671 295 632 295 162
617 291 574 292 673 299 627 301 140
619 296 579 296 675 305 632 305 99
617 305 575 305 673 315 629 315 38
619 303 578 303 675 313 631 313 48
618 315 573 315 671 327 621 327 52
616 322 570 321 673 333 623 333 45
614 325 565 324 671 337 620 337 51
614 329 565 328 671 341 620 341 99
614 341 562 341 671 355 615 355 41
623 60 574 60 681 55 629 55 109
621 64 572 64 679 59 627 59 115
623 82 579 82 681 79 636 79 356
621 87 573 86 679 83 627 83 225
624 97 580 97 677 95 634 95 267
622 113 573 112 677 113 626 112 223
624 156 580 156 681 157 634 156 38
622 169 587 169 679 171 641 171 134
622 246 579 248 679 251 632 252 104
624 283 580 282 681 291 634 292 139
621 290 580 290 677 299 634 299 110
621 307 577 307 679 317 633 317 51
622 330 575 330 681 343 629 343 73
625 343 569 342 679 357 623 357 93
623 339 571 339 681 353 625 353 72
618 346 564 346 677 361 618 361 62
622 348 568 347 681 363 623 363 51
628 36 575 35 687 27 631 27 43
625 45 580 47 685 41 636 39 71
624 65 577 66 683 61 631 61 131
629 92 585 92 687 89 637 89 156
630 101 584 101 687 99 636 99 125
626 105 581 105 683 103 636 103 166
626 203 582 201 683 207 637 207 63
626 241 582 238 683 245 637 247 42
626 244 582 242 683 251 636 249 97
628 254 584 254 685 261 639 261 121
626 280 582 280 683 287 637 289 183
626 325 578 324 683 337 632 337 44
624 335 573 334 683 349 625 348 80
635 62 587 61 693 57 643 57 157
633 80 590 80 689 77 645 76 280
637 105 590 105 693 103 645 103 165
633 147 589 147 691 147 642 149 60
634 251 603 252 691 257 659 257 104
638 262 597 261 693 269 659 269 232
634 272 590 271 691 279 645 278 433
637 283 602 283 693 291 648 292 169
634 284 593 285 689 293 646 293 157
636 301 595 301 693 311 649 310 38
631 310 588 310 689 321 643 321 37
634 319 587 319 691 331 640 331 42
633 319 585 319 689 331 640 331 43
630 337 578 337 689 351 633 351 122
631 342 578 342 689 357 632 357 132
630 347 574 347 689 363 630 363 62
638 90 595 90 699 87 649 87 216
641 153 597 153 699 155 653 154 51
637 157 592 157 695 159 648 159 48
639 171 596 171 697 173 651 173 39
638 184 592 184 695 185 647 186 68
645 229 605 227 699 233 657 232 96
643 272 610 271 699 279 664 279 231
643 268 611 268 699 275 665 275 167
640 286 603 287 697 295 662 297 118
638 300 596 299 695 309 651 309 40
641 301 600 301 699 311 655 311 24
641 309 598 307 699 319 653 317 35
639 319 594 319 699 331 650 331 31
637 327 589 326 695 339 643 339 51
636 323 589 323 695 335 644 335 46
639 325 591 325 699 337 648 337 63
639 335 587 335 699 349 644 349 79
645 77 593 75 703 73 647 71 295
642 93 599 92 703 89 655 89 249
643 169 599 167 701 171 654 171 54
647 171 602 171 705 173 658 173 43
651 196 603 196 705 199 656 199 85
651 232 622 231 705 237 670 236 79
645 255 614 255 701 261 668 261 44
647 264 615 264 703 271 670 271 193
646 283 610 283 703 291 664 291 105
648 279 612 279 705 287 667 287 132
648 285 612 285 705 293 666 293 78
647 342 592 342 705 357 648 357 145
642 344 589 343 703 359 644 359 146
648 54 601 55 709 47 658 49 71
648 90 603 90 707 87 659 87 216
650 98 604 98 709 95 661 95 165
652 165 606 165 711 167 663 167 47
648 169 602 169 707 171 658 171 50
655 266 623 266 711 273 678 273 213
653 276 620 275 709 283 674 283 174
653 303 611 303 711 313 666 313 34
651 310 608 309 709 321 663 321 35
649 306 606 307 707 317 662 317 28
649 331 599 331 709 345 655 345 57
650 325 600 325 711 341 657 341 43
650 347 595 347 711 363 652 363 81
657 53 607 51 717 47 665 45 33
657 58 608 57 717 53 667 53 65
653 159 608 159 713 161 664 161 55
658 270 623 270 715 277 680 277 230
660 286 621 286 717 295 678 295 242
654 313 610 313 713 325 666 325 23
653 333 602 333 713 347 659 347 52
654 343 600 343 715 359 657 359 126
660 55 613 55 721 49 671 48 41
662 53 615 53 723 47 673 47 28
659 152 613 152 719 153 670 153 38
663 156 615 155 723 157 672 156 51
663 283 623 283 721 291 681 291 212
664 295 623 295 723 305 680 305 83
660 306 617 306 719 317 673 317 41
663 313 618 314 723 327 674 327 32
660 336 608 336 721 351 665 351 73
665 26 616 25 727 17 674 16 79
667 31 617 31 729 23 675 24 34
665 145 619 144 725 145 676 143 55
667 147 623 147 727 147 681 147 64
665 152 620 152 725 153 678 153 42
669 162 623 163 729 165 681 164 54
667 279 631 279 725 287 687 287 214
666 284 629 285 725 293 684 293 169
670 293 631 292 729 303 687 302 117
667 303 629 302 727 313 682 313 76
666 305 626 304 725 315 680 315 63
667 327 614 327 727 341 672 341 28
665 327 612 325 725 341 670 341 23
669 29 619 28 731 21 678 21 43
674 48 627 47 735 41 685 41 36
676 67 629 67 735 63 689 62 202
677 73 627 75 735 69 685 71 222
674 152 630 152 735 153 688 153 58
674 163 628 163 735 165 686 165 54
672 191 629 188 733 193 685 191 43
673 297 632 297 733 307 689 307 80
671 310 626 310 731 321 683 321 45
672 313 627 312 733 325 683 325 38
674 314 629 313 735 327 685 327 26
671 321 625 321 735 333 683 333 19
668 340 616 339 731 355 674 355 47
669 347 614 347 731 363 672 363 33
672 343 618 343 735 359 677 359 89
679 40 629 37 741 33 689 31 93
677 165 631 165 739 167 690 167 52
676 212 632 211 737 217 689 218 65
677 295 635 294 737 305 693 304 70
677 301 635 300 737 311 692 311 64
678 311 633 311 739 323 690 323 43
679 340 623 339 739 355 683 355 96
683 180 637 180 745 183 695 183 37
683 176 639 177 745 179 693 179 43
684 178 637 178 747 181 697 181 40
679 201 635 202 743 207 694 207 25
684 215 639 216 745 221 697 221 34
685 261 641 262 747 269 701 270 155
685 273 639 271 747 279 701 279 147
686 170 639 170 749 173 698 172 38
687 207 642 207 749 211 701 211 50
687 274 641 273 749 283 700 283 87
691 293 649 294 753 303 707 303 58
688 289 649 291 751 299 703 299 40
689 315 644 314 751 327 702 327 14
691 321 645 320 753 333 703 333 24
690 317 643 317 751 329 703 329 28
686 339 632 339 749 355 692 355 90
687 341 633 341 751 357 693 357 84
687 346 632 346 751 363 692 363 123
691 162 644 160 755 163 703 163 52
691 160 643 161 755 161 703 162 56
696 173 649 173 759 175 709 176 53
696 182 649 182 759 185 709 185 31
692 201 647 201 755 205 707 206 30
695 298 650 298 757 309 709 309 35
694 334 642 334 759 349 703 349 66
701 52 651 52 765 45 711 46 45
701 158 652 157 765 159 712 159 50
699 177 651 176 763 179 715 181 32
701 287 656 288 763 297 714 297 40
700 293 657 293 761 305 715 304 41
702 305 657 305 765 317 717 317 22
699 309 654 309 761 321 713 321 23
702 324 654 323 765 337 713 337 36
700 326 653 326 763 339 710 338 41
700 332 644 329 765 347 710 347 76
699 336 647 335 763 351 707 351 108
698 341 645 341 763 357 705 357 134
700 344 644 344 765 361 706 361 144
702 100 654 100 767 97 715 97 55
704 154 656 154 769 155 717 155 47
706 166 658 165 771 167 719 167 30
705 176 659 175 769 179 717 178 51
705 191 661 191 769 195 721 193 33
704 284 657 285 767 293 719 293 39
706 291 660 291 769 301 720 301 36
704 294 659 294 767 305 719 305 27
706 303 659 303 769 315 719 314 28
704 309 659 309 767 321 719 321 22
707 313 662 312 771 325 722 325 25
706 318 660 319 771 331 721 331 21
705 332 653 332 769 347 715 347 98
711 71 658 75 777 69 720 70 36
707 71 655 70 773 65 717 65 28
711 104 661 103 777 101 723 101 29
711 169 663 170 775 171 723 173 63
712 176 668 175 777 179 729 179 44
710 294 666 294 773 305 725 304 36
711 301 665 299 775 313 726 313 29
711 309 663 305 775 321 727 321 30
713 305 667 306 777 317 728 317 19
708 328 658 328 773 343 720 343 38
708 346 653 346 775 363 715 363 126
712 69 660 68 779 63 722 63 38
714 84 662 84 781 79 725 78 26
715 111 665 111 781 107 727 109 44
718 190 674 189 783 193 735 193 89
716 202 670 201 781 205 732 205 108
714 206 668 205 779 209 730 209 110
721 249 679 249 781 255 737 255 560
718 307 673 306 783 319 735 318 17
715 312 669 312 779 325 731 325 18
713 324 663 323 779 337 728 337 19
712 332 662 332 779 347 724 347 46
714 342 660 341 781 359 722 358 52
722 93 672 91 789 89 734 89 42
720 97 670 96 787 93 732 93 53
724 158 680 157 789 159 741 158 59
724 196 677 196 789 199 740 199 148
723 198 678 198 789 201 740 201 103
719 200 673 199 785 203 737 203 93
723 281 675 281 789 293 739 293 66
720 305 675 304 785 317 736 317 29
721 337 668 337 787 353 729 353 47
718 346 662 346 785 363 725 363 73
723 62 670 62 791 55 734 54 21
727 70 675 69 795 63 738 61 21
723 71 671 70 791 65 734 64 25
728 148 682 149 793 149 745 149 51
726 156 682 155 791 157 743 157 58
726 159 681 159 791 161 743 161 41
725 167 680 167 791 169 743 169 48
731 300 684 300 795 313 746 313 29
729 308 683 308 795 321 746 321 15
727 307 681 307 793 319 744 319 20
728 312 682 312 793 325 744 325 32
729 318 683 318 795 331 746 331 33
726 325 679 324 793 339 740 339 38
727 330 677 330 793 345 740 345 45
723 344 669 344 791 361 733 361 53
730 55 678 56 799 49 742 49 45
730 79 678 79 799 75 743 74 30
731 106 682 105 799 103 746 102 59
733 174 688 173 799 177 750 177 76
735 178 689 178 801 181 752 181 109
733 188 687 187 799 191 750 191 100
739 263 698 264 801 271 758 271 299
733 281 695 282 797 291 756 291 108
733 304 688 303 799 317 749 318 24
733 322 684 322 799 337 747 336 35
733 332 682 332 801 347 746 347 53
738 167 691 165 805 169 756 169 105
739 185 693 185 805 189 756 189 108
736 299 691 299 803 311 754 311 35
738 312 697 312 805 325 761 325 66
740 316 694 316 807 329 756 329 44
737 335 684 335 805 351 755 351 61
735 337 682 337 803 353 746 353 44
742 144 697 145 809 145 761 144 58
746 169 701 169 813 171 765 171 129
746 180 702 180 813 183 765 184 81
746 240 702 239 809 247 762 245 376
745 294 700 294 811 305 767 305 96
744 303 704 301 811 315 763 315 53
745 305 701 304 813 317 764 317 29
745 326 695 326 813 341 760 341 89
743 338 690 338 813 355 756 355 27
748 165 702 163 815 165 766 164 123
753 169 709 168 819 171 773 171 154
756 233 714 235 819 239 775 241 79
755 238 713 237 819 245 777 245 154
748 281 702 281 815 291 767 291 93
751 317 705 317 819 331 769 331 63
748 317 701 317 815 331 765 331 50
746 332 695 331 815 347 760 347 80
747 345 691 345 817 363 757 363 32
758 183 713 180 825 185 777 184 48
757 278 712 279 823 287 783 287 97
753 290 708 290 821 301 771 303 103
757 79 709 78 827 73 775 72 46
761 84 712 83 831 77 777 78 47
757 85 704 83 827 79 771 78 54
761 178 717 178 829 181 782 181 65
763 176 719 176 831 179 784 179 78
761 285 716 284 829 295 781 295 100
759 307 712 308 827 321 777 321 27
758 321 710 321 831 335 777 335 113
759 324 710 324 829 339 776 339 105
758 329 708 329 829 345 774 345 74
756 331 706 331 827 347 772 347 117
760 333 709 333 831 349 776 349 104
769 31 729 31 837 23 796 22 66
765 35 727 35 833 27 791 27 73
768 43 724 42 837 35 791 34 55
767 64 725 62 837 57 786 58 44
766 69 717 70 835 63 785 61 44
765 182 721 181 833 185 786 185 44
766 192 724 192 835 197 789 197 30
764 312 719 312 833 325 783 325 59
773 34 733 33 841 27 795 28 87
771 35 731 34 839 27 796 27 62
768 78 722 78 839 73 788 72 27
768 90 720 89 839 85 786 85 30
770 180 728 180 839 183 793 183 38
772 178 730 178 841 181 795 181 31
774 182 731 181 843 185 797 184 42
774 188 731 187 843 191 797 190 30
775 235 731 234 841 241 793 241 78
771 276 726 274 841 287 793 285 63
771 304 725 303 841 317 791 317 30
770 319 724 319 841 333 790 333 97
768 324 721 324 839 339 787 339 186
769 328 719 328 841 343 788 343 157
768 329 718 329 839 345 785 345 79
766 338 713 338 839 355 778 355 53
778 44 735 43 847 37 802 37 41
780 45 737 43 849 37 804 35 53
774 52 729 51 845 45 797 44 32
778 56 733 55 849 49 800 48 34
777 60 729 57 847 53 799 53 32
774 83 729 85 845 77 800 79 40
777 200 733 199 847 205 800 203 15
775 287 730 289 845 299 795 301 65
777 293 732 293 847 305 798 305 89
775 308 729 308 845 321 795 321 34
777 304 731 304 847 317 797 317 52
776 310 730 310 847 323 797 323 68
774 324 725 324 845 339 792 339 94
775 345 721 345 849 363 789 363 45
775 341 719 341 847 359 788 359 55
785 184 743 184 855 187 810 187 33
783 191 739 191 853 195 806 195 18
782 187 739 187 853 191 806 191 22
783 201 740 201 853 205 807 205 16
785 225 739 224 853 231 808 230 31
780 291 735 290 851 303 802 302 108
782 293 737 292 853 305 803 305 85
780 308 734 308 851 321 801 321 48
783 313 738 313 855 327 807 327 146
780 326 731 326 853 341 800 341 133
788 57 735 61 859 51 803 53 66
789 164 749 164 859 165 815 165 21
790 208 746 207 861 213 813 214 33
789 217 746 217 859 223 812 225 32
790 237 747 237 861 245 814 244 48
787 309 741 309 859 323 809 323 55
785 317 737 317 859 331 808 331 109
784 332 732 332 857 349 801 349 140
784 338 731 338 857 355 799 355 123
792 204 747 204 863 209 815 209 37
794 209 749 209 867 213 817 214 46
795 289 750 288 867 301 818 300 137
792 295 748 296 865 307 815 307 100
791 301 746 299 863 313 815 314 74
791 318 744 318 863 333 812 333 92
791 325 745 325 865 341 811 341 188
789 336 736 336 863 353 805 353 126
798 54 747 54 873 45 817 45 39
798 161 757 160 869 163 828 161 52
798 169 757 168 869 171 825 170 23
801 201 761 205 873 207 827 205 43
798 266 752 267 871 277 822 276 35
799 296 753 295 871 307 821 307 117
797 300 752 299 869 313 821 313 76
805 73 756 72 879 67 827 66 51
801 78 752 76 875 71 822 69 40
807 176 766 176 879 179 835 181 37
809 205 766 204 879 209 836 209 40
805 267 760 267 879 277 829 277 44
805 315 758 315 879 329 828 329 141
805 320 758 320 879 335 828 335 156
805 332 752 332 879 349 823 349 136
799 334 747 334 875 351 817 351 203
801 335 748 335 877 353 819 353 187
799 337 746 337 875 355 817 355 179
809 70 760 70 885 63 831 63 60
810 257 764 258 881 267 827 268 71
809 265 763 265 883 275 833 275 68
811 276 766 276 885 287 836 287 94
809 286 763 286 883 297 833 297 126
811 290 763 290 885 301 831 301 117
807 295 762 293 881 305 832 306 69
811 306 766 305 885 319 836 319 46
809 309 763 309 883 323 833 323 65
805 332 753 332 881 349 825 349 139
807 339 753 339 883 357 824 357 342
808 344 752 344 885 363 823 363 223
812 61 761 65 887 55 833 57 52
817 238 771 237 887 245 833 244 59
814 261 770 259 889 271 840 271 60
812 268 767 269 887 279 837 279 72
816 270 770 270 891 281 841 281 79
814 313 766 313 887 327 836 327 145
817 313 770 313 891 327 840 327 137
818 72 770 72 895 65 841 64 72
821 136 775 135 897 135 847 135 54
819 200 779 200 893 205 849 204 27
823 202 783 202 897 207 852 207 22
824 255 788 254 895 263 856 263 52
817 309 771 308 893 323 842 323 111
819 333 767 333 897 351 840 351 208
816 344 761 344 895 363 834 363 213
827 208 788 208 903 215 859 214 32
832 230 798 230 903 237 866 236 27
830 234 795 233 901 241 864 241 25
830 240 795 240 901 247 863 246 17
830 249 795 248 901 257 864 256 38
831 264 795 264 903 273 864 273 128
825 272 779 272 901 283 851 283 89
826 318 779 318 899 333 848 333 229
821 333 769 333 899 351 842 351 316
821 337 769 337 899 355 843 355 328
837 173 802 172 909 175 869 173 47
834 184 791 184 909 187 862 186 43
831 190 789 190 907 193 859 192 32
838 249 803 249 909 257 872 257 23
833 253 799 253 905 261 868 261 54
837 254 802 254 909 263 872 263 33
829 271 783 270 905 281 855 281 135
829 278 783 278 905 289 855 289 135
833 289 788 288 909 301 861 302 97
830 302 784 301 905 315 857 315 123
827 330 775 330 907 347 850 347 138
838 189 794 187 913 191 865 189 48
839 234 805 234 911 241 874 240 18
839 238 805 238 911 245 874 246 19
836 274 790 274 913 285 863 285 111
837 270 792 270 915 281 865 281 123
834 272 788 272 911 283 861 283 125
834 278 788 277 911 289 861 289 119
834 283 787 283 911 295 861 295 168
835 302 790 302 911 315 862 315 86
832 337 780 336 913 355 854 355 281
844 247 811 247 917 255 881 255 22
841 278 795 278 919 289 869 289 119
838 331 786 331 919 349 862 349 145
839 31 778 31 923 17 857 18 49
837 39 778 37 923 25 856 24 51
841 45 781 44 927 33 859 33 53
854 233 821 234 927 241 891 240 44
850 243 816 243 923 251 887 251 19
852 245 818 244 925 253 889 253 19
852 251 818 251 925 259 889 259 24
848 264 813 263 923 273 883 273 91
849 265 813 265 923 275 884 275 97
853 268 816 267 927 277 888 277 141
849 269 812 269 923 279 884 279 125
847 281 801 281 925 293 875 293 135
848 294 803 293 927 307 877 306 138
841 311 797 311 923 325 873 326 60
845 316 798 316 925 331 873 331 36
846 321 797 321 925 337 872 337 45
846 324 796 324 927 341 874 341 89
855 173 821 172 929 175 892 175 117
855 181 821 181 929 185 892 185 95
859 215 825 215 933 221 897 220 74
860 234 827 233 933 241 898 240 48
860 241 825 242 933 249 896 249 20
856 238 823 238 929 245 894 245 26
851 281 805 279 929 291 879 291 134
850 285 805 284 929 297 880 296 170
854 292 811 292 933 305 883 304 105
854 300 808 300 933 313 884 313 79
851 306 809 307 931 321 879 321 51
850 303 803 303 929 317 878 317 85
852 55 791 55 939 45 871 44 50
848 74 786 73 935 65 866 64 46
850 81 789 81 937 73 869 72 32
864 165 829 163 939 167 901 165 71
864 173 830 173 939 175 902 175 67
861 175 827 174 935 177 898 176 112
856 229 823 229 935 235 895 235 67
863 240 830 238 939 247 901 246 23
862 251 828 252 937 261 900 261 70
864 254 830 254 939 263 902 263 112
856 298 811 298 935 311 887 312 105
854 331 802 331 937 349 880 349 69
854 65 792 67 941 57 873 55 38
857 83 797 83 945 75 878 74 36
854 87 794 87 941 79 874 80 38
862 191 819 191 941 195 894 194 79
865 189 823 189 945 193 899 193 64
868 213 834 213 943 219 907 218 46
870 242 836 241 945 249 909 249 27
868 244 834 243 943 251 907 251 27
866 251 832 251 941 259 904 259 55
861 326 810 325 943 343 887 343 66
869 231 839 230 947 237 912 237 44
874 245 841 245 949 253 914 253 39
872 247 839 247 947 255 911 255 69
868 268 822 268 949 279 899 279 136
870 296 822 296 951 311 900 311 42
869 311 822 311 951 327 901 327 70
867 315 820 315 949 331 897 331 58
867 319 819 319 949 335 896 335 67
864 329 811 329 947 347 889 347 69
869 43 811 43 957 31 893 31 46
867 61 805 60 953 51 889 49 44
879 155 843 153 955 155 917 154 117
873 194 830 194 953 197 907 198 27
881 222 847 221 957 227 921 226 42
882 227 850 227 957 233 916 233 62
877 238 845 236 953 245 917 245 40
880 251 845 251 957 259 921 258 90
871 266 825 266 953 277 903 277 153
873 264 827 264 955 275 905 275 183
873 268 827 268 955 279 905 279 129
875 284 829 284 957 295 908 295 66
871 304 824 304 953 319 902 319 49
873 305 826 304 955 319 903 319 48
869 72 808 73 959 63 891 64 33
871 70 811 69 961 61 893 60 22
873 74 812 74 963 65 895 64 35
870 84 809 83 961 77 892 75 36
872 86 811 86 963 79 895 79 35
876 184 837 185 959 189 914 189 44
878 200 835 199 959 205 912 204 57
886 213 853 213 963 219 927 219 23
887 225 853 224 963 231 927 231 35
885 229 851 229 961 235 925 235 38
886 250 851 250 963 259 926 259 77
884 254 849 254 961 263 923 263 99
878 286 833 286 961 299 911 299 43
880 298 834 299 963 313 913 313 16
879 297 832 297 961 311 911 311 20
876 306 830 306 959 321 908 321 50
878 304 832 304 961 319 910 319 21
873 334 820 334 959 353 900 353 94
883 191 841 190 965 195 918 195 33
887 194 844 194 969 199 922 198 34
883 198 840 198 965 203 918 203 49
892 214 859 214 969 219 933 219 20
892 219 859 219 969 225 933 225 21
890 226 857 226 967 233 931 232 39
890 228 857 228 967 235 931 234 37
889 254 854 253 967 263 929 262 108
885 270 838 270 969 281 918 281 100
882 290 837 289 965 303 915 303 34
884 293 837 293 967 307 916 307 27
882 39 822 39 973 27 907 26 43
881 43 822 42 971 31 905 29 25
884 72 823 71 975 63 908 62 43
891 197 848 197 973 203 926 202 49
893 239 861 238 971 247 935 246 80
895 249 862 249 973 257 937 257 133
889 262 843 262 973 273 923 273 148
891 264 845 264 975 275 925 275 170
889 47 831 46 981 35 915 34 85
885 83 824 83 977 75 909 75 36
888 82 826 81 981 73 912 72 67
899 247 865 247 977 255 941 255 237
892 269 846 269 977 281 926 281 95
906 236 878 235 983 243 951 243 249
908 239 879 239 985 247 953 247 252
906 242 877 243 983 251 951 250 191
901 298 859 301 987 313 947 311 43
914 195 884 193 991 199 959 198 233
913 225 884 225 991 235 959 235 264
921 203 891 199 999 205 967 203 99
917 206 887 207 995 211 963 210 92
917 211 887 210 995 217 963 216 192
917 225 887 221 995 231 963 229 148
921 226 891 227 999 233 967 231 200
921 230 891 230 999 237 967 237 228
921 236 891 236 999 243 967 243 204
921 238 891 237 999 245 967 245 452
921 260 891 259 999 269 967 269 335
927 260 895 259 1005 269 972 269 237
915 292 874 292 1003 307 956 306 52
931 228 900 228 1009 235 977 235 227
928 241 899 242 1007 247 976 248 299
932 238 904 238 1011 245 980 246 183
919 280 873 280 1009 291 958 292 203
925 291 881 291 1011 305 964 305 61
922 300 877 300 1011 315 960 315 22
922 311 873 312 1011 327 961 327 24
936 230 907 230 1015 237 984 237 288
936 236 908 236 1015 243 985 243 229
927 305 880 305 1017 321 965 321 22
926 314 878 313 1015 331 963 330 24
927 314 879 314 1017 331 965 331 24
926 319 878 320 1017 337 964 337 50
937 159 909 159 1023 161 987 160 212
941 228 912 228 1021 235 989 235 359
933 306 886 305 1023 321 971 321 32
929 300 884 300 1021 317 970 317 48
930 318 881 318 1021 335 967 335 24
947 236 919 236 1027 243 998 243 276
940 291 898 291 1029 305 981 305 145
934 295 892 295 1025 309 977 309 74
952 240 925 239 1033 247 1003 247 169
944 297 898 296 1035 311 984 311 106
940 300 893 300 1031 315 980 316 68
961 228 931 228 1041 235 1014 234 181
960 244 934 245 1041 253 1013 253 248
956 249 930 249 1037 257 1009 257 228
961 251 939 251 1043 259 1016 259 241
950 289 905 290 1043 303 993 304 130
951 295 904 294 1043 309 993 309 101
952 306 905 305 1045 321 994 322 36
950 310 903 310 1043 327 992 327 23
970 228 943 228 1051 235 1022 235 191
967 235 941 237 1049 243 1021 244 141
967 243 941 242 1049 251 1021 251 120
970 249 943 248 1051 257 1023 257 237
954 302 908 303 1049 319 996 319 34
957 305 910 305 1051 321 999 321 24
957 309 911 309 1051 325 998 325 28
972 227 948 226 1059 233 1027 233 300
976 235 950 234 1059 241 1031 241 244
961 279 915 280 1055 291 1001 293 88
961 284 919 283 1055 297 1004 296 111
959 317 911 317 1055 335 1004 336 32
982 232 956 231 1065 239 1038 239 205
982 241 956 241 1065 249 1037 249 148
978 239 953 238 1061 251 1033 252 504
982 248 956 248 1065 257 1037 257 351
966 306 918 307 1061 323 1010 322 19
985 219 959 217 1071 225 1044 223 125
984 221 957 221 1071 227 1042 227 147
986 230 960 230 1069 237 1042 237 180
984 239 958 239 1067 247 1040 246 188
984 263 937 263 1071 273 1017 274 206
975 285 928 286 1071 299 1023 299 213
975 287 925 287 1067 301 1017 301 133
974 293 927 293 1069 307 1019 308 108
970 301 923 301 1067 317 1015 317 56
991 224 963 224 1073 231 1044 231 214
988 253 963 252 1073 261 1044 261 513
977 295 929 294 1073 309 1021 309 87
975 306 929 306 1073 323 1020 324 27
997 217 972 217 1081 223 1054 223 131
995 229 970 228 1079 235 1052 235 258
997 239 972 239 1081 247 1054 247 220
995 245 970 244 1079 253 1053 253 177
1002 215 977 215 1087 221 1061 220 190
1004 226 980 225 1089 233 1063 232 264
1002 239 978 239 1087 247 1061 247 217
1001 245 976 245 1085 253 1059 253 192
1007 193 975 194 1093 199 1061 198 295
1009 198 985 199 1095 203 1068 203 230
1009 208 985 207 1095 213 1069 212 333
1009 219 985 218 1095 225 1069 224 150
1008 230 983 230 1093 237 1067 236 234
1010 236 986 235 1095 243 1069 243 166
1015 210 991 209 1101 215 1074 215 160
1012 215 987 215 1097 223 1071 222 127
1012 234 988 234 1097 241 1071 241 221
1018 189 993 189 1105 195 1078 195 244
1017 205 993 204 1103 209 1077 209 204
1021 230 997 230 1107 237 1082 237 199
1019 234 995 233 1105 241 1080 241 305
1021 237 997 237 1107 245 1082 245 125
1017 241 993 241 1103 249 1078 249 114
1020 248 994 248 1107 257 1080 257 257
1023 257 976 257 1107 267 1056 267 609
1025 192 999 195 1113 197 1087 196 220
1025 201 1001 200 1113 205 1088 205 181
1023 204 999 203 1111 209 1085 209 197
1026 215 1003 215 1113 221 1088 221 142
1025 256 979 256 1111 267 1061 267 458
1026 260 979 260 1109 271 1063 271 441
1029 204 1006 203 1117 209 1092 208 155
1031 211 1008 211 1119 217 1094 217 209
1031 219 1008 218 1119 225 1094 224 200
1028 219 1004 218 1115 225 1090 225 186
1029 234 1005 235 1115 243 1091 241 197
1030 239 1007 239 1117 247 1093 247 197
1029 248 1003 248 1117 257 1089 257 232
1035 211 1012 211 1123 217 1098 217 180
1037 215 1014 214 1125 221 1100 221 167
1033 217 1010 216 1121 223 1096 223 220
1033 237 1010 237 1121 245 1097 245 198
1035 243 1011 243 1123 251 1098 251 171
1041 195 1017 194 1131 199 1104 198 283
1045 213 1020 212 1131 217 1105 216 210
1038 219 1016 218 1127 225 1101 225 148
1042 217 1019 217 1131 223 1106 223 175
1046 196 1024 197 1135 201 1110 200 437
1043 225 1025 225 1135 233 1108 232 203
1045 237 1019 237 1133 245 1108 245 186
1046 246 1020 246 1137 255 1110 255 209
1051 189 1031 189 1143 193 1116 192 398
1049 238 1029 236 1139 245 1113 245 267
1055 193 1036 195 1147 197 1120 197 328
1055 212 1035 209 1147 217 1120 219 357
1059 235 1038 235 1151 243 1127 243 549
1068 191 1045 191 1161 195 1131 193 550
1066 210 1045 209 1159 217 1132 215 295
1068 222 1051 221 1161 229 1133 229 309
1092 221 1071 220 1185 227 1165 227 412
1120 209 1097 209 1219 215 1194 215 271
1130 205 1113 205 1227 211 1209 210 384
1123 211 1107 210 1223 217 1199 216 203
1125 215 1105 214 1225 221 1205 220 186
