22 121 17 121 99 125 94 125 247
25 179 23 180 99 179 93 178 314
26 221 15 220 99 221 90 220 174
25 106 20 106 101 111 96 111 267
24 116 19 117 101 121 96 121 225
23 132 19 132 101 135 94 135 302
29 144 24 143 105 147 99 147 132
25 154 19 154 101 157 94 157 184
29 161 23 161 105 163 99 164 230
29 173 23 175 105 177 99 177 154
27 184 21 184 103 185 97 185 194
28 194 21 194 103 195 96 195 186
31 110 26 110 107 115 101 115 422
35 115 28 116 111 119 105 119 179
35 119 31 118 111 123 105 123 188
32 134 25 136 107 139 101 139 119
35 145 30 144 111 147 106 147 171
31 154 26 154 107 157 101 157 126
34 163 29 163 109 165 104 165 141
32 186 25 186 107 187 101 187 186
32 192 25 192 107 193 101 193 196
33 199 24 198 107 199 99 198 284
39 105 33 105 115 111 108 109 166
41 102 35 102 117 107 110 108 163
43 131 39 131 117 135 112 135 187
43 150 37 150 117 153 112 153 210
41 155 34 155 115 157 109 157 145
42 170 35 170 117 171 111 171 122
41 165 35 165 115 167 109 167 88
39 167 32 167 113 169 106 169 144
43 192 36 192 117 193 111 193 187
48 213 33 213 117 213 102 211 192
46 94 39 95 121 99 116 99 127
50 98 42 99 123 103 118 103 251
44 104 38 105 119 109 113 109 209
49 111 43 111 123 117 117 115 120
45 108 39 109 119 113 113 113 230
47 115 41 115 121 119 115 119 135
49 129 43 129 123 133 117 133 333
47 145 42 145 121 149 115 147 141
44 159 38 159 119 161 114 160 111
46 166 39 166 119 169 113 169 107
48 171 42 171 121 173 115 173 164
45 174 38 173 119 175 113 175 110
45 182 39 182 119 183 113 183 144
45 177 35 175 119 179 113 179 150
45 188 39 187 119 189 113 189 193
54 212 39 212 123 213 108 212 201
51 208 33 207 119 209 103 208 176
54 219 39 219 123 219 109 218 161
50 223 36 223 119 223 105 223 167
54 227 39 227 123 227 109 226 147
51 240 38 239 121 239 107 238 188
55 81 49 82 129 87 122 88 188
49 93 45 92 125 97 118 98 164
51 98 44 99 125 103 120 103 234
51 117 45 117 125 121 119 121 111
56 129 51 129 129 133 124 133 268
53 134 48 134 127 137 121 137 168
56 167 51 164 129 167 123 168 132
54 172 48 171 127 173 121 173 105
56 175 50 174 129 177 123 176 102
51 173 45 173 125 175 119 175 104
56 188 50 188 129 189 123 189 160
54 190 48 190 127 191 121 191 167
58 198 49 198 129 199 121 199 495
61 225 46 225 129 225 114 225 199
63 262 44 262 129 263 107 261 48
58 100 52 101 131 105 125 104 192
60 108 54 109 133 113 127 112 196
58 112 52 113 131 117 125 117 144
62 129 55 129 135 133 129 133 153
60 143 54 144 133 149 127 147 205
62 150 56 150 135 153 129 153 126
62 163 56 163 135 165 129 165 95
60 169 54 169 133 171 127 171 160
62 182 56 182 135 183 129 183 107
63 186 57 186 135 187 129 187 134
70 280 49 279 135 279 119 279 76
65 110 59 110 137 115 131 115 154
67 132 61 132 139 135 133 135 143
70 129 64 129 141 133 135 133 119
67 148 61 149 139 151 133 151 239
69 150 63 150 141 153 135 153 122
69 155 63 155 141 157 135 157 109
69 161 63 160 141 163 135 163 124
67 167 61 167 139 169 133 169 85
67 186 61 186 139 187 133 187 202
74 211 58 210 141 211 125 211 162
75 223 61 222 141 223 126 222 163
72 227 56 226 139 227 123 226 129
77 234 57 235 141 235 126 234 143
73 101 65 103 145 105 138 106 128
72 109 66 109 143 115 137 115 144
76 115 71 115 147 119 141 119 261
73 117 68 118 145 121 139 121 227
75 159 69 159 147 163 141 163 134
72 164 66 164 143 165 137 165 105
71 168 65 169 143 171 137 171 131
76 171 69 172 147 173 141 173 188
74 194 67 194 145 195 138 195 301
81 213 66 212 145 213 133 212 242
82 213 67 212 147 213 135 212 172
83 215 64 217 147 217 135 215 121
82 252 63 251 147 251 129 250 164
82 263 59 264 145 263 126 263 56
83 272 61 269 147 271 122 269 39
79 72 75 70 153 75 149 73 147
79 79 73 78 151 83 145 82 146
77 92 70 92 149 97 143 96 115
80 94 74 94 151 99 145 99 242
83 101 77 102 153 107 147 108 113
83 120 76 120 153 123 147 123 133
78 124 70 124 151 127 145 128 181
80 159 74 158 151 161 145 160 136
82 167 76 167 153 169 147 169 206
82 174 76 173 153 175 147 174 215
78 178 72 177 149 179 143 179 126
86 221 71 220 151 221 136 220 109
88 69 82 70 159 75 154 74 174
86 73 80 74 157 79 151 79 221
85 99 79 100 155 105 150 103 137
85 155 79 155 157 159 153 158 126
90 157 81 157 159 161 153 160 121
86 165 80 165 157 167 151 167 248
87 177 79 177 157 179 149 179 198
94 227 79 226 159 227 142 227 106
97 262 76 261 159 261 142 260 34
95 265 72 265 157 265 133 263 19
99 303 71 302 155 303 133 304 66
96 66 91 67 165 71 160 72 68
97 117 91 117 165 121 159 120 93
93 125 90 125 165 127 158 129 68
96 164 90 164 165 167 159 166 174
96 167 90 167 165 169 159 168 245
95 175 89 175 165 177 158 177 222
97 185 84 186 163 185 155 185 212
96 231 77 231 161 231 139 231 360
100 267 73 267 161 267 136 267 23
102 273 77 271 161 273 134 272 29
99 45 93 45 169 53 161 51 42
102 57 96 57 171 63 165 63 58
99 61 93 61 169 67 163 67 68
101 107 95 107 171 111 165 111 232
99 190 88 188 167 189 159 188 205
104 219 86 220 169 219 153 219 253
106 223 89 223 171 223 156 222 159
102 241 86 241 167 241 151 240 179
104 51 95 49 173 57 167 58 52
101 45 97 45 173 53 165 51 45
105 46 101 47 175 53 167 53 29
107 54 103 54 175 59 171 60 58
107 93 101 93 175 99 169 99 141
106 109 99 109 175 113 169 113 163
107 178 96 177 173 179 164 178 285
109 229 94 228 173 229 158 228 128
113 260 88 259 175 259 154 261 85
119 275 87 275 177 275 143 275 69
114 275 89 274 173 275 145 274 44
117 281 89 280 175 281 147 280 53
117 293 85 294 173 295 142 294 13
115 90 109 90 183 95 177 95 120
115 94 110 95 183 99 177 99 125
110 99 104 99 179 103 173 103 172
110 107 104 107 179 111 173 111 174
114 103 108 103 183 107 177 107 179
115 115 113 114 183 119 176 119 255
116 191 108 189 183 191 176 191 225
115 211 99 210 179 211 164 210 131
115 223 99 223 179 223 164 223 93
115 229 99 228 179 229 164 228 119
117 242 100 241 179 241 164 241 128
121 279 93 278 179 279 151 278 50
120 283 91 282 179 283 149 282 48
120 92 115 91 187 97 182 97 82
115 161 109 161 185 165 177 163 55
121 227 107 226 185 227 170 226 80
126 237 111 237 189 237 174 237 155
123 123 116 125 193 125 183 126 200
127 174 120 171 195 175 188 176 137
130 217 118 216 195 217 184 216 55
131 225 119 225 195 225 184 224 88
128 222 114 220 191 221 179 220 167
130 229 114 229 193 229 178 229 79
133 247 113 246 195 247 176 246 185
136 300 103 299 191 301 162 301 14
133 114 126 114 201 117 194 117 115
131 116 124 116 199 119 192 119 216
132 132 125 132 199 135 192 135 247
129 128 122 128 197 131 190 131 200
135 169 128 169 201 171 194 171 170
130 167 122 167 197 169 190 169 107
135 180 128 179 201 181 194 181 245
130 188 123 188 197 189 190 189 175
131 194 123 194 197 195 188 195 221
133 219 120 218 197 219 186 219 63
136 213 126 215 201 215 189 214 55
137 223 125 223 201 223 189 223 48
133 227 122 226 197 227 185 227 98
140 63 133 63 207 69 201 69 83
138 68 133 69 207 75 202 76 70
137 106 130 107 203 111 196 111 181
136 105 130 105 203 109 195 110 116
137 128 131 128 203 131 197 131 175
137 143 130 143 203 145 196 145 183
137 167 130 168 203 169 196 169 106
142 194 134 193 207 195 199 194 150
139 202 125 202 203 203 191 202 74
142 222 130 222 205 221 193 221 32
145 247 125 246 203 247 186 246 120
147 264 125 264 207 265 185 265 42
155 306 121 305 207 307 169 306 13
143 51 137 51 211 59 203 57 39
142 61 136 61 211 67 203 67 100
147 63 141 63 213 69 207 69 82
142 65 137 66 209 71 203 71 98
147 70 141 70 213 75 208 76 94
147 93 140 93 213 97 206 97 79
143 100 136 101 209 105 202 105 115
145 103 139 103 211 107 204 107 144
147 117 140 117 209 121 203 121 222
146 167 138 167 211 169 203 169 126
148 178 140 178 213 179 205 179 139
148 190 138 190 213 191 203 191 150
148 223 135 223 211 223 198 222 35
153 251 131 250 213 251 191 250 154
153 255 134 255 213 255 194 255 162
152 261 130 260 211 261 190 260 89
149 57 143 58 215 63 209 63 78
151 53 143 53 217 59 213 59 65
151 60 146 60 217 65 212 66 60
154 95 147 95 219 99 212 99 146
152 101 145 102 217 105 210 105 255
151 125 144 124 217 127 209 127 165
151 128 144 131 217 133 209 132 115
153 147 145 147 219 149 211 149 103
155 173 147 173 219 175 211 175 122
155 179 147 179 219 181 212 180 119
157 193 145 193 219 195 207 195 117
157 265 134 264 217 265 194 264 103
158 82 151 82 223 87 218 86 96
158 93 151 93 223 97 220 96 337
156 126 149 126 221 129 214 129 141
162 130 154 131 225 133 218 134 112
162 136 154 133 225 137 218 136 115
162 147 154 147 225 149 218 149 78
156 169 149 169 221 171 213 171 106
159 165 152 165 223 167 216 167 126
159 174 152 173 223 175 216 175 129
161 174 153 174 225 175 217 175 92
162 221 147 220 223 221 216 219 507
173 307 137 307 225 309 188 308 17
167 89 160 89 231 93 224 93 215
160 110 155 110 227 113 219 113 312
163 114 154 114 227 117 218 117 184
167 192 156 192 229 193 218 193 137
167 202 155 201 229 203 216 203 87
174 250 145 250 229 251 200 251 264
176 257 147 256 231 257 203 257 106
174 274 145 273 229 275 200 274 57
175 79 165 81 237 85 231 84 74
173 85 165 85 237 89 229 89 102
169 97 161 97 233 101 225 101 180
173 106 165 106 237 109 228 110 205
169 116 159 117 233 119 224 119 186
173 120 163 121 237 123 228 123 195
173 189 164 190 237 191 226 190 276
171 194 160 194 233 195 222 195 173
177 215 165 213 237 215 219 213 526
178 254 149 254 233 255 204 255 126
180 260 151 259 235 261 206 260 88
182 266 153 265 237 267 208 266 92
186 297 147 293 237 297 202 296 24
180 80 173 80 243 85 236 85 160
178 91 171 91 241 95 234 95 234
180 118 171 118 243 121 234 121 243
180 168 171 168 243 171 234 173 174
175 188 165 185 239 189 228 188 192
179 194 169 193 241 195 229 195 189
184 83 177 83 247 87 240 87 221
182 87 174 87 245 91 237 91 203
183 92 175 92 245 97 237 98 137
185 99 177 99 247 103 239 103 279
187 103 178 103 249 107 242 106 121
185 122 176 122 247 125 238 125 177
182 142 173 142 245 143 236 143 176
185 161 173 161 247 163 235 163 104
183 163 173 163 245 165 236 165 143
182 193 170 193 245 193 233 193 216
196 226 167 229 249 229 221 231 413
193 246 165 246 247 247 221 247 269
193 250 166 250 247 251 217 250 325
194 258 167 258 247 259 219 259 266
197 268 167 268 249 269 219 269 194
194 307 155 306 245 309 205 309 29
192 84 185 84 255 87 248 87 139
189 87 181 87 251 91 244 91 139
194 127 184 127 255 127 246 129 200
189 140 180 140 251 143 242 143 171
190 163 181 163 251 165 242 165 218
194 70 187 70 259 73 252 73 125
199 83 191 84 261 87 252 89 144
196 114 186 114 257 117 248 117 258
195 139 186 139 257 141 247 141 186
200 163 191 163 261 165 252 165 163
198 161 188 161 259 163 249 163 187
201 174 192 173 261 175 252 175 259
204 248 174 249 257 249 227 249 415
209 251 176 251 261 253 228 252 405
204 84 195 85 265 89 256 91 239
206 106 196 106 267 109 257 109 153
204 114 194 115 265 117 255 117 275
205 121 195 122 265 127 256 126 206
203 139 194 139 263 141 254 141 177
205 161 196 161 265 163 256 163 210
216 247 180 248 267 249 232 249 263
216 255 181 255 267 257 233 256 285
215 261 181 261 267 263 233 263 233
213 268 179 267 265 269 231 268 134
213 282 179 281 265 283 231 282 81
212 92 203 91 273 95 264 95 124
209 99 198 100 269 103 259 103 169
213 104 202 104 273 107 262 107 136
211 110 201 110 271 113 261 113 163
213 132 203 133 273 135 263 135 106
210 137 201 137 271 139 261 139 106
212 159 203 159 273 161 263 161 135
210 178 197 177 269 179 254 179 291
216 208 186 208 271 209 240 209 165
221 230 188 230 273 231 240 231 260
220 246 186 245 273 247 239 246 306
221 256 187 255 273 257 238 256 239
217 263 183 263 269 265 235 265 116
221 261 187 261 273 263 238 263 132
222 301 184 300 271 303 237 302 53
222 307 185 306 271 309 233 308 44
218 56 212 56 279 61 272 61 179
216 95 206 95 275 99 265 99 239
218 108 206 108 277 111 266 111 269
215 112 205 112 275 115 265 115 159
220 116 209 116 279 119 269 119 144
219 139 208 140 279 141 267 142 171
219 137 209 137 277 139 267 139 373
219 157 207 157 279 159 268 157 172
218 161 207 161 277 163 267 163 270
220 159 209 159 279 161 269 161 192
221 192 208 193 279 193 266 193 109
227 212 194 212 279 213 246 213 150
225 210 193 210 277 211 243 210 253
226 251 191 251 277 253 242 252 186
228 281 193 281 279 283 243 282 44
225 299 190 298 277 301 242 300 47
226 66 216 66 285 71 275 72 303
222 97 211 97 281 101 270 101 324
221 114 211 114 281 117 271 117 304
224 121 213 121 283 123 273 124 223
222 165 211 166 281 167 271 165 162
230 239 195 238 281 241 246 241 191
234 244 199 243 285 245 250 244 123
231 271 194 271 281 273 246 272 34
233 275 199 274 285 277 246 277 37
231 283 196 282 283 285 247 284 31
232 279 197 278 283 281 247 280 25
232 69 222 70 291 73 281 73 328
228 71 218 72 287 75 277 75 158
230 77 220 78 289 81 280 81 115
228 84 218 83 287 87 277 85 138
232 79 222 79 291 83 281 83 162
229 118 219 119 289 121 279 121 141
232 126 221 126 291 129 280 129 100
234 171 221 171 291 173 278 172 125
234 185 220 186 291 187 277 187 57
240 247 206 247 291 249 255 248 55
240 253 205 253 291 255 256 255 42
238 301 201 300 289 303 253 302 72
235 307 197 306 287 309 250 308 46
237 51 230 52 297 55 290 55 90
234 45 226 46 293 53 286 51 131
234 65 224 65 293 69 283 69 176
235 60 226 60 293 65 283 65 272
236 77 226 78 295 81 285 81 196
236 84 226 83 295 87 285 87 108
237 88 227 88 293 93 283 93 97
234 132 223 133 293 133 282 134 62
238 135 228 134 297 137 287 137 34
237 143 223 144 293 145 282 146 50
235 167 222 168 293 169 280 169 128
236 194 220 195 293 195 276 195 147
242 243 207 243 293 245 257 245 44
243 257 209 257 293 259 257 259 90
248 269 211 269 297 271 260 270 40
241 281 207 280 293 283 258 282 33
247 301 211 300 297 303 259 302 43
246 305 211 303 297 307 260 306 41
242 48 235 47 301 53 295 55 104
240 69 230 69 299 73 289 73 160
241 143 229 143 299 145 289 145 32
240 147 230 147 299 149 288 149 49
240 157 232 157 299 159 291 159 78
245 161 235 161 303 163 292 163 89
241 164 229 164 299 165 286 165 108
243 167 230 167 301 169 288 169 112
246 174 232 174 303 175 289 175 163
250 273 216 272 301 275 268 274 52
252 279 218 278 303 281 269 280 44
255 333 211 331 303 337 257 336 40
249 58 240 58 305 63 298 62 153
247 119 238 119 305 123 293 121 107
247 149 235 148 305 151 293 151 46
249 157 238 157 307 159 296 159 84
250 172 238 172 307 173 296 173 152
248 180 235 180 305 181 292 181 91
248 188 235 188 305 189 291 190 119
255 207 224 207 307 209 273 209 214
257 239 222 239 307 241 271 241 41
253 243 220 246 305 247 272 248 29
254 253 223 253 307 255 272 254 33
257 286 225 285 307 287 276 286 96
253 67 244 67 311 71 301 71 164
256 78 243 79 313 81 301 81 237
256 90 243 90 313 93 301 93 132
256 149 244 149 313 151 301 152 87
254 151 243 151 311 153 301 153 110
256 159 245 159 313 161 302 161 215
255 165 241 165 311 167 298 167 250
254 175 240 175 311 177 298 177 109
261 214 232 213 315 215 286 214 149
261 225 230 224 313 227 281 226 53
260 241 226 241 311 243 276 243 71
265 247 230 247 315 249 280 249 85
261 257 224 257 311 259 274 259 45
264 313 221 315 311 319 269 318 38
261 49 249 51 317 55 311 53 114
260 74 247 74 317 77 305 77 176
263 129 250 131 319 133 307 132 153
260 146 248 147 317 149 305 150 110
265 161 253 161 321 163 309 162 226
263 173 251 174 319 175 307 175 131
261 178 247 177 317 179 303 179 116
265 181 253 179 321 183 304 183 463
265 217 235 217 317 219 285 219 58
266 214 235 214 319 215 285 216 183
269 243 235 243 319 245 285 245 62
266 267 232 266 317 269 282 269 41
268 271 232 271 319 273 283 273 55
267 277 235 276 317 279 285 278 82
269 279 237 278 321 281 283 281 49
272 293 237 292 321 295 287 294 122
267 302 231 302 317 305 280 304 163
269 315 226 313 317 319 275 318 58
269 321 227 320 317 325 275 324 21
270 97 257 96 327 99 314 97 213
267 159 255 157 323 161 311 159 139
267 174 255 174 323 175 311 175 260
268 222 240 219 323 223 289 223 94
274 233 241 233 325 235 291 235 51
277 243 243 243 327 245 293 245 77
273 300 238 300 323 303 288 302 169
276 304 237 304 325 307 289 306 148
272 90 259 90 329 93 316 93 261
275 117 263 116 331 119 319 119 315
272 151 260 151 329 153 316 153 242
277 153 265 153 333 155 320 155 532
275 159 262 159 331 161 319 161 340
273 169 260 170 329 171 316 171 266
273 173 260 174 329 175 316 175 223
278 188 264 188 333 189 318 188 292
273 184 260 185 329 185 315 185 302
282 227 249 227 333 229 299 229 74
279 231 245 231 329 233 295 233 51
283 243 249 242 333 245 299 244 82
280 249 247 249 333 251 300 251 140
278 271 245 271 329 273 296 273 63
277 277 244 276 329 279 296 278 56
283 323 240 322 329 327 284 326 21
284 167 269 168 339 169 323 168 259
285 188 267 190 337 191 322 191 326
289 235 255 235 339 237 305 237 103
284 259 250 259 335 261 301 260 46
288 285 254 284 339 287 303 287 87
290 306 254 305 339 309 302 308 161
289 328 245 327 337 333 291 332 23
291 18 276 19 345 23 332 23 81
286 26 273 26 343 29 329 30 117
290 53 277 54 345 57 332 57 169
285 84 270 84 341 87 324 88 460
286 172 270 172 341 173 325 174 372
293 239 260 238 343 241 310 240 267
295 243 262 243 345 245 312 245 126
295 253 261 253 345 255 310 255 76
295 257 261 257 345 259 309 261 61
291 255 257 254 341 257 308 256 97
295 267 260 267 345 269 311 268 68
293 267 258 267 343 269 310 268 47
293 275 259 274 343 277 309 277 50
291 277 257 276 341 279 305 279 57
291 287 257 286 341 289 307 288 153
291 302 257 302 341 305 306 305 249
296 304 259 303 345 307 308 306 167
297 315 253 314 343 319 296 319 68
291 323 251 322 341 327 297 326 23
294 326 246 326 343 331 297 330 31
295 29 283 30 351 33 339 33 190
296 27 283 28 351 31 339 31 126
294 74 271 75 347 77 324 79 639
291 130 269 131 347 133 325 135 575
293 178 279 179 347 179 332 178 347
300 218 269 218 351 221 320 221 138
297 229 265 228 347 231 314 230 98
301 235 268 235 351 237 318 237 135
297 237 264 237 347 239 314 239 244
301 263 268 262 351 265 318 264 40
297 271 264 270 347 273 313 273 45
299 266 266 266 349 269 315 268 43
300 293 265 292 349 295 314 295 181
309 337 257 336 351 343 302 343 26
298 25 285 26 353 29 341 29 188
300 58 287 58 355 61 341 61 200
300 123 277 121 353 125 331 125 446
300 131 277 133 353 133 331 134 502
301 160 284 157 353 161 337 159 421
305 202 284 201 357 203 335 201 202
301 206 269 207 353 209 321 210 390
305 233 272 233 355 235 321 235 194
303 239 270 239 353 241 320 241 303
303 255 270 254 353 257 320 256 71
305 265 272 264 355 267 322 266 42
307 269 274 268 357 271 323 271 47
303 285 271 284 353 287 320 287 107
309 308 271 307 357 311 319 310 70
305 311 269 311 355 315 315 314 56
305 74 295 74 359 77 349 75 485
306 99 293 100 359 101 347 103 289
311 113 286 113 363 115 340 115 64
309 235 276 235 359 237 326 237 125
311 261 279 260 361 263 329 262 36
312 272 277 272 359 275 327 274 45
313 328 273 327 363 333 319 332 26
321 330 272 330 363 337 316 336 24
312 92 290 92 365 93 343 93 200
314 128 289 128 365 129 341 129 44
318 131 291 132 369 133 344 133 29
315 129 291 129 369 131 343 131 19
317 136 292 136 369 137 345 137 30
317 146 293 146 369 147 345 147 75
315 142 291 141 367 143 343 143 76
315 151 291 151 367 153 339 153 254
317 184 294 184 369 185 346 185 92
315 227 282 227 365 229 332 229 147
320 245 286 245 369 247 336 247 54
315 253 282 252 365 255 331 255 24
317 263 284 262 369 265 334 265 40
315 283 283 282 365 285 334 284 106
319 296 285 295 369 299 334 298 253
318 302 281 301 367 305 329 305 110
321 344 271 343 365 351 315 351 32
321 78 299 78 373 79 352 79 139
322 108 299 107 375 109 351 109 18
323 113 300 113 375 115 352 114 18
321 113 298 113 373 115 349 115 18
323 141 299 141 375 143 351 142 27
319 171 296 171 371 173 347 172 63
321 174 298 174 373 175 350 175 35
319 196 296 195 371 197 348 197 35
323 213 301 213 375 215 353 213 76
323 237 290 237 373 239 340 238 66
323 241 291 241 373 243 341 242 66
321 247 290 246 371 249 337 249 52
321 245 288 245 371 247 338 247 76
325 251 293 250 375 253 342 253 30
323 263 291 262 373 265 340 265 33
325 265 293 264 375 267 342 267 51
321 270 290 270 371 273 340 272 25
323 267 287 267 373 269 336 269 53
323 271 292 270 373 273 342 272 19
324 294 290 293 373 297 338 297 227
326 303 289 303 375 307 336 306 93
327 309 289 308 375 313 336 312 59
322 306 285 305 371 311 333 311 66
329 19 304 19 381 21 363 23 661
324 35 302 37 377 37 355 39 596
329 66 306 67 381 67 358 67 76
325 74 302 75 377 75 354 76 100
329 80 305 80 381 81 358 81 72
330 94 306 94 381 95 358 95 26
325 104 302 105 377 105 354 105 35
329 110 306 111 381 111 358 111 18
327 118 303 118 379 119 355 120 20
325 124 301 123 377 125 353 125 27
330 141 305 143 381 145 357 146 16
330 160 306 160 381 161 357 161 15
328 162 304 161 379 163 355 163 19
330 171 306 172 381 173 357 173 17
329 176 306 176 381 177 357 177 27
325 178 302 178 377 179 354 178 19
328 181 304 181 379 183 355 183 32
329 186 306 186 381 187 357 187 16
325 188 302 188 377 189 354 189 39
329 197 306 198 381 199 357 198 34
325 228 302 227 377 229 353 229 58
326 237 291 235 377 239 344 238 57
329 266 297 264 379 267 346 267 41
330 278 296 279 379 281 347 281 61
325 299 292 299 377 303 339 302 173
333 305 296 305 381 309 344 309 74
328 312 289 312 377 317 336 316 75
335 78 312 78 387 79 364 79 30
331 100 308 100 383 101 360 101 27
336 99 312 102 387 103 364 103 24
333 110 310 110 385 111 362 111 18
334 131 310 132 385 133 362 133 25
333 153 310 154 385 155 361 155 15
332 164 308 164 383 165 359 165 26
331 180 308 179 383 181 359 181 22
334 184 310 184 385 185 361 185 18
335 193 312 191 387 193 363 193 20
336 221 312 221 387 223 363 223 18
331 223 307 223 383 225 359 225 25
334 263 310 263 387 265 361 264 28
335 305 296 304 383 309 345 309 95
335 310 296 310 383 315 344 314 61
338 324 295 323 385 329 342 328 32
342 332 301 334 387 339 341 341 26
339 329 295 329 383 335 342 335 30
337 18 314 18 389 19 366 19 346
341 31 318 32 393 33 370 32 95
337 54 314 54 389 55 366 55 62
341 58 318 58 393 59 370 59 40
340 92 317 92 391 93 368 92 34
338 112 314 112 389 113 366 113 15
338 145 313 144 389 145 365 146 17
338 166 313 165 389 167 365 167 18
340 184 315 183 391 185 366 184 26
342 196 318 195 393 197 369 197 22
341 203 315 203 391 205 367 205 42
340 210 314 210 391 211 366 211 24
339 238 314 238 391 239 366 239 23
341 252 316 251 391 255 367 254 15
343 288 309 288 393 291 358 291 281
341 290 306 290 391 293 356 293 245
348 355 296 355 391 363 339 364 14
347 41 326 42 399 43 378 42 43
345 54 323 53 397 55 374 53 45
343 67 321 68 395 69 372 68 43
343 74 321 74 395 75 373 75 53
345 114 322 114 397 115 373 114 40
348 121 324 122 399 123 375 123 35
344 149 319 150 395 151 370 151 29
347 153 323 153 399 155 374 154 17
346 158 321 158 397 159 373 159 21
344 162 320 162 395 163 371 163 18
348 166 323 165 399 167 374 167 22
344 168 319 168 395 169 370 168 17
344 173 319 173 395 175 370 175 37
345 179 320 179 395 181 372 180 18
346 197 321 197 397 199 372 198 16
348 203 323 203 399 205 374 205 14
346 208 322 208 397 209 372 209 23
344 216 319 215 395 217 370 217 15
348 217 323 217 399 219 375 219 25
344 223 319 223 395 225 370 225 15
348 241 324 241 399 243 374 242 12
347 292 310 295 395 297 359 298 240
351 295 315 295 399 299 363 299 318
351 310 311 310 399 315 359 315 69
347 309 307 308 395 313 355 312 90
347 314 308 313 395 319 354 319 72
350 26 328 26 401 27 379 28 102
354 28 332 28 405 29 384 29 63
350 32 325 32 401 33 379 32 40
351 56 327 56 403 57 379 57 82
350 122 326 122 401 123 377 123 28
354 126 330 125 405 127 381 126 40
350 128 325 127 401 129 376 127 29
350 150 326 150 401 151 376 151 22
354 165 329 166 405 167 381 169 34
352 192 326 191 403 193 378 193 13
350 199 325 199 401 201 376 200 15
352 224 327 223 403 225 378 225 19
353 225 329 225 405 227 380 227 13
350 243 326 243 401 245 376 244 14
354 257 330 256 405 259 380 259 10
350 265 322 264 401 267 372 266 14
353 286 313 285 403 289 370 288 282
357 312 317 312 405 317 364 317 88
355 318 314 317 403 323 361 322 67
353 322 311 321 401 327 358 327 83
357 318 316 317 405 323 364 323 99
351 325 311 325 401 331 361 331 50
356 330 310 329 403 335 358 335 31
356 343 305 341 401 349 349 349 14
359 349 306 348 405 357 349 357 13
357 48 335 49 409 49 387 49 88
358 68 336 68 409 69 387 69 90
359 72 338 71 409 73 390 72 128
357 92 335 92 409 93 387 93 122
356 90 333 90 407 91 384 91 72
356 104 333 103 407 105 385 105 115
356 113 333 110 407 111 387 111 84
356 122 332 122 407 123 383 123 35
356 136 331 136 407 137 382 137 30
358 146 333 146 409 147 385 147 23
360 150 336 149 411 151 386 151 18
358 152 333 151 409 153 384 152 15
361 157 336 157 411 159 387 158 25
358 162 333 161 409 163 384 163 25
360 163 336 163 411 165 387 164 26
360 175 335 175 411 177 386 177 22
358 182 333 182 409 183 383 183 17
354 186 327 186 407 189 377 187 31
360 198 335 196 411 199 386 199 12
356 216 331 215 407 217 382 217 16
355 220 333 219 407 221 382 221 15
361 231 336 230 411 233 386 234 18
361 241 336 240 411 243 386 242 19
359 237 334 237 409 239 384 239 11
356 245 332 245 407 247 382 247 15
361 254 336 254 411 257 386 257 8
361 290 328 289 411 293 377 293 146
362 295 327 295 411 299 375 299 126
361 299 323 299 409 303 375 302 122
363 24 340 23 415 25 392 25 33
365 24 345 27 417 25 394 25 30
365 32 342 33 417 33 394 33 38
364 50 341 48 415 49 393 50 82
363 56 343 57 415 57 397 57 99
362 64 340 64 413 65 392 65 74
361 70 340 70 413 71 392 71 75
366 82 345 82 417 83 396 82 162
361 115 338 116 413 117 389 117 49
366 128 341 128 417 129 393 129 20
366 134 342 134 417 135 393 135 18
364 154 339 154 415 155 390 155 15
366 181 341 181 417 183 391 182 23
365 207 339 206 415 209 390 209 13
364 220 339 219 415 221 390 220 22
364 236 339 235 415 237 390 236 13
363 239 338 238 413 241 388 241 17
368 293 333 293 417 297 382 297 122
367 312 327 311 415 317 373 316 169
367 325 322 324 415 331 370 330 60
370 46 346 46 421 47 397 47 72
372 82 351 83 423 83 403 84 155
372 88 351 87 423 89 402 88 173
368 96 349 97 419 97 399 98 202
368 138 344 138 419 139 395 139 24
370 160 345 160 421 161 396 161 19
368 167 343 167 419 169 394 169 17
370 187 345 188 421 189 395 188 10
373 189 347 189 423 191 398 191 17
373 195 347 195 423 197 397 197 14
369 205 343 204 419 207 394 206 12
372 208 347 208 423 209 397 209 12
369 215 343 215 419 217 394 217 10
369 213 344 213 421 215 395 215 14
371 229 345 229 421 231 395 231 11
373 243 346 244 423 245 397 245 17
373 250 346 251 423 253 397 252 8
372 265 347 264 423 267 391 265 21
370 295 335 295 419 299 384 299 140
373 306 332 306 419 311 380 310 204
373 318 331 317 421 323 378 324 99
374 323 330 323 421 329 377 328 76
375 327 331 326 423 333 378 332 42
373 330 329 330 421 337 375 336 48
373 17 351 17 425 17 403 17 88
378 27 355 27 429 27 406 27 45
376 64 359 64 427 65 409 65 76
376 132 350 132 427 133 402 133 19
377 146 352 145 427 147 402 146 15
379 144 354 143 429 145 405 144 23
379 150 353 150 429 151 404 151 15
379 165 352 165 429 165 404 166 21
374 164 349 163 425 165 400 164 20
375 166 351 166 427 167 401 168 23
379 206 353 206 429 207 404 207 7
378 203 353 204 429 205 403 204 7
379 211 353 210 429 213 401 213 16
377 223 353 224 429 227 403 227 23
374 233 350 233 425 235 400 235 23
375 247 348 248 425 249 399 249 10
377 250 350 251 427 253 400 253 9
379 261 352 261 429 263 403 263 14
379 264 349 264 429 267 403 266 14
378 293 343 293 427 297 391 297 89
378 303 339 302 427 307 388 307 156
377 310 335 309 425 315 383 314 123
377 314 335 313 425 319 385 319 124
379 323 337 322 427 329 381 328 76
379 329 335 328 427 335 382 335 49
382 23 359 23 433 23 410 23 68
384 39 360 39 435 39 411 39 35
383 63 362 62 433 63 415 65 97
382 104 365 101 433 105 418 105 164
384 108 367 108 435 109 418 109 157
382 110 365 110 433 111 416 111 129
384 123 360 122 435 123 411 122 30
384 152 359 152 435 153 410 152 21
384 174 360 173 435 175 410 175 25
380 186 355 186 431 187 403 187 44
383 187 357 187 433 189 407 189 22
383 199 357 201 433 203 407 203 9
380 215 354 215 431 217 404 217 12
382 213 356 212 433 215 407 214 14
381 221 354 221 431 223 405 224 14
385 225 359 225 435 227 409 227 11
383 235 358 233 433 237 408 235 32
385 233 359 233 435 235 408 235 13
381 242 355 242 431 245 405 244 24
385 249 356 251 433 253 406 253 16
383 271 356 269 435 273 407 273 18
385 325 342 324 433 331 388 330 77
388 43 364 42 439 43 415 43 35
386 59 365 59 437 59 414 58 98
386 84 369 85 437 85 421 87 152
386 124 362 125 437 125 413 126 21
390 124 366 124 441 125 416 124 30
390 140 365 140 441 141 416 140 39
387 160 361 160 437 161 411 159 20
388 175 364 175 439 177 414 177 27
387 205 361 205 437 207 411 207 21
389 203 363 203 439 205 413 205 12
389 217 362 216 439 219 412 218 15
387 213 361 212 437 215 411 213 12
388 228 363 227 439 229 413 229 14
388 237 362 236 439 239 412 239 22
393 263 366 262 441 267 414 267 30
390 293 354 293 439 297 402 297 92
390 297 353 297 439 301 405 300 90
394 321 349 320 441 327 394 326 136
389 319 346 319 437 325 393 325 142
392 24 368 24 443 25 419 24 80
394 48 370 50 445 49 421 50 56
392 75 367 75 443 75 418 76 116
394 77 367 77 445 77 418 77 160
396 92 375 92 447 93 427 93 205
393 128 367 128 443 129 419 129 29
393 136 368 136 443 137 418 136 24
397 140 371 140 447 141 421 141 35
397 154 371 153 447 155 421 154 19
397 164 371 164 447 165 420 164 41
394 170 369 170 445 171 419 171 26
395 196 369 194 445 197 419 197 10
392 221 366 219 443 223 417 223 15
395 243 367 243 445 245 417 245 14
397 246 370 246 447 249 420 248 15
393 252 366 252 443 255 416 254 17
395 255 368 254 445 257 418 256 20
389 274 360 274 443 277 411 275 20
398 273 369 274 447 277 413 275 18
396 289 362 289 445 293 411 293 64
398 298 362 298 447 303 409 303 88
396 295 360 295 445 299 410 298 92
397 312 355 311 445 317 403 317 85
395 328 351 328 443 335 397 334 65
400 327 355 327 447 335 401 334 57
402 74 379 74 453 75 429 75 139
398 80 371 80 449 81 423 81 185
401 131 376 132 451 131 426 131 32
399 146 373 146 449 147 423 147 17
398 168 372 169 449 169 423 169 21
401 229 375 229 451 231 425 231 12
401 280 370 279 451 283 418 283 16
400 302 362 302 449 307 411 307 113
404 311 364 311 453 317 411 316 68
401 324 356 324 449 331 403 331 142
407 36 386 37 459 37 437 37 211
408 53 388 52 459 53 439 53 95
406 63 385 63 457 63 436 63 77
407 133 381 132 457 133 431 133 35
409 136 383 136 459 137 433 137 41
405 154 379 154 455 155 429 155 22
405 183 379 182 455 185 429 184 12
409 188 383 187 459 189 433 189 13
405 185 379 184 455 187 429 186 25
406 203 381 203 457 205 431 206 26
409 213 383 213 459 215 433 215 16
410 221 383 221 459 223 434 222 16
405 256 377 256 455 259 426 258 17
407 264 379 263 455 265 427 265 16
406 291 372 290 455 295 420 294 49
410 310 370 309 459 315 417 315 59
410 35 387 36 461 35 437 36 198
412 84 394 84 463 85 445 85 138
413 114 388 114 463 115 438 115 36
412 130 386 129 463 131 437 131 28
411 140 385 140 461 141 435 140 34
415 166 389 166 465 167 439 167 40
411 189 385 189 461 191 435 191 31
413 197 387 197 463 199 436 199 18
410 196 384 196 461 197 434 198 30
415 205 390 204 465 207 440 206 16
413 205 387 205 463 207 437 207 9
413 212 387 211 463 213 437 213 10
414 218 388 219 465 221 438 220 22
415 245 386 244 465 247 436 247 15
413 249 385 248 463 251 434 250 12
411 258 383 257 461 261 432 260 17
413 270 385 270 463 273 434 272 17
413 274 379 273 461 277 431 276 18
413 319 369 318 461 325 416 325 61
415 333 369 333 463 341 415 340 37
413 339 367 339 461 347 413 347 54
418 34 397 33 467 35 446 37 224
420 122 395 122 471 123 446 123 24
419 132 393 132 469 133 444 133 33
420 154 395 154 471 155 445 155 36
416 184 390 184 467 185 440 186 20
421 185 395 185 471 187 445 186 27
419 184 393 184 469 185 443 185 29
416 221 391 221 467 223 441 223 11
419 235 392 233 469 237 424 235 29
421 243 393 242 471 245 414 243 43
421 250 392 250 471 253 442 253 18
419 254 391 254 469 257 440 257 19
417 266 388 266 467 269 437 269 18
418 291 385 290 467 295 430 295 88
422 298 387 298 471 303 434 303 105
419 296 382 296 467 301 430 301 106
423 335 375 334 471 343 422 342 43
424 33 403 32 475 33 454 33 127
429 95 416 94 477 95 466 95 86
423 119 397 119 473 119 447 119 40
427 133 401 132 477 133 451 133 15
422 150 396 149 473 151 447 149 56
422 169 397 173 473 171 447 173 30
423 181 397 182 473 183 447 183 28
425 207 398 207 475 209 431 211 34
425 211 399 211 475 213 451 215 16
426 226 397 228 477 229 451 227 22
423 229 398 229 473 231 446 230 18
427 230 401 231 477 233 451 233 25
423 235 396 233 473 237 447 235 22
423 244 395 244 473 247 444 247 22
425 249 397 248 475 251 446 251 23
426 260 397 260 475 263 446 263 21
423 276 389 275 473 279 442 279 13
423 287 391 287 473 293 436 293 88
428 291 392 290 477 295 442 295 100
428 296 392 296 477 301 441 300 124
429 311 387 311 477 317 434 316 33
428 316 386 316 477 323 433 323 34
425 331 378 331 473 339 424 338 52
428 47 404 47 479 47 454 47 145
433 66 414 67 483 67 465 68 156
429 87 414 86 479 87 464 85 91
434 87 419 86 483 87 469 85 91
430 91 418 90 481 91 468 91 81
433 107 408 107 483 107 458 107 50
431 121 405 121 481 121 455 121 36
433 139 409 139 483 139 458 138 44
428 146 399 145 479 147 453 146 47
430 159 404 159 481 161 455 161 32
431 176 405 176 481 177 455 177 31
433 193 404 194 483 195 455 193 57
433 219 409 220 483 221 457 221 11
433 248 404 248 483 251 454 251 25
431 254 402 253 481 257 452 256 19
431 260 402 260 481 263 451 263 16
433 268 402 266 483 271 451 270 16
431 285 397 285 479 289 445 288 67
432 300 395 299 481 305 443 304 160
431 331 381 330 479 339 427 338 45
433 333 384 332 481 341 431 341 43
432 339 385 338 481 347 430 347 48
433 344 388 346 481 353 429 353 47
434 37 414 36 485 37 464 36 107
434 45 414 44 485 45 465 45 124
436 41 417 41 487 41 468 41 175
437 55 417 53 487 55 467 53 216
437 103 412 103 487 103 462 103 50
435 101 410 101 485 101 460 101 48
439 152 413 152 489 153 463 153 41
437 152 411 152 487 153 461 153 42
436 163 411 164 487 165 461 165 24
439 162 413 162 489 163 463 163 18
437 174 411 173 487 175 460 177 49
437 192 409 190 487 193 460 193 52
435 199 409 199 485 201 458 201 26
439 201 413 201 489 203 462 203 23
439 217 413 219 489 221 462 222 10
437 225 412 224 487 227 461 226 12
435 233 407 232 485 235 457 234 20
435 307 397 307 487 313 446 313 68
436 315 394 314 485 321 441 321 56
439 313 397 312 487 319 445 319 92
439 326 390 325 485 333 438 333 61
440 322 396 322 489 329 442 329 38
445 106 420 107 495 107 470 107 76
440 116 415 116 491 117 465 116 11
443 131 418 131 493 131 469 130 25
442 156 417 157 493 159 467 159 29
441 162 415 162 491 163 465 163 15
441 197 415 197 491 199 464 197 35
445 211 419 211 495 213 469 213 21
445 219 419 218 495 221 468 220 14
444 242 417 241 493 245 467 243 33
445 255 415 255 495 259 463 257 33
443 270 412 271 493 273 462 272 25
446 275 415 275 495 279 464 279 17
443 275 413 275 493 279 462 279 22
442 334 394 334 491 343 440 342 73
446 342 397 341 495 351 443 350 59
442 351 391 350 491 361 437 360 38
450 35 431 36 501 35 480 36 183
451 41 432 40 501 41 481 41 204
447 112 421 113 497 113 471 113 24
447 119 422 119 497 119 472 119 17
448 148 423 147 499 149 473 149 16
447 217 420 216 497 219 470 218 10
449 235 423 235 499 237 473 236 23
447 238 420 238 497 241 470 241 31
449 255 420 256 499 259 469 258 21
451 267 416 267 501 271 465 271 47
447 272 417 271 497 275 466 274 19
450 287 423 285 499 291 464 290 53
448 324 403 323 497 331 450 331 63
452 353 401 352 501 363 446 362 51
456 19 437 19 507 19 489 18 215
454 37 436 37 505 37 486 38 191
456 35 437 35 507 35 488 36 192
456 41 438 40 507 41 488 41 231
454 73 435 70 505 73 486 71 182
453 126 428 126 503 127 477 127 30
453 209 427 209 503 211 477 211 21
455 215 430 215 505 217 479 217 10
452 223 428 222 503 225 477 225 8
457 265 427 266 507 269 476 269 17
455 273 425 273 505 277 474 277 21
454 275 422 275 503 279 472 279 26
452 281 421 281 503 285 471 285 17
453 294 418 294 503 299 467 299 61
454 300 417 299 505 305 467 304 79
457 307 417 305 505 313 464 313 67
458 318 414 317 507 325 462 325 134
453 316 411 316 503 323 458 323 80
456 325 410 325 505 333 457 333 77
455 322 410 321 503 329 457 329 96
455 329 406 328 503 337 457 337 88
456 345 405 344 505 355 453 355 68
460 31 441 30 511 31 492 30 178
462 35 444 35 513 35 494 36 202
458 74 440 74 509 75 490 73 185
460 73 441 71 511 73 492 71 153
461 79 441 79 511 79 493 81 143
463 114 438 114 513 115 488 114 41
458 117 433 116 509 117 483 117 49
461 120 435 121 511 121 485 121 24
459 124 433 125 509 125 484 125 30
461 130 435 130 511 131 485 131 29
463 145 437 146 513 147 487 147 20
459 144 433 144 509 145 483 145 16
458 154 433 153 509 155 482 155 25
461 160 435 160 511 161 485 161 21
463 163 437 163 513 165 487 164 15
459 175 433 175 509 177 483 177 70
459 199 433 199 509 201 483 200 32
458 207 432 207 509 209 483 209 14
462 215 437 214 513 217 487 217 14
459 229 433 228 509 231 483 231 15
463 233 438 232 513 235 487 235 20
463 261 433 261 513 265 483 264 31
461 267 430 267 511 271 478 269 22
459 277 428 276 509 281 477 281 17
461 279 430 279 511 283 479 283 22
462 314 419 314 511 321 475 320 143
463 322 419 321 513 329 466 329 123
460 342 409 341 509 351 456 351 61
469 63 442 63 519 63 492 64 209
466 85 440 83 517 85 491 84 218
465 117 440 117 515 117 490 117 37
468 129 443 128 519 129 493 129 30
466 131 441 130 517 131 491 130 23
464 169 441 167 515 171 489 170 11
467 195 441 194 517 197 491 198 30
469 201 443 201 519 203 494 203 12
465 219 439 219 515 221 489 221 8
469 279 438 279 519 283 487 283 20
466 282 432 282 515 287 481 286 17
469 303 427 305 517 311 477 309 49
469 316 427 315 519 323 474 322 79
475 331 427 331 519 339 473 338 113
466 341 415 341 515 351 462 351 73
472 36 446 37 523 35 498 35 156
471 100 445 100 521 99 497 99 126
475 124 449 124 525 125 499 125 54
472 145 446 145 523 145 496 145 19
475 162 449 161 525 163 499 163 13
475 176 449 175 525 177 499 177 12
475 181 449 181 525 183 499 183 19
471 184 445 183 521 185 495 185 12
473 202 448 202 523 203 497 203 11
473 214 447 215 523 217 497 217 10
470 227 445 227 521 231 495 229 15
475 255 443 255 525 259 492 258 24
471 263 441 264 521 267 489 266 28
473 260 441 259 523 263 490 262 37
476 307 435 307 525 313 484 313 50
471 318 427 317 521 325 476 325 188
471 327 427 326 521 335 473 335 96
480 24 458 24 531 23 508 23 69
478 38 454 38 529 37 505 37 47
480 46 456 46 531 45 506 44 57
481 82 456 81 531 81 506 81 39
477 99 456 98 527 99 506 98 70
479 125 453 125 529 125 503 125 70
481 134 455 134 531 135 505 135 10
479 162 453 162 529 163 503 163 12
477 170 451 170 527 171 501 171 10
478 189 453 190 529 191 503 190 25
480 200 454 200 531 201 504 202 19
479 195 453 195 529 197 504 195 10
477 215 452 216 527 219 501 217 12
479 219 454 218 529 221 504 221 12
479 310 437 310 529 317 487 317 102
480 321 435 321 529 329 482 329 120
479 325 433 324 529 333 481 333 131
481 329 431 328 527 337 481 337 113
483 19 459 23 535 19 509 18 103
484 42 460 42 535 41 510 40 44
484 77 459 77 535 77 510 77 51
483 99 461 97 533 99 512 98 82
484 112 455 110 535 113 505 111 124
483 141 457 142 533 143 508 141 20
484 150 459 150 535 151 509 151 15
482 158 455 159 533 159 507 158 21
484 156 458 156 535 157 509 157 16
486 160 461 160 537 161 511 161 16
482 181 457 182 533 183 507 183 32
482 184 457 184 533 185 507 185 24
484 195 459 195 535 197 509 197 26
485 209 459 209 535 211 509 211 10
482 215 458 214 533 217 506 219 13
484 223 460 222 535 225 510 225 10
484 228 460 228 535 231 509 229 17
487 224 461 225 537 227 512 226 21
483 271 451 270 533 275 500 274 14
484 275 452 274 535 279 502 279 22
487 278 455 278 537 283 504 282 20
485 280 453 280 535 285 502 284 17
485 282 453 282 535 287 502 287 28
484 287 452 285 533 291 501 289 16
486 337 436 337 537 347 484 346 60
492 99 468 99 543 99 518 99 29
492 103 467 103 543 103 517 104 46
490 123 465 123 541 123 515 123 70
488 131 463 131 539 131 513 131 26
493 149 467 150 543 151 517 151 19
490 175 465 176 541 177 515 177 18
488 172 463 172 539 173 513 173 21
488 181 463 181 539 183 513 182 13
489 188 463 187 539 189 513 189 21
492 205 466 206 543 207 517 207 16
489 242 461 243 539 245 512 245 32
488 249 456 249 539 253 506 253 28
490 253 458 255 541 257 507 259 21
490 272 458 272 541 277 507 277 22
493 284 460 284 543 289 509 289 26
488 333 439 335 539 343 488 342 81
491 30 475 29 545 29 525 27 166
497 102 471 103 547 103 522 103 28
494 149 469 148 545 149 519 149 14
496 160 471 160 547 161 521 160 31
498 186 473 186 549 189 522 187 18
496 221 471 221 547 223 521 223 23
499 250 468 250 549 253 518 253 54
498 258 466 257 549 261 516 261 33
496 253 465 254 547 257 514 257 28
496 280 463 280 547 285 512 285 23
498 308 458 307 547 315 503 315 44
496 314 455 313 547 321 503 321 82
497 325 451 324 547 333 499 333 53
504 96 479 96 555 95 530 95 28
504 111 479 112 555 111 529 111 13
500 109 475 109 551 109 526 109 14
502 113 477 113 553 113 527 113 14
504 119 478 118 555 119 529 118 24
505 206 479 205 555 207 529 207 13
501 230 476 230 551 233 525 233 16
502 267 469 266 553 271 518 269 17
502 270 469 270 553 275 518 274 20
503 286 469 286 553 291 518 291 24
500 319 459 319 555 327 509 327 168
510 32 491 31 561 31 542 29 410
506 46 485 49 559 45 535 43 201
506 68 481 68 557 67 532 67 22
510 66 486 66 561 65 536 64 35
506 99 482 97 557 99 532 98 21
506 125 481 125 557 125 531 125 18
510 193 486 193 561 195 536 195 44
510 213 485 213 561 215 535 215 10
507 230 481 230 557 233 531 233 13
508 240 483 240 559 243 533 243 37
507 252 477 250 559 255 526 254 30
508 267 475 267 559 271 524 272 17
507 275 473 271 557 279 523 278 32
507 282 473 281 557 287 522 287 34
507 288 473 288 557 293 522 293 27
506 297 468 297 557 303 518 303 19
507 301 472 300 559 307 521 307 29
510 308 470 308 561 315 518 315 62
506 310 462 310 557 317 514 317 105
507 317 463 317 559 325 514 325 63
510 324 465 324 561 333 513 333 76
506 323 461 322 557 331 510 331 69
506 328 463 328 557 337 510 337 53
510 336 461 335 561 345 509 345 61
516 28 496 28 567 27 547 27 485
512 93 487 93 563 93 537 93 39
512 105 487 105 563 105 538 105 30
515 110 489 109 565 109 540 109 26
514 121 489 119 565 121 539 121 22
516 119 491 119 567 119 542 119 20
512 137 487 136 563 137 538 137 15
514 156 489 156 565 157 540 156 167
513 177 479 177 565 179 529 178 75
515 219 487 220 563 223 537 223 12
515 280 481 280 567 285 531 285 29
514 284 479 284 565 289 529 289 19
517 294 481 293 567 299 530 298 17
511 312 469 312 563 319 520 319 96
522 73 493 73 573 73 544 72 50
519 72 491 72 571 71 542 71 47
521 97 496 97 573 97 548 97 35
518 111 493 111 569 111 544 111 19
522 117 500 117 573 117 551 118 50
518 123 493 122 569 123 544 123 32
520 132 495 132 571 133 546 132 47
520 164 487 164 571 165 537 165 197
518 166 485 166 569 167 535 167 162
522 209 498 209 573 213 548 211 28
522 234 497 234 573 237 548 237 18
517 252 484 252 569 255 534 256 33
522 249 490 249 573 253 540 253 27
519 263 486 262 571 267 537 266 24
522 266 487 266 573 271 537 271 27
522 272 488 272 573 277 539 277 24
520 270 483 268 571 275 533 275 39
523 279 486 280 573 285 537 285 29
520 282 485 282 571 287 535 287 30
518 300 481 299 571 307 530 305 21
519 318 476 318 569 327 527 326 68
523 335 476 335 573 347 527 345 45
524 34 502 33 575 33 553 33 303
526 52 505 51 577 51 555 50 223
526 58 505 59 577 57 555 57 204
525 78 497 79 577 77 548 77 78
528 96 502 96 579 95 553 95 77
524 100 499 99 575 99 549 99 30
528 106 503 106 579 105 555 105 63
524 107 499 107 575 107 550 106 28
526 125 501 125 577 125 552 124 88
524 162 491 162 575 163 541 163 131
527 166 494 166 579 167 545 167 152
524 168 490 168 575 169 541 169 137
524 179 490 179 575 181 540 181 179
527 178 494 178 579 179 544 179 163
526 222 501 222 577 225 552 224 11
525 270 490 270 577 275 541 275 26
524 283 488 284 575 289 539 288 32
525 330 476 329 575 339 526 339 52
527 332 479 331 579 341 530 341 34
532 52 509 53 583 51 559 52 265
530 54 506 54 581 53 557 53 238
532 58 510 57 583 57 560 56 235
534 127 511 128 585 127 563 128 152
533 170 500 170 585 171 549 170 144
533 169 498 168 583 169 547 168 147
530 172 496 172 581 173 547 173 194
533 178 500 177 585 179 550 180 133
529 215 506 214 583 217 556 218 37
530 218 503 218 581 221 555 221 17
533 251 501 251 585 255 552 255 18
533 285 498 285 585 291 548 291 34
531 290 494 289 581 295 544 295 27
533 291 498 291 585 297 548 297 26
531 295 493 294 583 301 541 299 45
531 310 490 309 583 317 540 317 36
533 324 487 324 585 333 535 331 36
529 330 484 329 583 339 533 339 33
529 333 480 333 581 343 530 343 30
539 52 520 51 591 51 571 50 173
541 59 520 59 591 57 571 58 164
540 113 517 113 591 113 562 114 132
538 124 513 124 589 125 565 124 159
539 172 506 172 591 173 557 173 165
535 182 502 181 587 183 552 183 170
537 189 503 189 589 191 554 191 69
535 197 501 197 587 199 552 199 42
539 199 505 199 591 201 556 202 41
538 215 501 215 589 217 552 218 30
540 233 506 234 591 237 557 236 21
536 248 504 246 587 251 554 249 23
535 255 502 254 587 259 555 258 24
535 262 500 261 587 267 551 265 22
537 272 501 272 589 277 552 277 19
537 279 502 279 589 285 552 285 23
539 287 503 286 591 293 553 293 34
535 308 496 307 589 315 546 315 35
539 311 500 311 591 319 547 319 26
538 319 495 318 591 327 544 327 41
541 33 515 31 593 31 565 29 474
542 30 522 31 593 29 573 29 209
544 42 520 44 595 41 571 43 169
544 52 526 52 595 51 576 50 162
542 54 522 53 593 53 573 52 175
543 145 511 144 595 145 562 143 312
543 170 510 170 595 171 561 171 85
541 176 507 175 593 177 558 177 127
543 179 509 180 595 181 560 181 90
545 181 511 181 597 183 562 183 115
545 183 511 183 597 185 562 185 87
545 210 511 208 597 211 562 210 44
546 253 511 253 597 257 561 257 25
545 279 510 279 597 285 561 285 43
542 318 498 317 593 327 548 326 42
542 322 497 322 595 331 548 331 29
549 34 529 36 601 33 580 34 337
552 45 532 45 603 43 583 43 253
551 56 532 56 603 55 583 54 236
552 62 532 62 603 61 583 61 250
551 75 522 75 603 73 573 74 106
551 107 528 107 603 107 579 107 209
551 167 519 169 603 169 570 169 45
551 174 518 173 603 175 569 174 43
550 189 517 189 603 191 568 191 16
547 251 513 251 599 255 565 253 26
550 256 513 256 603 261 565 261 35
550 262 515 262 603 267 566 266 28
549 258 513 259 601 263 564 263 35
549 270 513 269 601 275 564 274 34
551 274 516 273 603 279 567 279 62
547 296 510 296 599 303 561 303 34
547 303 507 303 601 311 559 310 30
549 312 506 311 603 321 558 319 23
550 323 505 323 603 333 554 333 18
547 320 499 319 601 329 553 328 25
546 328 499 327 599 337 549 337 18
545 335 500 333 601 343 549 343 18
557 33 537 34 609 31 589 32 318
557 38 537 38 609 37 589 37 532
553 39 532 38 605 37 583 37 339
556 58 534 57 607 57 585 56 263
553 80 524 81 605 79 575 79 58
556 79 527 79 609 77 579 76 42
557 84 528 84 609 83 579 82 57
555 92 527 91 607 91 578 90 117
554 118 516 118 607 117 568 117 110
554 132 524 132 605 133 575 132 265
553 160 521 160 605 161 572 161 57
557 162 523 161 609 163 574 163 55
554 176 521 175 607 177 572 177 45
557 174 523 174 609 175 574 175 42
552 183 519 183 605 185 570 185 33
557 201 523 202 609 205 575 204 24
556 216 523 215 609 219 574 218 29
556 219 522 219 609 225 574 224 34
558 252 525 252 609 255 577 254 26
552 272 518 271 605 277 569 276 45
554 315 510 315 607 323 562 323 14
550 330 506 329 605 339 555 339 15
556 333 505 332 609 343 558 343 18
554 336 504 336 607 347 554 347 20
561 50 540 49 613 49 592 47 340
559 63 537 63 611 61 589 61 251
563 168 528 167 615 169 579 168 49
560 191 527 191 613 193 578 193 34
558 193 525 192 611 195 576 195 18
560 219 527 218 613 221 578 221 36
558 266 523 266 611 271 574 271 51
558 281 524 281 611 287 571 285 210
560 285 523 285 613 291 575 291 99
562 289 525 289 615 295 576 295 115
558 287 522 286 611 293 573 293 87
560 307 518 307 613 315 571 315 30
567 150 539 153 621 151 590 152 90
565 205 530 204 617 207 582 207 14
564 222 532 222 617 225 583 225 31
567 234 534 234 619 237 586 238 29
568 251 535 251 619 255 583 254 27
568 264 533 264 621 269 585 269 48
566 268 531 267 619 273 582 273 74
564 287 527 287 617 293 579 293 94
564 305 518 305 617 313 573 312 35
574 192 541 192 627 195 593 194 57
570 212 537 211 623 215 589 213 23
574 237 539 237 627 241 589 240 38
574 240 539 240 627 245 592 244 45
574 268 537 267 627 273 589 273 51
570 273 535 273 623 279 586 279 81
570 346 519 346 625 359 569 359 41
580 62 556 61 631 59 611 61 273
576 183 541 183 629 185 593 185 99
579 187 544 187 633 189 596 189 121
579 189 544 189 633 191 596 191 87
578 228 544 229 631 231 597 231 34
576 224 543 225 629 227 594 226 43
578 242 544 242 631 247 596 246 37
579 242 546 240 633 245 598 244 48
580 249 546 248 633 253 598 253 36
576 277 542 277 629 283 594 283 173
577 281 541 280 631 287 593 287 156
579 299 543 299 631 305 591 305 44
579 298 540 297 633 305 593 305 42
575 304 537 303 629 311 587 311 19
578 311 536 311 633 319 589 319 14
575 316 525 319 631 325 581 323 29
583 140 545 140 637 139 598 140 23
583 158 546 158 637 159 599 159 42
583 160 547 161 637 161 601 161 60
581 184 546 183 635 185 598 185 72
583 187 548 187 637 189 600 189 99
581 193 547 193 635 195 599 194 82
582 246 548 245 635 249 600 248 39
585 245 551 244 639 249 604 249 44
582 305 540 305 635 313 592 313 23
581 332 534 332 637 343 585 343 56
580 341 528 341 635 353 580 352 38
590 65 565 64 643 63 619 62 646
590 103 553 103 645 101 605 100 44
587 128 550 128 641 127 603 127 25
589 158 552 157 643 159 604 157 41
587 178 554 178 641 179 607 179 122
591 195 556 195 645 197 609 197 30
589 220 555 219 643 223 608 223 23
589 226 555 225 643 229 607 228 27
589 245 555 244 643 249 608 248 45
587 248 554 248 641 253 606 252 41
587 274 555 273 641 279 608 278 165
586 289 551 288 641 295 602 295 78
591 299 551 299 645 307 604 307 38
591 307 549 306 645 315 601 315 23
588 309 546 308 643 317 599 317 23
587 316 539 317 643 325 595 326 23
586 330 539 330 641 341 590 341 32
594 111 557 111 649 109 610 108 23
592 110 555 109 647 107 608 107 27
594 119 557 119 649 117 610 117 31
596 133 560 133 651 133 613 132 41
596 160 560 160 651 161 613 160 43
595 179 560 179 649 181 613 181 64
596 186 563 183 651 187 618 189 112
595 185 560 184 649 187 612 187 71
595 198 560 198 649 201 612 201 35
596 204 561 204 651 207 614 207 31
595 227 562 230 649 233 614 233 18
596 298 557 297 651 305 609 305 41
594 301 555 301 649 309 608 309 27
592 312 550 312 647 321 602 321 19
595 328 547 328 651 339 601 339 45
593 325 547 324 649 335 595 335 47
591 330 543 330 647 341 596 341 42
591 343 538 342 647 355 591 355 34
598 86 562 85 653 83 616 82 32
598 101 560 101 653 99 613 98 25
600 124 563 124 655 123 616 123 31
600 164 565 163 655 165 617 166 32
602 219 568 219 657 223 621 223 20
598 223 564 223 653 227 618 227 19
599 230 565 229 653 235 619 234 18
599 237 565 237 653 241 618 240 26
598 249 565 248 653 253 618 252 54
598 283 562 285 653 289 614 291 161
602 301 557 301 657 309 616 309 64
600 339 549 339 657 351 602 351 89
600 344 548 344 657 357 601 357 97
605 40 578 41 659 37 635 35 603
609 44 578 42 663 41 636 42 435
604 97 565 98 659 95 619 95 34
607 171 573 171 661 173 627 172 58
608 180 573 179 663 181 626 181 66
606 177 571 178 661 179 624 179 49
608 187 573 187 663 189 626 189 47
606 197 571 197 661 199 624 199 20
605 223 570 223 659 227 624 226 23
604 230 571 228 659 233 623 235 29
604 250 570 250 659 255 624 255 68
606 246 572 246 661 251 626 251 70
608 261 573 260 661 265 625 264 115
606 258 572 258 661 263 626 263 74
606 263 567 263 661 269 620 268 76
606 283 567 282 661 289 621 289 333
606 297 566 297 661 305 619 305 27
605 317 561 318 661 327 616 327 60
606 328 559 328 663 339 612 339 56
606 342 553 342 663 355 607 355 182
613 78 577 77 669 75 631 74 35
612 86 574 85 667 83 629 82 34
611 96 573 96 667 93 626 93 20
613 109 575 109 669 107 629 107 27
611 118 574 118 667 115 628 115 26
615 168 579 168 669 169 635 170 87
612 189 577 188 667 191 630 190 27
612 248 578 248 667 253 632 253 103
614 252 580 252 669 257 634 257 100
614 258 580 258 669 263 634 262 67
614 277 574 276 669 283 628 283 138
612 275 572 275 667 281 625 280 180
611 296 571 297 667 305 625 305 38
612 303 571 303 667 311 625 311 79
611 306 570 306 667 315 624 315 62
609 310 569 310 665 319 622 319 57
609 324 562 324 665 335 615 335 58
609 338 558 338 667 351 613 351 126
613 339 561 338 669 351 615 351 160
607 346 555 346 665 359 608 359 131
615 76 579 76 671 73 633 72 41
615 98 577 97 671 95 631 95 28
615 119 577 118 671 117 632 116 22
615 122 578 122 671 121 632 121 26
617 125 580 125 673 125 634 124 25
615 155 582 156 671 155 638 153 112
617 164 583 164 673 165 637 164 55
619 166 583 163 675 167 638 167 65
617 174 582 174 673 175 636 175 95
619 172 584 172 675 173 638 173 63
619 199 584 198 675 201 638 201 18
615 200 580 199 671 203 634 202 24
616 206 580 206 671 209 634 208 25
619 232 584 232 675 237 638 237 79
620 247 587 247 675 251 641 252 94
618 250 584 250 673 255 638 255 63
617 266 578 268 673 273 632 273 93
620 277 580 278 675 283 634 283 133
617 301 576 301 673 309 631 309 53
618 305 576 304 673 313 630 313 82
617 310 575 310 673 319 629 319 48
613 332 566 331 671 343 619 343 86
615 346 565 345 675 359 617 359 147
623 71 586 71 679 67 640 67 73
621 90 584 90 677 87 639 86 35
621 114 582 114 677 113 637 112 27
623 164 588 164 679 165 642 165 99
625 170 589 170 681 171 644 171 58
624 180 589 179 681 181 644 181 50
621 187 585 188 677 189 640 188 19
623 189 588 188 679 191 642 190 17
623 197 587 197 679 199 641 199 16
621 196 585 196 677 197 639 198 18
621 202 585 202 677 205 639 205 44
623 229 589 228 679 233 643 231 181
622 249 588 248 677 253 642 252 87
624 273 591 273 679 279 645 279 87
625 277 592 277 681 283 646 283 137
622 278 588 278 677 285 640 285 163
622 284 586 284 677 291 640 291 212
625 291 586 291 681 299 640 299 105
621 303 579 302 677 311 634 311 71
619 317 575 316 677 327 630 327 44
623 326 577 325 681 337 632 336 55
620 333 572 333 679 345 626 345 68
628 154 591 154 685 155 646 154 64
627 176 591 176 683 177 645 177 48
627 197 591 196 683 199 645 198 47
631 227 597 227 687 231 635 231 293
627 233 592 231 683 237 646 235 263
629 239 596 238 685 243 650 243 111
631 273 598 273 687 279 653 279 106
628 295 589 295 685 303 644 303 172
630 291 591 291 687 299 646 299 131
628 333 578 333 687 345 634 345 58
625 330 577 329 683 341 632 341 53
632 99 582 100 689 97 637 97 80
632 159 597 158 689 159 652 159 91
636 195 601 194 693 197 656 196 57
635 208 598 205 691 211 653 209 73
633 233 599 232 689 237 654 237 118
636 243 603 244 693 249 657 248 158
635 268 597 267 691 273 651 271 66
637 271 604 270 693 277 659 276 80
632 291 593 291 689 299 648 299 132
636 308 597 308 693 317 650 317 166
632 308 591 308 689 317 646 317 163
633 333 584 333 691 345 638 345 67
637 349 583 349 693 361 636 361 150
642 172 608 172 699 173 661 172 75
640 193 605 192 697 195 660 194 60
642 188 606 188 699 191 661 189 59
639 244 605 244 695 249 660 249 102
637 304 597 304 695 313 652 313 154
640 311 598 311 699 321 654 321 129
643 48 587 45 705 39 645 39 332
645 111 609 114 703 111 664 113 143
646 212 610 209 703 215 665 215 133
644 236 611 236 701 241 666 241 180
646 242 613 242 703 247 668 247 99
644 244 611 244 701 249 666 248 108
645 271 612 271 701 277 667 276 186
641 299 601 299 701 307 657 307 109
643 302 602 302 701 311 658 311 152
643 326 593 323 701 337 652 337 75
645 336 595 336 705 349 651 349 148
647 341 597 341 701 353 649 353 133
647 53 591 54 709 45 649 45 160
652 188 617 189 709 189 671 190 37
650 198 614 199 707 201 670 201 53
650 214 614 213 707 217 670 216 163
649 225 614 225 707 229 670 229 192
650 231 615 233 707 235 670 237 106
651 277 609 277 709 283 666 283 211
653 275 612 275 711 281 668 282 140
652 306 611 305 711 315 666 315 97
648 306 606 306 707 315 663 315 187
650 311 607 311 709 321 664 321 124
649 326 603 325 709 337 658 337 79
649 333 595 332 707 345 654 345 123
647 329 599 329 707 341 656 341 93
650 338 600 338 711 351 657 351 123
654 29 599 29 717 19 657 19 16
653 59 597 59 715 51 655 51 33
656 98 609 97 715 93 666 93 168
653 104 607 104 713 101 664 101 142
655 209 620 210 713 213 676 212 69
657 213 622 213 715 217 678 217 83
655 309 612 309 715 319 669 319 88
657 313 614 313 717 323 671 323 82
656 46 601 45 719 37 659 36 15
656 55 601 55 719 47 659 47 18
658 64 603 64 721 57 662 55 32
662 101 616 101 723 97 674 97 187
661 108 612 108 719 105 668 105 201
665 186 628 183 723 187 685 186 36
661 189 625 189 719 191 682 191 32
664 261 621 260 719 267 661 266 61
663 282 623 283 721 289 678 289 273
659 325 612 325 719 337 669 337 32
659 338 608 337 721 351 666 351 85
662 29 608 27 725 19 667 19 13
662 42 607 42 725 33 665 32 25
666 179 630 179 725 181 687 181 58
669 274 625 276 727 281 687 282 265
669 289 631 289 727 299 683 297 169
666 306 623 305 725 315 680 315 97
667 315 623 315 727 325 681 325 58
663 341 611 341 725 355 669 355 91
664 346 610 346 727 361 668 361 96
669 31 616 31 733 21 675 22 28
668 74 613 73 731 67 672 65 139
673 86 621 86 735 81 679 80 307
671 99 625 99 733 95 683 95 272
669 100 623 101 731 97 681 96 179
672 275 623 277 733 283 679 283 450
672 315 629 315 733 325 686 325 51
674 313 630 313 735 323 689 323 58
672 337 620 337 735 351 680 351 43
671 341 620 341 735 355 679 355 53
676 36 627 38 739 27 679 29 60
678 51 626 51 741 43 685 44 116
678 83 626 82 741 77 685 77 200
677 89 625 89 737 85 683 84 289
679 172 653 172 741 173 714 173 134
679 197 649 196 741 199 708 199 133
677 197 643 197 737 201 703 199 112
675 334 624 334 737 347 683 347 38
676 336 625 335 739 349 684 349 47
684 49 635 49 747 41 694 41 146
679 54 627 55 743 47 687 47 149
680 59 628 58 743 51 688 51 131
680 79 628 79 743 73 687 73 228
685 260 638 260 747 267 697 267 121
683 287 636 289 745 295 695 293 247
680 317 635 317 743 329 693 328 55
683 334 633 334 745 347 692 347 32
684 337 632 337 747 351 692 351 37
680 343 627 343 743 357 686 357 94
685 28 629 27 751 17 690 16 58
686 83 634 83 751 77 701 77 189
688 88 637 88 751 83 699 83 182
695 103 645 103 753 99 701 99 181
686 107 638 107 749 103 697 103 225
693 268 647 267 753 275 705 273 401
688 282 642 281 751 289 701 289 276
690 289 645 289 751 297 704 299 333
689 294 646 294 751 303 701 303 231
688 321 642 321 751 333 701 332 42
688 332 638 332 753 345 699 345 51
691 34 635 33 757 23 696 22 34
692 41 637 40 759 31 699 31 97
695 51 642 50 759 43 705 41 263
697 107 651 106 757 103 709 103 227
695 185 647 186 759 187 707 186 66
695 305 651 305 757 315 711 315 58
695 309 651 309 757 319 710 319 47
694 339 642 339 759 353 703 353 68
699 155 653 154 763 155 713 155 60
696 159 649 159 761 159 710 160 48
701 172 654 172 765 173 715 173 45
697 172 649 171 761 173 711 173 40
704 270 669 270 763 277 728 277 174
701 276 667 276 761 283 725 283 176
707 283 671 283 765 291 727 291 253
700 279 666 279 761 287 724 286 220
703 291 664 290 765 299 724 299 93
702 307 659 306 765 317 719 317 50
698 310 654 310 761 321 715 321 40
699 317 653 319 763 331 713 329 34
699 332 649 332 763 345 709 345 38
699 337 648 337 763 351 709 351 52
699 346 646 345 765 361 707 361 98
706 87 658 86 771 81 719 81 216
700 87 650 87 767 81 715 81 202
710 274 676 274 771 281 735 281 212
705 287 667 287 767 295 726 295 146
707 294 667 294 769 303 727 303 203
706 299 665 299 769 309 725 309 68
703 312 659 312 767 323 719 323 39
707 321 661 320 771 333 721 333 34
707 81 657 81 773 75 721 75 224
711 95 663 94 777 89 725 89 293
711 166 663 166 777 167 726 167 70
712 227 664 226 777 231 726 231 79
715 278 680 278 777 285 740 285 230
706 348 651 348 773 363 715 363 116
707 346 654 345 773 361 715 361 89
716 37 664 37 783 27 729 25 54
712 104 665 103 779 99 727 99 198
713 161 664 160 779 161 727 160 63
713 221 667 220 779 225 729 224 74
717 281 682 281 779 289 742 289 243
718 294 678 293 781 303 737 302 190
718 300 677 299 783 311 738 310 121
718 326 675 329 783 339 731 340 38
712 342 658 342 779 357 722 357 33
712 347 658 347 779 363 720 363 48
722 49 671 50 789 41 735 40 52
723 143 676 143 785 143 739 141 105
723 149 675 151 789 151 738 150 42
721 153 673 153 787 153 735 153 62
724 46 673 45 791 37 737 36 27
724 53 673 53 791 45 737 44 62
725 157 674 156 791 157 737 156 77
726 160 676 163 793 161 739 162 63
726 207 677 206 793 211 740 211 54
728 276 689 275 791 283 750 283 273
725 314 682 313 791 325 739 325 152
725 341 670 342 793 357 733 357 51
732 87 684 87 799 81 748 81 124
729 164 680 164 797 165 744 165 62
734 178 689 175 801 179 751 177 72
734 222 687 221 801 227 750 226 75
732 338 680 339 799 353 744 353 22
737 41 686 41 805 31 751 31 51
735 153 688 153 803 153 752 153 58
735 164 686 164 803 165 750 165 54
737 194 688 193 805 197 753 196 50
737 216 689 218 805 221 754 221 64
737 311 692 311 803 323 755 323 131
739 322 691 322 807 335 755 335 42
736 322 689 322 803 335 751 335 49
735 333 683 333 803 347 748 346 19
739 44 688 44 809 35 753 34 43
749 102 705 101 813 101 769 100 148
748 112 707 113 813 109 766 111 160
740 202 691 201 809 205 756 204 36
742 207 694 207 811 211 761 211 48
745 220 697 220 813 225 762 225 86
745 315 698 315 813 327 763 327 79
741 318 694 318 809 331 758 330 41
741 333 694 333 813 347 759 347 26
748 337 693 336 813 351 754 350 22
748 153 694 151 819 153 759 152 65
745 155 692 156 815 155 756 155 61
743 177 695 178 817 181 760 180 65
747 258 702 255 815 265 766 263 222
751 295 705 294 819 305 769 305 49
746 311 700 311 815 323 765 324 74
748 323 699 323 817 337 764 337 38
755 205 706 206 825 209 773 209 21
754 320 706 320 823 333 771 333 36
756 318 708 318 825 331 773 331 40
751 327 702 327 821 341 768 341 18
751 340 700 341 823 357 765 357 35
758 164 706 164 831 163 774 164 44
757 180 709 180 829 183 775 183 50
759 185 709 184 831 187 776 187 38
757 309 709 311 827 321 776 321 48
762 305 715 304 831 317 781 316 38
759 313 712 315 829 325 778 326 40
757 330 708 330 827 345 774 344 29
761 332 712 332 831 345 778 346 22
752 333 703 333 827 349 772 349 26
755 344 700 344 827 361 768 361 71
764 159 711 158 837 159 780 159 52
762 157 710 157 835 157 779 158 56
764 201 717 202 835 205 784 205 49
763 296 713 296 833 307 781 307 40
765 318 717 318 835 331 783 331 25
762 321 715 322 833 335 780 335 21
765 327 717 327 837 341 782 341 33
768 291 717 293 839 303 787 303 44
769 301 721 302 841 313 790 313 38
768 305 720 305 839 317 787 317 38
771 325 722 325 843 339 789 339 22
768 322 720 321 839 335 786 335 27
764 336 716 335 839 351 793 349 43
775 156 722 156 849 157 792 156 49
776 172 724 171 849 171 795 172 62
777 183 729 184 849 185 797 186 72
777 189 729 187 849 191 797 190 56
781 255 737 255 847 261 801 262 573
783 251 740 253 849 257 803 258 659
776 312 727 312 847 325 791 323 29
777 325 727 325 849 339 795 339 19
773 344 718 344 847 361 788 361 33
782 150 734 149 855 149 801 149 78
781 206 732 205 855 209 802 209 109
781 211 731 211 855 215 802 215 177
779 335 729 335 853 353 797 353 24
778 342 726 343 853 359 795 359 29
785 55 728 54 861 45 799 45 43
787 159 739 158 861 159 808 157 59
786 185 733 185 859 187 802 188 164
784 193 737 192 857 195 806 194 90
788 198 740 199 861 201 810 201 132
785 204 736 203 859 207 806 207 115
783 208 734 207 857 211 804 211 131
788 293 739 293 861 303 806 305 85
785 318 736 317 859 331 806 331 23
784 317 735 318 857 331 804 331 30
788 321 738 321 861 335 807 335 18
781 340 730 341 857 357 799 357 28
789 157 741 157 863 157 810 156 64
791 161 744 160 865 161 814 159 36
793 168 744 169 867 169 814 169 64
789 200 741 200 863 203 811 203 123
791 332 741 332 865 347 810 347 70
791 55 734 54 869 45 806 45 21
795 57 737 59 873 47 810 47 25
795 159 747 159 869 159 817 159 41
798 177 749 177 873 179 820 179 124
794 185 745 185 869 187 816 187 85
798 190 750 191 873 193 820 193 104
794 314 745 314 869 327 816 327 29
798 317 748 317 873 331 819 331 22
794 319 745 319 869 333 815 333 21
796 321 746 320 871 335 817 335 22
794 330 745 330 869 345 813 345 38
794 338 740 338 869 355 811 355 55
793 344 740 344 869 361 811 361 68
798 48 741 48 877 37 814 37 45
802 181 753 181 877 183 824 183 107
804 190 755 190 879 193 826 193 109
809 247 762 246 879 253 827 251 376
803 321 755 320 879 335 826 334 25
803 327 751 326 879 341 825 341 46
798 338 747 338 875 355 818 355 72
801 346 745 345 879 363 819 363 65
807 159 758 159 883 159 830 158 96
805 170 756 169 881 171 827 169 153
807 172 758 171 883 173 829 171 164
808 296 760 296 881 307 830 307 97
809 312 763 310 885 325 833 325 45
806 315 757 314 883 329 830 329 32
807 324 757 324 883 339 835 339 69
809 328 759 328 885 343 831 343 69
808 331 759 329 885 345 831 345 54
811 53 750 55 887 43 824 45 39
815 163 766 163 891 167 838 165 123
813 172 764 171 889 173 836 173 173
815 313 767 311 891 327 840 326 39
812 317 763 317 889 331 835 331 31
812 315 763 315 887 329 834 329 38
811 321 761 321 887 335 833 335 40
812 333 762 333 889 349 834 349 62
817 174 770 173 893 175 842 175 103
819 172 772 171 895 173 843 172 198
818 321 769 321 895 335 841 335 46
817 328 767 328 893 343 838 343 53
819 331 769 331 897 347 842 347 64
815 332 765 332 893 347 838 347 73
814 342 761 342 893 359 835 359 129
814 345 759 345 893 363 833 363 78
825 184 777 184 903 187 851 186 64
825 298 775 299 903 311 851 311 112
824 304 774 303 901 317 848 317 51
823 316 774 315 901 329 848 329 28
822 329 771 329 899 345 845 345 82
822 345 768 345 903 363 843 363 111
827 73 775 73 907 65 851 64 50
826 144 785 145 905 143 861 143 41
829 181 782 180 907 183 856 182 56
831 179 785 179 909 181 857 180 52
831 185 784 184 909 187 857 187 51
828 320 779 320 907 335 853 335 41
829 340 776 340 909 357 850 357 114
827 338 775 338 907 355 848 355 195
826 343 774 344 907 361 848 361 113
827 343 774 343 909 361 850 361 169
836 112 794 113 913 109 867 109 34
838 179 793 177 915 181 862 181 38
833 185 785 186 911 187 859 187 39
835 198 789 197 913 201 863 201 27
831 326 782 326 915 341 860 341 58
831 336 777 336 911 353 854 353 150
840 81 788 83 921 75 865 75 38
839 85 784 85 921 77 864 76 33
839 183 794 182 917 185 867 185 34
838 210 789 210 917 215 866 215 16
838 217 791 215 917 219 867 220 21
838 345 783 345 921 363 861 363 93
849 160 806 160 927 161 880 161 24
847 212 801 212 927 217 876 217 32
844 276 795 275 925 287 871 287 61
846 280 797 279 927 291 873 291 52
844 298 795 297 925 311 873 310 141
842 317 792 316 923 331 869 330 55
844 320 794 320 925 335 870 335 59
841 335 789 335 925 351 869 351 114
841 340 787 340 923 357 865 357 113
840 343 787 343 923 361 864 361 98
853 204 807 204 933 209 882 208 26
848 211 803 210 929 215 878 214 27
855 269 809 268 933 279 880 278 59
849 282 799 281 931 293 876 291 55
848 318 798 318 929 333 874 333 59
851 321 801 321 933 337 878 337 40
848 324 798 324 929 339 874 339 49
847 338 793 338 929 355 871 355 151
859 130 817 130 939 127 892 127 60
861 150 821 151 939 149 891 148 48
857 175 814 178 935 177 888 175 57
858 183 813 183 937 187 888 186 28
857 186 808 185 937 189 888 189 32
854 195 807 195 935 199 884 199 23
855 311 805 311 937 325 883 325 101
853 341 800 341 935 359 877 359 104
861 201 814 201 943 205 892 205 32
863 273 814 273 945 283 891 283 39
859 298 813 298 941 311 891 311 149
858 322 809 321 941 337 886 337 95
861 320 812 319 945 335 890 334 62
861 330 810 330 945 347 890 347 119
860 330 809 330 941 347 886 347 117
857 336 803 335 941 353 884 353 198
869 164 828 161 951 163 902 163 54
866 190 821 190 947 193 898 193 54
867 207 821 208 951 211 897 210 37
865 212 817 213 947 217 895 217 46
865 302 815 302 949 315 896 314 155
864 308 814 308 947 321 892 322 115
864 312 815 311 947 327 893 326 76
863 334 812 334 947 351 890 351 95
866 341 813 341 951 359 892 359 73
874 159 834 157 955 159 917 157 62
873 155 831 154 953 155 912 154 72
872 181 827 179 953 181 904 182 56
871 221 826 222 953 227 903 226 54
877 261 838 260 955 269 914 269 47
871 277 821 278 955 289 900 289 53
869 299 820 299 953 313 898 313 143
871 306 820 306 953 319 901 319 137
870 307 821 308 953 321 900 322 132
870 313 821 312 953 327 900 327 86
874 65 822 62 963 53 906 52 54
884 251 847 251 963 259 925 257 23
879 262 842 263 959 271 917 271 51
878 67 826 66 965 57 907 56 47
883 136 833 135 969 133 914 131 53
889 213 846 214 969 217 921 217 35
890 242 852 242 969 249 930 249 29
888 242 851 242 967 249 927 249 32
883 276 833 276 969 287 914 287 79
879 320 829 320 965 335 910 335 52
880 328 829 328 965 345 909 345 166
879 334 828 334 965 351 909 351 212
881 344 826 344 969 363 908 363 161
889 174 844 172 973 175 924 175 57
890 199 845 203 975 205 926 205 33
891 227 855 227 971 233 932 234 26
891 238 855 238 971 245 931 245 33
890 257 854 254 971 265 931 264 31
894 264 855 264 975 273 933 273 69
890 260 852 260 971 269 929 268 67
885 285 836 285 971 297 917 297 80
887 287 838 287 973 299 919 299 99
883 297 832 298 971 309 917 310 128
887 300 833 301 973 313 919 314 176
887 319 837 320 973 335 917 335 60
888 328 837 328 975 345 919 345 155
892 170 847 170 977 171 928 171 75
894 206 850 206 979 209 931 209 26
897 260 858 258 979 269 938 269 72
890 270 840 269 977 281 922 279 112
894 283 845 283 981 295 927 295 109
892 304 843 306 979 319 925 320 101
892 320 842 319 979 335 924 335 84
892 325 841 325 979 341 925 341 129
891 328 841 328 979 345 923 345 143
889 333 838 333 979 351 922 351 139
897 125 847 124 985 121 930 120 76
897 136 846 135 985 133 930 133 93
898 193 852 192 983 197 932 195 22
905 226 865 225 987 235 939 233 46
903 236 867 235 985 243 945 243 33
901 240 865 240 983 247 942 246 22
901 242 865 241 983 249 943 248 24
904 244 867 244 985 251 946 250 33
905 260 868 260 987 269 947 269 54
904 273 866 273 987 283 945 283 139
901 271 862 271 983 281 941 281 100
897 278 847 277 985 291 930 290 179
896 290 847 290 985 303 930 303 120
898 337 846 337 987 355 928 355 110
893 340 840 340 983 359 924 359 145
898 69 845 68 989 59 930 58 61
901 131 851 131 989 129 934 128 94
900 137 850 135 989 135 933 134 88
912 244 875 244 993 251 954 251 23
908 257 869 256 989 265 949 265 32
904 281 854 281 993 293 938 293 139
901 283 851 283 989 295 934 295 103
900 294 849 293 989 307 933 307 104
904 299 849 299 993 313 938 313 163
905 314 857 314 993 329 939 330 152
895 329 844 329 989 347 932 347 117
897 337 845 337 989 355 927 355 128
909 286 858 286 999 299 943 299 167
907 296 856 295 997 309 941 309 113
906 316 857 316 995 331 937 330 129
910 314 861 315 999 329 945 330 129
906 335 854 335 997 353 939 353 112
922 186 885 186 1005 189 965 188 92
922 250 885 250 1005 257 965 257 29
917 255 881 255 1001 263 962 262 20
918 267 880 265 1001 277 961 276 37
917 271 881 270 1001 281 961 280 136
912 284 863 285 1003 297 947 297 155
914 281 864 281 1005 293 949 293 207
911 283 861 283 1001 295 946 295 122
910 288 860 288 1001 301 945 301 127
911 295 860 295 1001 309 945 309 107
914 304 864 305 1003 319 950 319 161
912 324 862 324 1003 341 947 341 136
923 183 886 182 1007 185 967 184 151
927 187 890 187 1011 189 971 189 111
926 242 889 242 1009 249 969 249 41
928 244 893 243 1011 251 973 251 37
926 253 890 252 1009 261 970 261 22
924 258 887 258 1007 267 967 267 26
926 264 890 263 1011 273 971 272 49
922 275 883 274 1007 285 965 284 157
926 277 886 276 1011 287 968 287 159
918 288 869 288 1009 301 954 301 145
914 337 862 337 1007 355 948 355 111
929 175 893 173 1015 175 974 176 166
931 242 896 242 1015 249 977 248 50
930 281 890 280 1015 291 973 291 158
925 293 875 293 1017 307 961 306 156
922 326 872 326 1015 343 959 343 45
934 177 897 176 1019 179 979 178 134
935 242 899 242 1019 249 981 248 55
933 247 896 251 1019 259 976 260 46
936 260 899 261 1021 269 981 269 87
935 266 898 265 1021 275 981 275 96
927 291 878 291 1021 305 966 305 134
933 304 883 303 1023 319 969 319 174
927 312 877 312 1019 327 963 327 120
930 316 880 317 1023 333 967 333 65
924 337 873 336 1019 355 961 355 56
939 176 903 176 1025 177 985 177 131
943 218 907 217 1029 223 989 223 70
941 245 902 246 1025 255 985 255 29
941 253 905 253 1027 261 988 261 76
943 256 906 256 1029 265 989 265 65
943 260 906 260 1029 269 989 269 60
939 264 902 264 1025 273 984 273 112
935 312 887 313 1029 327 974 328 115
932 314 883 314 1025 329 970 329 95
943 195 896 195 1035 199 984 199 41
939 199 893 199 1031 203 980 203 52
950 230 915 231 1033 239 996 238 84
948 240 912 241 1033 247 995 247 52
949 253 914 253 1035 261 996 261 41
945 249 909 249 1031 257 992 257 35
946 255 910 255 1031 263 993 264 63
938 306 890 306 1031 321 978 321 78
936 326 888 325 1031 343 977 343 43
935 332 884 333 1031 351 973 351 56
945 192 897 191 1037 195 986 195 90
948 202 901 202 1041 207 990 207 66
948 210 900 210 1041 215 988 215 102
952 240 917 240 1039 247 1001 247 44
955 245 921 243 1041 253 1003 252 35
957 159 923 159 1047 159 1009 159 81
949 206 902 205 1043 211 991 210 79
958 225 921 227 1047 231 1008 231 31
957 227 923 227 1045 233 1007 233 47
959 260 921 260 1047 269 1006 269 102
950 273 900 273 1045 285 990 285 165
949 279 899 278 1045 291 989 291 187
947 334 895 334 1045 353 986 353 82
956 193 910 193 1051 197 1002 197 33
963 219 927 219 1051 225 1012 224 27
962 231 926 231 1049 237 1010 237 41
962 234 925 234 1049 241 1010 241 32
960 261 923 261 1049 271 1008 271 76
965 260 926 259 1053 269 1011 268 90
964 266 926 265 1053 275 1012 275 126
952 277 902 277 1049 289 993 289 171
961 190 912 189 1055 193 1004 193 34
963 218 928 215 1055 223 1015 222 35
968 219 932 219 1057 225 1018 224 25
966 221 930 220 1055 227 1016 226 29
966 234 931 234 1055 241 1016 241 31
970 248 934 247 1059 255 1020 255 58
968 253 934 253 1055 261 1017 259 89
967 263 930 263 1057 273 1016 272 112
972 238 939 237 1061 245 1021 244 97
973 257 937 257 1061 265 1023 265 153
983 244 952 243 1071 251 1037 251 128
981 250 950 252 1069 259 1035 259 326
988 219 957 218 1077 223 1043 223 214
985 247 954 247 1073 255 1039 255 189
989 243 957 243 1077 251 1043 251 244
992 198 960 198 1081 203 1047 203 134
994 210 962 210 1083 215 1049 215 310
994 217 962 216 1083 221 1049 222 272
992 234 960 233 1081 241 1047 239 173
990 256 959 257 1079 263 1045 261 370
999 234 967 234 1089 241 1055 240 156
999 236 967 236 1089 243 1055 242 220
999 242 967 241 1089 249 1055 249 298
999 245 968 247 1089 253 1055 255 340
1003 240 971 240 1093 247 1059 247 197
1007 233 975 233 1097 241 1061 239 278
1009 234 977 234 1099 241 1065 241 176
1006 249 975 249 1097 255 1064 255 206
1011 244 981 243 1101 251 1068 251 188
1012 240 981 239 1103 247 1070 247 257
1016 238 985 238 1107 245 1074 245 225
1020 234 987 234 1111 241 1077 241 261
1031 161 1006 161 1125 161 1103 161 237
1028 242 999 241 1121 249 1090 249 215
1030 249 1001 249 1123 257 1091 257 146
1033 161 1009 161 1131 161 1093 160 193
1034 247 1005 247 1127 255 1095 255 183
1039 249 1010 249 1131 257 1101 257 172
1038 256 1010 256 1131 265 1101 265 172
1038 157 1012 156 1135 157 1098 156 184
1039 167 1011 166 1137 167 1109 167 79
1041 258 1014 258 1137 267 1108 267 173
1049 244 1021 243 1143 249 1113 247 137
1049 249 1021 250 1143 259 1113 257 256
1049 254 1021 254 1143 263 1113 263 105
1051 236 1022 236 1145 243 1115 243 259
1051 257 1023 256 1145 265 1115 265 180
1058 234 1027 234 1151 241 1120 241 305
1059 242 1031 242 1155 249 1125 249 265
1056 272 1018 273 1153 285 1114 284 173
1065 240 1038 240 1161 247 1132 247 186
1061 247 1033 247 1157 255 1127 255 141
1061 250 1033 251 1157 259 1127 261 163
1065 256 1038 256 1161 265 1133 265 335
1063 258 1035 258 1159 267 1129 267 291
1063 274 1039 275 1161 281 1130 282 583
1069 236 1042 236 1165 243 1136 243 136
1069 242 1042 242 1165 249 1136 249 136
1071 240 1044 240 1167 247 1138 247 129
1067 247 1039 248 1163 255 1134 255 184
1070 227 1041 227 1169 233 1138 233 101
1081 223 1052 223 1179 229 1150 229 75
1075 231 1046 231 1175 237 1145 237 125
1079 227 1054 226 1177 233 1148 233 130
1080 234 1053 234 1177 241 1149 241 120
1080 243 1053 243 1177 251 1149 251 176
1080 247 1053 247 1177 255 1149 255 257
1080 253 1053 252 1177 261 1149 261 124
1085 245 1059 245 1183 253 1155 253 105
1087 247 1061 247 1185 255 1157 255 247
1083 251 1057 250 1181 259 1153 259 141
1085 253 1059 252 1183 261 1155 261 128
1083 256 1057 256 1181 265 1153 265 209
1084 260 1056 260 1185 269 1155 269 348
1087 204 1060 205 1187 207 1158 208 191
1092 207 1065 205 1191 211 1163 211 219
1092 237 1066 236 1191 243 1163 243 294
1091 234 1064 234 1189 241 1161 241 281
1103 172 1071 169 1197 167 1158 167 479
1097 204 1070 204 1195 207 1169 206 230
1097 208 1071 208 1197 213 1169 212 223
1094 212 1067 212 1193 217 1165 216 231
1098 222 1072 221 1197 229 1169 229 108
1096 225 1069 225 1195 231 1167 231 136
1098 242 1072 241 1197 249 1170 249 224
1094 244 1068 243 1193 251 1166 251 237
1104 208 1077 211 1203 215 1175 217 181
1102 213 1075 214 1201 219 1174 217 242
1100 247 1074 247 1199 255 1172 255 146
1102 249 1076 250 1201 259 1174 259 217
1103 249 1078 249 1203 257 1176 257 247
1105 241 1080 241 1205 249 1178 249 178
1108 238 1083 238 1209 245 1182 245 228
1107 258 1079 258 1209 267 1180 267 235
1113 198 1087 198 1215 201 1189 200 141
1111 203 1086 203 1213 207 1187 208 174
1113 205 1087 204 1215 209 1188 208 184
1110 212 1085 212 1213 219 1186 219 130
1113 221 1085 220 1215 227 1188 227 142
1114 236 1089 235 1215 243 1188 242 202
1111 239 1086 239 1211 247 1185 247 170
1113 243 1088 243 1213 251 1187 251 126
1109 291 1081 288 1211 303 1182 304 305
1118 201 1093 201 1219 205 1193 205 246
1119 216 1093 215 1221 221 1194 221 286
1115 225 1090 225 1217 231 1190 231 122
1119 247 1094 247 1221 255 1195 255 288
1116 251 1090 250 1217 259 1191 259 178
1121 204 1095 203 1225 209 1197 208 240
1121 216 1097 215 1225 219 1198 218 471
1125 221 1100 220 1227 227 1201 227 167
1123 223 1098 223 1225 229 1198 229 206
1121 245 1097 245 1223 253 1197 253 161
1122 251 1097 251 1225 259 1199 259 223
