20 126 15 123 99 131 94 131 40
20 179 16 179 97 181 93 181 39
27 156 25 156 101 159 103 159 63
25 175 19 174 101 177 97 177 94
23 180 21 181 101 183 97 183 104
26 212 19 212 101 213 95 213 193
29 221 22 220 105 221 99 220 96
33 103 29 103 109 109 106 108 67
30 112 25 112 107 117 102 117 86
32 116 27 117 109 121 105 121 114
33 126 28 127 109 131 105 131 178
30 133 26 133 107 137 103 137 147
35 145 31 145 111 151 108 151 165
36 183 31 183 111 185 106 185 119
37 200 30 199 111 201 105 201 234
39 214 33 214 111 215 106 215 123
37 223 27 223 109 223 100 223 105
37 243 21 243 107 243 93 242 78
42 249 25 248 109 249 95 248 102
41 253 24 252 109 253 93 252 71
37 105 33 105 113 111 109 111 136
42 107 37 109 117 113 114 112 110
40 109 35 111 115 115 112 114 144
37 128 33 128 113 133 109 133 116
42 156 37 156 117 159 112 159 106
41 161 36 161 117 165 112 165 118
43 198 37 197 117 199 111 199 145
39 202 32 202 113 203 107 203 213
43 210 37 210 117 211 111 210 129
43 216 37 216 117 217 110 218 133
50 259 27 259 115 259 91 259 77
43 115 39 115 119 123 113 121 110
49 117 45 117 123 123 120 121 106
49 130 44 130 123 135 118 135 94
47 133 42 133 121 137 116 137 130
44 143 38 143 119 147 114 147 146
46 147 41 147 121 151 116 151 100
48 160 44 160 123 163 118 163 160
44 164 38 163 119 167 114 167 112
48 166 44 167 123 169 118 169 119
48 173 44 172 123 175 118 175 106
49 189 44 188 123 191 118 190 173
47 206 40 205 121 207 115 206 206
45 202 39 202 119 203 113 203 258
45 210 39 210 119 211 112 210 123
57 238 38 237 123 239 109 238 93
53 116 49 113 127 121 123 121 87
51 120 46 119 125 125 120 125 103
55 129 50 130 129 133 129 133 278
55 133 51 133 129 137 129 136 150
53 153 48 153 127 159 122 157 153
50 168 46 168 125 171 120 171 158
51 164 47 164 125 167 121 167 132
53 174 48 174 127 177 122 177 144
55 173 51 173 129 175 124 175 134
53 187 48 187 127 189 122 189 158
62 118 57 116 135 123 130 123 167
57 120 52 121 131 125 126 125 119
60 143 56 143 133 147 128 147 134
57 145 53 145 131 149 126 149 143
62 154 58 154 135 159 130 158 213
57 189 52 189 131 191 126 191 186
58 195 51 195 131 197 125 196 199
59 212 52 212 131 213 125 212 192
61 216 53 216 133 217 125 217 155
67 242 51 241 135 241 121 241 88
70 275 39 274 135 275 95 274 186
69 124 64 124 141 129 136 129 126
64 126 59 127 137 131 132 131 194
68 167 62 167 141 169 135 169 112
70 175 63 174 141 177 135 177 95
78 265 54 264 141 265 106 265 103
75 277 43 277 139 277 109 277 107
75 97 70 97 147 103 142 103 194
73 107 67 106 145 111 140 111 222
72 107 67 108 145 113 140 113 220
73 126 69 125 145 131 140 131 163
75 129 71 128 147 133 142 133 106
71 126 66 126 143 131 138 131 114
73 133 68 133 145 137 140 137 83
71 149 65 149 143 153 138 152 92
70 156 66 155 143 159 137 159 103
73 170 67 170 145 173 139 173 98
76 183 70 183 147 185 140 184 112
74 185 68 185 145 187 139 186 135
76 194 69 193 147 195 139 195 268
72 196 64 196 143 197 135 197 179
76 206 68 205 147 207 139 206 215
72 253 54 252 143 253 117 252 87
85 267 59 266 147 267 125 266 99
85 273 58 272 147 273 123 272 101
86 279 57 278 147 279 121 278 97
88 300 51 299 145 301 110 300 32
80 148 75 147 151 151 145 150 166
80 172 74 172 151 175 145 175 122
81 193 74 193 151 195 143 195 260
78 199 71 197 149 199 141 199 151
79 218 69 218 149 219 141 219 186
81 216 73 216 151 217 143 217 218
83 222 73 222 153 223 144 222 211
85 229 73 228 153 229 141 228 145
83 257 63 256 149 257 128 257 86
85 273 54 273 149 273 117 273 128
92 282 62 281 151 283 122 282 97
87 77 83 77 159 85 153 83 18
89 113 82 116 159 119 154 119 200
88 123 83 123 159 127 154 127 185
83 135 79 135 155 139 148 139 135
84 154 79 154 155 157 149 157 198
87 152 80 151 157 155 151 155 136
87 158 81 158 157 161 151 161 164
85 171 79 171 155 173 149 173 113
90 173 82 172 159 175 154 175 102
87 204 78 203 155 205 148 204 157
90 239 76 238 157 239 143 238 130
96 261 65 261 159 261 131 261 61
92 81 85 81 163 89 155 87 28
93 125 87 125 163 129 158 129 151
95 129 89 130 165 133 159 133 146
91 156 86 156 161 159 155 159 108
94 162 88 162 163 165 157 165 217
96 158 89 157 165 161 159 161 171
93 166 87 166 163 169 157 169 213
95 183 89 183 165 185 159 185 120
91 200 86 199 161 201 153 201 229
96 216 88 216 165 217 156 217 241
95 247 77 246 161 247 143 245 124
100 264 73 264 163 265 139 264 61
93 77 87 77 167 85 159 83 12
101 110 97 111 171 115 166 115 145
97 114 92 114 167 119 162 119 279
99 125 94 125 169 129 164 129 139
101 120 96 120 171 125 166 125 195
97 123 92 123 167 127 162 127 159
99 133 91 133 171 139 167 139 214
102 156 95 156 171 159 164 159 119
100 200 92 199 169 201 161 200 162
98 204 90 203 167 205 158 204 224
101 220 92 220 169 221 160 220 270
103 261 75 261 167 261 143 260 44
111 302 76 301 167 303 131 302 40
114 305 75 304 167 307 129 306 44
118 330 73 329 171 333 137 333 21
106 115 101 115 175 119 171 119 364
108 119 102 119 177 123 171 123 232
108 137 99 141 177 141 171 141 186
106 145 100 145 175 149 169 149 178
106 147 100 147 175 151 169 151 161
106 154 100 153 175 157 169 156 154
106 162 100 163 175 165 169 165 153
108 164 103 164 177 167 172 167 132
104 176 98 176 173 179 167 178 150
108 194 103 193 177 195 171 195 195
108 202 98 201 175 203 166 202 227
113 239 101 238 175 239 164 238 144
117 270 90 270 177 271 153 270 46
120 313 79 312 173 315 134 314 49
121 318 78 317 177 319 136 318 37
115 109 108 109 183 115 177 113 132
113 122 106 123 181 127 175 127 161
110 125 103 125 179 129 173 129 411
111 129 108 129 179 133 173 133 237
110 160 104 160 179 163 173 163 212
115 158 109 158 183 161 177 161 222
115 175 108 174 183 177 177 177 111
115 179 109 179 183 181 177 181 99
113 183 107 184 183 187 177 187 188
116 212 101 211 181 213 168 211 229
118 210 103 208 183 211 170 209 204
123 251 112 250 183 251 175 251 118
120 277 93 275 179 277 152 276 48
128 311 84 311 181 313 139 312 42
122 93 115 94 189 99 183 99 217
119 108 113 108 187 113 181 113 142
119 114 113 115 187 119 181 119 229
120 127 115 127 187 131 182 131 136
121 150 116 149 189 153 183 153 147
117 152 112 152 185 155 180 155 195
120 163 113 162 187 165 181 165 143
117 166 111 166 185 169 179 169 168
119 168 113 168 187 171 181 171 98
117 170 110 171 185 173 179 173 82
122 172 116 172 189 175 183 175 86
119 175 113 175 187 177 181 177 101
119 183 113 183 187 185 181 185 105
117 194 111 193 185 195 179 195 165
119 189 113 189 187 191 181 190 124
123 214 108 213 187 215 173 214 187
123 220 108 220 187 221 173 221 316
121 231 107 230 185 231 170 230 108
121 239 107 238 185 239 171 238 123
122 258 109 258 185 259 178 258 62
127 263 110 262 189 263 170 263 52
123 98 116 99 191 103 185 103 311
128 106 122 106 195 111 189 111 178
124 104 118 104 191 109 185 109 147
123 118 118 119 191 123 185 123 276
128 121 122 121 195 125 189 125 90
126 121 119 121 193 125 187 125 94
128 166 122 167 195 169 189 169 128
128 187 122 187 195 189 189 189 239
128 192 122 191 195 193 189 193 207
130 106 124 105 197 111 191 111 186
134 111 128 111 201 117 195 116 128
130 117 124 117 197 121 191 121 156
130 133 125 133 197 137 192 137 193
132 140 127 140 199 143 193 145 155
132 147 127 148 199 151 193 149 178
135 155 129 155 201 157 195 157 193
130 175 124 175 197 177 191 177 172
134 226 119 226 197 227 182 226 162
139 135 133 135 205 139 199 139 102
139 152 133 152 205 155 199 155 141
141 156 134 157 207 159 201 159 119
141 152 135 152 207 155 201 155 113
141 161 135 162 207 165 201 164 115
139 169 133 168 205 171 199 171 104
137 179 131 179 203 181 197 181 71
137 187 131 187 203 189 197 189 200
143 207 127 207 205 209 190 207 257
141 209 125 209 203 211 188 209 261
143 230 127 230 205 231 191 230 240
151 300 117 298 205 301 171 300 35
152 311 115 309 205 313 166 312 48
145 105 139 105 211 109 205 108 78
145 115 139 114 211 119 205 119 263
147 119 142 119 213 123 207 123 87
145 121 139 121 211 125 205 125 82
145 152 139 152 211 155 205 155 112
143 167 137 166 209 169 203 169 185
143 190 137 189 209 191 203 190 195
146 196 138 195 211 197 204 196 305
152 220 137 219 213 221 198 220 137
142 236 127 235 209 235 191 236 225
145 263 127 263 211 263 181 261 60
153 76 149 74 219 81 213 81 135
151 85 145 84 217 87 211 87 79
149 92 143 92 215 95 209 95 79
151 101 145 101 217 105 211 105 144
149 103 143 103 215 107 209 107 84
153 108 147 109 219 111 213 111 78
151 162 145 161 217 165 211 165 147
151 159 145 159 217 163 211 163 115
152 169 146 169 217 171 211 171 260
152 175 145 175 217 177 211 177 246
156 265 135 263 219 265 197 265 30
164 311 125 310 217 313 177 312 31
170 335 134 335 219 339 187 337 52
156 79 150 79 221 85 215 85 142
158 77 153 76 223 83 217 83 123
161 81 155 82 225 89 219 90 120
158 160 151 159 223 163 216 162 119
155 157 149 157 221 161 213 159 169
159 187 151 187 223 189 216 188 110
161 226 143 226 221 227 206 226 134
160 238 141 239 221 239 206 238 257
173 296 142 295 223 297 191 295 19
170 310 133 309 223 313 183 312 29
164 63 158 63 229 69 223 69 35
164 71 159 72 229 77 224 78 68
166 121 159 120 229 125 225 125 80
163 128 158 129 229 131 223 131 57
165 169 159 168 229 171 223 171 115
165 177 158 176 229 179 223 179 222
164 185 156 185 227 187 218 188 165
165 189 157 189 229 191 219 190 174
165 240 151 240 227 241 211 240 238
170 247 153 246 229 247 214 247 177
165 257 151 255 227 257 201 257 96
173 57 169 55 237 63 230 61 38
173 63 167 63 237 69 232 69 72
168 67 163 68 233 73 227 73 62
171 111 164 111 235 115 229 115 189
172 179 163 178 235 181 225 180 340
172 214 157 213 233 215 218 214 160
174 220 158 220 233 223 218 222 154
173 230 158 230 233 231 218 230 283
179 241 161 240 237 241 222 241 185
177 252 163 252 237 253 219 252 110
174 53 166 53 239 59 231 59 26
174 53 167 53 241 59 231 59 20
177 60 171 61 241 65 235 67 38
180 102 173 103 243 107 237 107 113
177 111 171 111 241 115 235 115 274
175 113 169 113 239 117 233 117 272
179 212 163 211 239 213 224 212 140
183 246 167 246 243 247 227 247 162
191 343 155 341 239 347 203 347 22
182 94 176 93 245 99 239 99 125
186 96 181 96 249 101 244 100 90
184 107 178 107 247 111 241 111 121
186 169 180 169 249 171 241 171 48
183 163 177 163 247 167 239 165 39
182 181 175 181 245 183 238 183 153
184 191 177 190 247 193 240 192 210
190 227 174 227 249 227 234 227 93
190 236 174 236 249 237 234 236 149
193 125 187 125 253 129 247 129 117
195 216 184 215 255 217 244 216 85
195 224 183 224 255 225 242 224 88
191 220 179 220 251 221 240 221 171
192 231 176 230 251 231 236 231 208
197 132 190 131 259 135 252 135 112
197 169 190 168 259 171 252 171 85
199 171 192 171 261 173 254 173 117
195 175 187 177 257 177 250 175 76
197 190 189 189 259 191 252 191 175
196 218 186 218 257 219 246 219 72
199 214 187 213 259 215 248 215 60
201 216 188 214 261 217 250 217 34
195 226 185 226 257 227 245 227 101
204 246 185 245 261 247 241 246 141
203 109 195 110 263 115 257 114 145
203 109 199 107 265 113 258 113 116
200 118 196 116 263 121 257 120 124
204 116 198 115 267 119 261 118 115
208 121 202 121 267 125 260 125 182
204 132 197 131 265 135 259 135 136
204 146 197 146 265 149 258 149 167
204 169 197 169 265 171 258 171 173
206 175 199 175 267 175 260 174 140
201 179 195 181 263 183 256 183 151
201 191 192 191 263 193 255 192 231
213 255 194 255 267 255 248 255 194
207 264 184 263 263 265 240 264 63
213 59 206 59 273 65 267 65 46
212 68 207 68 273 73 268 73 83
207 70 201 70 269 75 263 75 85
210 72 204 72 271 77 265 77 76
205 74 200 75 269 81 262 80 65
212 97 206 97 273 101 266 101 91
212 107 205 108 273 111 266 111 128
208 120 202 120 271 123 264 123 198
212 169 205 169 273 171 266 171 118
212 179 205 179 273 181 266 180 128
210 222 197 222 269 223 257 223 81
215 57 209 57 275 63 267 61 61
214 61 208 61 275 67 269 67 80
216 59 212 59 279 65 274 65 33
218 66 213 66 279 71 274 71 67
214 70 208 70 275 75 270 75 86
214 76 208 77 275 81 270 81 74
219 105 211 105 279 109 272 109 123
216 131 209 135 277 135 269 133 93
219 167 211 166 279 169 272 168 105
215 191 206 191 275 193 265 193 128
217 197 208 195 279 197 266 198 100
227 308 189 307 277 311 241 310 22
221 99 214 99 281 103 274 103 124
221 105 214 106 281 109 274 109 110
221 130 213 130 281 133 274 133 106
226 131 219 132 285 135 278 135 68
226 167 218 166 285 169 278 168 53
224 167 217 166 283 169 276 168 65
221 171 213 171 281 173 274 173 153
224 175 217 175 283 177 276 177 101
226 212 193 212 283 215 253 213 121
232 248 203 247 285 249 256 249 282
228 250 200 249 281 251 252 251 193
232 257 203 257 285 259 256 259 114
230 275 201 274 283 277 255 276 52
236 302 198 301 285 305 247 303 22
231 93 224 93 291 97 284 97 157
231 120 223 120 291 123 282 123 185
227 118 218 118 287 121 279 121 132
227 135 220 135 287 141 280 140 85
229 203 216 203 287 205 275 205 216
236 261 207 260 289 263 260 262 81
238 315 203 315 287 319 247 321 27
241 347 208 346 287 353 252 352 26
237 89 230 89 297 93 289 93 122
236 84 229 84 295 89 289 88 156
234 101 226 101 293 105 286 105 178
235 110 227 110 295 113 287 113 111
238 122 229 122 297 125 288 125 196
237 191 226 191 295 193 284 192 181
238 187 227 188 297 191 285 191 130
242 249 214 249 295 251 266 251 224
243 276 216 277 297 279 270 280 232
244 284 211 284 293 287 265 285 125
242 86 239 83 303 89 296 89 160
240 95 233 95 299 99 292 99 269
244 91 236 91 303 95 296 95 170
245 96 237 97 303 101 296 101 304
244 122 236 122 303 125 294 125 279
245 142 236 143 303 145 294 146 159
244 165 236 164 303 167 294 167 150
242 169 233 169 301 173 292 171 157
242 183 233 179 301 183 287 185 253
244 193 232 193 301 195 291 194 195
243 199 232 199 301 201 290 201 266
246 247 219 247 299 249 271 249 269
247 259 219 259 299 261 270 261 268
252 279 223 279 303 281 273 281 312
248 87 241 87 307 91 300 91 221
247 95 239 97 307 97 300 97 428
248 102 239 103 305 107 297 107 124
246 124 238 124 305 127 296 127 170
249 138 240 138 307 141 298 139 270
251 143 242 142 309 145 300 145 142
245 163 235 163 305 165 295 165 114
251 165 243 165 309 167 301 167 161
253 230 225 232 305 233 277 233 368
253 239 223 239 305 241 275 241 403
257 250 227 250 309 251 277 251 331
254 275 222 274 305 277 274 277 272
260 72 249 75 315 79 308 79 246
254 88 247 88 313 91 306 91 126
257 118 248 118 315 121 306 121 333
257 141 248 141 315 143 306 143 274
257 163 248 162 315 165 306 165 182
260 174 251 174 315 177 308 176 462
262 253 229 251 313 255 279 254 399
260 265 227 263 311 267 277 267 173
264 269 230 268 315 271 281 271 143
268 350 225 349 315 355 269 356 40
264 118 254 118 321 121 312 121 228
264 126 255 125 321 129 312 129 232
264 141 255 141 321 143 312 143 197
264 163 255 162 321 165 312 165 153
262 165 252 165 319 167 310 167 163
269 209 237 209 319 211 289 211 400
270 215 238 215 321 217 289 217 199
266 249 232 248 317 251 282 250 325
266 257 232 256 317 259 282 259 346
268 264 234 264 319 267 285 267 145
266 262 232 262 317 265 282 265 273
271 304 235 303 321 307 282 307 68
271 309 235 309 321 313 283 312 44
268 104 258 104 325 107 315 107 182
270 139 260 139 327 141 317 141 140
266 169 257 167 323 171 313 169 346
275 209 242 209 325 211 293 211 409
274 231 241 231 325 233 291 233 228
274 233 241 232 325 235 291 234 189
274 239 239 240 325 241 290 241 219
272 247 238 246 323 249 288 248 264
277 253 242 252 327 255 292 254 299
273 257 238 256 323 259 289 259 176
272 262 238 262 323 265 288 265 186
277 302 241 301 327 305 290 304 45
277 56 270 56 333 61 328 60 126
272 81 263 81 329 85 321 85 208
275 106 264 106 331 109 321 109 178
277 110 266 110 333 113 323 113 299
272 112 262 112 329 115 319 115 267
274 117 264 117 331 119 321 120 159
272 137 262 137 329 139 319 139 218
277 139 267 139 333 141 324 141 125
277 163 267 163 333 165 323 165 270
272 161 262 161 329 163 319 163 158
273 172 257 173 329 175 315 175 361
272 171 262 171 329 173 321 175 303
273 181 259 181 329 183 311 183 299
278 229 244 227 329 231 295 229 168
281 241 246 240 331 243 296 242 191
279 237 244 236 329 239 294 238 189
279 284 245 284 329 287 294 287 64
281 60 272 61 337 65 330 65 182
281 102 270 102 337 105 327 105 126
279 120 269 120 335 123 325 125 127
281 118 271 118 337 121 327 121 139
283 124 273 125 339 127 329 127 103
279 131 269 133 335 135 325 136 106
278 141 268 141 335 143 325 143 99
277 159 267 157 335 161 323 159 102
279 161 269 161 335 163 325 163 205
280 193 266 193 335 195 321 194 109
287 213 254 213 337 215 303 215 118
285 245 250 244 335 247 299 246 115
287 276 247 276 337 279 298 279 41
285 284 250 283 335 287 299 286 31
289 324 246 324 337 329 293 328 29
287 75 277 75 343 79 333 79 145
287 87 277 88 343 91 334 91 88
287 100 277 100 343 103 333 103 108
285 106 275 106 341 109 331 109 251
287 118 277 119 343 121 333 121 109
290 173 277 172 345 175 332 174 135
287 203 259 203 341 205 305 205 139
291 244 256 245 341 247 305 245 101
292 249 255 247 341 251 305 250 83
291 255 256 254 341 257 306 257 55
292 320 249 320 341 325 298 325 18
293 51 286 51 349 57 342 55 85
294 69 284 69 349 73 339 73 193
291 73 281 73 347 77 337 77 328
291 84 281 84 347 87 337 87 112
293 81 284 82 349 85 339 85 191
294 92 284 92 347 97 338 96 141
297 136 287 136 351 139 342 138 60
294 133 285 134 349 137 339 136 57
294 144 283 145 349 147 339 148 75
292 169 279 169 347 171 334 171 129
297 165 284 165 351 167 338 167 165
293 196 276 196 347 197 330 197 162
295 201 265 201 349 203 315 204 193
297 232 263 233 347 235 311 234 50
297 304 261 303 347 307 310 307 49
298 307 260 307 347 311 310 310 47
297 54 290 53 353 59 346 57 88
304 67 295 67 357 71 348 71 220
297 73 288 74 353 77 343 77 160
299 145 289 145 355 147 342 146 43
298 149 287 148 353 151 342 151 72
298 159 290 159 355 161 344 161 89
302 169 289 169 357 171 344 171 108
303 175 289 175 357 177 344 177 86
305 205 271 205 355 207 321 207 213
305 203 273 204 357 205 326 205 201
307 209 274 209 357 211 325 211 173
301 221 265 223 355 223 320 225 80
307 241 273 240 357 243 321 243 29
305 245 273 246 355 249 319 248 56
309 253 272 254 357 257 320 257 29
309 260 272 260 357 263 321 263 27
309 302 274 301 357 305 321 304 169
305 153 296 155 361 157 351 156 77
303 152 293 152 359 155 349 155 122
308 159 298 159 363 161 352 161 92
304 163 293 163 359 165 347 165 100
305 167 291 167 359 169 346 169 107
304 175 291 175 359 177 346 177 123
306 183 294 184 361 185 349 186 84
311 224 281 222 363 225 333 225 65
312 242 277 242 361 245 326 245 54
313 250 279 250 363 253 328 253 155
313 258 277 258 361 261 327 260 70
310 321 268 320 359 325 315 325 37
311 326 268 325 359 331 317 331 19
314 65 300 66 367 69 353 70 203
310 78 299 78 365 81 355 80 157
313 95 299 94 367 97 354 96 73
313 150 301 152 367 153 356 154 76
312 161 302 161 367 163 356 163 110
310 167 297 167 365 169 353 169 157
315 205 284 205 365 207 336 207 297
317 216 283 217 365 219 334 220 202
317 219 285 219 367 221 336 221 58
320 245 285 244 369 247 334 246 85
318 278 282 278 367 281 331 281 140
319 140 307 139 373 141 362 142 168
321 163 309 163 375 165 364 164 145
319 175 307 175 373 177 361 177 275
317 180 303 179 371 181 357 181 100
326 235 291 234 375 237 341 237 92
323 272 285 272 373 275 335 275 97
323 280 285 280 375 283 341 282 82
324 303 288 303 373 307 337 306 204
325 311 289 310 375 315 337 314 129
324 307 288 306 373 311 335 310 115
327 101 314 97 381 101 369 102 250
323 161 312 160 377 163 366 162 122
328 165 313 165 381 167 367 167 288
323 175 312 176 377 177 365 177 152
332 229 300 228 381 231 346 231 90
330 233 296 232 379 235 345 235 99
328 244 294 244 377 247 342 247 117
332 245 298 244 381 247 347 247 194
330 274 296 274 379 277 344 277 124
330 280 297 279 379 283 341 283 112
332 309 295 308 381 313 344 312 176
332 322 290 321 381 327 336 327 51
327 327 287 327 377 333 332 332 21
331 155 319 155 385 157 372 157 389
329 153 316 153 383 155 370 155 279
329 171 316 171 383 173 370 173 275
329 175 317 176 383 177 370 176 306
336 260 301 260 385 263 351 262 60
338 274 303 274 387 277 353 276 87
337 325 294 325 385 331 343 330 36
340 45 330 45 393 49 381 50 206
340 174 325 173 393 175 377 175 463
338 179 325 177 391 181 377 181 386
338 191 323 191 391 193 376 193 306
336 198 320 198 389 199 373 199 301
338 222 310 222 389 225 360 224 134
342 256 308 256 391 259 357 259 98
343 270 310 269 391 273 358 272 100
343 278 308 278 393 281 358 281 90
340 288 305 287 389 291 355 290 135
341 290 308 289 391 293 357 292 136
343 299 307 298 393 303 356 302 159
342 305 307 305 391 309 354 308 148
344 307 307 306 393 311 356 310 113
341 328 297 327 389 333 345 332 28
345 351 291 350 391 359 336 358 19
347 21 332 22 399 25 386 25 95
344 28 331 29 397 31 385 31 136
344 49 332 50 397 53 386 53 130
344 56 332 56 397 59 385 59 144
346 136 326 136 399 137 377 137 364
347 163 333 163 399 165 384 165 514
348 241 314 240 397 243 363 243 352
350 270 316 270 399 273 365 273 104
348 272 314 272 397 275 363 274 81
350 289 316 289 399 293 366 292 119
348 295 313 295 397 299 361 298 187
346 301 311 301 395 305 358 304 123
348 320 303 319 397 325 351 324 51
350 342 301 343 397 351 346 350 22
347 348 296 347 397 357 340 356 25
351 352 296 352 397 361 341 360 25
348 26 335 26 401 29 389 29 167
350 30 338 30 403 33 391 33 228
352 34 340 34 405 37 393 37 202
348 45 336 47 401 49 389 50 121
347 65 330 66 401 67 383 69 292
349 63 336 63 403 65 389 65 199
349 131 332 130 405 131 383 132 248
352 152 330 150 403 153 381 152 615
351 171 334 169 401 173 385 172 478
349 179 329 177 401 181 386 180 428
351 222 320 222 401 225 368 223 166
356 235 322 234 405 237 371 237 143
354 241 320 240 403 243 369 243 206
353 268 319 268 403 271 370 270 79
356 272 323 271 405 275 371 275 61
353 314 319 315 403 319 365 319 50
358 78 339 80 409 81 393 82 415
358 86 336 87 409 87 389 89 453
358 98 334 97 409 99 386 99 265
358 108 334 107 409 109 385 110 184
360 146 336 147 411 147 388 149 412
356 149 333 151 407 151 384 151 556
355 165 334 167 407 167 385 169 348
355 203 337 204 407 205 389 204 202
359 227 328 226 409 229 377 229 205
357 237 325 236 407 239 373 239 240
360 264 328 263 409 267 375 267 56
358 276 328 275 409 279 377 278 52
363 293 328 293 411 297 376 297 90
358 301 322 300 407 305 371 304 117
363 332 317 331 409 339 368 338 27
366 86 344 85 417 87 395 86 254
364 94 342 94 415 95 393 95 244
364 130 341 130 415 131 391 131 52
366 144 343 144 417 145 393 145 77
366 162 343 161 417 163 393 163 112
367 254 333 254 417 257 383 256 45
365 256 331 256 415 259 380 259 32
365 261 332 261 413 265 381 264 40
364 286 335 285 415 289 380 289 106
365 291 332 291 415 295 380 294 120
368 295 333 295 417 299 381 299 159
368 305 331 304 417 309 379 309 123
367 49 346 50 419 51 397 49 430
371 117 349 115 423 117 400 117 27
368 132 345 131 419 133 395 133 24
370 174 347 173 421 175 397 175 86
373 173 349 173 423 175 399 175 65
371 226 347 228 421 229 398 229 161
372 238 338 238 421 241 387 241 102
369 241 337 240 419 243 387 242 83
370 246 337 246 419 249 385 249 72
374 242 341 242 423 245 390 245 66
371 246 339 246 421 249 388 249 63
371 274 340 274 421 277 389 277 43
373 272 342 271 423 275 391 274 45
371 291 339 291 421 295 386 294 104
375 303 343 303 423 307 388 307 137
373 312 334 312 421 317 382 317 108
372 348 327 347 419 359 373 359 24
374 78 352 78 425 79 403 79 150
378 76 355 76 429 77 406 77 77
374 108 351 108 425 109 402 109 21
374 115 351 114 425 115 401 116 32
379 120 355 120 429 121 405 121 20
376 124 353 124 427 125 404 126 41
375 144 351 143 425 145 401 144 20
376 153 353 154 427 155 403 155 30
378 164 354 163 429 165 405 165 17
378 183 355 183 429 185 405 185 19
379 189 355 189 429 191 406 190 31
378 223 355 223 429 225 405 224 61
376 266 344 265 425 269 392 269 38
380 288 345 287 427 291 391 290 110
379 293 345 293 429 297 394 297 177
378 299 342 298 427 303 391 303 128
380 308 341 307 429 313 390 313 93
376 314 338 313 425 319 385 318 89
377 318 336 317 425 323 385 323 75
384 33 363 34 435 33 414 34 279
384 44 361 44 435 45 412 45 216
380 80 357 80 431 81 408 81 52
382 101 359 102 433 103 410 103 20
384 110 361 110 435 111 412 110 19
380 109 357 110 431 111 408 111 24
383 113 359 112 433 113 409 112 21
382 143 358 143 433 143 409 143 23
380 162 356 161 431 163 407 163 18
382 166 358 165 433 167 409 167 16
383 181 359 181 433 183 409 183 23
380 179 357 177 431 179 407 179 20
384 184 361 183 435 185 411 185 36
382 199 359 199 433 201 409 200 39
381 206 357 206 431 209 408 208 31
381 215 357 215 431 217 408 216 43
382 225 358 225 433 227 409 227 16
380 243 357 242 431 245 407 245 31
382 310 344 310 431 315 392 315 147
383 315 343 315 431 321 390 320 73
387 317 347 317 435 323 394 322 52
385 329 341 328 433 335 388 334 38
381 338 337 337 431 345 388 345 25
389 77 363 79 437 79 414 79 31
390 92 367 92 441 93 418 93 39
386 102 363 101 437 103 413 105 25
388 112 365 112 439 113 416 113 18
387 134 363 134 437 135 412 135 36
389 136 365 136 439 137 415 137 24
388 167 364 167 439 169 414 169 16
390 185 366 185 441 187 416 186 13
386 194 363 193 437 195 413 194 17
390 212 367 212 441 213 417 214 15
386 222 362 222 437 225 413 225 15
389 231 364 231 439 233 415 233 10
391 239 366 239 441 241 416 241 23
386 241 362 240 437 243 413 242 13
390 285 359 284 441 289 409 289 124
388 289 355 289 437 293 405 293 154
390 293 354 293 439 297 403 297 221
396 56 374 54 447 57 425 55 75
392 58 370 59 443 59 421 59 46
395 76 373 76 445 77 423 77 61
393 107 370 107 443 109 420 109 34
396 114 372 114 447 115 424 115 40
393 145 369 145 443 147 418 147 19
397 150 372 150 447 151 422 151 42
393 162 369 161 443 163 419 163 41
398 159 374 159 447 161 422 161 20
397 166 373 166 447 167 422 167 40
394 170 370 169 445 171 420 171 14
395 175 370 175 445 177 420 177 12
396 199 371 198 447 201 422 200 14
394 197 370 197 445 199 420 199 27
397 209 372 209 447 211 422 211 26
395 225 370 225 445 227 420 227 16
393 241 368 241 443 243 418 243 22
391 255 369 254 443 257 418 256 16
394 271 368 270 445 273 416 273 10
393 267 369 266 447 269 421 268 18
394 297 358 297 443 301 406 302 174
400 316 358 315 447 321 406 321 92
395 314 354 313 443 319 402 318 83
395 319 354 319 443 325 401 325 45
395 325 353 324 443 331 399 330 48
400 43 379 43 451 43 429 43 43
400 47 378 47 451 47 428 47 49
403 56 380 55 453 57 429 57 85
401 63 378 63 451 63 428 63 53
402 74 379 73 453 75 430 74 106
403 80 385 79 453 81 436 80 229
403 130 379 130 453 131 429 131 46
403 137 378 137 453 139 428 138 20
401 136 376 136 451 137 426 137 46
401 150 376 150 451 151 426 151 21
398 154 374 155 449 157 424 156 13
401 175 377 175 451 177 426 177 36
401 191 376 191 451 193 426 193 24
398 205 374 205 449 207 424 207 20
403 207 378 207 453 209 428 209 18
399 217 374 219 449 221 424 220 20
403 225 378 225 453 227 428 227 18
398 242 374 241 449 245 424 245 13
401 245 375 244 451 247 425 246 17
405 289 367 289 453 293 420 292 124
402 309 362 309 451 315 405 313 138
402 323 361 322 451 329 408 328 64
403 327 360 326 451 333 407 333 86
400 330 359 330 449 337 405 337 69
409 39 386 39 459 39 436 39 41
404 65 382 65 455 65 433 65 100
409 68 388 68 459 69 438 68 64
407 70 386 70 457 71 436 70 93
407 90 384 90 457 91 434 91 72
405 94 383 94 455 95 433 95 124
406 106 384 106 457 107 433 106 115
407 112 385 112 457 113 435 113 84
405 126 381 125 455 127 431 126 40
407 136 382 136 457 137 432 137 32
409 146 384 146 459 147 435 147 19
409 152 384 151 459 153 434 153 22
409 163 384 163 459 165 434 165 23
409 182 383 182 459 183 434 182 36
407 221 382 221 457 223 432 223 20
405 227 380 227 455 229 430 229 14
409 239 383 239 459 241 433 241 11
409 243 383 243 459 245 434 244 23
413 273 377 273 459 277 429 275 16
408 299 373 298 457 303 422 302 126
410 299 375 298 459 303 423 303 126
409 295 376 294 459 299 425 298 287
411 302 373 302 459 307 421 307 132
406 317 365 317 455 323 412 322 80
413 52 391 51 463 53 442 54 98
415 56 397 57 465 57 447 58 95
413 65 389 64 463 65 439 64 58
411 73 388 73 463 73 441 73 146
413 70 392 70 463 71 442 71 61
414 85 394 84 465 85 444 84 167
410 94 388 94 461 95 439 95 146
410 119 387 120 461 121 437 121 38
411 133 387 132 461 133 437 133 37
413 150 388 150 463 151 438 152 22
415 154 390 153 465 155 440 155 18
411 165 386 166 461 167 436 167 25
411 188 385 187 461 189 436 188 13
415 190 389 190 465 191 439 191 9
413 193 387 193 463 195 437 194 11
411 200 386 199 461 201 436 200 12
415 205 389 206 465 207 439 207 12
415 211 390 211 465 213 439 212 17
415 209 390 209 465 211 439 210 11
415 221 390 220 465 223 439 224 13
411 233 386 232 461 235 436 234 10
415 236 390 236 465 239 439 239 10
413 240 388 240 463 243 437 242 13
415 317 373 316 463 323 420 322 107
414 322 372 322 463 329 419 329 100
421 22 398 22 471 21 448 21 41
416 23 393 24 467 25 444 25 38
420 47 397 47 471 47 448 47 94
421 67 402 68 471 67 450 67 52
417 82 396 82 467 83 446 82 162
416 88 396 87 467 89 446 87 171
417 128 392 128 467 129 442 128 17
419 130 395 130 469 131 445 131 29
417 136 392 136 467 137 443 137 19
421 190 395 189 471 191 445 190 15
419 207 394 206 469 209 443 209 9
419 217 393 217 469 219 443 218 10
421 215 395 215 471 217 444 216 14
421 231 395 231 471 233 446 232 12
418 297 383 296 467 301 431 301 138
419 300 383 300 469 305 432 305 306
424 315 385 314 471 321 429 320 108
422 337 377 337 471 345 422 344 48
427 41 401 43 477 41 451 43 55
426 58 405 55 477 57 456 55 74
422 82 402 83 473 83 451 82 158
425 112 402 112 475 113 452 113 105
427 132 401 132 477 133 452 133 20
423 160 398 160 473 161 448 160 24
425 164 400 163 475 165 450 165 16
427 167 402 168 477 169 449 169 26
425 181 400 181 475 183 449 183 13
423 191 397 191 473 193 447 193 10
423 198 397 198 473 199 447 199 14
423 209 397 209 473 211 447 211 13
425 235 400 235 475 237 450 237 11
423 244 397 244 473 247 446 247 14
427 248 400 249 477 251 450 251 21
428 296 393 296 477 301 441 301 109
426 306 388 305 475 311 436 311 133
427 319 382 318 473 325 431 325 95
429 329 385 329 477 337 431 336 129
425 333 379 333 473 341 426 340 50
428 335 383 335 477 343 430 343 49
432 23 410 23 483 23 461 23 93
429 27 405 27 479 27 455 27 58
431 44 407 44 481 43 457 44 34
432 55 410 53 483 55 460 53 85
429 126 406 125 479 127 460 126 44
431 127 404 128 481 129 457 127 26
429 144 404 144 479 145 454 145 21
429 150 404 149 479 151 454 150 15
429 165 404 166 479 167 453 167 17
433 189 407 189 483 191 457 191 11
429 198 403 198 479 199 453 199 15
433 203 407 203 483 205 457 205 11
429 211 403 211 479 213 453 213 24
429 207 403 207 479 209 453 209 13
433 215 408 215 483 217 457 217 27
432 223 405 223 481 225 455 225 14
428 226 403 227 479 229 452 227 30
433 236 407 235 483 239 457 237 33
432 245 407 244 483 247 457 247 25
429 253 402 253 479 255 452 254 21
430 296 394 296 479 301 443 301 124
432 332 387 331 481 339 434 339 77
435 40 411 40 485 39 461 39 35
439 43 415 43 489 43 464 43 28
435 108 418 109 485 109 467 109 206
439 113 420 115 489 113 463 115 179
435 123 411 122 485 123 461 123 37
437 126 412 126 487 127 462 127 27
435 155 410 154 485 155 460 155 25
437 161 411 160 487 163 461 161 37
435 176 410 176 485 177 460 177 24
439 205 413 205 489 207 463 207 12
435 207 409 207 485 209 459 208 20
439 219 412 218 489 221 461 220 19
440 227 413 228 489 231 463 230 16
435 227 409 227 485 229 459 228 16
435 235 409 233 485 237 458 236 16
437 240 409 240 485 243 459 243 44
435 264 408 264 485 267 457 268 25
440 296 403 296 489 301 452 301 157
440 300 402 300 489 305 451 305 106
439 327 395 327 489 335 441 334 136
439 339 392 339 487 347 438 347 54
441 63 422 62 491 63 473 63 121
443 81 417 81 493 81 469 83 175
445 87 423 88 495 87 473 88 160
441 124 416 123 491 125 466 124 38
445 138 420 138 495 139 470 139 37
441 140 416 140 491 141 466 141 43
443 154 417 154 493 155 467 155 14
445 164 419 167 495 165 469 165 41
443 168 417 168 493 169 468 168 29
443 187 418 186 493 189 467 188 33
444 193 417 192 493 195 466 193 14
445 211 419 211 495 213 469 212 12
443 223 417 223 493 225 467 225 20
445 245 418 244 495 247 467 247 15
441 242 414 242 491 245 463 245 36
445 304 410 303 495 309 455 309 120
442 335 396 334 491 343 443 343 51
444 346 394 345 493 355 441 354 49
446 346 397 345 495 355 443 355 53
447 50 423 50 497 49 475 48 56
447 92 426 92 497 93 475 92 195
451 132 426 133 501 133 476 134 37
447 141 421 140 497 141 471 141 15
449 136 424 136 499 137 474 137 27
449 147 423 146 499 147 473 147 17
447 154 421 153 497 155 471 154 16
449 168 423 168 499 169 473 170 29
451 171 430 172 501 173 479 175 60
447 195 421 195 497 197 471 196 28
451 231 425 230 501 233 474 232 18
446 278 415 275 497 281 465 281 16
447 281 411 280 497 285 466 285 20
448 308 410 307 499 313 459 313 117
448 315 409 314 499 321 457 320 168
450 331 404 331 499 339 451 339 65
454 52 432 49 505 51 481 51 119
457 133 431 133 507 133 481 133 35
455 186 429 185 505 187 479 186 22
458 285 424 285 507 289 473 289 37
455 287 418 289 505 293 471 291 38
454 311 415 312 505 319 465 317 75
456 346 406 345 505 355 453 354 41
459 37 437 38 509 37 488 36 193
461 35 437 37 511 35 488 36 198
463 41 441 41 513 41 493 40 217
459 54 439 53 509 53 487 53 95
463 85 445 85 513 85 495 85 142
463 114 438 115 513 115 487 115 47
461 122 436 122 511 123 486 123 58
460 142 435 142 511 143 485 143 50
461 154 435 154 511 155 485 153 32
459 189 433 189 509 191 482 191 18
461 191 434 191 511 193 484 193 18
463 199 436 199 513 201 486 201 18
461 197 434 198 511 199 484 199 30
463 207 437 207 513 209 486 209 25
463 213 436 212 513 215 486 215 10
461 215 435 215 511 217 484 216 22
463 252 434 251 513 255 484 255 16
461 248 433 248 511 251 482 251 15
463 262 434 262 513 265 484 264 19
463 268 435 266 513 271 484 270 22
461 277 429 276 511 281 480 280 18
459 315 418 314 509 321 466 321 80
463 327 418 327 513 335 465 335 73
463 341 415 340 513 349 462 350 71
469 34 447 36 519 33 497 33 224
467 49 448 51 517 49 497 50 135
467 61 447 61 517 61 493 62 75
469 119 444 118 519 119 494 118 36
469 132 444 132 519 133 493 133 26
465 136 439 135 515 137 488 137 33
465 168 439 168 515 169 488 168 56
469 184 443 184 519 185 492 185 29
465 197 438 196 515 199 488 198 19
465 203 439 203 515 205 489 205 18
465 207 439 207 515 209 488 209 13
465 221 438 220 515 223 488 223 12
467 223 441 223 517 225 491 225 13
469 236 438 235 519 239 488 237 37
467 257 439 257 519 261 488 260 15
467 270 438 269 517 273 487 273 16
465 273 436 273 515 277 485 277 23
467 296 431 296 517 301 479 301 133
467 302 431 301 517 307 479 307 123
464 307 427 306 515 313 475 313 59
469 327 424 327 519 335 471 334 54
469 343 420 343 519 353 467 353 61
475 35 453 32 525 33 504 32 110
473 119 448 118 523 119 498 119 53
471 123 446 123 521 123 495 123 23
473 136 448 136 523 137 498 137 20
475 150 449 149 525 151 499 149 56
475 152 449 153 525 153 499 154 38
471 154 444 155 521 155 496 156 45
475 159 449 158 525 159 499 161 42
471 187 445 187 521 189 494 189 39
475 184 448 183 525 185 497 184 34
475 234 449 234 525 237 498 237 33
473 238 444 238 523 241 494 241 30
471 254 442 254 521 257 491 257 18
475 263 446 263 525 267 495 267 16
471 294 435 294 523 299 485 299 108
470 303 434 303 521 309 484 309 93
477 30 457 29 527 29 506 29 125
480 58 458 59 531 57 507 57 120
481 87 466 86 531 87 513 89 102
481 91 468 91 531 91 518 91 83
481 121 455 121 531 121 505 121 36
481 131 455 130 531 131 505 131 19
478 145 453 146 529 147 503 147 49
481 162 455 162 531 163 505 163 40
479 186 451 184 529 187 503 187 38
477 238 448 239 527 241 498 241 28
481 257 451 257 531 261 500 261 19
481 263 451 263 531 267 501 267 16
479 267 449 267 529 271 499 270 14
476 275 448 275 527 279 499 279 15
478 288 445 287 529 293 495 293 77
477 296 440 296 527 301 490 301 152
477 318 434 318 527 325 483 324 30
479 323 435 323 529 331 483 331 43
481 341 431 341 531 351 478 351 49
479 339 429 339 529 349 476 348 52
481 347 431 346 531 357 478 357 38
477 345 427 345 527 355 475 355 65
485 18 459 18 535 17 510 17 90
487 26 467 25 537 25 517 24 98
483 28 461 27 533 27 510 27 96
485 46 465 46 535 45 514 43 141
487 42 468 43 537 41 518 41 188
487 56 467 54 537 55 517 53 251
485 101 460 101 535 101 510 101 63
485 107 460 107 535 107 510 107 50
487 152 461 152 537 153 511 153 40
483 195 455 193 533 197 505 198 46
485 205 458 205 535 207 508 207 24
487 201 460 201 537 203 510 203 26
482 210 456 209 533 211 506 211 21
482 220 456 220 533 223 507 222 14
483 250 453 250 533 253 503 253 24
483 271 452 271 533 275 502 273 21
486 277 456 277 537 281 506 281 13
488 325 441 325 537 333 490 333 45
484 332 437 332 535 341 486 341 74
485 343 435 343 535 353 482 353 51
491 38 473 37 541 37 522 37 112
493 92 479 90 543 91 529 89 280
488 103 464 103 539 103 514 103 51
491 106 466 105 541 107 515 107 47
493 117 467 117 543 117 517 117 31
493 131 468 130 543 131 517 131 30
489 142 465 144 539 143 515 143 42
493 158 467 158 543 159 517 159 18
491 162 465 163 541 163 514 163 17
489 162 463 163 539 163 513 163 25
488 175 461 177 539 175 512 175 51
490 199 464 199 541 201 514 200 35
488 203 462 202 539 205 512 205 23
489 209 463 207 539 211 512 210 23
491 213 464 213 541 215 514 215 18
489 220 463 220 539 223 512 224 14
488 227 462 227 539 229 513 228 13
490 269 460 269 541 273 510 273 21
488 270 458 270 539 275 508 275 20
490 301 454 301 541 307 508 308 94
489 318 447 318 539 325 495 325 67
491 343 439 342 541 353 487 352 73
497 113 471 112 547 113 521 113 24
496 119 471 119 547 119 521 119 15
495 189 471 190 545 191 521 192 169
498 201 472 201 549 203 522 203 55
496 213 470 213 547 215 520 215 20
495 221 468 220 545 223 520 224 12
497 219 471 219 547 221 521 221 14
499 255 469 253 549 257 519 258 51
495 260 464 259 545 263 514 264 29
496 275 465 275 547 279 515 279 19
495 273 464 272 545 277 514 276 20
494 279 463 278 545 283 513 283 24
497 292 465 291 549 297 514 296 28
493 297 458 297 545 303 507 303 93
498 332 451 332 549 341 499 341 93
494 345 443 344 545 355 491 354 59
496 352 448 353 547 363 492 363 99
500 34 486 31 551 33 534 31 452
505 38 485 38 555 37 536 37 195
500 41 481 41 551 41 532 41 204
505 72 483 69 555 71 533 69 181
503 126 477 126 553 127 527 127 39
500 137 474 137 551 137 525 137 44
504 159 478 158 555 159 528 158 20
506 166 481 166 553 167 526 167 40
503 189 481 191 553 191 531 193 139
502 211 476 211 553 213 526 213 19
504 217 478 217 555 219 528 218 11
500 222 474 223 551 225 524 225 25
502 232 476 232 553 235 527 235 18
501 236 474 236 551 239 524 239 29
504 279 473 279 555 283 523 283 26
504 284 471 284 555 289 521 289 22
502 299 466 299 553 305 515 305 46
504 305 465 304 555 311 516 311 34
502 323 458 322 553 331 507 331 99
502 328 457 328 553 337 505 337 100
501 337 453 337 553 347 505 347 107
506 19 489 17 557 17 539 16 215
509 22 489 22 559 21 540 20 215
511 32 491 31 561 31 542 30 178
507 34 488 36 557 33 538 34 200
508 42 490 41 559 41 540 41 231
509 75 490 75 559 75 540 73 185
511 72 493 71 561 71 542 70 186
507 79 489 80 557 79 538 79 232
511 78 493 80 561 77 543 79 143
508 117 483 117 559 117 533 116 58
507 129 480 128 557 129 530 128 55
508 125 483 127 559 125 533 127 27
511 131 485 131 561 131 535 131 42
510 160 484 161 561 161 534 161 14
509 177 482 175 559 177 532 176 70
507 211 482 209 559 211 532 211 15
510 231 484 230 561 233 535 232 23
510 255 480 255 561 259 530 259 24
508 269 478 269 559 273 527 273 22
510 271 477 269 561 275 529 275 22
506 277 475 276 557 281 525 281 17
508 280 476 280 559 285 527 284 19
508 311 477 312 559 317 525 316 70
508 326 463 326 559 335 512 335 133
506 334 458 333 557 343 507 343 97
515 34 496 34 565 33 546 33 202
515 58 497 59 565 59 548 57 205
514 117 488 117 565 117 539 117 37
516 125 490 125 567 125 541 124 48
516 131 490 131 567 131 540 131 32
516 197 490 196 567 199 540 198 30
512 208 486 207 563 209 536 209 15
512 217 486 217 563 219 537 219 12
516 221 490 221 567 223 540 223 14
512 227 486 227 563 229 536 229 14
512 234 487 234 563 237 537 236 17
512 263 482 263 563 267 532 266 29
516 286 482 286 567 291 534 291 18
511 282 480 282 563 287 531 287 23
511 328 466 328 563 337 515 337 127
522 78 497 77 573 77 547 75 174
521 100 497 99 573 99 546 99 139
518 103 501 103 569 103 551 103 106
522 144 495 145 573 145 545 145 19
517 171 490 171 569 171 540 172 25
518 203 492 203 569 205 542 205 15
520 231 494 230 571 233 545 233 18
522 267 490 267 573 271 540 271 26
520 282 487 282 571 287 537 287 20
517 289 484 290 569 295 538 295 29
517 322 473 322 569 331 523 331 145
521 326 476 326 573 335 526 335 118
520 335 473 335 571 345 520 345 181
518 341 468 341 569 351 516 351 73
526 93 506 94 577 93 557 93 68
526 99 506 99 577 99 556 98 74
526 124 500 125 577 125 550 125 67
526 137 500 139 577 139 551 139 30
528 163 502 162 579 163 552 163 20
526 170 500 169 577 171 550 171 16
524 176 498 176 575 177 548 177 18
525 179 500 180 577 181 550 181 19
526 184 500 183 577 185 550 185 25
528 197 502 197 579 199 552 199 13
524 218 498 216 575 219 549 218 17
528 218 502 217 579 221 552 219 16
526 230 500 230 577 233 551 233 23
526 250 493 250 577 253 544 253 33
524 263 492 262 575 267 541 266 23
526 259 494 259 577 263 543 262 26
526 272 493 272 577 277 544 276 19
523 313 482 313 575 321 533 319 38
527 317 484 317 579 325 534 325 55
526 337 481 337 579 347 531 347 103
534 19 509 18 585 17 557 15 116
530 37 505 37 581 35 556 35 53
530 63 503 65 581 61 553 63 138
534 76 509 76 585 75 559 75 51
532 81 507 81 583 79 557 79 39
530 97 509 97 581 97 560 96 101
532 101 507 102 583 101 557 101 95
534 113 505 113 585 113 555 114 132
530 125 504 125 581 125 554 124 70
532 129 506 129 583 129 556 129 58
534 133 508 133 585 133 558 133 29
532 135 506 135 583 135 556 135 22
534 143 509 142 585 143 559 143 15
532 147 506 147 583 147 556 147 18
531 161 505 160 583 161 555 162 22
532 184 506 184 583 185 556 185 22
534 184 508 184 585 185 558 185 37
535 198 508 198 585 199 558 199 24
534 217 508 217 585 219 559 219 16
533 225 509 224 585 227 558 227 11
535 235 509 236 585 239 560 238 19
534 276 501 275 585 281 551 280 20
534 286 500 286 585 291 551 291 23
535 292 499 292 585 297 555 298 18
529 330 483 329 581 339 531 339 177
529 333 481 333 581 343 531 343 87
536 40 511 39 587 37 562 37 52
538 43 513 43 589 41 564 41 66
540 131 514 131 591 131 564 131 28
536 145 511 145 587 145 561 145 24
536 150 510 150 587 151 561 149 24
536 158 510 158 587 159 560 159 25
540 174 514 173 591 175 564 174 20
539 182 513 181 591 183 564 183 25
536 186 510 185 587 187 560 187 17
540 189 514 189 591 191 565 191 32
540 217 514 216 591 219 565 219 21
535 223 509 223 587 225 560 225 16
538 226 512 226 589 229 564 228 21
536 231 511 230 587 233 561 233 17
540 244 513 243 591 247 563 247 35
536 249 509 250 587 253 560 254 35
539 253 506 253 591 257 557 259 28
535 303 497 302 587 309 555 307 24
535 319 492 319 587 327 544 326 96
535 322 490 322 587 331 540 330 131
537 335 487 335 589 345 536 345 111
545 43 519 47 595 41 569 41 70
542 123 516 123 593 123 566 123 70
546 148 520 148 597 149 570 149 24
542 153 516 152 593 153 567 153 21
541 177 515 178 593 179 566 179 20
542 188 517 188 593 189 567 189 34
543 195 518 195 595 197 568 197 22
542 257 507 259 593 261 560 261 25
545 265 512 264 597 269 563 268 24
543 311 503 309 595 319 553 318 31
541 330 494 329 593 339 544 339 158
552 31 526 31 603 29 578 29 331
550 59 525 59 601 57 576 57 38
549 64 525 65 601 63 576 63 16
552 93 527 93 603 91 578 93 45
550 109 523 110 601 109 575 108 25
552 114 526 113 603 113 577 113 17
548 156 522 156 599 157 572 157 27
550 164 523 164 601 165 574 165 50
547 163 521 162 599 163 571 163 36
547 182 522 181 599 183 572 183 47
547 187 523 188 599 189 572 187 23
548 212 522 212 599 215 573 214 14
547 223 522 222 599 225 573 225 15
547 234 522 233 599 237 573 236 16
551 234 525 234 603 237 576 237 23
551 244 524 244 603 247 575 246 41
547 252 517 252 599 255 573 254 64
547 257 515 257 599 261 565 261 26
551 260 517 261 603 265 568 265 38
547 286 512 285 599 291 563 291 24
548 315 505 315 601 323 556 323 32
546 321 503 320 599 329 553 329 95
555 59 531 59 607 57 582 57 38
557 68 532 68 609 67 584 67 31
556 69 531 70 607 69 582 68 22
554 94 528 95 605 93 579 93 34
558 97 532 98 609 97 583 97 34
555 112 529 111 607 111 581 111 19
555 117 530 117 607 117 581 117 26
557 127 532 124 609 125 583 125 28
557 141 532 141 609 141 583 141 26
558 146 531 147 609 147 583 146 18
557 159 523 160 609 159 574 160 75
555 155 529 155 607 155 580 155 55
555 207 530 207 607 209 581 209 9
557 217 532 216 609 219 583 219 14
556 223 532 222 609 225 582 225 12
557 227 532 226 609 229 582 229 19
553 230 528 230 605 233 579 232 22
557 234 532 234 609 237 583 237 17
557 238 532 238 609 241 583 240 21
555 270 520 269 607 275 571 274 26
553 277 518 278 605 283 570 284 27
557 291 522 291 609 297 574 297 48
553 295 520 295 605 301 569 301 19
557 313 515 313 609 321 564 321 48
555 317 512 317 609 325 564 325 74
556 331 509 331 609 341 559 341 83
561 65 537 65 613 63 588 63 47
560 66 535 65 611 63 586 63 42
563 106 538 106 615 105 589 104 19
561 112 536 112 613 111 587 111 21
561 117 536 117 613 117 586 117 16
563 137 538 137 615 137 589 137 16
561 190 535 190 613 191 587 191 85
561 196 536 196 613 197 588 197 44
561 215 535 214 613 217 587 217 13
562 219 538 218 615 221 589 220 10
559 244 534 244 611 247 585 246 41
559 255 525 255 611 259 577 259 37
560 272 526 270 613 275 577 277 26
560 278 525 278 613 283 577 282 21
559 315 517 315 613 323 569 323 56
557 324 512 324 611 333 564 333 116
559 333 512 333 613 343 562 343 92
558 337 507 336 611 347 560 347 64
560 344 510 343 615 355 560 355 44
566 111 540 110 617 109 591 109 26
567 114 542 114 619 113 593 113 34
565 121 539 120 617 121 591 121 32
569 123 544 124 621 123 595 123 32
567 133 541 133 619 133 593 133 27
568 174 534 174 621 175 585 175 110
566 178 531 178 619 179 583 179 86
565 199 540 199 617 201 591 201 42
566 213 540 213 617 215 591 215 10
567 230 541 230 619 233 593 233 6
568 257 534 257 621 261 586 260 40
568 255 534 255 621 259 585 259 30
564 262 530 262 617 267 581 265 34
568 260 534 259 621 265 586 263 35
564 280 530 279 617 285 581 285 31
568 285 532 285 621 291 584 291 28
565 289 529 289 617 295 580 295 29
564 297 527 296 617 303 577 302 26
565 337 516 336 619 347 567 347 50
571 81 543 82 623 79 595 81 72
573 96 548 96 625 95 600 95 35
575 98 550 98 627 97 600 96 43
574 106 549 106 627 105 602 104 31
571 112 545 112 623 111 597 111 32
573 117 551 118 625 117 603 117 57
571 133 546 133 623 133 597 132 36
572 165 538 164 625 165 589 165 127
574 168 540 168 627 169 591 169 158
572 182 537 182 625 183 589 183 109
573 238 545 235 625 241 597 239 13
570 268 536 267 623 273 587 272 24
574 272 538 272 627 277 590 277 24
570 274 531 275 623 279 585 280 44
571 276 536 276 625 281 589 282 30
574 285 537 285 627 291 589 291 17
572 287 536 287 625 293 587 293 25
569 305 531 307 625 315 581 313 17
567 328 525 327 625 337 577 337 68
572 348 525 347 627 361 574 361 39
581 53 558 53 633 51 609 51 238
579 50 554 51 629 49 605 49 175
577 57 554 56 629 55 605 54 192
577 78 547 77 629 75 599 75 78
579 96 553 97 631 95 605 95 77
581 104 556 104 633 103 608 103 63
577 125 552 126 629 125 603 126 104
582 141 549 139 633 141 601 143 123
577 160 543 160 629 161 595 161 146
576 162 541 162 629 163 594 163 131
581 169 545 168 633 169 598 169 194
576 174 541 174 629 175 593 175 206
579 172 545 172 633 173 597 173 298
576 181 541 182 629 183 593 183 160
580 180 545 180 633 181 597 181 136
576 188 541 187 629 189 593 189 77
577 224 551 224 629 227 603 226 12
580 253 548 253 633 257 599 257 19
583 263 547 263 633 269 597 268 34
577 264 543 265 631 269 594 269 26
575 289 539 288 629 295 591 295 20
585 35 565 35 637 33 617 32 268
584 51 560 52 635 49 611 49 200
584 57 563 56 637 55 614 54 238
585 128 563 129 637 127 614 128 152
586 170 551 170 639 171 604 171 146
583 169 547 168 635 169 599 169 215
585 178 551 178 639 179 603 179 112
581 178 547 178 635 179 599 179 156
581 195 547 194 635 197 599 196 55
583 217 556 217 635 219 609 219 37
584 240 559 240 637 243 611 243 22
585 251 553 251 639 255 605 255 23
583 254 549 254 637 259 602 259 23
586 291 548 290 639 297 601 297 25
581 295 544 294 635 301 597 301 22
584 296 548 296 639 303 601 303 22
584 318 541 318 639 327 594 327 48
582 333 534 332 637 343 586 343 60
582 338 533 338 637 349 585 349 51
581 343 530 343 637 355 582 355 35
590 50 571 49 643 49 622 47 173
588 125 565 124 641 125 617 124 162
587 184 552 184 641 185 605 185 100
591 184 556 184 645 185 609 185 108
587 200 552 199 641 201 605 200 56
586 259 553 259 641 263 604 264 28
587 275 550 275 641 281 603 281 23
589 277 552 277 643 283 605 283 19
589 285 552 285 643 291 604 291 31
589 309 544 309 645 319 605 317 33
591 318 548 318 645 327 601 327 27
590 315 547 314 645 323 601 323 34
588 325 541 325 643 335 593 335 34
595 41 571 43 647 39 625 38 169
595 145 562 143 647 145 613 143 327
595 170 561 170 649 171 614 171 105
593 176 558 176 647 177 611 177 122
593 182 558 182 647 183 611 183 151
597 186 562 185 651 187 614 187 101
597 184 562 184 651 185 614 185 74
599 259 565 256 651 263 615 262 36
592 294 555 294 647 301 607 301 55
594 298 557 298 649 305 609 305 31
589 328 545 327 647 337 598 337 28
596 331 548 330 651 341 601 341 29
605 38 583 38 657 35 635 35 339
605 44 585 44 657 41 636 42 285
603 108 580 107 655 107 629 105 209
603 170 569 170 657 171 622 171 53
599 180 564 180 653 181 617 180 101
601 197 566 197 655 199 619 199 33
598 211 564 210 653 213 617 214 44
600 264 563 263 655 269 616 268 40
600 275 564 274 655 281 617 280 34
602 279 566 278 657 285 620 285 44
598 285 561 284 653 291 615 291 43
600 304 561 303 655 311 614 311 39
603 305 557 305 655 315 617 317 18
603 311 561 311 657 319 613 319 23
600 318 556 318 655 327 609 327 47
601 329 553 328 657 339 604 338 26
598 336 549 335 655 347 603 347 29
601 342 552 343 657 355 603 353 20
606 58 585 57 659 55 637 55 282
611 60 588 60 663 57 641 57 295
609 78 579 77 663 75 632 73 43
605 80 576 80 659 77 628 77 58
608 163 577 161 661 163 630 161 73
608 178 573 178 663 179 627 179 67
604 268 567 268 659 273 620 274 30
604 300 566 300 659 307 619 307 54
603 322 558 321 659 331 612 331 26
603 332 555 332 659 343 609 343 21
602 339 554 339 659 351 607 351 24
604 350 554 350 661 363 612 365 28
613 28 592 29 667 25 645 25 409
615 84 584 83 669 81 638 81 87
614 91 583 90 665 89 641 90 156
613 150 582 150 667 149 636 149 181
615 170 578 170 669 171 629 169 51
610 176 575 176 665 177 628 176 46
612 193 577 193 667 195 631 195 34
614 197 579 197 669 199 633 199 22
610 195 575 195 665 197 629 197 33
610 205 575 205 665 207 629 206 25
612 222 577 222 667 225 630 224 29
610 223 575 223 665 227 629 226 34
614 226 579 226 669 229 633 229 56
612 272 575 271 667 277 629 277 46
611 287 572 288 667 293 630 293 235
614 290 576 290 669 297 629 297 101
610 288 572 289 665 295 625 295 182
612 292 574 292 667 299 627 299 93
608 305 569 306 665 313 622 313 37
615 313 577 313 669 321 624 321 28
608 323 563 323 665 333 617 333 19
611 326 565 325 669 337 621 336 16
607 345 560 347 665 359 614 361 32
619 172 584 172 673 173 639 172 44
616 204 581 205 671 207 635 207 16
618 209 583 208 673 211 637 211 19
616 294 577 294 671 301 631 301 138
617 292 579 292 673 299 633 299 144
615 302 574 301 671 309 630 309 65
613 316 573 316 671 325 625 325 25
609 326 569 326 671 335 624 335 21
615 335 565 337 671 349 619 348 13
621 152 590 152 677 151 644 152 90
625 155 588 156 681 155 642 155 44
623 214 589 213 679 217 643 215 23
625 222 590 222 681 225 645 223 40
621 269 584 268 677 275 638 274 59
623 279 586 279 679 285 640 285 81
625 299 586 299 681 307 640 307 86
623 307 581 306 681 315 637 314 34
622 303 583 303 679 311 637 311 24
618 307 580 307 677 315 632 314 21
630 143 592 145 687 143 646 143 33
627 161 589 159 683 161 643 159 50
631 180 594 180 687 181 649 181 109
630 184 594 184 687 185 648 185 149
629 228 595 229 685 231 649 232 46
631 230 597 230 687 233 651 233 41
627 245 592 244 683 249 646 249 36
631 247 596 246 687 251 650 251 38
625 273 589 273 683 279 641 278 60
629 283 594 283 685 289 648 289 193
627 284 590 283 683 291 644 290 99
628 312 587 310 685 319 640 317 29
636 140 597 141 693 139 652 140 23
635 145 601 144 691 145 655 143 59
636 159 598 158 693 159 653 159 43
636 186 600 186 693 187 654 187 185
633 187 596 187 689 189 650 189 172
637 195 601 195 693 197 656 196 83
635 228 600 228 691 231 652 233 44
632 246 597 245 689 249 652 249 41
631 252 598 255 689 259 652 259 45
632 305 592 305 689 313 646 313 20
634 305 593 305 691 313 648 313 28
633 320 589 319 691 329 644 329 26
639 126 602 127 697 125 656 124 22
640 157 602 158 697 157 656 157 66
642 159 604 159 699 159 659 159 41
639 161 602 161 697 161 657 161 62
641 172 606 174 697 173 661 172 63
640 178 607 178 697 179 660 178 149
638 187 601 187 695 189 656 188 158
642 221 607 221 699 227 662 225 29
640 247 606 248 697 253 660 252 40
641 254 606 254 697 259 661 259 48
640 279 607 277 697 285 662 284 173
643 284 602 286 699 291 657 293 119
638 342 587 342 697 355 642 355 41
648 81 609 84 705 77 666 75 112
645 101 606 100 703 97 661 96 29
647 107 608 106 705 103 664 102 25
647 112 608 112 705 109 664 108 38
648 187 611 187 705 189 666 189 60
646 197 610 197 703 199 665 199 44
644 218 609 218 701 221 664 221 36
645 230 609 229 701 233 664 233 27
644 303 604 302 703 311 659 311 32
644 307 604 306 703 315 659 315 53
645 314 600 311 703 323 657 322 23
642 317 598 317 701 327 654 327 25
646 315 604 315 705 325 660 325 35
647 321 602 321 705 331 661 330 16
641 325 599 323 703 335 653 336 25
643 331 595 331 703 343 652 343 58
643 340 592 340 703 353 649 353 73
653 83 616 82 711 79 671 79 49
649 97 611 96 707 93 666 93 36
649 110 610 108 707 107 666 106 28
649 117 611 118 707 115 666 115 33
651 161 613 161 709 161 669 161 52
653 165 617 163 711 165 671 167 51
650 182 613 182 707 183 668 183 119
652 207 615 207 709 209 670 209 43
649 209 612 210 707 213 668 213 44
653 210 617 209 711 213 672 213 55
654 229 618 226 711 229 674 230 19
655 233 619 233 711 239 674 238 18
654 241 618 240 711 245 674 244 26
653 254 619 254 711 259 675 259 54
652 279 610 279 709 285 669 284 212
651 286 613 285 709 293 669 292 212
652 304 611 304 711 313 667 313 36
649 301 607 298 707 311 663 311 161
649 308 607 308 707 317 663 317 23
651 316 609 315 711 325 664 325 34
648 340 597 340 709 353 655 353 75
658 95 618 95 717 91 675 90 22
655 111 616 112 713 109 672 109 42
659 199 623 198 717 201 679 201 20
657 202 621 202 715 203 677 204 36
659 222 624 223 717 225 680 226 45
657 224 621 223 715 227 678 227 22
659 228 624 227 717 231 680 231 18
659 254 624 253 717 259 680 258 63
654 290 614 291 713 297 669 297 234
658 305 616 304 717 313 673 313 35
656 310 614 310 715 319 671 319 57
656 319 613 319 715 329 669 329 37
652 339 602 339 713 351 659 351 50
663 89 623 87 721 85 680 83 34
665 182 628 182 723 183 685 183 87
661 178 623 177 719 179 679 177 52
663 199 626 199 721 201 682 201 36
665 250 630 250 723 255 686 255 98
661 252 626 252 719 257 682 257 91
662 266 628 266 719 271 683 271 72
663 263 627 263 721 269 684 269 94
661 269 620 268 721 275 677 274 95
660 288 619 289 719 295 675 296 183
660 297 619 296 719 305 675 305 81
660 305 618 304 719 313 675 313 40
660 326 616 327 723 339 673 339 42
671 38 634 35 729 33 691 31 698
670 76 632 76 729 71 688 71 44
670 82 633 80 729 77 690 76 25
666 93 626 93 725 89 683 89 23
670 94 629 95 729 91 687 90 28
670 107 630 106 729 103 687 103 23
668 110 629 110 727 107 685 107 27
666 115 627 115 725 113 684 112 39
668 191 631 191 727 193 688 193 29
670 208 633 208 729 211 690 210 23
667 252 631 251 725 257 688 257 74
669 263 634 263 727 269 690 269 61
668 285 626 284 727 291 683 291 309
667 306 625 306 727 315 682 315 42
668 311 626 311 729 321 683 321 97
666 315 623 315 727 325 681 325 123
665 313 622 313 725 323 679 323 46
665 319 622 319 725 329 681 330 136
664 335 619 336 727 347 681 349 76
664 339 613 338 725 351 671 351 91
676 89 637 89 735 85 694 85 31
672 125 633 124 731 123 690 122 44
672 122 633 121 731 119 690 119 32
676 136 636 136 735 135 693 135 23
672 156 639 153 731 155 694 155 112
674 167 637 166 733 167 695 167 154
672 176 636 176 731 177 692 177 98
676 172 639 172 735 173 696 172 59
676 188 638 188 735 189 695 189 47
674 201 637 201 733 203 694 201 33
672 205 635 204 731 207 692 207 31
676 237 639 236 735 241 696 240 131
676 254 641 253 735 259 698 258 88
671 302 629 302 731 311 687 310 126
673 310 630 310 733 319 687 319 97
672 313 629 313 733 323 687 323 69
672 319 628 319 733 329 687 329 51
677 88 639 87 737 83 696 83 35
678 99 639 100 737 97 696 96 22
678 114 637 112 737 111 695 109 23
681 131 642 130 741 129 699 129 20
677 148 637 148 737 147 695 147 28
678 165 641 165 737 165 697 164 112
678 178 641 177 737 179 698 178 87
680 182 642 182 739 183 700 183 52
680 191 642 191 739 193 699 193 22
679 201 642 200 739 203 699 202 24
678 204 640 205 737 207 697 208 36
682 237 645 237 741 241 702 242 263
680 248 645 249 739 253 702 253 88
678 278 644 278 737 285 701 285 131
678 286 641 286 737 293 699 293 252
677 292 640 292 737 299 698 299 218
680 301 639 300 741 309 697 309 298
680 306 639 306 741 315 697 315 287
678 311 635 311 739 321 693 321 132
676 315 633 315 737 325 691 325 118
678 327 631 327 741 339 691 339 46
685 155 646 154 745 155 704 154 99
685 169 648 169 745 169 706 169 64
687 194 650 194 747 197 708 197 46
683 198 646 199 743 201 703 200 34
685 210 648 210 745 213 706 213 92
687 214 650 214 747 217 708 217 87
684 250 649 250 743 255 706 256 66
687 278 653 278 747 285 710 285 153
683 283 648 283 743 289 707 289 212
686 302 645 302 747 311 703 311 212
684 338 633 338 747 351 692 351 56
682 340 631 340 745 353 690 353 89
689 61 649 64 749 55 711 55 93
688 134 651 133 749 133 709 131 72
689 178 652 178 749 179 710 178 42
692 192 654 192 753 193 712 194 49
689 211 652 210 749 213 710 213 87
689 237 654 237 749 241 712 241 126
693 248 657 247 753 253 715 252 103
689 300 648 300 751 309 707 309 296
687 298 647 298 749 307 705 307 180
694 308 653 307 751 317 706 317 337
689 311 646 311 751 321 705 321 158
689 317 646 317 751 327 705 327 91
697 105 646 107 757 101 704 103 90
696 195 659 195 757 197 718 196 66
697 298 655 298 759 307 715 307 264
693 317 651 317 755 327 709 327 103
695 313 652 313 757 323 711 323 150
697 320 654 321 759 331 711 331 132
701 132 661 130 763 129 720 127 67
700 192 662 191 761 193 721 193 59
704 214 665 217 765 217 725 216 93
701 241 666 241 761 245 724 245 184
702 246 667 246 763 251 726 251 120
700 294 656 293 763 301 716 302 277
700 311 657 311 763 321 717 321 117
700 308 656 308 763 317 717 317 124
707 133 666 133 769 131 725 132 63
709 189 671 190 771 191 730 193 67
707 229 670 228 769 233 729 232 192
707 235 671 237 769 239 730 241 137
710 282 667 282 767 289 729 289 323
707 315 664 314 771 325 724 325 119
705 39 645 39 773 27 707 27 144
709 44 649 44 777 33 712 32 58
712 84 663 84 777 77 724 77 188
712 163 674 164 773 163 733 163 70
716 208 678 209 777 211 738 210 57
713 218 676 218 775 221 736 221 150
711 282 667 283 775 289 728 289 355
712 314 667 314 775 325 728 325 124
713 318 668 318 777 329 729 329 144
709 322 664 322 773 333 724 333 148
707 341 656 341 773 355 718 355 122
709 341 657 341 775 355 719 355 104
715 51 655 51 783 41 718 40 33
711 71 654 71 779 63 716 62 167
715 93 667 93 781 87 729 87 142
720 106 671 106 783 101 730 101 204
719 189 681 189 781 191 741 191 39
719 282 677 282 783 289 736 289 233
716 322 670 322 781 333 732 333 104
720 35 660 36 789 23 724 23 22
719 77 664 77 787 69 726 70 267
721 75 666 75 789 67 728 68 228
721 81 670 80 789 73 734 72 305
721 96 674 97 789 91 738 92 187
725 148 682 145 789 147 742 145 100
722 176 681 173 785 177 745 177 68
726 180 688 180 789 181 749 181 111
720 289 677 289 785 297 739 297 131
723 314 679 314 789 325 741 325 127
722 318 676 318 787 329 738 329 123
721 329 673 328 787 341 735 341 62
720 337 670 337 787 351 732 351 34
725 31 666 32 795 21 730 19 25
723 37 664 37 793 25 728 25 17
727 94 678 94 795 89 741 88 269
728 289 683 289 793 297 746 297 187
730 304 687 304 795 313 750 313 192
728 323 682 323 795 335 745 335 138
728 330 680 330 795 343 743 343 36
730 29 670 29 799 19 736 19 12
731 77 675 78 799 71 739 69 224
735 104 689 104 799 99 749 100 302
732 299 691 300 797 309 753 309 226
729 297 687 297 799 307 753 306 210
734 307 693 307 801 317 756 317 203
730 319 684 319 797 331 747 331 152
734 325 687 325 801 337 750 337 42
731 329 682 329 797 341 745 341 49
735 340 685 339 801 355 746 355 47
733 59 674 57 803 49 739 48 73
736 80 680 80 805 73 744 72 252
736 90 687 89 805 83 751 83 266
738 294 695 297 805 303 759 305 322
740 310 694 310 807 321 757 321 165
740 318 693 317 807 329 757 329 123
736 323 689 323 803 335 753 335 66
741 43 685 44 811 33 751 33 171
743 52 688 52 813 41 752 41 159
743 73 688 73 813 65 753 65 228
741 77 685 77 811 69 750 69 151
742 264 692 263 811 273 757 271 148
744 278 695 277 813 285 760 284 374
743 307 699 308 811 319 761 317 194
743 329 692 328 811 341 758 341 43
744 333 690 334 813 347 759 347 45
749 45 698 45 819 35 763 35 205
748 67 697 69 817 61 762 60 212
750 73 699 73 819 65 767 64 276
745 87 697 86 817 79 759 79 176
748 90 698 89 817 83 762 83 125
746 99 695 99 815 93 760 93 192
749 103 698 102 819 97 761 97 244
746 267 696 267 815 275 761 275 154
749 295 701 295 819 305 767 303 385
749 337 699 337 819 351 764 351 38
750 83 694 83 821 75 761 75 154
754 99 701 99 823 93 767 93 167
751 316 705 316 821 327 771 327 134
751 333 701 333 821 347 767 347 27
758 42 705 42 829 31 776 29 146
764 270 730 270 829 277 793 276 111
764 278 728 278 829 285 792 285 175
760 287 724 287 827 295 787 295 294
758 319 711 319 827 331 776 331 49
761 321 715 321 831 333 781 333 32
761 325 713 325 831 337 779 337 26
759 347 705 347 831 363 772 363 50
769 64 710 64 837 57 774 55 244
769 71 707 72 835 63 773 63 245
767 93 715 93 835 87 774 88 161
771 269 736 269 837 275 801 275 100
767 291 729 291 835 299 797 299 290
765 300 723 300 833 309 788 309 165
768 296 727 296 835 305 792 305 263
767 302 726 302 835 311 790 311 180
767 310 725 310 837 321 789 321 156
763 317 717 317 833 329 783 329 81
763 332 713 329 833 345 779 345 34
762 335 712 335 833 349 779 349 39
762 345 708 345 835 361 777 361 42
769 76 717 75 841 67 781 67 166
767 81 714 81 839 73 782 73 188
774 279 739 279 841 287 803 287 123
771 308 728 308 841 319 794 319 89
770 328 721 328 841 341 789 343 60
770 333 719 333 841 347 787 347 33
766 341 711 341 839 355 782 354 41
775 43 723 41 849 31 792 30 80
776 70 724 70 849 61 792 61 403
772 81 720 81 845 73 788 73 193
773 86 721 86 845 79 789 78 376
776 88 724 88 849 81 792 81 269
774 96 722 95 847 89 790 89 208
775 101 720 101 845 95 788 97 219
780 267 746 266 847 273 810 273 157
780 263 745 262 847 269 810 269 158
782 279 746 280 849 287 811 287 193
778 285 741 285 845 293 799 293 316
779 289 742 289 847 297 807 297 234
779 310 733 310 849 321 800 321 147
775 324 727 324 847 337 795 337 60
774 322 726 322 845 335 793 335 60
776 339 726 338 849 353 794 353 24
780 98 728 97 853 91 796 91 246
781 297 739 297 851 307 806 307 221
787 314 740 315 855 327 808 327 144
782 312 737 311 853 323 804 323 120
784 338 731 339 855 353 799 353 18
786 305 742 305 857 315 811 315 181
788 320 741 320 861 333 810 333 103
784 324 737 324 857 337 805 337 86
784 329 735 330 857 343 802 343 86
791 37 737 37 867 25 807 24 32
788 41 733 41 863 29 803 29 55
791 45 737 44 867 33 807 33 58
792 297 749 297 863 307 819 307 233
790 303 748 304 863 313 816 313 156
792 324 744 324 865 337 814 337 132
792 326 743 326 865 339 812 339 164
788 336 738 335 863 351 807 351 23
792 340 740 340 867 355 810 355 22
793 211 741 209 871 213 812 213 72
796 315 750 314 869 327 819 327 132
799 318 751 318 873 331 821 331 125
797 334 746 334 873 349 816 349 41
798 344 745 343 873 359 815 359 22
801 45 746 45 879 31 819 29 45
800 81 745 79 875 73 821 72 135
803 322 755 323 877 335 825 335 137
803 336 751 336 879 351 819 351 69
806 169 753 169 883 169 825 169 47
804 188 754 188 881 189 824 189 50
806 196 754 195 883 199 826 198 34
806 336 754 336 883 351 825 351 55
809 34 753 34 887 21 827 21 59
810 45 754 44 887 33 830 32 104
811 73 760 71 887 63 831 63 73
810 212 761 212 889 215 831 215 48
809 338 757 341 887 353 829 353 47
820 318 768 318 897 331 841 331 90
815 321 765 322 893 335 839 336 134
818 337 765 337 897 353 838 353 24
822 171 767 170 903 171 842 170 38
822 334 771 334 901 349 844 349 36
822 332 771 332 901 347 839 346 52
822 341 769 341 901 357 843 357 29
824 191 769 192 905 193 845 192 40
825 323 774 324 905 337 849 337 39
826 330 774 330 905 345 849 345 31
832 187 775 187 913 189 851 189 50
833 186 781 185 915 187 854 187 45
831 191 776 191 913 193 852 193 45
831 323 779 324 911 337 854 337 43
834 332 782 332 915 347 858 347 29
833 335 780 335 913 351 856 351 29
830 337 778 337 911 353 853 353 24
830 344 776 345 911 363 852 361 23
834 145 776 144 917 143 854 142 77
837 160 780 161 921 159 857 157 53
836 157 779 157 919 155 857 156 61
840 208 789 208 921 211 865 212 68
837 210 787 212 917 215 862 216 72
835 306 784 306 917 319 860 318 51
838 317 785 318 919 331 861 332 39
835 326 783 326 917 341 859 342 24
839 335 787 335 921 351 863 351 23
837 341 782 341 917 357 857 357 28
836 347 783 349 917 363 861 364 35
839 93 782 93 923 85 858 86 46
840 92 782 93 925 83 860 83 41
841 102 785 103 925 93 861 94 51
844 114 787 114 927 109 865 108 54
840 116 783 116 923 111 861 111 68
841 155 784 155 923 153 861 153 60
843 157 785 156 925 155 862 154 54
840 322 789 321 923 335 864 336 32
843 339 789 339 925 355 866 355 20
845 347 791 346 927 363 868 364 34
843 344 789 344 925 361 866 361 30
849 105 789 101 931 97 869 97 32
848 104 790 103 933 97 872 99 41
846 108 789 107 929 101 867 101 38
850 185 799 187 933 187 876 187 72
851 191 798 190 933 193 876 193 70
850 200 798 199 933 203 875 203 147
849 215 797 215 933 219 875 219 124
848 325 796 324 933 339 873 339 32
846 326 792 324 929 341 870 341 26
850 338 797 339 933 355 874 355 23
846 342 793 343 929 359 870 359 25
853 82 792 84 939 73 872 74 32
852 193 801 193 935 195 878 195 73
856 196 805 195 939 197 883 196 73
854 209 802 209 939 213 880 212 161
854 215 801 215 939 219 880 219 140
864 248 817 248 939 255 889 254 463
861 293 822 293 939 303 895 303 104
858 295 819 294 937 305 889 305 90
859 147 806 147 943 145 885 144 105
856 211 803 211 941 215 882 214 152
860 299 818 298 941 309 895 309 121
867 295 824 294 945 305 900 305 78
859 334 807 335 945 351 886 351 22
855 338 803 339 941 355 882 355 26
860 45 798 43 949 31 879 30 44
859 78 799 78 947 69 879 69 29
861 97 803 96 949 89 888 89 109
865 155 813 155 951 153 892 153 88
867 169 814 169 951 169 894 168 59
861 203 809 203 947 207 887 206 125
872 273 827 274 949 281 896 279 459
862 332 810 331 947 347 891 348 20
867 58 805 58 957 45 888 44 39
866 63 803 61 955 51 886 50 30
867 82 806 83 955 73 888 72 59
865 100 806 98 953 91 887 90 96
867 143 817 141 955 139 897 138 85
868 149 815 149 953 147 896 146 58
870 158 817 158 955 157 898 156 43
865 197 815 197 953 197 891 199 106
879 268 835 269 957 275 908 277 518
869 322 813 323 955 337 896 337 43
870 326 817 326 957 341 898 341 39
869 332 815 332 955 349 895 348 26
871 336 816 336 957 353 897 353 29
869 345 815 345 955 363 895 363 60
870 45 807 44 961 29 890 29 41
870 77 809 77 959 67 892 66 55
872 95 814 95 961 87 896 86 119
870 92 812 92 959 83 894 83 91
876 159 824 156 963 157 904 156 99
872 175 819 175 959 175 900 175 74
875 177 821 178 961 179 902 179 113
873 194 820 193 959 195 900 195 84
881 265 834 264 959 273 907 271 469
873 313 824 312 959 325 903 325 154
872 332 818 332 959 349 899 349 30
872 340 818 340 959 357 899 357 25
875 345 821 345 961 363 901 363 71
877 35 814 35 969 19 898 18 35
877 37 814 36 969 21 898 20 38
874 53 812 53 965 39 895 38 44
875 90 817 90 965 83 900 82 94
882 191 829 191 969 193 910 193 106
880 193 827 193 967 195 908 195 94
878 342 825 342 967 359 907 359 39
883 160 828 159 971 159 912 159 160
883 173 829 171 971 173 913 173 164
884 314 832 313 971 327 913 327 121
887 324 834 324 975 339 917 339 64
883 329 828 328 971 345 910 344 26
887 324 833 324 971 341 914 340 40
888 328 833 328 975 345 918 344 36
883 332 829 332 971 349 912 349 30
886 336 833 336 975 353 915 353 39
885 343 831 343 973 361 913 361 40
886 345 831 343 975 363 915 363 77
890 158 837 157 979 157 920 156 165
891 165 837 166 979 165 920 165 230
893 175 842 175 981 175 924 174 159
888 173 836 173 977 173 918 173 173
891 179 840 179 979 179 922 179 156
894 202 841 201 979 205 915 203 62
891 333 837 332 979 349 920 349 36
891 343 840 343 981 361 920 361 82
897 331 845 331 987 347 929 347 41
896 334 842 336 985 351 926 351 44
903 180 853 179 993 181 936 179 101
901 316 848 316 991 331 935 330 53
899 327 846 325 989 343 931 342 38
901 329 848 329 991 345 933 345 31
899 345 845 345 989 363 929 363 117
906 184 855 183 997 185 940 184 67
908 197 859 197 997 199 942 198 35
904 318 855 317 995 333 936 332 72
907 336 853 333 999 353 938 354 41
916 203 864 205 1005 209 949 209 30
910 214 860 214 1001 219 945 218 24
921 260 883 260 1005 267 963 267 24
920 278 880 278 1005 287 962 287 70
916 180 864 179 1007 181 949 180 65
916 189 866 189 1007 191 952 191 57
915 220 866 220 1009 225 953 227 26
922 269 881 269 1007 277 963 277 34
924 267 884 267 1009 275 966 275 43
916 339 865 338 1009 357 949 357 61
921 65 866 65 1017 53 954 52 41
927 135 871 134 1017 131 953 133 67
923 209 872 209 1015 213 957 211 50
921 218 871 218 1013 223 957 222 28
929 268 888 268 1015 277 971 277 45
920 334 866 334 1015 351 954 352 31
923 332 868 332 1017 349 956 350 43
932 168 884 167 1023 167 970 167 41
932 173 884 173 1023 173 970 173 29
928 191 876 191 1021 193 960 194 43
927 216 876 216 1019 221 962 221 32
931 268 891 268 1019 277 974 276 38
933 272 893 272 1021 281 976 281 58
924 287 871 287 1019 299 959 300 53
928 291 874 290 1023 303 963 303 51
926 298 872 298 1021 311 960 312 69
928 332 874 332 1023 349 962 349 60
926 335 872 335 1021 353 960 353 49
936 153 893 151 1027 151 975 150 53
934 151 887 151 1025 149 974 148 45
935 159 888 158 1027 157 974 157 45
938 186 889 185 1029 189 977 187 39
935 204 883 203 1029 207 973 207 32
932 207 879 205 1025 209 969 210 30
933 209 882 209 1027 213 970 213 28
933 337 878 337 1029 355 968 355 46
929 339 874 339 1025 357 964 358 44
940 192 891 190 1033 193 978 194 44
940 221 889 220 1035 225 978 225 38
945 277 904 276 1035 287 990 287 50
935 286 882 286 1033 299 972 297 46
936 326 882 326 1033 343 973 344 109
945 186 895 187 1039 187 985 187 72
953 189 901 188 1041 191 988 193 110
946 197 897 197 1039 199 985 199 53
941 207 893 206 1037 209 979 208 32
945 210 898 208 1041 213 984 213 48
949 280 909 279 1039 289 992 289 69
942 287 889 287 1039 299 979 298 32
940 323 884 324 1037 339 977 339 128
952 180 904 180 1045 181 993 181 87
956 186 903 187 1045 187 990 188 112
956 192 903 189 1045 193 991 191 107
955 268 915 268 1047 277 1001 277 46
944 283 890 283 1043 295 982 295 51
947 328 893 328 1045 345 985 345 83
950 287 896 286 1049 299 989 299 52
951 325 896 321 1049 341 989 340 135
962 226 924 227 1057 233 1011 231 39
971 265 931 264 1063 273 1019 273 33
972 269 931 269 1065 279 1020 277 56
968 278 925 278 1061 289 1016 289 96
972 174 924 174 1071 175 1017 175 47
974 246 935 246 1067 255 1023 253 29
971 250 930 248 1067 259 1019 259 36
975 271 933 271 1069 281 1023 281 58
983 259 945 261 1077 267 1033 268 24
979 270 938 270 1073 279 1028 279 38
982 280 940 280 1077 291 1031 291 104
973 319 925 320 1073 335 1022 333 191
983 242 944 243 1079 251 1034 251 37
986 252 946 251 1079 259 1036 259 33
989 253 949 253 1083 261 1039 261 14
986 257 947 257 1081 265 1037 265 18
987 270 946 270 1081 279 1037 279 54
984 279 941 278 1079 289 1033 289 121
994 252 954 252 1089 259 1045 259 22
991 266 951 266 1085 275 1040 274 40
1001 248 959 248 1095 255 1050 254 39
1000 253 960 253 1095 261 1050 260 10
1003 186 959 189 1099 187 1057 185 96
1004 256 964 255 1101 265 1058 265 28
1005 270 965 270 1101 279 1057 278 20
1000 270 960 270 1097 281 1054 281 32
1004 275 964 275 1101 285 1057 285 48
1008 184 967 183 1105 185 1062 185 151
1009 250 969 250 1105 257 1063 257 39
1007 261 967 261 1103 269 1061 269 34
1008 273 968 273 1105 283 1061 284 44
1008 286 965 286 1107 297 1060 297 175
1013 252 974 251 1109 259 1067 259 43
1015 250 977 249 1111 257 1070 257 58
1015 271 975 271 1113 281 1070 281 41
1012 274 971 274 1109 283 1063 285 34
1013 287 970 287 1113 299 1066 299 202
1017 181 976 180 1115 181 1071 180 156
1020 250 982 249 1117 257 1076 257 50
1015 286 972 285 1115 297 1068 297 108
1020 282 979 282 1119 293 1075 293 146
1023 255 984 255 1123 263 1082 263 49
1025 262 985 263 1125 271 1081 271 66
1022 269 983 269 1123 279 1079 279 57
1025 273 985 273 1125 283 1081 283 78
1021 275 981 275 1121 285 1077 285 36
1023 286 982 286 1123 297 1078 297 141
1032 248 994 247 1131 255 1091 253 55
1032 256 993 257 1131 265 1089 265 36
1029 261 989 261 1131 269 1081 267 91
1027 264 987 264 1127 273 1083 273 62
1029 270 989 270 1129 279 1086 279 60
1031 268 991 267 1131 277 1088 277 54
1030 275 990 275 1131 285 1087 285 135
1027 277 987 277 1127 287 1083 287 125
1036 247 998 247 1137 255 1095 255 42
1035 260 996 260 1135 269 1093 268 52
1033 262 995 262 1133 271 1091 271 59
1034 277 994 277 1135 287 1091 287 163
1038 248 1000 248 1139 255 1097 255 46
1042 251 1005 249 1143 259 1106 260 88
1040 251 1001 251 1141 259 1098 259 42
1045 233 1006 233 1145 239 1105 239 66
1047 241 1006 240 1149 247 1107 247 53
1046 244 1008 244 1149 251 1107 251 40
1045 261 1005 260 1147 269 1103 270 48
1043 265 1003 264 1147 273 1101 274 58
1044 270 1003 269 1147 281 1102 280 122
