52 64 17 67 97 61 60 62 39
52 138 18 140 97 135 62 134 37
53 147 19 147 97 143 63 143 35
52 175 20 176 99 171 65 171 34
55 291 17 291 99 287 63 286 81
61 78 27 78 105 73 71 74 31
60 75 26 76 105 71 71 72 39
60 90 27 87 105 85 71 85 59
59 156 23 155 103 151 69 152 56
59 198 22 197 103 193 67 192 60
66 318 17 317 105 315 60 314 34
65 325 18 324 105 321 60 320 35
65 31 29 32 111 27 77 28 72
65 59 29 58 109 53 76 55 100
64 73 30 74 109 69 75 70 33
66 75 33 76 111 71 77 72 48
62 97 28 98 107 93 73 94 133
64 99 30 100 109 95 75 96 118
64 141 30 140 109 135 75 136 77
66 140 32 141 111 139 77 139 87
63 163 28 163 107 159 73 158 148
62 166 27 166 107 161 73 160 127
64 183 30 183 109 179 75 179 146
67 53 32 54 113 49 78 48 90
71 157 38 157 115 153 83 153 163
72 198 39 198 117 193 83 193 105
68 205 33 205 113 201 79 201 205
69 233 36 234 115 229 80 228 81
72 240 37 239 117 235 83 234 88
72 245 37 245 117 241 83 241 79
68 271 33 268 113 265 79 263 59
70 282 35 282 115 279 81 279 104
77 97 43 97 123 93 89 93 111
73 95 41 96 119 91 86 91 94
75 101 40 101 121 97 87 97 138
77 116 46 116 123 113 92 112 53
77 139 46 140 123 135 91 135 183
74 144 41 143 119 139 87 139 79
76 187 43 187 121 183 87 183 179
79 232 48 229 123 227 90 225 108
83 103 48 103 129 99 95 99 83
84 120 52 119 129 115 98 116 77
82 125 50 124 127 121 96 122 133
81 165 50 165 127 161 96 161 124
84 189 51 189 129 185 97 185 184
84 199 51 198 129 195 97 195 96
82 229 50 228 127 225 94 224 96
89 306 48 305 129 303 89 302 43
87 316 42 315 129 313 84 312 41
87 99 57 100 133 95 101 95 75
87 105 54 105 133 101 101 101 96
86 143 55 142 131 137 100 137 144
86 184 52 183 131 179 98 179 243
86 191 53 191 131 187 101 187 380
90 200 59 197 135 195 103 194 180
88 218 56 217 133 213 102 214 95
87 233 54 233 131 229 99 229 133
86 254 54 253 131 249 99 248 97
90 256 58 255 135 251 103 250 98
93 112 63 111 139 107 109 107 131
92 140 61 140 137 135 107 136 85
91 134 55 133 137 131 99 129 624
94 158 63 159 139 155 109 154 59
91 167 61 167 137 163 107 163 188
94 172 63 171 139 167 109 168 59
93 181 63 181 139 177 109 177 122
92 187 62 187 137 183 105 183 155
95 183 65 183 141 179 110 179 139
92 193 61 193 137 189 106 189 198
92 228 60 227 137 223 106 223 118
96 231 65 231 141 227 110 227 109
94 249 62 249 139 245 108 244 126
94 275 63 275 139 271 108 270 156
92 281 61 280 137 277 105 276 143
101 330 57 328 141 327 93 326 29
98 107 67 108 143 103 112 104 160
102 105 71 105 147 101 116 101 128
102 173 72 172 147 169 117 169 138
102 244 71 243 147 239 117 241 105
97 254 67 253 143 249 113 248 136
106 315 62 315 145 313 102 312 54
106 130 76 131 151 125 120 125 132
104 191 73 191 149 187 119 187 152
108 189 78 189 153 185 123 185 161
108 212 77 209 153 207 123 207 126
104 232 74 231 149 227 118 226 94
108 240 78 239 153 235 123 235 81
103 272 72 270 149 267 118 266 90
114 100 85 103 159 95 130 96 109
114 110 85 110 159 105 129 104 152
110 181 80 181 155 177 125 176 109
110 183 80 183 155 179 126 179 169
113 192 84 192 159 189 130 189 225
110 199 79 197 155 195 125 194 222
112 208 81 207 157 203 127 202 198
114 221 85 222 159 217 130 217 97
113 235 83 234 157 229 127 229 72
122 319 76 319 159 317 114 317 39
118 108 88 108 163 103 133 102 138
120 120 93 122 165 115 135 114 191
116 181 86 181 161 177 132 177 175
119 193 91 196 165 189 136 189 168
126 131 98 131 171 127 142 127 145
126 193 98 193 171 189 143 189 163
124 199 95 199 169 195 141 195 121
126 204 98 205 171 199 143 198 81
122 221 93 221 167 217 138 217 81
126 247 98 245 171 243 143 241 73
126 258 97 259 171 253 142 253 63
126 268 97 267 171 263 142 262 84
128 275 97 274 171 271 141 270 99
123 279 95 279 167 275 137 274 129
130 136 102 135 175 131 147 131 146
132 154 104 153 177 149 149 148 66
128 198 100 197 173 193 145 193 145
130 206 102 205 175 201 147 201 55
130 211 102 211 175 207 147 207 51
132 229 104 229 177 225 149 225 71
128 239 100 239 173 235 145 234 72
132 256 103 255 177 251 148 251 37
131 272 103 271 177 267 148 266 78
134 285 100 284 177 281 143 280 136
137 23 111 24 183 19 156 20 127
136 22 109 22 181 17 154 18 127
135 26 109 26 181 23 154 23 112
134 87 107 87 179 83 152 83 97
134 93 108 94 179 89 151 89 93
137 143 111 143 183 139 156 139 54
138 151 110 151 183 147 155 147 38
136 189 109 190 181 185 153 183 80
134 196 107 195 179 191 151 191 98
136 220 109 220 181 215 154 215 83
136 224 108 222 181 219 154 219 78
136 232 108 231 181 227 154 226 68
140 296 106 296 183 293 145 292 117
143 315 105 315 183 313 141 312 123
145 345 94 344 179 345 127 344 178
141 21 114 21 187 17 161 18 94
141 26 114 25 187 23 161 24 176
142 82 116 81 189 79 163 80 102
141 91 114 91 187 87 159 87 136
141 87 113 87 187 83 159 83 128
140 123 113 124 185 119 158 119 95
141 131 113 131 187 127 158 127 83
144 145 117 145 189 141 162 140 64
139 147 113 147 185 143 158 143 41
140 153 112 153 185 149 157 149 38
144 153 117 153 189 149 162 149 29
140 183 114 183 185 179 157 179 78
141 233 114 233 187 229 158 228 68
144 242 116 241 189 237 159 237 77
143 260 114 259 187 255 158 254 38
141 272 113 271 185 267 158 267 61
154 339 105 338 189 339 139 338 98
152 343 103 342 187 343 137 342 147
146 97 119 97 191 93 164 93 141
148 93 117 92 193 89 166 89 141
150 99 124 99 195 95 169 95 103
150 151 123 151 195 147 170 147 69
146 170 119 169 191 165 164 166 38
146 177 118 178 191 173 163 174 42
147 245 117 245 191 241 162 241 21
148 243 120 243 193 239 164 238 35
150 254 122 253 195 249 166 249 15
152 294 117 294 193 291 158 290 124
152 95 126 95 197 91 171 91 146
154 153 129 154 199 149 174 149 34
152 182 127 181 197 177 173 175 55
155 185 131 185 201 181 176 181 64
154 188 128 187 199 183 174 183 88
152 191 126 191 197 187 172 186 48
152 201 126 199 197 195 172 196 44
152 205 126 203 197 201 172 200 98
156 211 130 211 201 207 176 206 64
151 217 126 217 197 213 172 213 77
153 223 128 225 199 221 174 220 85
154 234 128 233 199 229 173 229 83
155 246 126 245 199 241 171 241 36
157 254 128 253 201 249 173 248 18
161 309 122 308 201 307 159 306 143
157 161 132 163 203 157 178 158 67
162 226 137 225 207 221 182 220 85
166 139 140 139 211 135 186 135 154
164 137 139 137 209 133 184 133 163
168 145 143 145 213 141 188 141 146
165 144 138 143 209 139 185 140 135
166 150 141 150 211 147 186 148 158
168 157 143 157 213 153 188 153 163
167 185 143 187 213 183 189 183 196
166 199 141 198 211 195 186 195 149
168 209 143 209 213 205 188 206 158
169 261 142 261 213 257 186 256 60
166 265 140 265 211 261 183 260 46
174 343 127 341 209 343 160 342 49
170 135 144 135 215 131 189 131 241
171 152 146 152 217 147 193 146 177
172 152 147 152 217 149 193 147 123
171 167 147 169 217 163 193 163 123
171 182 147 181 217 177 193 177 98
174 221 149 220 219 215 195 215 99
170 236 145 235 215 231 190 231 58
172 273 142 272 215 269 186 268 55
177 39 155 39 221 33 197 32 401
177 38 156 40 223 35 201 35 111
178 57 154 57 223 53 199 53 90
178 61 153 60 223 57 201 58 51
176 127 153 128 221 123 198 122 129
178 125 155 125 223 121 200 121 131
178 131 153 132 223 127 200 129 122
179 135 161 135 223 131 205 131 348
179 161 158 163 225 159 204 160 258
177 186 154 186 223 181 199 181 75
180 269 151 268 223 265 191 264 44
182 277 151 276 225 273 194 272 55
186 302 148 301 225 299 185 298 127
184 33 159 32 229 29 206 29 166
181 36 159 37 227 33 203 32 214
185 50 163 52 231 47 209 48 132
181 52 158 52 227 49 205 50 127
182 59 158 59 227 55 203 55 98
182 127 159 127 227 123 204 123 169
181 158 160 157 227 153 206 153 226
185 159 164 159 231 155 210 155 80
186 241 162 241 231 237 205 236 46
184 237 159 236 227 233 202 232 75
181 256 157 255 227 251 202 251 45
188 259 159 259 229 255 202 255 64
189 259 162 259 231 255 205 255 45
189 267 159 266 231 263 203 262 31
184 287 155 286 227 283 195 282 103
189 305 149 304 227 303 188 302 132
194 308 153 308 231 307 191 306 101
187 125 164 125 233 121 211 121 138
191 127 169 127 237 123 215 123 108
187 129 165 129 233 125 211 125 120
191 133 169 134 237 129 215 130 140
187 155 166 155 233 151 212 151 51
187 157 165 157 233 153 212 153 136
189 163 165 165 235 159 214 159 80
187 175 166 175 233 171 212 171 97
184 192 159 192 233 187 208 187 109
190 245 167 245 235 241 211 241 96
188 253 164 253 233 249 208 248 49
191 263 164 262 233 259 207 259 57
193 271 161 271 235 267 205 267 33
197 306 160 304 237 303 198 302 143
197 331 152 330 233 331 184 331 36
195 131 173 131 241 127 219 128 129
192 185 170 185 239 181 220 180 26
206 331 160 331 241 331 193 330 38
202 133 177 133 247 129 222 129 99
203 139 177 139 247 135 222 135 96
203 253 178 253 247 249 223 249 192
206 270 177 269 247 265 220 265 47
206 301 168 301 245 299 207 298 138
212 297 174 297 251 295 212 295 155
214 301 177 300 253 299 215 298 119
219 271 191 270 261 267 236 267 105
219 311 181 310 257 309 219 308 85
218 307 181 306 257 305 219 304 117
222 238 203 237 267 233 248 232 185
220 249 196 249 263 245 240 245 84
223 257 199 257 267 253 240 252 124
225 263 198 262 267 259 243 259 70
221 267 193 266 263 263 234 262 74
227 282 193 282 267 279 233 279 86
229 324 195 321 267 323 233 321 37
230 351 177 350 263 353 208 352 31
226 135 208 135 271 131 252 131 34
226 141 207 139 271 137 254 137 31
224 236 205 235 269 231 250 230 137
230 33 214 36 277 31 260 32 177
229 42 212 41 275 39 258 39 175
230 133 210 132 275 129 255 128 28
231 135 214 135 277 131 260 131 32
231 141 214 140 277 137 260 137 35
229 231 210 232 275 229 256 227 165
235 265 207 264 277 261 249 260 106
239 294 205 293 279 291 245 290 89
239 298 205 297 279 295 243 295 72
235 296 200 295 275 293 239 293 117
247 341 194 340 279 343 226 342 31
242 347 191 346 277 349 223 348 46
237 241 214 240 281 237 261 236 200
239 259 215 258 283 255 257 254 40
243 263 217 262 285 259 259 258 76
243 290 210 289 283 287 251 286 151
244 312 206 310 281 311 240 309 22
249 332 200 331 283 333 234 332 29
245 277 215 276 287 273 254 274 76
250 290 218 289 291 287 256 287 96
252 320 205 320 289 319 245 318 26
251 328 207 328 289 329 248 330 27
254 349 201 348 289 351 235 350 35
251 58 236 57 297 53 281 53 91
252 62 236 61 297 59 281 58 51
254 245 230 246 297 241 273 241 205
255 255 230 255 297 251 273 251 67
253 283 219 284 295 279 265 278 62
256 287 223 287 295 285 261 285 122
255 292 221 291 295 289 261 288 94
260 329 213 328 295 329 247 329 20
256 60 240 60 301 57 285 57 81
254 62 238 61 299 59 284 60 71
258 143 243 142 303 139 288 139 11
257 226 232 228 299 223 275 223 270
258 234 234 234 301 229 277 228 198
259 230 234 231 301 227 277 226 185
257 253 233 253 299 249 275 248 116
260 268 233 267 301 265 272 265 225
259 287 229 287 301 285 266 284 115
262 295 225 295 299 293 261 293 95
266 346 211 347 299 349 246 348 47
263 29 253 25 307 25 299 23 707
260 61 244 62 305 59 290 59 103
267 215 241 213 309 211 284 210 120
265 217 240 217 307 213 283 214 126
264 257 239 256 307 253 282 252 153
264 270 236 270 305 267 277 267 81
267 273 241 271 309 269 282 268 47
268 273 239 273 307 271 278 271 56
269 304 228 304 305 303 265 302 43
273 327 228 325 309 327 261 326 36
275 341 223 340 309 343 256 342 54
271 213 247 213 313 209 290 209 87
272 253 251 252 315 249 292 249 57
268 249 245 249 311 245 288 245 52
281 343 230 342 315 345 262 344 42
281 350 224 349 315 353 260 352 43
273 29 259 30 319 27 307 27 305
275 25 265 26 321 23 310 23 163
274 33 264 34 321 31 311 31 355
273 60 261 59 319 57 307 58 146
276 76 263 76 321 73 307 73 94
274 84 261 85 319 81 306 81 64
274 189 253 189 317 185 295 185 153
278 213 257 212 321 209 299 209 121
279 229 257 228 321 225 299 225 73
275 259 249 259 317 255 291 255 75
279 265 254 264 321 261 295 261 75
277 263 252 262 319 259 293 259 69
282 274 253 274 321 271 291 270 25
277 283 247 282 317 281 287 282 36
283 358 227 358 317 363 259 362 13
278 80 264 80 323 77 309 77 85
283 193 259 193 325 189 301 189 250
281 199 259 199 325 195 301 195 168
280 201 259 201 323 197 301 197 203
281 219 257 218 323 215 298 215 65
281 225 256 225 323 221 298 221 61
281 255 257 254 323 251 299 251 75
287 33 277 34 333 31 323 32 153
283 49 270 50 329 47 315 47 264
288 56 274 56 333 53 319 53 197
287 191 269 190 331 187 309 187 167
287 195 264 195 329 191 306 191 199
291 205 269 205 333 203 309 203 116
289 231 266 231 331 227 308 227 40
291 304 247 304 329 303 288 303 41
297 350 243 349 331 353 275 352 37
288 27 279 29 335 25 321 23 177
291 39 280 38 337 37 327 37 142
294 44 283 44 339 41 329 41 145
289 49 280 51 335 47 325 47 298
295 187 269 187 339 183 313 183 123
293 187 275 187 337 183 320 183 147
293 195 271 195 335 191 315 191 192
295 199 275 201 337 195 319 197 144
297 217 274 216 339 213 315 213 57
295 213 271 213 337 209 313 209 64
293 219 270 218 335 215 311 215 96
295 227 271 227 337 223 313 223 72
293 225 269 225 335 221 311 221 63
294 233 271 232 337 229 313 229 48
299 260 271 260 339 257 315 256 103
299 266 270 266 339 263 315 262 141
295 37 285 37 341 35 331 35 117
298 76 287 76 343 73 332 73 131
300 96 289 95 345 93 335 94 209
301 209 275 209 345 205 319 205 109
304 219 280 218 345 215 321 215 92
303 225 279 224 345 221 321 221 80
297 286 266 285 341 283 305 283 45
303 315 261 315 341 315 300 313 22
306 42 296 43 351 39 341 39 109
302 44 291 44 347 41 337 41 254
304 50 294 50 349 47 339 47 223
302 54 292 54 347 51 337 51 292
306 56 296 56 351 53 341 53 158
306 62 296 61 351 59 342 59 193
302 70 292 67 347 67 338 67 184
304 92 294 92 349 89 339 89 291
309 193 286 193 351 189 328 189 131
305 239 283 238 347 235 321 235 29
306 259 279 258 349 255 323 255 109
310 54 300 54 355 51 346 51 209
310 62 301 62 355 59 346 59 202
310 80 299 80 355 77 344 77 171
308 84 298 84 353 81 342 81 346
310 88 299 88 355 85 345 85 148
308 94 298 94 353 91 343 91 185
308 102 299 101 353 99 344 99 135
313 203 290 203 355 199 332 199 128
314 272 284 271 355 269 323 268 109
316 285 283 285 355 283 324 282 27
315 294 280 293 353 293 316 292 51
318 64 309 64 363 61 355 61 124
316 68 307 68 361 65 353 65 157
319 71 310 71 363 69 355 69 117
314 84 304 85 359 81 348 80 131
319 191 296 191 361 187 338 187 100
317 207 294 206 359 203 335 203 98
317 231 294 230 359 227 335 227 95
321 262 297 262 363 259 338 259 155
325 333 279 333 361 335 313 335 12
320 76 312 76 365 73 357 73 169
324 74 316 74 369 71 363 72 69
324 80 316 80 369 77 362 77 131
323 205 300 205 365 201 342 202 162
324 213 300 212 365 209 341 209 143
326 217 302 216 367 213 343 213 203
324 222 300 222 365 219 341 219 72
328 224 304 225 369 221 345 221 101
324 229 300 228 365 225 341 225 73
324 233 300 233 365 229 341 229 103
325 254 299 254 365 251 339 251 119
335 349 275 348 367 353 310 352 25
336 353 279 354 369 359 311 359 30
331 109 323 109 375 105 368 106 86
327 109 319 109 371 105 363 105 102
329 111 321 111 373 107 367 109 90
330 128 325 129 375 125 369 125 171
330 139 323 141 375 135 367 137 257
331 177 323 175 375 173 368 173 210
334 205 313 205 375 201 354 202 268
332 211 309 211 373 207 351 207 187
330 227 306 226 371 223 348 223 142
332 243 309 242 373 239 350 239 110
330 252 306 252 371 249 348 249 154
334 248 311 248 375 245 352 245 175
335 266 309 265 375 263 347 263 164
334 294 298 293 371 293 336 292 30
334 106 325 105 379 103 372 104 67
331 120 328 120 377 117 374 117 141
334 124 330 124 379 121 376 121 129
335 134 332 134 381 131 377 131 141
334 140 330 140 379 137 375 137 195
332 143 325 142 377 139 371 139 263
332 149 327 148 377 145 373 145 411
336 151 332 151 381 147 377 147 196
336 157 332 156 381 153 377 153 298
336 163 332 163 381 159 377 159 239
335 176 327 174 379 171 372 170 278
334 183 329 183 379 179 374 179 333
339 199 320 198 381 195 362 193 397
335 203 315 203 377 199 358 199 328
338 229 317 229 379 225 359 225 137
343 283 309 283 381 281 347 280 48
340 114 336 114 385 111 382 110 95
342 134 338 134 387 131 383 131 145
338 147 333 146 383 143 379 143 181
342 161 338 160 387 157 383 156 114
338 159 334 158 383 155 379 155 229
342 163 338 162 387 159 383 159 148
338 187 333 186 383 183 378 183 305
343 223 323 223 385 219 365 218 348
344 241 323 241 385 237 365 237 102
341 239 321 239 383 235 363 235 135
347 264 319 263 383 261 357 261 165
346 281 314 280 385 279 351 279 38
351 341 298 340 385 345 332 344 19
346 122 342 122 391 119 387 119 91
346 132 342 132 391 129 387 129 130
348 142 345 142 393 139 389 139 161
346 151 342 150 391 147 387 147 224
348 155 344 155 393 151 389 151 142
346 165 342 164 391 161 387 161 132
346 194 338 193 389 191 383 189 559
347 223 329 223 389 219 372 217 208
351 256 327 256 391 253 368 253 125
357 267 326 267 393 265 364 265 117
350 276 315 275 389 273 358 273 68
350 292 315 292 389 291 354 291 48
355 343 305 341 391 347 336 345 18
357 350 303 350 393 355 335 354 22
352 118 349 118 397 115 394 115 51
352 115 347 117 395 113 393 112 42
352 139 348 139 397 135 393 135 286
352 153 349 152 397 149 394 148 167
355 157 351 156 399 153 396 153 190
350 159 346 158 395 155 391 155 111
354 163 351 163 399 159 395 159 92
353 165 349 165 397 161 393 161 130
350 169 346 169 395 165 391 165 137
351 185 343 185 395 181 387 181 299
353 185 345 185 397 181 389 181 274
353 223 336 222 395 219 378 220 245
355 229 338 229 397 225 380 224 140
353 231 336 231 395 227 378 227 217
354 262 331 261 395 259 368 259 131
361 273 331 273 399 271 369 271 65
355 275 324 275 395 273 363 273 57
362 286 327 284 399 285 363 283 71
357 345 304 346 395 351 340 350 20
361 128 357 128 405 125 402 125 130
360 134 357 135 405 131 402 131 118
359 141 355 141 403 137 399 137 194
361 167 356 166 405 163 401 163 66
357 169 352 168 401 165 397 164 87
361 199 354 199 405 195 398 195 253
362 195 353 195 405 191 397 191 162
364 246 339 247 405 243 384 242 178
362 269 332 269 401 267 371 267 108
365 266 338 265 405 263 375 263 86
366 271 336 271 405 269 375 269 48
361 278 333 278 403 275 373 275 43
365 306 326 305 403 305 362 304 23
364 126 363 128 409 123 406 123 183
363 137 359 137 407 133 404 133 81
367 135 364 134 411 131 408 131 89
366 141 362 141 411 137 407 137 108
365 151 361 150 409 147 405 147 108
367 147 363 146 411 143 407 142 79
363 153 359 152 407 149 403 149 105
364 159 360 159 409 155 405 155 70
368 185 359 185 411 181 403 181 149
364 191 355 191 407 187 399 187 291
366 193 358 193 409 189 401 189 263
370 239 348 239 409 235 391 235 67
368 288 335 287 407 287 371 286 54
368 294 333 294 407 293 370 293 44
368 120 363 119 413 117 410 117 41
371 124 367 124 415 121 411 121 145
369 138 365 139 413 135 409 135 100
369 149 365 148 413 145 409 145 83
370 156 367 157 415 153 411 153 86
373 153 369 153 417 149 413 149 95
369 167 364 166 413 163 409 163 121
371 175 367 175 415 171 411 171 189
369 171 365 171 413 167 409 167 183
370 191 361 191 413 187 405 187 149
372 199 364 199 415 195 407 195 132
371 205 360 205 413 201 404 201 156
374 209 363 209 417 205 407 205 148
376 236 358 236 417 233 399 232 67
374 248 352 248 415 245 393 245 106
374 254 351 254 415 251 392 251 237
378 263 347 263 417 261 391 260 126
375 126 372 125 419 123 417 122 69
375 135 371 135 419 131 415 131 95
375 149 371 148 419 145 415 144 108
379 152 375 152 423 147 419 148 121
376 155 371 155 419 151 415 151 104
378 171 373 171 421 167 417 167 229
376 185 368 185 419 181 411 181 182
380 189 373 188 423 185 416 184 237
378 191 370 191 421 187 414 187 169
376 203 368 203 419 199 411 199 122
381 221 367 222 423 217 409 217 89
378 231 360 230 419 227 403 227 74
378 269 348 269 419 267 391 267 67
381 265 354 265 421 263 394 263 64
383 275 352 275 423 273 390 273 60
383 137 379 137 427 133 423 133 94
381 142 377 142 425 139 421 139 171
382 163 377 163 425 159 421 159 356
384 179 379 179 427 175 423 175 181
386 187 380 187 429 183 424 183 237
382 193 375 193 425 189 420 189 312
384 189 378 189 427 185 422 185 284
387 199 380 199 429 195 421 195 149
385 223 371 223 427 219 413 219 81
388 238 369 238 429 235 409 235 70
387 275 357 275 427 273 397 273 54
391 284 357 283 429 283 395 283 40
388 297 352 297 427 297 393 297 38
388 293 352 293 427 293 388 293 42
391 304 351 303 429 305 386 305 31
391 346 335 346 425 351 369 351 16
390 161 386 161 433 157 429 157 60
388 165 384 165 431 161 427 161 77
388 174 383 174 431 171 427 170 145
392 177 387 176 435 173 430 173 115
392 195 386 195 435 191 430 191 90
392 201 384 201 435 197 426 197 121
393 207 383 207 435 203 425 203 82
390 217 375 215 433 213 421 213 99
393 221 380 220 435 217 421 217 90
390 256 364 255 431 253 407 253 99
392 290 357 289 433 289 399 289 50
395 302 354 302 433 303 393 302 31
397 306 356 305 435 307 393 306 45
393 332 345 331 431 335 380 334 15
398 352 344 352 435 357 377 357 15
393 348 342 346 431 353 373 352 9
396 112 392 113 439 109 435 110 91
398 126 394 126 441 123 437 123 135
395 146 391 145 441 143 438 143 92
398 163 394 163 441 159 437 159 108
396 161 392 161 439 157 435 157 105
396 167 392 167 439 163 435 163 193
396 185 390 185 439 181 434 181 120
396 191 391 191 439 187 434 187 88
399 203 390 202 441 199 433 199 106
397 231 379 230 439 227 421 227 90
399 256 370 256 439 253 413 253 146
402 269 372 268 441 267 412 267 69
397 271 367 271 437 269 407 269 83
400 280 365 280 437 279 403 279 44
402 284 368 284 441 283 406 283 60
399 286 368 285 439 285 404 285 49
399 306 357 307 437 307 395 306 35
399 313 355 313 437 315 391 315 52
402 328 354 327 439 331 389 331 24
400 332 351 331 437 335 385 335 13
399 340 348 339 437 345 382 344 16
400 102 396 102 443 99 439 99 58
404 104 400 104 447 101 443 101 81
400 120 396 120 443 117 439 117 221
400 142 396 142 443 139 439 139 121
404 162 401 159 447 157 443 158 121
402 169 398 168 445 165 441 165 154
404 167 400 166 447 163 443 163 140
404 181 398 181 447 177 441 177 138
400 183 394 182 443 179 438 179 136
403 191 396 191 445 187 439 187 121
400 195 395 195 443 191 438 191 95
404 197 397 197 447 193 440 193 130
404 203 394 202 447 199 439 199 177
406 229 391 228 445 225 433 225 106
406 233 389 233 445 229 428 229 83
405 250 382 249 445 247 422 247 75
404 256 382 255 445 253 423 252 85
403 259 378 259 445 257 418 257 91
405 273 373 273 445 271 415 271 76
409 280 376 279 447 279 413 279 52
408 286 375 286 447 285 412 285 59
405 299 366 298 445 299 403 298 46
408 311 364 311 445 313 402 312 38
407 108 403 107 449 107 445 107 310
408 118 404 118 451 115 447 115 140
410 120 406 120 453 117 449 117 229
408 139 404 139 451 135 447 135 142
407 134 400 134 449 131 443 131 227
406 150 402 150 449 147 445 147 119
410 157 406 157 453 153 449 153 129
406 173 402 173 449 169 445 169 308
406 185 401 184 449 181 443 181 125
406 193 401 193 449 189 444 189 134
406 215 391 213 449 211 437 210 116
411 265 382 265 451 263 422 263 72
416 313 370 313 451 315 405 315 27
413 310 370 309 451 311 407 311 41
414 333 365 333 451 337 395 335 20
413 132 405 132 455 129 449 129 137
416 139 412 138 459 135 455 135 350
412 143 408 146 455 141 451 142 122
414 147 410 147 457 143 453 143 235
417 161 412 160 459 157 455 157 233
416 177 410 177 459 173 453 173 221
417 183 410 183 459 179 452 179 171
413 187 406 187 455 183 448 183 201
417 185 410 185 459 181 452 181 160
415 199 408 199 457 195 450 195 160
415 207 407 206 457 203 447 203 253
421 227 403 228 459 225 443 225 128
416 235 395 234 457 231 439 231 65
414 246 392 246 455 243 432 243 69
418 259 391 259 457 257 431 257 57
420 291 383 291 457 291 419 290 29
416 306 376 305 455 307 410 307 43
417 313 373 313 455 315 412 314 23
420 337 369 336 457 341 404 341 22
420 112 416 113 463 109 459 109 169
418 116 414 117 461 113 457 115 148
420 119 416 121 463 117 459 117 132
418 137 414 137 461 133 457 133 270
422 155 417 155 465 151 460 151 152
423 187 416 187 465 183 458 183 191
423 215 412 214 465 211 453 210 136
419 217 405 217 461 213 447 213 133
425 226 407 226 465 223 449 221 136
427 232 409 232 465 229 447 229 97
425 270 395 270 465 269 434 269 57
424 285 385 286 463 285 428 285 45
423 308 381 307 461 309 418 309 46
427 120 422 120 469 117 465 116 185
426 144 425 144 469 139 467 140 535
425 159 419 158 467 155 462 155 156
429 163 423 162 471 159 466 159 100
429 173 423 173 471 169 466 169 231
427 181 420 181 469 177 462 177 234
429 177 423 177 471 173 466 173 223
425 179 418 179 467 175 460 175 206
425 195 418 195 467 191 460 191 133
427 199 420 199 469 195 461 195 147
429 197 421 197 471 193 464 193 124
429 203 421 203 471 199 463 199 196
425 209 415 209 467 205 457 205 144
430 207 424 207 471 203 463 203 325
427 221 411 220 467 217 454 217 396
426 219 413 219 467 215 454 215 162
426 242 405 242 467 239 445 239 49
429 273 400 272 469 271 439 271 37
428 287 390 287 469 287 434 287 23
426 322 379 322 467 325 414 325 14
433 347 379 346 471 353 413 352 15
434 112 430 109 477 107 473 105 185
431 121 426 121 473 119 468 120 187
433 139 428 139 475 135 470 134 145
435 141 429 141 477 137 472 137 171
430 153 425 152 473 149 468 149 130
431 161 425 160 473 157 468 157 182
433 187 425 187 475 183 467 183 215
435 185 427 185 477 181 470 181 202
431 213 423 212 475 209 465 209 130
432 240 412 240 473 237 453 237 72
432 245 411 244 475 243 452 242 38
437 263 411 263 477 261 450 261 62
436 259 411 259 477 257 451 257 63
433 267 404 267 473 265 447 264 54
434 302 395 301 473 303 432 303 47
430 299 393 298 473 299 431 299 50
434 306 392 305 473 307 429 307 49
435 341 382 339 473 347 418 346 19
441 114 436 114 483 111 478 111 236
439 120 434 120 481 117 476 117 223
437 116 432 116 479 113 475 113 167
437 130 431 129 479 127 474 127 106
439 145 432 143 481 141 475 140 143
439 151 433 151 481 147 475 147 125
439 155 433 154 481 151 476 151 106
437 169 431 168 479 165 474 165 125
441 175 435 174 483 171 478 171 152
437 171 432 171 479 167 474 167 181
439 187 430 186 481 183 472 182 324
441 183 434 182 483 179 476 179 251
437 197 429 197 479 193 471 194 337
437 215 427 215 481 211 468 211 148
438 219 424 218 479 215 466 215 139
445 225 431 225 483 221 476 222 508
442 253 417 253 481 253 456 253 47
443 261 418 261 483 259 457 259 42
443 265 417 265 483 263 456 263 38
442 280 410 280 483 279 453 279 13
441 294 404 294 481 295 442 295 43
443 300 407 299 483 301 444 301 79
442 77 438 77 485 73 477 71 31
442 86 438 86 485 83 480 83 80
444 105 440 103 487 99 482 101 174
447 106 442 106 489 103 485 101 164
443 117 438 116 485 113 480 112 178
447 145 442 145 489 141 484 141 177
445 152 439 151 487 149 481 148 328
447 163 441 161 489 159 484 159 174
443 165 437 165 485 161 479 161 198
445 165 440 164 487 161 482 161 137
445 185 436 184 487 181 478 181 360
448 205 434 204 489 201 476 201 217
445 209 432 209 487 205 474 205 182
448 213 434 212 489 209 476 209 128
444 221 430 220 485 217 471 217 155
443 234 419 233 487 231 470 231 95
451 247 427 245 489 243 468 244 35
447 261 421 261 487 259 460 259 39
449 273 418 272 489 271 457 271 30
443 276 414 276 485 275 451 275 23
447 291 409 290 487 291 445 290 20
450 311 405 310 489 313 444 312 27
454 116 448 116 495 113 490 112 280
451 129 446 129 493 125 488 125 183
451 141 446 140 493 137 488 137 186
451 163 445 163 493 159 488 159 129
453 171 449 172 495 167 490 167 238
449 173 444 172 491 169 486 169 141
451 177 446 177 493 173 488 173 289
452 220 438 220 493 217 479 217 164
452 242 431 242 493 239 471 239 21
453 257 426 257 491 255 465 255 25
453 293 415 292 493 293 453 293 35
454 307 412 307 493 309 449 309 35
455 345 400 344 493 351 438 351 20
458 92 455 89 501 87 494 89 109
455 107 450 107 497 103 492 103 196
459 109 454 108 501 105 496 105 154
457 129 452 129 499 125 494 125 165
459 138 454 139 501 135 496 135 195
457 143 451 142 499 139 494 139 208
455 147 450 147 497 143 492 143 249
457 159 452 158 499 155 494 154 123
455 165 450 165 497 161 492 161 189
459 169 454 168 501 165 496 165 120
460 203 445 202 501 199 486 199 231
460 211 445 211 501 207 486 207 240
460 222 445 222 501 219 487 219 226
457 226 442 226 499 223 484 223 133
458 234 440 234 499 231 481 231 87
460 236 442 236 501 233 484 233 202
460 296 422 296 499 297 460 297 18
458 338 408 337 497 343 440 343 25
462 94 456 94 503 91 499 90 115
463 93 458 92 505 89 499 90 258
463 102 458 105 505 99 500 99 198
463 99 458 98 505 95 500 95 239
461 109 456 111 503 107 498 107 125
465 127 460 127 507 123 502 123 299
465 143 460 143 507 139 502 139 128
463 179 456 179 505 175 498 175 328
462 187 447 187 503 183 489 183 266
467 197 452 196 507 193 495 193 191
462 194 447 195 503 191 488 191 224
464 212 448 212 505 209 490 209 135
466 228 450 228 507 225 491 225 210
463 252 438 249 503 249 478 247 19
467 261 440 260 507 259 480 259 65
465 292 424 292 503 293 461 293 15
469 95 463 94 511 91 505 91 371
467 101 462 101 509 97 504 97 282
471 127 466 127 513 123 508 123 175
469 123 464 123 511 119 506 119 257
467 136 462 138 509 133 504 134 177
469 142 464 142 511 139 506 139 386
469 153 464 153 511 149 506 149 208
467 159 462 160 509 155 504 155 190
471 165 466 165 513 161 508 161 167
468 168 462 168 509 165 504 165 156
471 171 466 171 513 167 508 167 127
468 201 453 200 509 197 494 197 184
472 202 456 202 513 199 498 199 121
469 215 457 214 513 211 496 211 165
471 245 451 245 513 243 491 243 37
467 249 444 249 509 247 485 247 19
469 307 428 305 509 309 463 309 16
471 343 417 342 511 349 456 349 17
477 95 472 94 519 91 514 91 159
477 109 472 108 519 105 514 104 103
475 143 470 142 517 139 512 139 361
473 147 467 147 515 143 510 144 539
475 152 470 152 517 149 512 150 321
475 160 470 159 517 155 512 154 273
474 206 460 206 515 203 500 203 119
476 210 461 210 517 207 502 207 178
478 220 463 220 519 217 504 217 228
477 241 459 239 519 239 494 239 80
472 254 448 254 515 253 488 253 47
479 253 453 254 517 251 491 250 26
477 264 448 264 517 263 488 263 83
478 268 449 268 519 267 490 267 79
475 264 446 264 515 263 485 263 87
477 300 438 300 517 301 477 301 13
475 311 434 310 517 313 472 313 12
481 346 424 347 519 353 463 353 21
480 89 474 91 521 87 516 86 159
481 97 476 96 523 93 518 92 149
481 95 476 94 523 91 518 91 318
481 111 475 111 523 107 518 106 94
479 113 474 112 521 109 516 108 95
482 139 476 139 523 133 518 135 82
483 161 478 160 525 157 520 156 102
480 179 473 178 521 175 515 175 218
483 183 468 182 525 179 513 179 387
482 218 467 218 523 215 508 215 200
485 229 471 230 525 225 512 227 372
482 264 455 264 523 263 495 263 75
483 270 453 270 523 269 493 269 68
481 296 441 295 521 297 481 297 9
483 312 442 312 521 315 476 315 13
485 101 480 99 527 97 522 95 124
489 118 480 117 531 115 526 114 85
488 149 482 149 529 145 524 145 216
490 157 484 156 531 153 525 153 171
486 155 480 155 527 151 522 151 308
487 197 474 196 529 193 514 193 240
489 203 474 203 529 201 515 200 147
490 210 475 210 531 207 516 207 195
488 212 473 212 529 209 514 209 219
489 218 476 217 529 215 515 215 380
489 222 475 222 531 219 516 219 338
491 236 473 236 531 233 513 233 154
489 275 458 274 529 273 498 274 45
493 51 487 51 535 49 529 47 56
495 65 490 64 537 61 532 61 93
491 79 485 81 533 75 527 77 128
495 95 490 95 537 91 534 89 259
496 102 490 102 537 99 532 98 274
493 155 488 154 535 151 529 150 255
491 162 485 163 533 159 527 159 360
492 181 478 181 533 177 519 177 216
492 194 478 194 533 191 518 191 138
494 206 479 206 535 203 520 203 184
494 212 479 212 535 209 520 209 234
492 232 475 232 533 229 516 229 264
495 272 466 272 535 271 507 271 24
494 312 450 312 535 315 489 315 13
501 53 496 53 543 49 538 49 27
497 68 492 68 539 65 534 65 164
501 91 495 92 541 89 537 87 102
500 107 494 106 541 103 536 103 132
501 128 497 128 543 125 537 124 43
500 179 491 178 541 175 532 174 222
502 230 485 230 543 227 526 227 464
498 275 466 273 539 275 507 274 16
504 94 498 94 545 91 540 90 101
508 99 502 103 549 97 543 97 129
506 109 500 108 547 105 542 105 303
504 153 498 152 545 149 539 149 64
504 165 497 164 545 161 539 161 258
504 195 494 194 545 191 535 191 100
505 202 495 202 547 199 537 199 148
507 206 497 206 549 203 539 203 163
504 212 490 212 545 209 531 209 208
503 338 451 338 545 345 489 344 13
509 91 503 91 551 87 546 86 156
514 128 508 125 555 123 549 121 94
510 123 501 124 551 119 545 119 69
510 153 504 152 551 149 543 148 82
514 183 503 182 555 179 544 179 238
512 197 501 195 553 193 542 191 129
510 200 499 200 551 197 541 197 120
510 251 486 251 551 249 527 249 65
510 312 466 312 551 315 506 315 30
512 308 467 308 553 311 508 311 28
516 121 510 121 557 117 551 117 245
518 157 512 156 559 153 553 153 103
516 155 510 155 557 151 551 151 75
518 165 512 165 559 161 553 163 273
518 187 507 187 559 183 548 183 107
517 247 490 247 559 245 531 245 218
516 303 475 303 557 305 515 305 23
517 314 473 314 557 317 512 317 28
525 72 518 70 565 67 559 66 69
523 98 515 99 563 95 558 94 88
522 121 515 121 563 117 557 117 252
522 129 515 126 563 123 557 125 164
526 155 519 154 567 151 560 151 135
522 157 515 156 563 153 557 153 191
526 166 519 167 567 163 560 163 146
522 173 515 172 563 169 556 169 187
525 177 517 177 567 173 559 173 195
522 179 514 179 563 175 555 175 146
524 225 490 224 565 223 531 223 369
522 227 488 226 563 225 529 225 256
525 229 495 228 567 227 535 227 250
526 237 495 237 567 235 536 235 279
521 238 492 240 563 237 532 238 219
526 248 496 248 567 247 537 247 197
521 261 491 261 563 261 532 260 62
525 264 494 264 567 263 535 263 92
526 275 495 275 567 275 535 275 73
523 294 488 296 565 295 526 295 18
524 299 484 299 565 301 524 301 22
523 306 483 306 565 309 521 309 28
527 55 523 54 569 51 565 50 55
528 67 522 66 569 63 564 63 108
527 89 521 89 569 85 563 85 82
530 93 523 93 571 89 565 89 96
528 98 521 99 569 95 563 95 117
530 121 524 123 571 117 565 119 120
528 164 521 164 569 161 562 161 241
532 166 525 167 573 163 566 163 130
528 171 521 171 569 167 562 167 137
527 232 497 232 569 231 537 230 244
531 231 503 232 573 229 547 228 703
528 297 491 297 571 301 532 299 20
528 303 488 303 569 305 527 305 18
529 314 487 313 571 317 523 318 30
526 349 472 349 569 357 511 357 24
529 346 475 345 571 353 514 353 39
534 55 529 55 575 51 571 51 49
535 61 530 60 577 57 572 57 56
534 92 527 91 575 87 569 87 101
536 97 529 96 577 93 571 93 115
533 109 525 109 575 105 567 105 122
534 119 527 119 575 115 568 115 150
533 221 500 220 575 219 541 217 206
536 242 501 241 579 241 543 240 444
529 279 495 281 575 279 537 280 104
541 305 497 304 579 307 536 307 17
537 349 481 349 579 357 521 357 37
533 349 478 349 575 357 517 357 28
534 352 479 352 577 361 518 361 47
541 88 535 87 583 83 576 83 149
543 89 537 91 585 87 578 87 176
542 103 534 103 583 99 576 99 210
539 119 532 119 581 117 574 115 120
544 175 533 173 585 171 578 170 205
540 173 530 172 581 169 575 170 195
542 179 532 178 583 175 574 175 128
543 209 534 208 585 207 577 206 739
539 234 504 234 581 233 545 233 434
542 270 508 271 585 271 548 271 279
540 345 487 346 583 353 526 353 37
540 350 485 350 583 359 523 358 48
548 77 542 76 589 73 583 72 134
548 81 541 81 589 77 582 77 145
550 103 542 103 591 99 583 99 93
546 111 539 110 587 107 579 107 281
548 115 541 115 589 111 582 112 251
547 173 537 173 589 169 579 169 244
544 244 507 243 587 243 548 242 588
548 253 510 254 591 253 551 253 233
546 268 508 267 589 269 549 268 309
546 277 509 276 589 277 550 277 189
548 347 491 346 591 355 534 355 27
554 77 547 77 595 73 588 73 231
551 86 544 85 593 81 586 81 230
552 109 544 109 593 105 585 105 137
556 113 547 113 597 109 589 109 157
552 131 544 127 593 127 585 127 219
552 151 544 151 593 147 585 147 241
556 153 548 152 597 149 589 149 115
551 177 539 178 593 173 581 174 245
554 215 519 213 597 213 561 212 512
553 238 518 238 595 237 559 238 733
550 247 512 247 593 247 553 247 466
554 253 516 253 597 253 557 253 361
553 260 515 261 597 261 555 261 200
552 266 514 267 595 267 555 267 163
552 284 514 283 595 285 555 285 140
550 291 512 291 593 293 553 293 76
549 343 498 343 593 351 535 351 19
559 82 553 80 601 77 594 77 367
557 112 549 111 599 107 591 106 124
557 131 549 130 599 127 591 127 227
560 151 551 151 601 147 593 147 290
562 155 553 155 603 151 595 150 184
559 157 551 155 601 153 593 152 281
558 241 521 241 603 241 562 241 473
559 252 519 252 603 253 561 253 284
558 256 518 256 601 257 559 257 175
560 261 519 261 603 261 561 261 202
556 291 517 291 599 293 558 293 61
556 301 515 301 599 303 557 303 50
555 311 511 311 599 315 553 315 56
556 317 510 316 599 321 552 321 33
558 344 504 344 601 353 544 353 18
558 351 502 351 601 359 541 360 24
564 105 555 105 605 101 597 100 148
565 125 557 124 607 121 598 122 133
565 151 557 151 607 147 598 147 240
563 149 555 149 605 145 596 145 115
565 175 557 174 607 171 599 171 139
565 177 557 176 607 173 594 174 152
566 222 527 222 609 221 569 219 275
563 226 525 225 607 225 566 225 262
565 230 525 229 609 229 567 229 259
562 233 522 233 605 233 563 233 425
566 235 526 234 609 235 567 235 315
563 249 523 248 607 249 565 249 154
565 279 525 278 609 281 566 281 39
567 300 523 300 609 303 566 303 59
565 320 520 320 609 325 561 325 54
573 52 565 53 615 47 608 47 164
573 92 564 91 615 87 605 87 230
570 96 560 96 613 91 603 91 278
569 105 561 105 611 101 602 100 187
569 115 561 111 611 109 602 111 336
573 125 565 124 615 121 606 121 205
569 149 561 149 611 145 602 145 126
571 153 563 152 613 149 604 148 267
571 195 531 193 613 193 575 194 213
567 201 530 202 611 199 572 199 240
567 253 527 253 611 253 568 253 116
568 270 531 269 613 271 567 269 33
567 273 525 273 611 275 567 275 62
570 283 529 283 613 285 570 285 17
567 285 526 285 611 287 568 287 51
569 304 529 304 613 307 570 307 57
567 313 524 313 611 317 565 317 82
569 343 515 343 613 351 556 351 12
576 69 567 69 617 65 608 65 114
575 77 567 76 617 73 609 72 157
579 97 569 97 621 93 611 93 107
577 93 567 93 619 89 609 89 112
576 99 566 99 617 95 607 95 154
577 111 568 111 619 105 610 104 199
579 149 570 149 621 145 612 145 170
576 201 536 202 619 199 580 199 156
575 219 536 219 619 217 578 217 81
577 245 536 245 621 245 578 245 117
573 248 534 248 619 249 577 249 134
575 277 531 277 619 279 574 279 38
578 273 540 273 621 275 573 275 60
573 287 529 287 617 289 571 289 23
573 291 534 289 617 293 577 293 30
574 300 533 299 617 303 575 303 40
572 306 533 306 617 309 574 309 60
573 311 531 311 617 315 572 315 67
575 335 525 336 619 341 567 341 13
585 72 577 69 627 67 619 65 122
581 108 572 107 623 103 614 103 142
581 119 571 119 623 115 613 115 149
585 117 575 117 627 115 617 115 94
581 127 572 126 623 123 613 123 110
581 125 570 125 623 121 613 121 109
585 127 575 127 627 125 617 123 179
585 137 575 139 627 135 617 133 142
581 143 572 142 623 139 613 137 119
585 180 569 179 627 177 612 175 95
582 199 545 199 623 197 585 197 164
578 246 537 246 623 247 580 247 117
585 268 545 268 627 271 586 269 61
579 281 537 281 623 283 580 283 27
582 285 541 285 627 287 584 287 33
580 302 539 301 625 305 583 305 50
579 336 526 336 625 343 568 343 16
580 340 527 342 625 349 568 349 13
589 68 580 67 631 63 622 62 250
589 107 580 107 631 103 622 105 94
589 105 580 106 631 101 622 103 110
587 135 577 135 629 133 619 132 168
591 157 578 155 633 153 620 151 208
589 166 575 167 631 163 617 161 98
591 171 578 172 633 167 620 167 61
588 182 571 182 631 179 614 179 153
590 193 577 192 633 191 623 189 269
585 318 539 318 631 323 584 323 60
585 322 537 322 629 327 580 327 39
585 329 535 329 629 335 579 335 21
595 43 589 41 637 37 631 35 219
593 52 584 52 635 47 627 46 490
593 60 584 60 635 55 626 55 337
595 68 585 67 637 63 627 62 130
593 81 582 81 637 75 624 77 199
598 108 585 111 639 103 629 102 95
597 121 588 119 639 117 629 116 46
593 131 583 130 635 127 625 126 49
595 141 584 140 635 137 627 136 159
593 220 557 220 635 219 592 219 54
594 231 554 230 639 231 598 231 32
593 229 552 230 637 231 592 231 30
594 254 553 254 639 255 595 255 49
590 277 548 277 635 279 591 279 47
590 283 549 283 635 285 592 285 58
594 304 553 303 639 307 596 307 209
589 309 544 308 637 313 592 313 111
603 48 597 47 645 43 639 42 310
599 60 590 60 641 55 632 55 216
601 111 591 111 643 107 633 106 99
599 124 591 124 641 121 631 120 41
603 136 593 136 645 133 636 132 56
599 143 590 142 641 139 632 139 94
602 147 594 146 645 143 635 142 108
599 149 585 149 641 145 627 145 141
601 153 588 153 643 149 630 149 133
601 159 587 159 643 155 630 155 112
603 164 589 164 645 161 631 160 118
598 192 562 191 643 189 605 189 229
596 194 558 194 641 191 601 191 328
598 197 561 198 643 195 604 195 182
601 224 561 224 645 223 600 223 41
601 229 560 229 645 229 600 230 47
596 235 555 235 641 235 598 235 28
598 258 557 258 643 259 600 259 29
599 262 559 262 645 263 602 263 24
598 275 557 275 643 277 600 277 41
599 277 558 276 645 279 602 279 44
595 281 554 281 641 283 597 283 39
595 285 553 285 641 287 598 287 40
599 306 557 306 643 309 600 309 106
595 311 553 311 641 315 596 315 84
596 330 546 331 641 337 590 337 41
599 340 547 340 645 349 588 347 30
598 346 545 346 645 355 588 355 35
609 52 594 53 651 47 640 47 198
609 56 597 56 651 51 641 50 179
609 62 597 62 651 57 640 56 170
608 70 597 70 651 65 639 65 123
607 143 597 142 649 139 639 139 106
607 157 597 157 649 153 639 153 192
608 161 595 160 651 157 638 157 87
605 233 563 233 649 233 607 233 81
605 237 564 237 651 237 608 237 84
603 247 563 247 649 247 606 247 68
604 263 564 262 651 263 607 265 24
605 301 565 301 651 305 609 305 94
605 341 552 340 651 349 595 348 42
604 346 551 346 651 355 594 355 39
610 67 599 66 653 61 642 61 240
611 125 597 126 653 121 642 120 101
614 163 601 162 657 159 643 158 128
612 203 580 202 657 201 620 201 115
608 209 573 211 653 207 617 208 72
611 249 569 249 657 249 613 249 96
607 260 565 260 653 261 610 261 48
609 275 571 274 655 277 612 277 35
608 281 567 281 655 283 612 283 64
609 305 569 305 655 309 613 309 143
607 318 561 318 653 323 605 323 154
606 323 561 324 653 329 603 328 83
605 332 555 335 655 341 601 341 46
617 62 604 62 659 57 647 57 177
616 72 605 72 659 67 647 66 235
617 141 605 137 659 135 647 133 214
620 145 609 144 663 141 651 139 239
621 159 609 159 663 155 651 155 165
617 159 605 159 659 155 647 155 225
614 201 582 200 659 199 626 199 178
614 207 582 206 659 205 626 204 59
616 224 576 223 663 223 622 222 128
613 235 571 235 659 235 617 235 79
612 275 569 275 659 277 617 277 120
613 283 573 283 663 285 620 285 53
615 279 577 278 663 281 620 281 47
612 301 573 301 659 305 617 305 132
616 307 576 307 663 311 620 311 204
616 320 571 319 663 325 615 325 132
614 325 568 325 661 331 612 331 79
613 345 557 344 659 353 603 352 37
622 37 597 37 667 29 641 28 433
624 64 612 63 669 57 656 57 238
625 74 612 74 667 69 656 68 267
626 145 615 143 669 141 659 139 397
624 149 610 148 667 145 653 144 375
626 155 613 154 669 151 656 151 313
626 158 613 158 669 155 656 155 396
626 169 613 171 669 165 656 167 357
623 217 582 217 669 217 627 217 106
619 216 578 216 665 215 623 215 119
623 224 582 223 669 223 627 223 88
620 227 580 227 667 227 624 227 74
622 235 581 235 669 235 627 235 131
622 256 581 256 669 257 625 257 68
620 269 580 269 667 271 624 271 42
620 303 579 302 667 307 623 306 158
618 318 574 318 665 323 619 323 185
622 323 577 323 669 329 621 329 104
632 98 621 97 675 93 663 91 592
628 139 615 141 671 135 658 135 485
627 172 613 172 671 169 655 168 339
630 178 614 178 673 175 657 175 357
623 222 583 222 671 221 628 221 106
626 233 585 233 673 233 633 233 253
628 239 588 239 675 239 633 240 296
626 254 585 254 673 255 630 255 92
625 260 585 260 673 261 631 261 38
627 272 586 271 673 275 632 275 45
625 322 580 322 673 327 625 327 166
621 329 572 328 673 337 611 335 106
627 338 575 337 675 345 621 345 25
631 216 599 216 677 215 644 215 105
630 229 590 229 677 229 634 229 129
634 237 593 237 681 237 639 237 232
631 233 591 233 679 233 637 233 115
632 246 591 247 679 247 636 247 98
629 258 585 261 677 259 634 259 69
635 271 594 270 681 271 639 271 47
630 276 590 276 677 279 634 279 49
634 280 593 280 679 283 636 283 64
630 299 589 299 677 303 634 303 155
632 295 592 295 679 299 637 299 128
631 314 588 314 679 319 634 319 291
629 340 576 339 679 349 622 348 19
637 235 597 235 685 235 643 235 411
639 258 599 258 687 259 644 259 74
635 256 595 256 683 257 640 257 103
637 271 599 271 687 273 645 273 45
636 281 597 281 687 283 644 283 84
637 279 597 278 685 281 642 281 200
636 297 595 296 683 301 640 301 123
637 312 595 312 685 317 640 317 227
635 318 592 318 683 323 637 323 154
637 351 582 351 687 361 627 361 33
648 77 623 77 693 67 667 69 432
644 164 628 164 689 161 672 160 416
648 201 628 200 693 197 669 195 339
641 235 601 235 689 235 647 235 101
645 233 605 233 693 233 651 233 89
645 241 605 240 693 241 651 241 143
644 254 605 253 693 255 647 255 163
645 267 604 267 693 269 651 269 38
641 275 601 275 689 277 647 277 63
643 273 603 272 691 275 648 275 60
643 279 604 278 691 281 649 281 52
643 306 600 306 691 311 645 311 382
645 312 601 312 693 317 647 317 168
640 347 587 347 691 357 632 356 26
643 353 585 352 691 363 632 363 41
653 57 628 56 699 49 673 48 322
653 84 627 85 699 77 672 77 145
651 128 626 127 697 123 671 122 483
652 215 614 215 699 215 659 215 197
649 229 609 229 697 229 655 229 89
648 243 608 243 697 243 655 243 223
647 239 607 238 695 239 653 239 239
650 250 610 250 697 251 654 251 90
648 256 608 256 697 257 654 257 94
651 274 611 274 699 277 656 277 32
649 292 611 292 697 295 657 295 83
647 299 606 299 695 303 652 303 190
649 332 601 332 699 339 648 339 52
658 53 633 55 703 47 679 47 271
655 79 629 80 701 73 673 74 240
657 103 630 103 703 97 676 96 79
657 190 638 190 703 189 683 187 186
654 241 615 241 703 241 661 241 102
656 252 617 251 705 253 663 253 51
657 265 617 265 705 267 663 267 21
653 293 614 293 701 297 660 297 96
654 306 611 306 703 311 657 311 237
654 347 600 347 705 357 647 356 29
663 37 634 37 709 29 677 31 355
663 56 637 58 707 49 683 49 195
664 70 639 70 711 61 686 61 73
660 66 633 69 707 59 682 57 176
664 88 638 88 711 81 684 81 39
664 96 638 95 711 89 684 89 17
663 105 635 104 709 99 682 99 40
660 107 634 107 707 101 680 101 35
664 124 637 124 711 119 683 119 49
662 144 636 143 709 139 681 139 101
666 199 645 200 711 197 690 197 168
662 253 621 253 709 255 667 255 35
658 250 618 250 707 251 665 251 57
660 256 620 257 709 257 666 257 23
665 276 623 276 711 279 668 279 34
659 301 617 301 707 305 665 305 288
661 308 618 308 711 313 665 313 176
657 323 611 322 707 329 658 329 107
657 352 601 351 709 363 651 362 26
668 72 642 71 715 65 688 64 35
669 91 644 89 717 83 689 84 23
668 100 642 100 715 93 687 92 31
670 111 643 110 717 105 689 105 22
667 114 641 112 715 107 687 107 44
670 143 643 143 717 139 689 139 23
666 141 639 141 713 137 685 136 50
670 151 643 151 717 147 689 146 39
668 155 641 155 715 151 687 151 73
670 157 644 156 717 153 689 153 42
666 161 641 161 713 157 686 157 86
669 170 643 170 715 167 688 167 57
666 182 641 182 713 179 687 179 72
671 202 646 201 715 201 691 199 140
667 237 629 236 717 237 676 237 72
666 244 628 244 715 245 673 245 83
667 248 626 248 715 249 674 249 48
666 284 627 282 715 287 674 285 39
664 299 624 299 713 303 670 303 138
667 311 622 311 717 317 670 317 153
663 313 619 313 713 319 665 319 113
665 320 618 320 715 327 665 327 93
662 337 611 336 713 345 659 345 51
666 335 616 335 717 343 664 343 32
675 73 649 72 723 65 696 65 34
674 82 647 81 721 75 694 74 18
671 97 644 96 719 91 690 89 13
672 103 645 103 719 97 692 97 14
675 109 648 109 723 103 695 102 21
672 115 645 115 719 109 691 108 23
672 122 644 122 719 117 691 116 26
675 144 648 143 723 139 695 138 25
676 160 649 161 723 157 696 156 36
676 167 649 167 723 163 695 163 43
676 172 649 172 723 169 695 169 24
676 182 650 179 723 179 695 178 27
676 191 649 189 723 189 695 187 49
669 235 630 235 719 235 677 236 79
672 235 635 237 723 237 682 237 61
673 252 633 252 723 253 681 253 42
671 267 632 265 721 269 679 267 43
670 293 633 293 721 297 680 297 99
671 301 630 300 721 305 677 305 200
673 307 629 308 721 313 675 313 408
670 333 620 332 721 341 668 341 56
667 338 615 337 719 347 664 347 43
666 350 611 350 719 361 659 361 58
680 71 653 70 727 63 699 62 38
677 67 651 66 725 59 698 58 19
677 84 651 82 725 77 697 77 22
679 86 653 86 727 79 699 78 36
678 97 651 97 725 91 697 90 17
678 107 651 107 725 101 697 101 20
679 117 653 116 727 111 699 111 22
677 133 650 132 725 127 696 128 26
681 134 654 134 729 129 700 129 41
677 141 650 141 725 137 697 136 28
679 146 652 145 727 141 699 141 24
678 155 651 155 725 151 697 151 28
680 164 653 163 727 161 699 161 19
679 170 652 170 727 167 699 167 23
678 174 651 174 725 171 697 171 20
680 186 653 186 727 183 700 183 24
682 190 655 190 729 187 701 187 25
678 195 652 195 725 193 698 193 47
680 219 653 220 727 219 699 219 31
678 228 651 228 725 227 697 226 33
678 234 651 233 725 233 698 233 27
677 288 639 287 727 293 687 291 58
677 296 635 295 729 301 687 301 159
676 301 635 301 727 305 683 305 115
678 309 634 309 729 315 682 315 212
676 313 630 313 727 319 679 319 143
688 77 661 77 735 71 708 70 36
683 98 656 96 731 91 703 89 19
685 109 658 109 733 103 705 102 23
683 151 656 151 731 147 702 146 26
687 147 659 147 735 143 706 142 18
683 180 656 180 731 177 703 176 29
687 222 659 222 735 221 707 220 18
687 232 660 231 735 231 706 231 18
684 234 656 234 731 233 703 233 27
684 260 656 260 731 261 702 261 36
684 267 654 267 733 269 699 267 21
683 286 645 285 735 291 692 289 24
683 319 637 319 733 325 683 325 134
681 329 631 329 733 337 680 337 95
682 340 630 339 735 349 679 349 55
693 45 665 46 741 37 713 36 115
689 63 663 63 737 55 711 54 41
690 82 664 82 739 75 712 74 37
692 113 665 115 741 109 712 108 42
690 128 662 128 739 123 710 122 26
689 132 661 132 737 127 708 126 37
689 150 661 150 737 145 708 145 23
691 161 663 161 739 157 710 157 22
691 169 663 169 739 165 710 165 29
692 165 664 165 741 161 712 160 15
693 176 665 176 741 173 712 173 17
693 182 665 181 741 179 712 178 24
690 191 663 191 739 189 710 189 22
689 197 661 197 737 195 708 195 14
691 217 663 216 739 215 710 215 23
693 226 665 226 741 225 712 225 14
691 234 662 234 739 233 709 233 21
688 291 649 292 737 295 697 295 56
692 294 654 294 741 297 700 297 86
690 298 650 298 741 303 698 303 164
685 314 640 315 737 321 688 321 145
686 341 634 341 739 351 683 351 48
698 45 672 45 745 39 719 38 64
698 61 672 60 747 53 720 52 85
699 67 673 67 747 59 720 59 105
695 70 668 69 743 63 716 61 47
696 86 669 85 745 79 715 77 24
696 138 669 137 745 133 716 132 22
696 180 668 180 745 177 716 177 25
696 184 668 184 745 181 716 180 31
698 182 670 181 747 179 717 179 27
698 191 670 191 747 189 718 189 24
698 209 670 208 747 207 717 207 19
695 222 667 222 743 221 714 221 15
695 230 667 229 743 229 714 229 10
698 241 670 241 747 241 717 241 16
694 245 667 245 743 245 713 244 9
696 249 668 249 745 249 715 249 10
692 304 650 304 743 309 698 309 234
689 345 636 345 743 355 686 355 74
693 343 640 342 747 353 690 353 57
702 59 675 58 751 51 724 50 143
703 63 679 61 751 55 727 53 119
704 61 683 59 753 53 730 51 121
704 70 681 70 753 63 725 62 122
702 67 679 66 751 59 726 58 135
700 75 675 75 749 67 721 67 128
699 90 674 87 749 81 722 80 28
702 92 675 91 751 85 723 84 32
702 148 678 148 751 143 726 144 56
702 157 673 158 751 153 722 153 49
702 153 678 152 751 149 729 151 54
700 163 672 162 749 159 720 159 30
702 189 673 189 751 187 721 187 21
704 203 675 203 753 201 723 201 21
702 201 674 200 751 199 721 198 16
704 216 676 216 753 215 723 215 23
704 255 675 254 753 255 723 255 13
700 251 671 251 749 251 719 251 13
700 258 671 258 749 259 718 258 12
700 320 652 320 753 327 702 327 257
699 325 650 325 753 333 701 333 138
698 341 645 340 753 351 695 351 96
694 337 642 337 749 347 692 347 74
708 75 681 77 757 67 731 67 199
706 95 678 94 755 89 726 88 39
705 111 676 112 755 105 725 105 42
706 130 677 130 755 125 725 125 35
707 156 679 155 757 151 727 152 38
708 153 687 152 757 149 735 147 73
707 161 678 159 757 157 727 156 28
706 162 678 161 755 159 726 158 28
707 174 675 173 757 171 723 169 18
708 195 679 195 757 193 727 193 13
705 201 677 200 755 199 725 199 16
707 207 674 208 757 205 721 206 46
708 212 679 212 757 211 728 210 15
708 235 678 236 757 235 727 235 11
708 239 679 239 757 239 726 239 15
703 289 663 287 755 293 715 293 20
705 316 658 316 759 323 709 323 336
703 333 652 333 759 343 703 343 60
700 339 647 339 755 349 698 349 75
702 343 649 343 757 353 699 353 82
713 94 685 92 763 87 734 86 116
711 132 682 132 761 127 731 127 18
711 141 682 142 761 137 731 138 35
711 163 681 162 761 159 729 158 28
712 164 682 164 761 161 731 160 23
713 186 683 185 763 183 732 183 15
713 189 684 189 763 187 733 186 17
715 212 686 212 765 211 734 211 27
711 231 682 231 761 231 730 231 17
712 237 683 237 761 237 731 237 15
714 286 677 286 765 289 726 290 6
711 302 667 301 763 307 718 307 148
707 337 655 337 763 347 706 347 59
719 51 697 49 767 43 745 41 223
720 64 697 63 771 57 742 56 181
718 82 691 82 767 75 740 74 355
718 103 691 103 769 97 737 95 22
719 111 691 111 769 105 739 105 19
721 115 692 115 771 109 741 109 23
717 116 688 114 767 109 737 108 20
717 132 688 132 767 127 737 127 35
720 153 690 153 771 149 740 149 28
719 174 689 173 769 171 738 170 18
719 177 689 177 769 173 738 173 21
721 221 691 221 771 221 739 221 16
717 229 688 228 767 229 736 229 15
721 241 690 241 771 241 739 241 19
719 244 689 244 769 245 738 245 14
716 264 687 264 767 265 736 266 16
713 309 669 309 767 315 720 315 178
717 311 671 311 771 317 723 317 241
713 318 669 318 769 325 720 325 333
716 320 671 320 771 327 722 327 207
712 322 665 322 767 329 717 329 132
711 333 660 333 767 343 711 342 57
714 349 658 349 771 361 710 361 99
725 53 700 52 775 45 749 44 138
724 59 701 59 775 51 749 50 110
724 140 695 140 775 135 745 134 21
726 155 696 155 777 151 747 150 16
724 161 694 161 775 157 744 156 19
726 167 696 167 777 163 746 163 23
723 168 693 168 773 165 743 164 21
724 174 694 173 775 171 743 170 17
723 194 693 193 773 193 741 192 13
722 207 692 206 773 205 741 205 13
726 208 695 209 777 207 744 207 16
724 205 695 204 775 203 743 203 27
725 223 694 223 775 223 743 223 24
724 251 693 254 775 255 743 255 17
723 266 691 265 773 267 740 267 14
725 266 694 266 775 267 742 267 21
723 303 681 303 777 309 732 309 136
717 333 665 331 773 343 716 341 58
732 99 704 99 783 93 754 92 20
728 121 699 121 779 115 749 115 25
731 133 701 134 781 129 751 128 26
728 130 698 131 779 125 747 126 21
732 159 702 158 783 155 752 154 20
730 173 699 172 781 169 749 169 12
732 210 701 210 783 209 750 209 12
731 220 700 218 783 219 751 218 20
732 233 702 233 783 233 751 233 19
730 246 699 246 781 247 749 246 22
728 248 697 248 779 249 746 249 19
731 251 701 250 783 251 750 251 22
728 264 697 263 779 265 746 265 14
730 284 695 283 783 287 744 287 13
725 291 687 291 779 295 738 294 17
722 337 669 337 779 347 721 347 45
737 47 714 45 787 39 763 39 112
734 74 708 73 787 65 757 66 122
736 102 707 103 787 95 757 96 16
736 109 708 107 787 103 757 104 22
737 123 707 122 789 117 758 116 19
734 145 703 145 785 141 754 140 19
733 147 703 147 785 143 753 142 20
735 172 704 172 787 169 754 169 20
734 183 703 183 785 181 754 179 17
733 201 701 201 785 199 753 199 17
737 202 707 202 789 201 756 200 15
736 231 706 231 787 231 756 231 44
734 228 704 227 785 229 753 229 25
734 248 702 249 785 249 752 250 18
734 263 703 263 787 265 752 265 12
734 267 702 267 785 269 752 269 9
736 282 701 282 789 285 751 285 13
733 291 691 291 787 295 746 295 11
730 318 683 317 785 325 735 325 217
730 316 684 316 785 323 736 323 142
735 321 688 321 789 329 738 329 103
730 327 680 327 785 335 731 335 91
744 74 717 74 795 67 767 66 191
740 75 713 74 791 67 761 66 155
742 94 712 93 793 87 763 87 29
741 119 712 119 793 113 762 113 14
742 155 710 156 793 151 762 152 24
741 183 710 183 793 181 760 181 12
743 193 712 193 795 191 763 191 16
740 211 710 208 793 207 761 206 19
742 218 711 218 795 217 762 217 17
741 220 710 219 793 219 760 219 28
739 237 707 237 791 237 757 237 32
739 252 709 250 791 253 760 251 19
742 258 710 258 795 259 761 259 14
739 257 706 258 791 259 757 259 18
742 271 707 271 793 273 760 273 13
738 307 692 306 793 313 746 313 139
740 310 696 310 795 317 748 317 196
737 314 691 314 793 321 744 321 160
739 329 690 329 795 337 741 337 86
735 337 681 337 793 347 736 347 85
736 338 682 338 795 349 737 349 111
734 348 678 348 795 361 733 361 136
750 47 723 49 801 37 773 39 143
746 73 718 73 797 65 768 66 181
748 90 720 91 801 83 770 82 64
746 95 718 93 799 87 768 86 24
748 113 718 113 801 107 769 106 27
747 175 717 173 801 171 767 171 23
745 186 714 185 797 183 765 183 14
748 227 717 227 801 227 769 227 18
746 237 714 236 799 237 765 237 37
746 248 713 248 799 249 764 249 32
748 257 715 258 801 259 766 259 14
747 267 714 265 799 269 765 267 11
741 316 695 316 799 323 750 323 198
745 321 697 321 799 329 742 328 341
743 325 695 325 797 333 744 333 121
741 336 690 337 801 347 744 347 82
756 57 733 58 807 51 783 49 172
751 61 729 59 803 53 778 52 147
753 63 732 63 805 55 782 55 138
752 78 724 81 803 71 773 73 143
752 101 722 101 805 95 774 94 31
750 130 719 130 803 125 770 125 27
754 135 723 134 807 129 775 129 29
748 158 721 155 803 153 773 151 24
750 191 719 190 803 189 770 189 14
754 201 723 200 807 199 774 199 23
750 231 719 231 803 231 770 231 25
752 251 718 251 805 253 770 252 16
750 265 715 265 803 267 768 267 15
751 271 719 269 805 273 769 273 10
749 268 716 268 803 271 766 270 13
750 293 708 296 805 299 756 297 16
756 108 726 108 809 101 777 100 25
757 109 728 109 811 103 779 102 28
759 115 728 115 813 109 780 108 31
757 121 727 120 811 115 778 115 22
755 129 725 129 809 125 776 123 37
757 134 726 134 811 129 778 129 24
759 157 728 157 813 153 780 153 21
756 163 725 162 809 159 777 158 16
757 166 727 166 811 163 779 162 15
759 181 727 179 813 177 780 177 28
756 182 724 182 809 179 776 179 24
760 186 728 186 813 183 780 183 13
755 196 724 196 809 195 777 195 19
756 212 724 212 809 211 776 211 18
760 221 728 221 813 221 780 220 29
757 239 724 238 811 239 776 239 22
755 256 723 254 809 257 775 255 11
757 259 723 258 811 261 776 259 16
757 272 723 273 811 275 774 274 15
755 310 713 310 813 317 765 317 76
749 345 692 345 809 357 748 357 73
763 123 732 122 817 117 784 117 20
761 151 729 151 815 149 781 149 22
765 197 733 196 819 195 786 194 14
761 198 730 198 815 197 782 197 20
762 224 730 223 815 223 782 223 38
765 223 737 225 819 223 786 223 21
759 229 729 229 815 229 779 228 19
764 246 730 245 819 247 783 247 19
762 257 728 257 817 259 781 259 14
764 261 729 261 819 263 782 263 14
759 271 723 269 815 273 778 272 13
763 276 729 276 819 279 782 279 13
760 285 723 285 815 289 775 290 13
760 291 721 291 815 295 771 295 14
756 314 710 314 817 321 768 321 230
761 312 715 311 819 319 770 319 91
758 330 708 330 817 339 765 340 108
755 350 698 350 817 363 754 363 107
771 74 741 72 825 65 794 64 42
768 104 736 103 823 97 790 96 35
770 108 738 108 825 101 791 101 30
769 128 737 129 823 123 790 123 21
767 136 735 136 821 131 788 130 18
765 150 732 149 823 145 786 144 37
767 176 735 175 821 173 788 172 23
770 184 738 183 825 181 791 181 29
766 181 735 179 821 179 789 178 17
768 195 737 195 823 193 790 193 26
770 198 739 197 825 197 792 196 18
766 201 734 201 821 199 788 199 22
770 204 739 204 825 203 791 203 22
769 216 737 215 823 215 790 214 15
771 221 739 221 825 221 792 220 14
768 230 736 230 821 231 789 230 21
770 229 739 228 825 229 791 228 26
770 244 735 243 825 245 788 244 29
766 248 731 247 821 249 784 249 14
768 264 733 264 823 267 787 267 25
768 268 733 267 823 271 786 271 22
765 288 726 287 825 293 781 292 15
765 292 725 293 821 297 779 297 11
768 297 724 298 823 303 780 303 10
766 301 724 302 823 307 780 307 25
763 317 715 318 821 325 771 325 140
760 342 705 342 821 353 760 351 38
772 78 743 77 827 69 796 68 32
776 140 744 140 831 135 798 135 39
774 144 742 143 829 139 795 139 29
772 181 740 181 827 179 793 179 32
773 191 740 189 827 189 793 187 16
772 189 740 188 827 187 794 186 18
772 220 739 220 827 219 793 219 16
773 240 738 240 829 241 792 241 21
775 255 740 255 831 257 794 256 11
775 263 739 262 831 265 793 265 11
773 269 738 268 829 271 791 272 21
773 312 727 311 831 319 782 319 54
770 315 723 315 829 323 779 323 67
769 320 721 320 829 329 777 329 139
770 327 720 327 831 337 776 337 110
767 331 715 331 829 341 773 341 57
766 336 714 337 827 347 770 347 40
780 79 749 79 835 71 802 70 47
781 87 751 85 837 79 804 78 32
778 101 747 100 835 93 802 91 27
779 108 748 107 835 101 801 100 25
779 144 747 143 835 139 801 138 41
780 185 745 182 833 181 799 180 20
781 189 749 189 837 187 803 187 23
778 212 746 211 833 211 800 211 16
781 210 750 210 837 209 803 209 24
779 218 748 217 835 217 802 216 13
781 216 750 215 837 215 803 215 13
776 248 741 248 833 249 795 249 19
779 251 743 251 835 253 797 252 27
775 253 741 255 833 257 796 256 15
778 267 742 267 833 271 796 270 18
780 270 745 269 837 273 799 273 31
780 279 744 279 837 283 798 283 22
775 283 741 284 833 287 789 286 18
773 317 727 317 833 325 781 326 172
775 326 725 325 835 335 781 335 108
774 329 724 330 835 339 781 339 155
773 341 719 341 835 353 776 353 67
785 69 755 68 839 61 808 60 44
787 87 757 87 843 79 811 78 38
783 89 752 89 839 81 806 80 33
785 108 753 107 841 101 807 100 25
783 113 752 112 839 107 804 109 27
787 202 754 202 843 201 809 200 16
782 247 746 247 839 249 801 249 20
786 259 748 258 843 261 804 261 27
784 262 748 263 841 265 801 265 19
787 278 749 277 843 281 804 281 17
782 303 739 302 841 309 795 309 27
781 315 734 314 841 323 790 323 67
794 71 763 70 849 63 818 61 39
793 90 761 91 849 83 817 82 33
790 146 759 145 847 141 812 140 41
792 202 760 202 849 201 814 200 20
789 227 757 227 845 227 811 227 25
789 234 753 234 847 235 807 234 43
789 276 752 275 847 279 807 279 17
791 283 754 283 849 287 809 287 14
789 286 749 286 845 291 805 291 13
788 297 744 296 847 303 801 302 18
795 32 767 32 851 25 819 23 214
797 84 766 83 855 75 821 75 29
796 142 763 142 853 137 818 136 34
794 163 761 162 851 159 816 159 30
797 170 763 167 855 167 813 169 61
797 189 763 189 853 187 819 187 26
796 195 763 195 853 193 818 193 19
797 217 766 217 855 217 821 217 12
795 245 758 245 853 247 813 247 20
793 247 756 247 851 249 811 249 22
794 253 757 253 853 255 813 255 24
795 262 757 263 853 265 813 265 35
794 268 757 270 853 271 812 271 25
794 276 757 275 853 279 813 279 19
793 284 755 284 851 289 811 288 15
791 310 749 312 853 319 803 318 62
792 327 741 327 855 337 800 337 78
791 334 739 334 855 345 798 345 65
792 339 738 339 855 349 795 349 49
791 342 737 341 855 355 796 354 22
805 51 773 51 859 43 827 42 240
801 97 769 96 859 89 825 88 35
804 137 767 139 861 133 827 132 39
803 144 771 144 861 139 827 139 21
801 163 768 163 859 159 824 159 36
803 193 770 193 861 191 827 189 14
804 210 771 210 861 209 827 209 9
802 214 770 214 859 213 825 213 15
804 227 771 226 861 227 827 227 21
802 249 765 249 861 251 822 251 23
798 266 760 266 857 269 817 270 24
802 270 764 270 861 273 820 273 19
793 318 745 317 859 327 806 327 174
795 329 745 329 859 339 804 339 138
807 80 775 79 865 71 831 71 21
809 117 779 117 867 111 833 109 43
805 129 773 128 863 123 829 123 23
809 138 776 138 867 133 832 132 16
807 142 775 142 865 137 831 137 35
809 160 775 161 867 157 832 157 57
807 176 774 176 865 175 830 174 51
809 200 776 200 867 199 832 199 19
809 204 776 203 867 203 832 202 12
807 221 775 221 865 221 831 221 22
804 245 766 245 863 247 823 247 27
807 252 769 252 867 255 827 255 34
803 264 765 264 863 267 822 267 19
800 308 756 308 863 315 813 316 43
799 316 753 316 863 325 812 325 101
800 320 751 320 863 329 810 329 229
803 327 752 327 867 337 813 337 123
803 338 748 340 867 351 809 351 65
812 131 780 130 871 125 836 125 12
811 140 779 140 869 135 835 135 26
811 186 777 184 869 183 834 183 27
811 197 775 197 869 193 835 193 16
810 201 778 201 869 201 834 200 12
815 212 783 212 873 211 839 211 14
812 227 780 227 871 227 836 227 20
809 236 772 236 869 237 829 237 40
814 236 781 235 873 237 839 235 59
809 264 770 264 869 267 828 267 24
811 267 773 267 871 271 830 271 15
811 284 771 284 871 289 829 289 31
813 288 772 288 873 293 830 293 22
808 318 757 317 871 327 819 327 126
806 345 750 345 873 357 811 357 29
820 75 788 74 879 65 845 65 96
818 97 785 96 877 89 843 88 34
819 115 787 115 879 109 843 108 46
818 144 785 143 877 139 842 138 37
820 153 786 153 879 149 841 150 83
816 183 782 183 875 181 839 181 52
820 193 787 192 879 191 844 190 15
817 204 785 203 877 203 842 203 18
816 217 784 217 875 217 841 217 15
814 271 775 271 875 275 833 275 11
816 275 776 274 877 279 835 279 28
818 278 778 278 879 283 837 283 19
814 280 775 281 875 285 833 285 23
816 286 776 286 877 291 835 292 33
814 294 774 294 875 299 831 299 10
810 325 760 326 875 335 821 335 198
812 332 761 332 879 343 822 343 182
823 79 791 77 883 69 849 68 29
822 93 790 92 881 85 847 84 26
823 91 791 90 883 83 849 82 22
824 99 792 98 883 91 849 91 34
823 123 791 122 883 117 848 117 28
822 144 789 143 881 139 846 139 31
824 183 792 184 885 183 849 181 28
823 200 791 200 883 199 847 198 25
826 219 793 219 885 219 851 218 17
822 217 789 217 881 217 847 216 15
824 241 787 240 885 243 843 244 60
824 249 784 248 885 251 843 252 52
822 268 782 267 883 271 841 271 22
821 264 782 265 883 269 841 269 34
819 273 779 272 881 277 838 277 17
821 275 781 275 883 279 840 279 23
821 295 777 296 883 301 840 301 13
818 319 769 319 883 329 831 329 129
818 323 768 323 883 333 829 333 157
815 328 765 328 881 339 825 339 119
831 123 798 123 891 117 857 117 33
828 140 794 140 887 135 852 135 20
829 191 796 191 889 189 854 189 15
827 196 794 195 887 195 852 194 14
828 223 795 223 887 223 853 222 15
829 231 796 231 889 231 855 231 19
826 247 788 247 887 249 847 249 45
829 266 791 267 891 269 849 269 23
825 287 784 287 887 293 843 293 28
825 293 785 293 889 299 845 299 15
825 305 785 307 889 313 841 311 18
827 313 779 313 891 323 840 321 81
824 321 775 321 889 331 836 331 65
819 342 764 342 887 355 827 355 32
834 125 799 124 895 119 861 118 41
836 151 803 150 897 147 862 145 19
836 148 802 147 897 143 862 142 17
832 158 798 157 893 155 857 154 56
838 213 804 211 897 211 863 211 16
835 217 802 216 895 217 860 217 17
837 229 804 229 897 229 862 229 22
830 280 790 279 893 285 849 285 22
832 284 790 284 895 289 851 289 27
830 290 789 289 893 295 849 295 16
831 301 787 301 895 309 848 308 15
828 324 778 324 895 335 839 333 102
828 328 776 328 895 339 839 339 96
824 339 773 340 893 351 834 351 64
827 335 774 335 895 347 837 347 97
838 127 804 127 899 121 863 121 23
839 135 804 135 901 129 865 129 17
841 138 807 139 903 133 867 133 20
842 147 808 147 903 143 868 141 18
838 153 804 153 899 149 864 149 16
842 153 808 153 903 149 867 148 16
840 173 806 174 901 171 866 169 26
838 177 805 177 899 175 864 174 30
840 210 806 209 901 209 866 209 14
839 220 806 220 899 219 865 220 11
840 230 808 230 901 231 866 231 14
839 246 799 246 903 249 860 249 37
839 289 797 289 903 295 859 295 33
833 330 781 330 901 341 845 341 125
832 335 779 335 901 347 843 347 82
830 339 775 340 899 351 840 351 71
832 349 775 349 903 363 841 363 56
843 95 810 94 905 87 870 86 23
846 97 813 96 909 89 873 88 21
843 103 810 104 905 95 869 94 21
847 129 813 128 909 123 874 122 12
847 159 813 158 909 155 873 155 16
847 177 813 176 909 175 873 173 20
845 187 812 187 907 185 871 185 14
845 203 811 205 907 203 872 203 26
846 213 813 212 907 213 872 212 18
848 217 815 217 909 217 874 217 16
846 225 813 224 907 225 872 224 17
843 245 803 244 907 247 864 246 26
845 246 805 246 909 249 866 249 28
845 267 801 268 909 271 866 270 33
841 265 800 265 905 269 862 269 25
844 296 802 297 909 303 864 303 19
843 307 799 304 907 313 861 313 17
838 333 786 333 907 345 850 345 77
838 337 784 337 907 349 848 349 77
851 84 818 83 913 75 878 74 38
852 105 817 102 913 95 878 96 14
848 112 817 111 911 105 877 104 20
852 121 815 121 915 115 879 114 24
848 125 815 125 911 119 875 118 11
852 150 818 149 915 145 879 144 13
849 157 816 157 911 153 875 152 21
852 166 819 166 915 163 879 162 19
849 189 816 188 911 187 876 186 13
852 194 819 194 915 193 879 193 12
851 198 817 198 913 197 877 197 10
850 209 817 209 911 209 876 209 13
850 215 817 215 911 215 877 215 15
849 254 809 254 913 257 874 257 44
847 283 805 283 913 289 867 288 35
848 289 808 289 913 295 869 295 33
848 292 805 291 913 299 868 299 25
846 298 804 298 913 305 866 305 33
850 304 804 304 915 311 868 312 18
842 322 792 321 911 333 857 333 40
844 328 793 328 913 339 857 339 62
856 40 824 39 919 27 885 26 25
855 35 822 35 917 23 884 21 41
854 123 820 122 917 117 881 117 17
856 134 822 134 919 129 883 128 22
858 138 824 137 921 133 885 132 12
858 151 823 151 921 147 885 146 18
857 147 822 147 919 143 883 142 23
856 163 822 162 919 159 883 159 15
858 167 824 166 921 163 885 163 15
854 174 821 173 917 171 881 170 18
856 170 821 167 919 167 883 166 24
854 183 820 183 917 181 881 180 18
854 191 821 190 917 189 881 189 14
858 205 825 205 921 205 885 204 25
858 225 825 224 919 225 883 225 12
853 281 813 281 919 287 874 287 22
855 287 811 287 921 293 873 293 20
852 294 810 293 917 301 872 300 21
853 300 810 300 919 307 873 307 28
848 326 797 326 917 337 862 337 33
851 330 801 330 921 341 864 341 41
862 38 830 37 925 27 890 26 27
861 92 827 92 925 83 889 82 25
859 124 827 121 923 117 887 116 31
859 149 825 148 923 145 887 144 16
861 154 827 153 925 149 888 149 17
862 183 828 183 925 181 889 181 15
864 204 830 204 927 203 892 203 21
863 248 827 248 927 251 889 250 32
859 285 815 285 925 291 879 291 41
866 78 832 78 929 69 893 69 44
866 93 832 92 931 85 895 84 22
870 115 836 113 933 107 898 107 26
869 137 835 137 933 133 897 131 35
865 149 831 149 929 145 893 144 27
865 159 830 158 929 155 892 154 12
867 166 833 165 931 163 895 162 12
869 170 834 171 933 167 897 167 15
868 181 835 181 933 179 897 178 18
867 195 834 195 931 195 896 194 17
869 208 836 208 933 207 897 207 16
872 228 839 228 933 229 901 229 10
867 247 831 247 931 249 893 249 24
869 243 833 242 933 245 895 245 23
861 271 819 271 929 275 882 275 27
865 274 823 274 933 279 885 279 27
863 288 819 289 931 295 883 294 25
863 298 819 297 933 305 883 305 22
865 307 819 307 933 315 881 314 14
864 303 820 303 933 311 885 311 14
874 36 843 33 939 23 905 21 37
872 93 839 92 937 85 900 84 27
874 161 840 160 939 157 903 156 14
871 170 837 170 935 167 899 166 15
873 177 839 177 937 175 901 174 13
871 202 838 201 935 201 900 201 21
874 204 841 203 937 203 902 202 18
873 221 840 220 937 221 902 221 9
874 232 840 235 937 233 903 233 14
867 263 825 262 935 267 891 266 30
867 267 824 268 935 273 887 273 20
867 278 824 278 935 283 888 283 28
870 280 826 281 939 287 892 287 27
868 296 825 296 937 303 889 302 24
867 299 823 299 937 307 889 307 15
869 320 821 319 935 331 888 331 14
863 348 803 348 937 363 873 364 18
877 41 844 38 941 29 903 30 56
878 88 845 87 943 79 907 78 37
879 98 845 97 945 89 908 89 25
878 110 843 110 943 103 906 103 49
879 136 845 136 945 131 908 131 15
880 159 846 158 945 155 909 156 23
877 165 842 165 941 161 906 161 18
880 170 847 169 945 167 910 166 19
877 172 843 171 941 169 906 168 18
878 201 844 201 941 201 905 201 28
879 226 846 226 943 227 908 227 14
879 255 834 255 943 261 902 260 30
875 301 830 301 945 309 896 309 18
865 346 809 343 941 361 877 361 26
883 128 847 127 947 121 910 120 26
882 153 848 152 949 149 912 148 13
882 213 849 212 947 213 912 212 11
884 217 851 217 949 217 913 217 12
884 229 852 232 949 233 914 232 23
886 237 853 237 951 239 916 239 19
881 278 837 278 951 283 903 284 17
877 282 833 282 947 289 899 289 32
879 297 835 297 951 305 901 305 35
879 340 825 340 951 353 890 353 20
874 339 819 339 949 353 888 353 19
890 70 857 69 957 59 921 59 21
887 96 853 95 953 87 916 87 43
890 98 856 99 957 89 921 88 31
885 126 851 125 953 119 917 118 22
886 132 852 131 953 125 916 125 18
887 149 853 148 953 145 917 144 21
889 151 854 150 955 147 918 146 14
887 157 853 156 953 153 917 152 11
891 180 857 180 957 177 920 178 18
891 185 857 184 957 183 921 183 20
887 217 855 216 953 217 917 217 14
889 236 856 235 955 237 919 238 13
883 266 837 266 955 271 906 270 20
885 282 841 282 957 289 907 289 19
883 280 837 281 953 287 905 287 26
887 294 839 294 957 303 910 302 27
885 308 841 309 957 317 906 317 33
878 336 823 336 953 349 893 349 20
881 338 828 338 957 351 898 351 13
892 133 857 133 959 127 921 127 21
897 161 863 160 963 157 927 157 14
892 174 859 174 959 171 923 171 11
896 175 863 175 963 173 927 172 20
897 191 863 190 963 189 928 189 20
897 241 863 241 963 243 927 242 14
889 271 844 271 961 277 911 278 23
891 302 844 303 963 311 913 311 39
888 310 841 310 961 319 909 319 23
902 62 869 61 967 53 932 52 20
897 96 864 95 967 87 928 86 14
898 109 864 108 965 101 929 100 34
901 132 866 132 969 125 933 124 32
901 202 866 202 967 201 931 201 21
901 205 867 205 967 205 931 204 13
900 222 867 221 967 223 931 222 10
904 225 870 225 969 227 932 228 14
900 232 867 232 967 233 931 233 22
900 242 866 241 967 243 932 241 15
896 246 864 245 965 247 930 247 25
900 247 867 247 967 249 932 249 23
893 257 847 257 965 261 916 261 38
893 299 845 299 965 307 915 307 28
896 306 848 306 969 315 918 315 35
890 343 833 343 967 357 904 358 15
886 348 828 347 965 363 902 363 21
902 101 869 101 971 93 935 93 16
907 151 873 150 975 147 939 146 28
906 205 872 204 973 205 937 204 17
909 212 875 212 975 213 941 211 14
907 214 873 214 973 215 938 214 11
908 232 872 233 973 235 936 235 21
900 265 855 264 973 269 924 269 25
899 284 852 284 973 291 922 291 30
901 293 853 293 975 301 923 301 16
897 306 850 306 971 315 919 315 42
901 313 852 313 975 323 922 323 19
900 318 849 319 975 329 922 329 13
897 334 841 331 973 347 915 347 11
913 79 879 78 981 67 945 66 26
912 131 878 130 981 125 945 124 34
910 134 876 133 979 127 942 127 37
910 155 876 155 979 151 943 150 40
912 159 878 159 981 155 945 154 58
909 168 875 167 977 165 941 164 13
913 163 878 163 981 161 944 160 37
912 180 877 179 981 177 944 177 15
910 194 877 193 979 193 941 192 20
911 216 875 217 977 217 941 217 21
911 216 880 215 981 215 945 215 14
911 237 878 237 979 239 943 239 14
912 246 879 247 979 249 943 250 25
904 267 857 265 979 273 930 272 28
907 273 861 273 981 279 931 279 24
905 276 859 276 979 283 929 282 26
918 73 884 72 987 63 951 62 27
919 162 884 164 987 159 950 160 63
916 183 882 183 985 181 949 180 18
918 188 884 187 987 185 950 185 14
915 201 882 201 985 201 948 200 12
916 221 885 223 985 221 948 221 12
916 228 886 226 983 229 948 229 20
916 226 883 226 985 227 948 226 11
913 233 879 233 983 235 945 235 18
917 248 885 247 985 251 950 250 28
908 286 859 288 983 293 930 292 29
911 305 861 305 987 315 933 314 15
907 309 858 309 983 319 930 319 22
911 311 862 311 987 321 934 321 18
919 78 889 81 991 69 954 69 48
923 117 893 116 993 111 956 110 158
920 192 886 192 989 191 953 190 15
921 207 889 206 989 205 954 205 22
919 204 887 205 989 203 952 203 16
924 211 890 212 993 213 957 212 8
913 262 869 259 989 267 940 265 30
915 280 865 281 991 289 937 288 37
914 298 865 298 991 309 937 307 23
915 310 865 309 991 319 938 320 27
917 313 866 312 993 323 938 323 34
911 316 863 317 989 327 934 327 23
911 319 863 322 991 333 935 333 15
927 189 893 188 997 187 960 187 12
928 195 894 195 997 193 961 193 17
925 207 891 207 995 207 960 205 10
928 218 893 218 997 219 960 219 8
930 231 895 231 999 233 962 233 10
918 296 868 296 995 305 941 305 24
920 323 869 323 999 335 943 335 21
933 95 900 97 1003 89 968 88 224
933 233 898 234 1003 235 966 235 13
934 236 900 236 1005 239 969 237 12
924 255 879 255 1001 261 957 259 39
924 265 876 265 1001 271 949 271 29
925 307 875 307 1003 317 949 317 24
925 316 877 317 1003 327 948 327 30
925 312 876 312 1003 323 949 323 26
923 314 872 314 1001 325 946 325 30
923 320 872 320 1001 331 946 331 25
922 325 871 325 1001 337 946 337 17
941 94 911 93 1011 85 976 84 246
936 95 902 94 1007 87 972 86 231
935 200 902 200 1007 199 971 198 15
940 204 905 203 1011 203 975 203 12
939 221 904 220 1009 221 974 221 12
936 228 902 228 1007 229 971 229 12
931 262 883 261 1009 267 955 267 30
928 273 879 273 1007 283 953 281 23
932 303 882 303 1011 313 956 312 22
930 307 880 308 1009 317 955 318 25
927 321 879 322 1007 333 951 333 26
942 197 908 195 1013 195 978 194 24
941 206 907 205 1013 205 976 205 13
939 265 892 267 1017 271 967 273 36
936 319 884 319 1017 331 960 331 17
932 323 881 323 1013 335 959 337 20
929 340 875 340 1017 355 955 355 14
940 145 891 144 1023 139 969 138 108
939 156 888 156 1021 151 965 151 101
947 203 911 204 1019 203 982 203 26
950 211 917 210 1023 211 987 209 9
947 208 913 208 1019 209 982 208 12
953 239 920 240 1023 243 989 242 11
942 263 894 262 1021 267 970 267 29
942 135 893 134 1025 129 970 128 234
941 149 892 148 1025 143 970 142 169
954 214 920 213 1027 215 990 214 13
944 259 898 258 1027 263 974 263 29
949 262 900 262 1029 267 977 267 22
943 311 890 311 1025 323 968 323 29
944 315 891 313 1027 327 968 325 25
945 321 892 321 1029 333 971 333 40
941 328 890 330 1027 343 968 343 23
951 135 901 134 1035 129 979 128 228
951 154 899 154 1035 149 978 149 281
951 160 899 160 1035 155 978 155 175
951 265 905 265 1033 271 980 271 21
951 299 898 300 1035 309 976 308 17
948 313 896 313 1031 325 973 325 30
949 319 896 319 1033 331 974 331 42
947 337 891 337 1031 351 970 351 17
950 333 895 333 1035 347 975 347 24
955 155 903 155 1039 151 983 150 344
957 166 906 165 1041 163 985 162 194
967 222 933 221 1041 223 1006 222 16
956 287 905 288 1041 297 983 297 17
954 295 901 295 1039 305 980 305 15
954 314 901 314 1041 325 983 324 65
953 321 899 320 1037 333 978 333 43
953 336 901 336 1039 351 978 351 14
954 343 897 344 1041 359 976 359 17
961 149 910 149 1043 143 989 144 347
960 163 909 163 1045 159 989 159 159
962 165 912 165 1047 161 990 160 133
959 290 905 288 1045 299 985 298 23
961 308 907 307 1047 319 987 319 22
959 311 906 310 1045 323 987 323 40
960 325 905 325 1047 339 987 339 34
959 330 905 330 1045 343 985 343 22
965 145 911 143 1053 141 998 141 208
964 150 913 150 1051 145 993 144 248
965 163 914 162 1051 159 994 159 137
964 175 914 175 1049 175 994 175 49
965 194 911 193 1051 193 994 193 43
963 291 908 291 1049 301 990 302 18
964 301 909 301 1049 311 990 312 30
966 306 911 305 1053 317 992 317 20
963 328 909 328 1049 341 990 342 30
962 335 907 337 1049 351 981 351 40
960 339 903 339 1049 355 985 355 24
969 146 921 147 1059 143 1001 141 311
970 167 919 167 1057 163 1000 163 72
969 196 915 197 1055 193 997 195 41
970 298 917 298 1059 309 999 309 26
974 164 923 163 1061 161 1004 161 74
975 175 921 173 1063 173 1006 173 54
975 180 924 181 1063 179 1006 178 42
973 319 918 319 1061 333 1001 333 33
981 150 930 150 1069 145 1013 145 165
982 157 931 156 1071 153 1014 152 138
982 165 930 165 1071 161 1013 161 73
979 292 924 293 1069 303 1010 303 23
978 302 922 302 1067 313 1006 314 22
980 331 927 332 1069 345 1006 345 33
979 327 924 327 1069 341 1007 341 40
978 329 922 329 1067 343 1005 343 43
986 148 935 147 1075 143 1019 143 117
984 154 933 154 1073 149 1016 149 121
984 161 933 160 1073 157 1016 156 159
985 165 933 165 1075 161 1017 161 70
987 190 935 189 1075 189 1018 188 31
988 186 936 185 1077 185 1021 183 31
983 299 928 298 1073 309 1011 309 23
985 299 930 300 1077 311 1016 311 23
987 311 931 311 1077 323 1014 323 23
993 159 941 159 1083 155 1026 155 74
989 179 937 178 1079 177 1021 176 20
992 188 940 188 1083 187 1025 186 32
987 341 930 341 1079 357 1016 358 29
988 337 933 338 1081 353 1019 354 22
998 188 945 187 1089 187 1031 186 22
994 292 938 292 1087 303 1025 303 32
992 301 933 303 1085 313 1023 313 32
994 305 938 306 1087 317 1024 317 35
993 325 939 325 1085 339 1024 339 43
996 339 937 339 1089 355 1024 355 29
994 345 935 345 1089 361 1021 361 28
1001 145 951 143 1095 141 1036 140 46
1001 161 948 160 1093 157 1035 156 52
1000 170 947 169 1091 167 1033 167 44
1001 180 949 179 1091 177 1035 177 21
1004 215 951 215 1095 219 1038 217 42
1000 295 942 295 1095 307 1030 307 37
997 321 939 321 1091 335 1028 335 46
1001 330 944 330 1095 345 1032 346 61
999 335 941 335 1093 351 1028 351 33
1002 337 943 337 1095 353 1030 353 27
1000 341 941 341 1093 357 1029 358 19
1003 154 951 153 1097 149 1039 148 40
1006 206 952 205 1099 207 1040 206 35
1004 208 950 208 1097 209 1038 209 51
1007 287 949 287 1101 297 1037 297 27
1002 331 945 333 1097 347 1034 348 60
1009 156 956 155 1103 151 1045 150 46
1011 153 958 152 1105 149 1046 148 44
1010 175 956 171 1103 171 1044 171 36
1013 183 961 183 1107 181 1051 181 20
1010 199 956 200 1103 199 1045 199 20
1011 204 957 204 1105 205 1046 205 24
1009 210 954 211 1103 211 1041 213 52
1013 279 956 279 1107 289 1042 289 23
1007 283 950 283 1103 293 1040 293 22
1011 299 955 299 1107 307 1044 307 60
1008 294 951 294 1103 305 1039 304 42
1003 303 947 305 1103 315 1039 313 47
1005 311 949 309 1103 321 1037 323 80
1010 313 957 313 1105 323 1045 324 68
1008 324 951 323 1103 339 1041 338 151
1010 329 952 329 1107 345 1043 345 82
1011 344 951 344 1107 361 1042 362 27
1016 178 964 178 1111 177 1052 176 29
1015 188 962 188 1109 187 1051 187 17
1015 208 961 208 1109 209 1049 208 28
1019 228 964 229 1113 231 1054 231 38
1012 302 955 302 1109 315 1045 314 72
1015 309 958 309 1109 321 1046 321 65
1019 342 959 342 1109 357 1043 357 64
1021 184 968 183 1115 181 1057 182 16
1023 196 971 196 1117 197 1059 196 15
1024 202 970 202 1119 203 1059 202 17
1019 212 967 211 1115 211 1056 213 21
1019 285 963 285 1115 295 1053 295 36
1017 323 960 323 1115 339 1051 339 132
1024 167 972 169 1121 167 1063 166 28
1028 192 976 193 1125 193 1066 192 15
1026 201 971 199 1121 201 1062 200 18
1030 236 979 238 1125 241 1067 241 40
1023 290 967 289 1121 301 1058 301 56
1027 295 970 295 1125 307 1062 307 111
1027 301 970 301 1125 313 1062 313 70
1025 323 967 322 1123 337 1059 337 224
1024 333 965 333 1125 349 1057 349 135
1033 344 971 344 1121 359 1052 359 49
1032 150 980 150 1127 145 1071 144 28
1033 150 980 150 1129 145 1073 144 35
1035 154 982 154 1131 149 1073 151 34
1032 180 979 179 1129 177 1071 176 24
1032 203 979 203 1127 205 1069 204 20
1031 219 978 220 1127 223 1070 222 30
1032 295 975 294 1131 307 1068 307 57
1030 330 970 330 1129 345 1064 346 211
1039 191 986 191 1135 193 1078 192 18
1037 289 979 288 1133 301 1069 301 60
1040 155 987 155 1139 149 1079 151 54
1043 220 990 220 1141 223 1083 223 17
1040 324 980 325 1141 339 1076 340 247
1047 196 998 196 1147 197 1092 196 17
1046 207 995 205 1145 209 1086 208 20
1051 188 998 188 1151 187 1092 187 24
1064 203 1009 202 1165 205 1105 205 19
1062 215 1007 215 1163 219 1104 217 20
1071 234 1019 236 1175 239 1115 238 26
