59 299 19 301 85 299 40 298 27
66 135 23 135 89 127 46 128 80
71 166 28 164 95 159 52 159 64
71 235 29 235 95 229 51 227 110
76 165 33 166 101 159 57 159 58
75 174 31 173 101 167 57 165 40
82 255 43 256 105 251 61 249 75
80 270 39 270 103 267 59 265 299
80 292 38 291 103 293 61 291 38
85 215 43 214 111 209 70 208 54
87 299 44 299 111 297 67 297 23
80 310 35 309 107 307 55 308 43
90 250 50 250 115 247 74 247 78
96 34 57 35 123 27 83 28 129
96 186 57 185 119 183 80 182 114
95 204 53 205 119 201 77 200 136
94 231 55 231 119 229 79 229 107
95 238 57 237 119 235 80 234 101
102 343 49 342 119 345 63 344 29
106 340 50 340 121 343 65 342 21
101 55 61 53 127 51 87 52 85
101 74 62 77 127 67 87 65 154
101 109 62 109 127 103 87 103 167
103 127 64 127 129 123 89 121 129
103 137 64 137 129 133 89 131 110
99 147 60 149 125 143 85 144 178
101 231 62 231 127 229 87 228 130
99 295 59 294 125 293 85 292 37
109 68 70 71 135 63 96 61 99
109 143 70 143 135 139 96 141 150
109 234 71 234 135 231 96 231 120
108 232 69 232 133 229 93 228 186
106 289 66 289 131 287 92 286 49
110 295 71 294 135 293 95 292 45
112 25 74 25 139 17 101 18 70
115 52 77 52 141 45 103 46 75
111 219 73 218 137 215 98 216 127
116 230 77 230 141 227 102 227 87
111 245 73 245 137 243 98 243 44
116 239 77 239 141 239 102 238 57
111 244 73 244 137 241 98 241 73
112 249 73 250 137 247 98 246 49
112 260 73 259 137 257 98 256 37
120 103 83 103 147 97 110 98 100
119 185 81 185 145 181 108 181 50
121 193 85 193 147 189 110 189 75
121 205 84 205 147 201 111 199 41
121 225 83 226 147 223 108 222 64
120 234 82 234 147 231 108 231 52
118 288 80 285 143 285 104 284 56
127 360 70 358 145 363 81 362 32
123 41 89 39 151 35 114 37 30
126 77 89 76 153 71 116 71 90
125 180 90 180 153 175 116 173 35
128 196 91 196 153 193 116 193 26
125 194 89 194 151 191 115 191 45
129 208 91 208 151 205 120 204 64
127 249 93 245 153 245 116 244 33
124 289 85 289 149 287 110 286 37
128 293 90 292 153 291 115 290 28
126 289 87 289 151 287 111 287 30
135 343 82 342 153 345 93 346 37
131 30 95 30 159 23 123 24 80
127 45 91 46 155 39 119 40 18
128 103 92 103 155 97 118 97 132
131 148 94 149 157 143 122 143 31
133 165 97 166 159 161 123 162 35
131 200 92 202 155 199 118 199 30
129 220 92 219 155 217 119 219 39
131 224 94 224 157 221 121 221 45
132 241 95 240 159 237 121 237 39
131 282 95 281 157 279 121 278 37
134 285 96 285 159 283 123 282 41
141 341 88 340 159 343 105 342 31
135 42 100 44 163 37 127 37 84
133 56 95 59 161 51 125 49 25
134 65 98 66 161 59 123 58 34
135 111 100 112 163 107 127 107 72
134 140 98 140 161 135 125 135 31
135 152 101 152 163 147 127 147 34
137 188 101 188 165 185 131 187 56
135 222 99 221 161 219 125 219 36
137 295 99 294 165 293 120 292 24
143 305 99 305 161 307 116 306 23
145 317 97 317 163 319 115 319 22
141 24 106 25 169 19 133 21 115
139 63 103 63 167 57 130 55 36
141 69 106 69 169 63 134 64 30
141 66 106 66 169 61 133 60 30
142 81 107 80 169 75 134 74 81
141 83 106 83 169 77 133 77 51
141 88 106 89 169 83 133 83 153
141 124 106 125 169 121 133 121 54
143 129 108 129 171 127 136 125 67
144 157 109 157 171 153 136 153 141
142 183 107 183 169 179 133 179 44
143 195 109 194 171 191 136 190 103
140 236 105 236 167 233 131 233 84
153 337 102 336 171 339 118 338 20
145 65 110 65 173 59 138 59 45
145 90 111 91 173 85 138 86 107
147 161 114 162 175 157 140 158 360
148 228 113 228 175 225 140 225 95
148 222 114 224 177 221 142 221 172
148 241 113 239 175 237 140 237 69
152 287 115 286 177 285 139 284 85
154 319 107 318 175 319 124 319 27
153 78 119 78 181 73 147 75 95
151 107 117 106 179 101 146 102 101
152 142 117 141 179 139 143 139 70
150 150 117 150 179 145 145 145 166
155 179 121 179 183 175 148 175 201
153 189 120 189 181 185 147 185 91
151 233 116 234 179 229 143 231 123
153 279 119 279 181 277 146 276 296
161 302 113 305 183 301 139 301 41
159 313 113 312 179 313 134 312 28
160 317 116 316 183 317 137 316 26
160 90 126 90 189 85 155 85 122
161 95 127 95 187 89 151 89 130
161 109 128 109 189 105 157 104 46
160 131 128 131 189 127 156 127 92
157 137 124 136 185 131 152 131 133
159 206 126 207 187 205 153 203 88
169 328 118 328 189 329 135 330 31
162 41 129 42 191 33 157 35 90
163 87 130 87 191 81 157 81 141
166 111 134 110 195 107 163 105 127
164 117 132 117 193 113 161 114 125
162 165 131 164 191 159 160 159 320
165 181 132 181 193 177 160 177 103
167 177 134 177 195 173 162 173 191
165 193 132 192 193 189 160 188 87
167 203 135 203 195 199 163 201 71
163 222 130 221 191 219 158 219 92
161 255 131 258 191 253 157 251 143
170 92 138 92 199 87 166 87 151
168 96 134 96 197 91 163 91 138
168 131 137 133 197 129 165 128 167
168 157 137 157 197 153 165 153 132
173 179 141 179 201 175 169 175 106
173 185 140 184 201 181 169 181 109
171 189 139 189 199 185 167 185 281
171 214 139 214 199 211 168 213 60
169 224 137 224 197 221 164 220 93
172 248 139 247 199 245 166 245 166
172 289 137 288 199 287 159 286 36
174 313 128 314 197 313 152 312 42
177 324 130 323 197 325 150 324 30
174 90 143 91 203 85 171 85 117
174 149 143 149 203 145 172 144 93
174 161 143 161 203 157 172 157 147
176 165 145 164 205 161 174 161 170
174 173 143 172 203 169 163 169 442
177 183 145 182 205 179 173 179 114
174 219 143 220 203 217 171 217 180
175 242 143 241 203 239 171 239 122
179 246 146 246 207 243 176 242 100
176 264 146 263 205 261 172 261 150
176 279 143 279 203 277 168 276 122
178 287 144 286 207 285 170 284 66
180 94 148 94 209 89 177 89 133
184 98 153 98 213 93 182 93 169
181 100 151 100 211 95 180 95 158
182 127 151 128 211 123 180 123 120
180 157 150 157 209 153 178 153 110
184 175 154 174 213 171 182 171 143
183 217 153 214 211 213 180 215 183
183 219 153 218 211 215 181 213 109
181 239 149 237 209 237 177 235 206
185 260 154 260 213 257 182 257 110
191 331 140 331 211 333 160 332 43
190 90 160 91 219 85 188 87 128
186 151 156 151 215 147 184 147 97
188 172 158 171 217 167 186 166 124
188 179 157 179 217 175 186 175 186
190 181 159 180 219 177 189 177 167
187 200 156 199 215 195 184 194 148
189 204 158 202 217 199 186 198 103
189 222 158 222 217 219 186 219 145
189 232 158 231 217 229 186 228 72
190 237 160 238 219 237 188 235 85
191 251 161 250 217 247 189 247 285
187 249 156 248 215 245 184 244 165
187 264 156 263 215 261 184 261 110
192 294 155 292 217 293 178 291 53
192 304 151 303 215 303 173 302 64
196 309 152 308 219 309 175 308 94
200 340 148 339 219 343 163 343 97
200 346 147 345 219 349 162 349 162
193 96 164 96 223 91 193 91 100
192 125 162 125 221 121 191 121 97
192 161 162 160 221 157 191 156 124
196 186 166 185 225 183 195 182 128
196 216 167 216 225 213 196 213 141
193 226 162 225 221 223 191 223 58
197 254 167 254 225 251 195 251 45
203 351 149 350 221 355 165 354 117
197 92 168 94 227 87 197 88 133
197 101 168 102 227 97 197 97 213
198 161 168 160 227 157 197 156 85
204 290 167 289 231 289 195 289 89
206 304 166 303 231 303 189 302 68
204 305 162 304 227 305 184 304 70
211 332 161 331 231 335 179 334 137
208 184 179 182 237 179 208 179 144
209 239 180 239 237 237 208 236 45
207 250 177 253 235 247 206 247 85
208 277 174 276 235 275 201 274 106
213 313 169 312 235 313 190 312 89
216 342 164 341 235 345 181 344 76
214 346 162 345 233 349 179 348 138
212 128 183 127 241 123 212 123 138
209 125 181 125 239 121 210 121 73
214 146 186 145 243 141 215 141 36
211 184 184 185 241 181 213 181 181
212 204 184 204 241 201 212 201 69
209 207 181 206 239 203 210 203 97
212 216 184 216 241 213 213 213 83
214 222 186 221 243 219 215 218 70
210 233 182 231 239 229 210 229 59
218 86 190 86 247 81 219 81 109
215 117 187 118 245 113 217 114 90
220 120 191 119 249 115 221 115 65
220 135 190 135 249 131 219 132 62
220 145 192 145 249 141 221 141 25
216 147 188 147 245 143 217 143 40
216 153 188 153 245 149 217 149 35
216 163 188 162 245 157 217 158 47
218 183 190 182 247 179 219 178 64
216 206 188 206 245 203 217 203 77
218 212 190 212 247 209 219 209 89
218 224 190 224 247 221 219 221 70
217 256 188 255 245 253 216 253 37
219 264 190 263 247 261 218 261 50
216 268 186 267 245 265 215 265 68
230 351 177 350 249 355 192 355 39
222 79 196 80 253 75 225 75 141
220 77 196 79 251 73 223 73 149
223 83 195 83 255 79 227 79 334
224 84 196 84 253 79 225 79 134
221 87 194 88 251 83 224 83 128
225 90 198 91 255 85 228 86 178
223 95 196 96 253 91 226 92 157
221 115 194 116 251 111 224 112 137
225 123 198 123 255 119 227 119 104
225 139 197 139 255 135 227 135 34
224 147 195 146 253 143 226 143 20
224 167 196 167 253 163 225 163 50
226 171 199 171 255 167 230 167 54
221 190 195 191 251 187 228 185 124
222 198 194 198 251 195 223 195 66
224 226 197 226 253 223 227 225 64
226 242 198 241 255 239 226 239 16
223 252 194 251 251 249 222 249 26
223 259 194 259 251 257 222 256 47
228 284 192 283 253 283 216 282 100
230 306 188 306 253 307 209 306 82
232 333 182 333 253 335 201 335 79
236 341 184 341 255 345 203 344 64
228 71 202 73 259 67 233 69 114
230 81 204 82 261 77 236 78 242
226 90 199 90 257 85 230 86 154
227 148 200 149 257 145 229 144 26
228 153 200 153 257 149 230 149 27
227 162 200 163 257 159 230 159 26
231 236 201 235 259 233 231 233 30
231 242 202 241 259 239 230 239 11
232 256 204 255 261 253 232 253 20
237 303 197 302 261 303 219 302 74
236 346 186 345 257 349 204 348 53
234 87 207 87 265 83 238 83 110
232 87 208 88 263 83 236 83 125
235 119 207 120 265 115 236 116 125
233 133 207 135 263 131 237 129 49
233 143 207 143 263 139 237 139 41
236 147 211 147 267 143 241 143 19
237 151 212 151 267 149 241 149 43
235 171 209 172 265 169 239 167 23
237 180 212 180 267 177 241 176 83
235 184 209 184 265 181 239 181 36
235 192 209 191 265 189 239 188 118
237 204 212 204 267 201 241 201 134
233 200 208 199 263 197 237 198 34
235 210 210 210 265 207 239 208 99
233 206 207 206 263 203 237 203 40
235 214 210 214 265 211 239 210 55
237 218 212 217 267 215 241 213 38
235 221 209 221 265 217 239 218 36
238 228 212 228 267 225 241 225 69
235 244 206 243 263 241 234 241 20
237 246 208 245 265 243 237 243 23
236 259 206 259 263 257 231 257 75
242 263 210 263 267 261 234 261 69
237 277 205 276 263 275 232 275 34
240 322 194 321 263 323 212 324 118
242 327 195 326 263 329 215 328 88
244 341 195 341 263 345 213 344 44
245 356 190 355 263 361 204 360 26
238 85 213 86 269 81 243 81 96
240 91 215 90 271 87 245 87 78
240 121 215 120 271 117 246 117 76
241 175 216 174 271 171 246 169 64
239 179 214 178 269 175 243 175 47
239 188 214 188 269 185 244 184 39
243 208 218 208 273 205 247 205 129
239 208 214 208 269 205 244 205 52
241 214 216 214 271 211 245 210 61
239 224 214 224 269 221 243 221 38
243 292 205 291 269 291 232 290 37
250 316 206 315 273 317 226 317 94
250 322 206 321 273 323 227 322 111
249 331 202 330 271 333 222 332 99
247 345 198 344 269 349 216 347 38
249 133 224 133 279 129 254 129 156
247 137 223 138 277 133 253 134 139
249 144 223 147 279 141 254 141 108
247 192 222 192 277 189 251 189 105
247 198 222 198 277 195 252 195 117
249 210 224 209 279 207 254 207 99
246 236 218 235 275 233 247 232 24
246 252 219 251 275 249 246 249 34
247 260 220 259 275 257 247 257 32
250 267 217 267 277 265 247 265 55
249 276 214 275 275 275 240 274 55
248 282 214 282 275 281 242 281 43
251 288 216 287 277 287 241 286 52
252 320 208 319 275 321 229 320 121
258 343 207 342 279 347 226 345 32
257 350 204 350 277 355 219 354 32
253 129 228 129 283 125 258 125 149
252 129 228 129 281 125 256 125 150
253 135 228 135 283 131 259 131 218
254 145 230 144 285 141 261 139 132
251 151 226 151 281 147 256 147 129
254 174 230 174 285 171 261 172 102
250 170 226 171 281 167 256 168 143
251 181 225 180 281 177 255 177 291
251 196 226 194 281 191 256 190 119
253 200 228 201 283 197 258 198 99
255 206 230 206 285 203 260 203 239
255 232 230 231 285 229 260 228 53
251 238 225 237 281 235 253 234 23
251 250 226 249 281 247 255 246 28
255 251 229 251 283 249 259 248 53
255 257 228 257 283 255 258 254 52
253 263 227 263 281 261 251 260 56
256 274 224 274 283 273 250 273 38
257 289 221 289 283 289 246 288 56
257 299 217 299 281 299 241 299 90
260 316 217 315 283 317 238 316 98
259 53 235 53 291 49 267 49 47
260 117 237 117 291 113 267 113 124
260 123 237 124 291 119 267 120 191
258 133 234 133 289 129 265 129 216
258 137 234 137 289 133 265 132 102
256 171 232 171 287 167 263 166 151
260 179 237 178 291 175 268 175 87
258 183 234 183 289 181 265 181 65
258 216 234 216 289 213 265 213 198
257 237 232 237 287 235 261 234 24
260 241 234 241 289 239 264 238 27
259 271 229 270 287 269 257 268 34
262 276 230 276 289 275 256 275 59
264 312 220 312 287 313 242 313 74
265 321 221 320 287 323 242 322 47
273 350 219 349 289 355 235 354 47
270 355 215 355 291 361 232 360 28
265 29 242 29 297 25 273 24 257
265 36 244 34 297 31 275 32 74
265 47 244 48 297 43 275 44 102
264 55 240 55 295 51 269 50 59
265 52 244 53 295 47 271 47 189
265 121 241 121 295 117 272 117 137
265 129 241 129 295 125 270 125 127
264 155 243 156 295 153 274 154 273
266 170 245 170 297 167 276 167 169
263 187 241 187 297 183 273 183 166
265 218 241 218 295 215 271 215 143
265 261 237 261 295 259 265 259 27
271 284 235 283 297 283 261 282 73
272 295 232 295 297 295 256 295 64
274 327 226 328 297 333 247 332 38
267 31 246 32 299 27 277 27 88
271 44 249 43 303 41 281 42 201
269 117 246 117 299 113 276 113 105
272 123 250 123 303 119 281 119 138
272 151 250 150 303 147 282 147 150
268 152 247 152 299 149 278 149 200
268 166 247 166 299 163 278 163 149
267 176 247 176 299 173 277 172 129
273 224 250 224 303 221 279 221 209
273 238 247 237 301 235 275 235 85
271 252 248 251 301 249 275 249 62
273 271 243 270 301 269 268 269 40
279 298 239 298 303 299 263 298 139
286 342 234 342 303 345 251 345 25
282 338 229 341 301 343 248 342 23
273 34 251 33 305 31 283 30 49
277 53 255 53 309 49 289 50 33
276 121 254 121 307 117 285 117 103
278 125 256 125 309 121 287 122 131
276 127 254 127 307 123 285 124 133
277 222 254 222 307 219 281 218 108
276 241 251 241 305 239 280 239 139
278 241 253 241 307 239 282 239 141
277 259 248 259 305 257 276 256 41
279 269 249 268 307 267 275 267 43
281 274 248 274 307 273 277 272 45
279 291 242 291 305 291 266 290 91
282 295 244 294 307 295 268 294 97
285 298 246 298 309 299 269 299 104
281 303 241 302 305 303 264 303 89
281 310 240 309 305 311 263 310 69
283 315 239 316 305 317 263 317 42
281 129 256 129 311 125 286 125 192
285 242 261 241 315 239 290 239 83
284 246 259 245 313 243 289 243 80
283 263 255 263 311 261 282 260 43
287 306 247 306 311 307 271 306 108
292 337 242 336 313 341 260 340 16
293 354 237 351 311 359 252 357 27
290 246 265 245 321 243 296 243 157
290 259 264 258 319 257 293 256 77
291 265 261 264 319 263 292 263 60
290 283 256 283 317 283 281 282 76
292 293 254 293 317 293 278 293 77
291 319 254 319 317 321 275 321 20
298 246 275 245 327 243 304 243 70
296 257 272 256 325 255 298 254 80
299 261 271 260 327 259 298 258 96
299 265 267 264 325 263 299 263 70
296 282 262 281 323 281 287 281 118
297 305 259 304 323 305 283 305 39
308 349 251 349 327 355 268 353 43
303 227 284 227 333 223 314 222 131
299 244 277 243 329 241 306 241 76
300 251 276 251 329 249 305 249 61
303 257 277 256 331 255 304 255 66
305 263 274 262 331 261 305 261 83
302 278 267 278 329 277 293 277 57
304 283 268 283 329 283 293 283 110
303 289 268 289 329 289 293 289 91
312 336 258 336 329 341 276 340 29
309 79 288 78 339 75 323 76 9
305 232 286 231 335 229 316 228 167
313 283 279 283 339 283 305 282 78
309 286 275 286 335 285 300 284 85
311 291 274 291 337 291 300 291 101
310 296 275 295 337 295 300 295 65
313 295 279 294 339 295 301 295 65
314 347 255 346 337 353 278 352 40
318 351 263 350 339 357 281 356 39
311 33 293 33 343 29 325 29 226
309 36 291 36 341 33 323 33 161
310 75 291 75 341 71 322 71 14
312 76 293 76 345 73 324 72 18
316 127 296 127 345 123 326 123 40
313 132 296 132 345 129 328 129 44
310 128 291 128 341 125 322 125 53
310 134 291 133 341 131 322 130 51
313 251 291 251 345 249 319 249 48
314 276 282 275 341 275 307 275 95
317 287 283 287 343 287 308 287 99
320 307 280 306 345 309 303 308 27
325 333 273 333 345 337 293 337 14
323 349 268 348 343 355 286 354 33
325 354 268 354 343 361 285 360 48
313 27 296 29 347 25 330 26 93
315 36 298 36 347 33 330 33 64
315 128 300 129 347 125 329 125 62
315 134 298 133 347 131 330 131 59
321 251 297 251 351 249 327 248 47
320 253 295 253 349 251 322 251 48
318 257 292 256 347 255 320 254 77
315 259 291 258 347 257 317 257 106
324 270 292 270 351 269 319 269 87
318 273 289 271 347 271 313 272 91
324 276 292 276 351 275 319 275 95
320 278 289 277 347 277 314 277 92
325 285 293 284 351 285 319 284 79
326 313 284 313 351 315 313 317 24
327 309 284 309 351 311 308 310 24
327 268 297 268 355 267 324 267 114
322 264 295 264 353 263 320 262 96
326 274 296 273 353 273 321 273 134
325 280 294 279 353 279 323 277 62
329 289 293 288 355 289 319 288 77
327 293 291 293 355 293 317 293 65
330 302 293 301 357 303 319 302 105
332 328 283 328 357 333 297 333 22
331 224 307 223 361 221 336 221 372
332 266 302 266 359 265 329 265 131
335 268 306 268 363 267 334 267 87
331 270 302 270 359 269 329 269 89
331 285 298 284 359 285 327 285 66
337 300 297 299 361 301 321 300 80
341 333 291 332 363 337 311 336 13
339 331 289 330 361 335 309 334 17
340 344 283 343 363 351 306 350 37
342 352 286 351 363 359 304 358 46
337 56 321 55 369 53 353 52 69
337 139 323 139 369 137 354 136 17
338 225 313 226 367 223 342 224 238
336 247 312 246 365 245 341 245 53
339 266 310 266 367 265 338 265 103
340 315 288 315 365 319 318 319 37
341 321 293 322 365 325 316 325 12
347 346 294 346 369 353 312 352 31
341 25 327 27 375 23 356 21 337
339 54 323 54 371 51 355 50 65
342 49 327 49 375 47 359 46 122
344 209 319 209 373 207 348 207 232
344 211 319 211 373 209 348 209 195
346 243 322 243 375 241 351 241 76
344 247 320 247 373 245 349 245 113
343 268 314 268 371 267 343 266 55
349 298 310 297 375 299 332 298 90
353 353 297 353 375 361 317 360 35
347 186 323 186 377 183 352 183 168
350 188 325 188 379 185 354 185 139
350 241 329 240 379 239 359 238 56
352 253 327 252 381 251 355 251 94
350 287 312 285 377 287 339 287 41
353 290 312 290 379 291 342 290 119
353 296 315 295 379 297 341 296 64
356 326 308 324 379 329 331 327 15
357 331 307 330 381 335 330 335 16
351 45 337 45 385 43 373 45 125
357 205 335 205 387 203 364 203 123
358 213 333 213 387 211 362 211 69
358 219 333 219 387 217 362 217 59
357 223 335 223 387 221 365 221 71
355 256 329 256 383 255 357 255 87
357 270 326 270 383 269 355 269 27
361 22 350 22 393 19 382 19 165
358 56 347 56 391 53 380 55 272
359 72 345 72 391 69 378 69 109
361 186 336 186 391 183 367 183 167
361 203 339 203 391 201 368 200 103
361 227 335 227 389 225 367 225 43
359 248 336 248 389 247 365 247 60
362 294 326 293 389 295 353 293 50
368 298 329 297 393 299 353 299 50
369 312 325 312 393 315 348 315 39
368 311 323 309 391 311 347 309 43
362 30 351 30 395 27 385 27 329
363 74 350 74 395 71 382 71 86
367 185 347 185 397 183 374 183 175
370 189 347 189 399 187 377 187 225
365 198 343 197 395 195 372 195 150
371 201 346 201 397 199 376 197 97
365 211 342 210 395 209 368 208 61
369 221 346 221 399 219 375 219 42
368 235 341 234 397 233 379 233 31
367 258 340 258 395 257 368 257 103
369 264 341 264 399 263 369 263 104
370 283 336 282 397 283 363 283 32
370 303 329 303 395 305 353 305 53
373 323 327 321 399 329 345 328 17
370 22 359 22 403 19 392 19 94
370 49 357 50 403 47 388 45 302
369 85 359 85 401 83 397 83 170
369 91 359 90 403 89 389 88 61
375 186 355 186 403 183 383 183 149
376 211 352 211 405 209 380 209 65
372 213 347 213 401 211 376 211 55
374 221 351 221 403 219 380 219 77
374 217 349 217 403 215 378 215 72
376 227 352 227 403 225 381 224 25
373 230 355 231 403 229 382 228 46
373 239 353 241 403 237 383 237 25
373 262 349 261 403 261 374 261 91
374 23 365 23 407 21 399 20 119
376 35 365 34 409 33 399 33 347
374 45 364 45 407 43 397 43 545
373 81 365 82 409 79 397 79 112
380 203 355 203 409 201 384 201 56
382 213 357 212 411 211 387 211 61
382 219 357 219 411 217 386 217 69
377 235 357 234 409 233 386 233 12
382 275 349 274 409 275 373 275 46
385 276 353 276 411 277 381 275 28
382 283 352 282 411 283 377 283 27
383 295 345 295 409 297 368 296 33
380 33 371 34 413 31 403 31 148
380 69 370 69 413 67 403 67 142
382 91 372 91 415 89 404 88 84
384 217 360 217 413 215 389 215 81
387 221 363 221 417 219 392 219 35
382 237 359 237 413 235 389 235 12
388 260 362 259 417 259 390 259 130
390 301 348 301 417 303 378 303 23
391 340 342 340 417 347 359 347 17
389 36 378 36 421 33 411 33 234
386 39 376 40 419 37 409 37 280
388 45 379 46 421 43 412 43 195
390 51 381 51 423 49 414 49 225
388 60 379 59 421 57 412 57 221
386 65 377 64 419 63 410 62 265
390 79 379 79 423 77 412 77 193
389 86 378 85 421 83 411 83 303
389 92 378 91 421 89 411 89 136
390 182 371 182 419 179 401 179 296
392 197 368 197 421 195 397 195 54
394 201 369 201 423 199 398 199 132
394 216 370 215 423 215 399 213 91
394 57 386 57 427 55 419 55 149
394 59 386 59 427 57 419 57 251
393 65 383 65 425 63 417 63 471
395 76 385 76 427 73 417 73 284
395 84 384 83 427 81 417 81 319
396 87 387 88 429 85 419 85 211
393 90 382 88 425 87 415 86 289
395 99 386 99 427 97 418 96 124
399 199 376 199 429 197 406 197 156
397 203 373 203 427 201 402 201 99
396 211 371 211 425 209 401 208 174
400 217 376 217 429 215 405 215 61
400 223 375 222 429 221 404 221 54
396 227 371 227 425 225 399 225 173
399 229 375 229 429 227 399 227 197
397 236 373 236 425 235 400 235 19
399 258 373 258 427 257 401 257 159
396 269 367 269 425 269 394 269 80
403 314 359 314 429 319 384 318 14
404 332 351 335 429 337 379 335 17
401 328 349 325 425 335 369 334 19
402 59 393 59 435 57 427 57 145
398 63 390 63 431 61 423 61 135
402 67 394 67 435 65 427 65 108
405 183 385 183 435 181 415 181 200
401 189 379 191 431 187 406 186 213
402 211 378 210 431 209 407 208 157
404 227 380 226 433 225 409 225 85
406 310 360 310 431 313 385 313 20
409 311 362 311 433 317 386 316 14
409 331 361 332 435 339 383 337 11
410 333 358 337 433 341 380 340 16
404 71 397 71 437 69 430 69 335
406 69 398 69 439 67 432 67 70
406 75 399 75 439 73 432 73 249
409 95 400 95 441 93 433 93 163
407 185 387 185 437 183 417 183 218
407 181 387 181 439 179 418 178 218
409 189 390 189 439 187 420 187 285
411 207 389 208 441 205 421 206 250
409 205 387 205 439 203 417 203 220
410 225 386 224 439 223 415 223 101
408 239 384 235 437 237 413 235 93
410 250 387 250 439 249 416 249 155
416 333 365 332 441 339 385 340 15
415 98 407 98 447 95 439 95 67
413 133 405 135 445 131 438 131 199
413 171 406 171 445 169 438 169 202
413 195 394 196 443 193 424 193 328
414 203 392 203 443 201 421 201 356
415 213 394 212 445 211 424 211 196
413 221 393 219 443 219 422 218 138
415 223 395 223 445 221 425 221 96
417 232 397 233 447 231 427 231 102
419 278 387 277 447 279 413 278 48
413 277 384 275 443 277 406 277 40
412 282 381 281 443 283 408 283 43
419 333 367 334 443 341 390 340 18
418 119 415 119 451 117 448 117 186
416 123 413 123 449 121 445 121 127
417 127 413 127 449 125 445 125 149
418 129 415 129 451 127 447 127 248
420 129 417 129 453 127 450 127 117
417 135 413 135 449 133 445 133 339
421 153 417 153 453 151 449 151 243
419 158 416 158 451 155 448 155 242
417 169 410 168 449 167 442 165 280
417 177 412 177 449 175 444 175 435
421 175 417 175 453 173 449 173 373
419 195 402 198 449 193 431 195 336
421 217 399 218 451 215 429 216 442
419 237 399 236 449 235 429 235 75
423 246 400 246 453 245 430 245 188
423 254 395 253 453 253 426 253 189
421 265 391 265 449 265 418 265 61
425 265 394 265 453 265 422 265 60
422 293 387 293 451 295 413 295 29
426 111 422 110 459 109 455 108 76
427 125 423 125 459 123 456 123 81
424 129 421 129 457 127 454 127 195
425 155 421 155 457 153 453 152 191
427 188 419 189 457 187 450 187 562
428 195 419 197 459 193 449 195 473
425 216 407 216 455 215 438 213 201
425 226 407 229 455 225 437 227 176
429 238 407 238 457 237 436 237 89
428 252 401 251 457 251 433 251 114
427 273 396 273 457 273 424 273 27
433 303 390 303 455 307 413 305 24
431 117 427 117 463 115 460 115 67
431 123 425 122 463 121 460 122 58
429 128 425 127 461 125 458 126 87
433 137 429 137 465 135 462 135 207
429 159 425 159 461 157 457 157 154
431 203 413 201 461 199 444 200 316
433 223 416 222 463 221 446 220 120
434 267 405 266 463 267 432 267 51
431 271 399 271 461 271 428 271 62
438 306 393 308 465 309 420 309 14
437 113 433 113 469 111 466 111 81
435 133 431 133 467 131 464 131 78
439 137 435 137 471 135 468 135 91
439 151 435 150 471 149 467 148 58
435 159 431 159 467 157 464 157 78
436 177 428 177 467 175 459 175 322
438 183 429 183 469 181 461 181 353
438 185 429 185 469 183 461 183 181
440 191 431 191 471 189 463 189 170
443 241 420 241 471 241 447 241 126
441 252 417 252 469 251 445 251 102
440 261 411 261 469 261 439 261 69
438 263 410 262 467 263 438 263 65
440 269 411 268 469 269 438 269 50
436 285 400 285 467 285 430 285 23
439 287 405 287 469 289 432 289 29
441 293 402 293 469 295 429 295 35
441 303 399 302 469 305 427 303 34
443 123 440 123 475 121 472 121 146
445 131 442 131 477 129 474 129 102
441 135 437 135 473 133 470 133 88
445 147 441 147 477 145 473 145 64
443 161 439 161 475 159 471 158 47
444 193 437 193 475 191 468 191 248
442 203 431 203 473 201 463 201 161
447 220 432 220 477 219 462 218 65
444 221 429 221 473 221 457 221 85
444 248 420 248 473 247 449 247 77
446 256 419 255 475 255 447 255 87
445 305 401 303 473 309 429 309 21
451 115 448 115 483 113 480 113 60
447 121 444 121 479 119 476 119 134
451 133 447 133 483 131 480 131 91
449 135 445 135 481 133 477 133 79
451 143 447 142 483 141 479 140 60
449 141 446 141 481 139 478 139 85
447 145 443 145 479 143 475 143 78
447 153 443 153 479 151 475 151 67
451 161 447 161 483 159 479 159 92
449 165 445 165 481 163 477 163 104
452 177 444 177 483 175 475 176 183
448 179 440 179 479 177 471 177 153
450 183 441 183 481 181 473 181 144
452 193 444 193 483 191 475 191 166
451 199 441 199 481 197 469 197 198
453 230 434 231 483 229 465 228 51
449 244 425 243 479 243 456 243 122
450 250 425 249 479 249 455 249 210
450 261 422 260 479 261 450 261 66
456 267 423 266 483 267 453 267 44
450 272 419 272 479 273 448 273 37
453 119 449 119 485 117 481 117 68
457 121 454 120 489 119 485 119 56
457 129 453 129 489 127 486 127 65
455 127 451 127 487 125 484 125 81
455 147 451 147 487 145 483 145 70
457 149 453 149 489 147 485 147 89
453 151 449 151 485 149 481 149 77
457 158 453 157 489 155 485 154 70
454 169 449 170 485 167 481 167 196
456 179 448 179 487 177 480 177 164
458 185 450 185 489 183 482 183 193
454 203 444 203 485 201 475 201 80
459 203 447 203 489 201 478 201 109
451 207 438 205 485 205 469 204 123
458 215 444 215 489 213 474 213 60
456 263 425 262 485 263 456 263 46
456 270 424 270 485 271 453 271 48
455 274 427 274 487 275 454 275 57
458 338 415 335 485 345 443 344 21
459 113 455 114 491 111 487 112 43
463 135 459 135 495 133 491 133 60
459 139 456 139 491 137 487 136 58
463 147 460 147 495 145 491 145 66
459 145 455 146 491 143 487 144 69
461 169 457 169 493 167 489 166 178
463 173 459 173 495 171 491 171 220
463 183 458 183 495 181 490 181 303
461 187 456 187 493 185 489 185 386
465 209 452 209 495 207 482 207 60
463 217 448 217 493 215 479 215 75
459 246 438 245 491 245 465 245 54
465 251 438 251 495 251 468 251 73
461 259 433 259 491 259 462 259 61
463 272 432 272 491 273 461 273 56
461 279 429 277 491 279 458 279 37
464 289 427 289 493 291 453 291 17
462 285 427 285 491 287 454 287 35
466 287 429 286 495 289 457 289 23
467 347 421 351 495 357 445 359 28
465 131 461 131 497 129 493 129 53
467 141 463 140 499 139 495 138 62
465 141 461 141 497 139 493 138 69
466 166 463 167 499 165 493 165 306
468 168 463 168 499 167 495 166 134
468 179 462 179 499 177 494 177 221
465 175 461 175 497 173 492 173 174
466 187 460 187 497 185 492 185 126
466 205 453 205 497 203 482 203 154
469 211 455 211 499 209 485 209 59
472 237 453 237 501 237 479 237 56
470 264 440 264 499 265 468 265 90
471 270 440 270 501 271 469 271 117
472 287 435 287 501 289 463 289 28
472 337 429 335 499 345 453 345 22
470 110 466 109 503 107 500 106 42
476 108 472 108 507 107 504 107 74
475 155 472 155 507 153 504 153 61
473 159 469 159 505 157 501 157 60
475 161 472 161 507 159 503 159 65
475 179 470 179 507 177 502 177 128
476 185 470 185 507 183 502 183 113
471 189 467 189 503 187 499 187 98
472 195 462 195 503 193 494 193 97
474 197 465 197 505 195 491 195 146
472 201 461 201 503 199 493 199 90
472 215 462 214 503 213 489 213 64
474 226 457 226 505 225 487 225 152
473 253 448 253 503 253 478 253 67
474 263 445 262 503 263 474 263 154
476 266 446 266 505 267 474 267 103
477 294 435 293 505 297 462 296 50
475 300 434 299 505 303 461 302 29
476 307 433 307 505 311 460 311 50
479 312 434 311 507 317 458 317 44
479 317 432 317 507 323 457 323 43
481 97 477 97 513 95 509 95 60
478 106 474 106 509 105 505 105 65
481 115 477 115 513 113 509 113 95
477 121 474 120 509 119 505 119 242
481 137 477 135 513 135 509 135 69
481 156 477 157 513 155 507 153 439
482 163 477 163 513 161 509 161 84
479 169 475 169 511 167 506 167 151
479 171 474 171 511 169 506 169 109
482 189 476 189 513 187 507 187 106
480 193 473 193 511 191 503 191 95
478 210 465 211 509 209 496 209 101
480 222 465 222 511 221 496 220 70
482 242 461 242 511 241 488 241 40
482 251 457 251 511 251 486 251 65
478 256 451 256 509 257 480 256 80
483 281 446 280 511 283 474 282 46
483 287 446 286 511 289 475 289 24
482 291 444 291 513 295 467 293 45
482 301 439 301 511 305 466 305 38
483 101 479 101 515 99 512 98 66
485 99 481 99 517 97 513 97 65
487 105 483 105 519 103 515 103 67
483 113 479 113 515 111 512 110 78
483 119 479 120 515 117 511 117 83
485 129 482 128 517 127 514 126 81
486 145 482 145 517 143 513 142 78
484 157 480 157 515 153 511 155 199
486 166 482 165 517 163 513 164 134
486 171 481 171 517 169 512 169 188
486 179 480 179 517 177 512 177 178
484 191 477 191 515 189 508 189 138
484 197 476 197 515 195 507 195 85
484 203 473 203 515 201 504 201 68
483 209 472 209 515 207 503 207 70
486 215 473 215 517 213 503 213 49
487 234 465 235 517 235 496 235 37
489 243 466 243 519 243 496 243 24
488 270 458 270 517 271 485 271 91
489 349 439 351 517 359 463 360 32
489 93 486 93 521 91 518 91 127
489 115 485 115 521 113 517 113 256
489 121 485 121 521 119 517 119 72
489 127 488 126 523 125 521 124 69
491 127 490 126 525 125 523 124 76
489 133 485 133 521 131 517 131 89
490 143 485 143 521 141 517 141 89
492 139 487 137 523 137 519 138 190
494 147 490 146 525 145 521 144 93
492 151 488 151 523 149 519 149 124
494 161 489 157 525 155 521 155 223
490 169 485 169 521 167 517 167 222
492 173 486 173 523 171 519 171 207
492 181 485 181 523 179 516 179 232
494 193 487 193 525 191 518 191 136
493 201 485 201 525 199 514 199 141
493 231 471 230 521 229 504 229 105
494 266 463 266 523 267 491 267 80
493 278 461 278 523 281 487 280 27
492 283 458 282 523 285 485 285 17
491 293 453 293 521 297 480 297 25
492 299 452 299 521 303 479 303 33
493 314 449 313 523 319 474 319 46
499 109 495 109 531 107 527 107 96
496 131 491 131 527 129 523 129 78
496 155 491 154 527 153 523 152 123
496 179 489 179 527 177 520 177 181
496 189 489 189 527 187 520 187 140
500 209 488 208 531 207 519 206 134
498 210 485 210 529 209 515 209 121
501 240 478 241 531 239 508 239 33
497 243 473 243 527 243 500 241 23
504 251 479 251 531 251 507 251 69
499 258 472 258 531 259 503 259 97
501 262 471 262 531 263 500 263 55
499 270 467 269 529 271 496 271 41
497 281 464 283 527 283 491 281 15
501 284 465 284 531 287 492 286 19
502 288 465 288 529 291 493 291 26
495 287 459 286 527 289 491 289 32
501 297 459 297 531 301 488 301 31
503 305 459 304 531 309 486 309 71
499 308 455 307 529 313 482 313 53
500 319 453 319 529 325 482 326 27
501 113 497 113 533 111 529 110 95
506 114 501 115 537 113 533 112 112
501 150 496 149 533 147 528 147 150
506 153 501 153 537 151 532 151 116
506 163 500 163 537 161 532 161 167
504 173 497 173 535 171 528 171 202
506 175 499 175 537 173 530 173 200
502 189 495 189 533 187 526 187 147
506 191 499 191 537 189 530 189 187
506 197 497 197 537 195 529 195 190
504 193 496 193 535 191 528 191 201
504 203 494 203 535 201 525 201 142
502 214 489 214 533 213 520 213 124
504 212 491 212 535 211 522 211 152
503 228 485 228 533 227 516 227 79
509 242 486 242 537 241 515 241 27
507 312 462 311 537 317 489 317 42
512 90 507 90 543 89 539 88 119
509 118 505 116 541 115 536 116 106
512 133 507 133 543 131 539 131 113
510 147 504 147 541 145 535 145 145
510 155 504 154 541 153 536 153 136
508 167 502 167 539 165 534 165 182
508 171 503 171 539 169 534 169 216
512 181 504 181 543 179 535 179 216
508 197 500 197 539 195 531 195 178
509 201 499 201 539 199 531 199 211
510 207 498 206 541 205 529 205 135
510 235 488 235 539 235 516 234 35
513 253 487 253 541 253 515 253 54
509 264 478 265 539 265 509 265 59
514 281 475 279 543 283 508 285 19
509 283 472 285 539 287 502 287 18
510 286 473 285 539 289 503 288 16
511 301 469 301 541 305 498 305 52
509 308 463 308 539 313 491 313 54
513 316 466 315 541 321 494 321 27
511 333 465 332 541 341 493 339 16
517 81 513 81 549 79 545 79 76
518 115 513 115 549 113 545 113 359
516 135 511 136 547 133 542 133 174
516 141 510 141 547 139 542 138 179
517 145 512 145 549 143 543 143 147
518 149 512 148 549 147 544 147 157
518 161 513 161 549 159 544 159 173
516 165 511 165 547 163 542 163 170
516 181 507 180 547 179 538 179 273
516 209 505 208 547 207 536 207 113
515 214 502 214 547 213 534 213 228
525 256 496 255 549 255 523 255 39
515 252 488 252 545 253 518 253 39
520 259 494 259 547 259 520 259 56
520 263 493 263 547 263 518 263 49
515 297 475 297 545 301 503 301 28
518 304 473 304 547 309 504 309 52
521 80 517 80 553 79 549 79 198
523 98 518 99 555 95 550 97 370
522 104 517 105 553 103 549 102 205
520 108 515 109 551 107 547 106 178
521 110 517 111 553 109 549 109 309
522 143 516 143 553 141 547 140 142
522 159 516 158 553 157 547 156 160
524 165 518 165 555 163 549 163 297
524 173 515 172 555 171 546 170 330
520 169 514 168 551 167 546 167 269
524 203 511 202 555 201 542 201 187
521 216 508 216 553 215 541 215 139
523 230 507 230 553 229 536 229 117
526 242 498 243 553 243 527 241 15
525 255 498 255 551 255 525 255 45
519 264 489 263 551 265 521 265 60
521 275 489 275 553 277 518 277 16
525 317 479 317 555 323 506 323 26
527 100 523 99 559 97 555 95 130
528 108 523 108 559 107 554 107 426
527 123 523 122 559 121 554 121 298
526 129 521 129 557 127 552 128 242
530 135 525 135 561 133 556 133 224
530 143 525 143 561 141 556 141 151
528 141 523 141 559 139 554 139 193
526 157 521 157 557 155 552 155 155
530 163 525 163 561 161 556 161 152
528 167 523 167 559 165 554 165 148
528 185 521 183 559 183 551 181 654
530 188 517 187 561 187 548 185 389
526 206 513 206 557 205 544 205 136
529 276 496 273 561 277 527 277 14
528 297 487 297 559 301 517 301 16
528 303 486 302 559 307 518 308 21
530 319 483 318 561 325 515 325 15
527 343 485 343 557 353 510 351 22
531 111 527 110 563 109 559 108 289
534 123 529 122 565 121 560 121 225
535 123 531 122 567 121 562 121 311
535 135 530 135 567 133 562 133 317
534 141 529 141 565 139 560 139 168
534 159 528 158 565 157 560 157 122
534 194 519 195 565 193 550 194 343
536 216 521 216 567 215 552 214 198
531 311 487 311 563 317 517 317 19
536 312 489 311 565 317 517 317 20
534 317 486 316 565 323 519 323 16
539 89 535 88 571 87 567 86 265
539 83 533 84 569 83 563 84 228
542 86 536 87 573 85 567 86 240
539 105 534 105 571 103 566 103 134
536 105 531 105 569 101 564 101 145
538 133 532 133 569 131 564 131 197
538 155 533 155 569 153 564 153 116
538 151 533 150 569 149 564 149 125
542 173 534 173 573 171 567 171 324
540 181 525 180 571 179 556 179 288
540 188 525 188 571 187 556 187 245
539 195 525 195 571 193 556 193 396
542 200 526 200 573 199 557 199 127
538 205 523 204 569 203 554 203 142
542 206 526 206 573 205 557 205 166
539 232 519 231 569 231 551 231 104
541 243 517 243 571 243 546 243 21
538 248 515 250 569 249 543 247 18
540 273 508 273 571 275 538 275 19
540 303 499 302 571 307 528 307 15
542 322 494 321 573 327 522 329 18
545 95 540 95 577 93 572 93 275
543 109 534 110 575 107 570 107 193
548 117 543 117 579 115 574 115 316
546 132 540 129 577 129 572 130 170
548 137 543 137 579 135 574 135 259
548 147 543 146 579 145 574 145 187
546 152 541 152 577 151 572 152 163
546 162 541 162 577 161 572 161 134
543 190 528 190 575 189 563 188 449
548 197 533 196 579 197 564 196 253
546 218 529 217 577 217 562 217 269
547 241 526 241 579 241 556 241 21
546 256 519 256 577 257 550 257 39
545 260 517 260 575 261 547 260 33
547 299 505 298 577 305 533 305 17
545 318 498 318 577 325 526 325 19
549 87 544 87 581 85 576 84 373
550 121 544 121 581 119 576 119 151
554 136 548 137 585 135 580 135 313
554 147 548 145 585 145 580 145 254
554 152 548 155 585 151 580 151 217
550 159 545 160 581 157 576 157 136
552 171 546 171 583 169 577 169 178
554 169 548 168 585 167 579 167 254
550 212 536 211 581 211 567 211 254
552 222 537 222 583 221 568 221 130
554 263 523 261 585 265 555 264 79
555 271 522 271 585 273 553 273 84
551 315 502 314 581 321 531 320 15
559 75 554 74 591 71 586 70 185
558 83 552 86 589 83 584 82 208
559 89 554 89 591 87 586 86 435
559 91 554 91 591 89 586 88 182
560 104 554 104 591 103 586 102 131
557 107 551 107 589 105 583 105 115
558 173 552 172 589 171 583 171 212
560 198 547 195 591 197 577 196 190
557 208 541 208 587 207 572 207 305
556 204 541 204 587 203 572 203 102
560 214 545 213 591 213 576 213 182
555 216 540 216 587 215 571 215 260
559 265 530 265 591 267 561 267 39
555 267 525 267 587 269 556 269 39
559 271 528 271 591 273 559 273 26
563 96 558 94 595 93 590 91 161
566 143 560 142 597 141 592 141 226
564 141 558 141 595 139 590 139 184
563 186 548 186 595 185 579 184 240
564 202 548 202 595 201 580 201 295
565 208 550 208 597 207 582 207 265
566 222 549 221 597 221 581 221 148
562 224 546 224 593 223 576 222 300
560 241 541 240 593 241 572 240 28
567 57 564 55 601 53 596 52 134
569 107 564 107 601 105 595 105 117
567 113 562 112 599 111 594 110 88
572 149 565 147 603 147 597 146 290
568 151 562 150 599 149 593 149 190
570 157 563 156 601 155 595 155 334
567 178 549 178 599 177 585 177 345
570 175 556 175 601 173 587 173 154
567 180 553 180 599 179 585 179 140
569 190 555 190 601 189 586 189 238
571 202 557 201 603 201 588 201 208
569 204 555 203 601 203 586 203 155
566 213 551 213 601 213 586 213 482
568 218 553 218 599 217 584 217 262
570 228 552 227 601 227 584 227 172
566 231 548 231 599 231 581 231 126
573 47 569 46 605 45 601 44 31
573 59 568 59 605 57 600 57 160
579 85 572 87 609 85 605 83 123
576 87 568 89 605 87 599 88 310
578 101 572 100 609 99 604 99 183
573 97 568 96 605 95 600 94 312
574 170 564 172 605 169 596 170 178
578 172 569 172 609 171 600 171 257
577 213 562 213 609 213 594 213 278
570 267 543 267 605 269 575 269 13
578 47 574 46 611 45 606 45 26
579 58 573 55 611 55 606 57 73
583 83 577 84 615 81 610 80 85
584 119 578 119 615 117 610 117 63
580 123 574 122 611 121 606 121 79
582 146 576 146 613 145 608 145 78
584 161 578 161 615 159 610 160 264
581 207 567 207 613 207 598 205 216
589 85 584 84 621 83 616 82 64
585 95 580 95 617 93 612 93 169
588 117 582 117 619 115 614 115 86
586 123 580 122 617 121 612 120 190
588 146 582 146 619 145 614 145 73
590 163 584 162 621 161 615 161 218
585 180 575 180 617 179 607 178 134
589 189 579 189 621 189 611 190 47
587 194 577 194 619 193 609 193 87
587 202 575 201 619 201 608 201 77
586 248 562 248 619 249 594 249 57
586 265 558 265 621 269 589 269 12
581 278 549 276 617 279 583 279 8
587 325 537 325 621 333 569 333 12
593 91 589 91 625 89 620 89 256
595 103 590 102 627 101 622 100 157
593 115 587 115 625 113 619 113 113
592 123 586 123 623 119 617 118 90
593 149 588 149 625 147 619 147 99
596 150 590 150 627 149 621 149 106
592 155 586 157 623 153 617 153 102
591 168 586 168 623 167 617 167 160
591 231 561 233 623 231 593 232 473
595 244 567 244 627 245 599 245 254
593 304 546 303 627 313 578 312 18
590 316 542 315 625 323 575 323 17
588 321 541 321 623 329 572 329 16
593 327 543 327 627 337 574 336 22
601 57 596 57 633 55 628 55 75
597 85 593 85 631 83 623 83 45
601 91 595 91 633 89 627 89 80
599 93 594 92 631 91 625 91 79
599 115 593 115 631 113 625 113 74
603 144 597 144 633 143 629 142 75
600 151 593 150 631 149 625 149 188
599 166 593 166 631 165 625 165 202
595 310 551 310 629 317 582 317 16
596 316 551 315 631 323 579 323 18
596 319 551 319 633 327 583 327 18
596 324 546 323 629 331 579 331 15
597 342 548 344 633 353 574 352 13
605 49 599 49 637 47 632 46 56
603 55 598 55 635 53 630 53 116
607 57 601 57 639 55 634 54 124
605 61 600 61 637 59 632 58 122
605 105 597 105 637 103 627 104 143
604 148 597 148 635 147 628 147 121
604 160 597 160 635 159 629 159 133
607 165 601 164 639 163 632 163 155
606 170 597 170 637 169 628 169 155
607 174 597 173 639 173 629 172 156
601 217 567 216 637 217 599 217 468
605 222 569 222 639 223 602 223 380
600 231 569 230 635 231 602 230 379
603 233 570 233 637 235 603 235 308
601 238 568 237 635 239 601 239 227
603 259 571 259 637 261 603 261 61
601 263 569 262 635 265 602 265 43
605 265 572 265 639 267 605 267 101
602 270 569 268 635 271 601 270 72
606 278 572 278 639 281 605 281 115
609 47 604 47 641 45 636 44 53
611 49 607 49 643 47 639 47 76
611 55 606 55 643 53 638 52 83
613 55 608 54 645 53 640 52 78
609 63 604 63 641 61 636 60 141
613 83 606 83 645 81 638 81 66
609 109 602 109 641 107 634 107 138
609 113 603 117 641 113 635 115 137
609 128 603 127 641 127 635 125 100
610 142 603 141 641 141 634 141 89
610 154 603 153 641 153 634 151 146
611 180 601 179 643 179 633 178 146
609 230 577 229 643 231 609 229 320
607 238 575 238 641 239 608 239 208
609 251 575 252 643 253 608 255 165
607 257 573 259 641 259 606 261 99
610 280 577 281 643 283 605 283 147
608 310 565 311 643 317 596 317 20
609 331 564 331 645 341 596 342 12
619 81 612 81 651 79 644 79 189
619 97 611 97 651 95 644 95 98
617 114 610 113 649 113 642 111 148
617 166 610 166 649 165 642 165 184
618 172 609 172 651 171 641 171 104
615 230 579 229 649 231 612 231 469
614 327 564 325 651 337 597 336 16
627 67 620 67 657 67 653 65 98
621 77 614 77 653 75 646 75 135
625 109 618 110 657 107 650 108 290
620 129 614 126 653 125 645 127 97
621 235 583 235 657 237 617 237 498
615 299 573 299 653 309 609 309 13
630 94 623 93 661 93 653 93 83
629 103 621 102 661 101 653 100 128
631 145 623 145 663 143 655 143 124
629 172 618 172 661 171 650 171 177
622 335 569 335 659 345 603 345 11
633 69 627 68 665 67 656 69 200
632 75 626 75 665 73 658 72 285
632 82 627 79 665 79 658 79 359
636 104 628 102 669 101 661 100 137
635 118 626 119 667 117 659 116 311
635 146 627 146 667 145 659 145 303
637 144 629 144 669 143 661 142 99
628 252 587 252 665 255 621 255 335
630 286 588 284 667 295 623 295 127
642 97 635 96 675 95 667 94 247
642 121 634 120 675 119 666 119 282
639 149 631 149 671 149 663 147 385
640 187 623 187 673 187 657 186 276
637 257 592 257 675 261 627 261 359
638 265 595 266 675 269 630 270 156
634 268 592 268 671 273 626 272 208
636 290 593 291 673 295 628 296 155
634 297 592 297 671 303 626 303 57
638 309 594 308 675 315 628 315 54
635 306 593 307 673 313 627 311 48
637 320 589 320 675 329 623 329 74
648 99 639 98 681 97 672 96 206
644 101 635 101 677 101 668 99 196
644 120 636 118 677 117 668 118 242
648 121 639 121 681 119 672 119 174
648 142 640 142 681 141 672 140 228
644 144 636 144 677 143 668 143 181
648 149 640 147 681 147 672 145 274
643 191 624 191 677 191 657 191 517
642 215 601 218 679 217 637 218 535
640 229 599 228 677 231 633 231 508
642 261 598 261 679 265 632 265 258
643 281 599 281 681 287 634 287 76
642 289 599 291 679 295 633 295 80
640 297 597 296 677 303 631 303 53
641 329 591 329 681 339 625 338 40
640 328 590 328 677 337 624 337 42
653 43 646 43 685 41 678 41 139
653 62 643 63 687 59 679 58 165
654 69 645 69 687 67 679 66 153
650 113 641 113 683 111 674 111 314
652 119 643 119 685 117 676 117 168
653 131 645 129 685 129 679 130 203
654 140 645 140 687 139 678 138 202
651 146 642 145 683 145 674 143 216
654 148 646 151 687 147 678 147 238
652 172 632 172 685 171 665 171 152
646 234 601 234 683 237 637 237 396
645 249 600 249 683 253 636 251 291
646 257 599 256 683 261 636 261 299
649 281 604 281 687 287 640 287 52
650 309 604 309 687 317 638 317 40
647 317 597 317 683 327 632 327 71
658 89 648 89 691 87 681 87 98
655 85 645 85 689 83 679 83 122
658 95 648 95 691 93 681 93 150
658 97 648 97 691 95 681 95 137
656 114 647 113 689 113 680 111 241
660 146 650 145 693 145 683 143 342
657 183 641 182 691 183 674 182 158
659 181 642 179 693 181 675 179 126
653 197 613 198 691 197 648 198 279
651 223 609 221 689 225 644 225 241
651 230 606 230 689 233 642 232 254
653 249 608 249 691 253 644 253 108
651 249 606 249 689 253 642 253 133
653 255 608 255 691 259 643 259 118
651 255 606 255 689 259 641 259 142
655 273 607 275 691 281 642 279 19
653 289 607 289 691 295 643 295 21
650 287 605 287 689 293 641 293 57
659 293 611 293 693 299 645 299 36
651 293 604 293 689 299 641 299 55
655 317 608 317 693 325 643 325 71
653 333 600 332 691 343 636 343 62
663 63 655 63 697 61 688 60 146
665 87 655 87 699 85 689 85 93
662 99 652 99 695 97 685 97 130
664 97 654 97 697 95 687 95 169
666 103 656 103 699 101 689 100 105
664 113 654 113 697 111 687 110 256
666 124 656 123 699 121 689 121 66
661 127 652 129 695 125 685 126 206
666 133 656 133 699 131 689 130 66
658 242 613 241 697 245 649 245 88
660 249 615 249 699 253 652 253 106
659 255 611 255 697 259 649 259 124
664 264 617 264 699 269 651 269 52
657 285 615 284 695 291 652 291 42
658 309 615 309 697 317 650 317 30
659 322 611 322 697 331 646 331 71
657 327 608 327 697 337 644 337 52
658 331 607 331 697 341 643 341 55
671 50 661 49 705 47 695 46 305
671 62 662 61 705 59 695 59 188
669 78 659 77 703 75 693 74 108
671 87 663 90 705 85 694 84 186
668 132 658 133 701 129 691 129 171
671 151 658 149 705 149 691 149 146
667 174 648 176 701 175 684 173 60
661 197 617 198 701 197 660 197 228
662 247 617 247 701 251 653 250 63
666 249 619 248 705 253 656 252 70
663 253 618 252 703 257 655 257 94
665 255 620 255 705 259 657 259 90
662 266 614 266 703 271 655 271 49
664 288 618 288 703 295 655 295 20
665 311 620 310 705 319 658 319 37
665 316 619 316 705 325 656 325 42
661 345 608 344 703 357 643 355 20
663 342 609 341 703 353 645 353 35
677 36 671 35 711 33 705 31 210
675 37 669 37 709 35 702 33 242
673 56 663 55 707 53 697 52 154
677 64 664 65 711 61 698 63 149
678 100 668 99 711 97 701 96 58
675 111 666 110 709 109 699 109 39
677 115 668 115 711 113 702 112 22
677 131 667 130 711 129 701 129 75
677 127 668 126 711 125 703 125 49
672 175 654 175 707 175 689 175 79
666 223 621 223 707 225 659 225 37
665 227 621 227 709 229 663 229 39
667 245 621 244 707 249 657 247 74
668 286 622 286 707 293 659 293 70
668 292 622 293 707 299 659 299 54
673 319 627 319 711 327 662 327 74
673 335 621 335 709 345 655 345 29
669 337 615 336 707 347 650 347 31
679 50 669 50 713 47 703 47 211
681 103 671 102 715 101 705 101 84
679 118 670 118 713 117 703 116 21
679 136 671 136 713 135 703 134 77
684 140 674 140 717 139 707 138 94
679 142 665 142 713 141 700 141 121
683 154 669 154 717 153 703 153 124
681 152 667 152 715 151 701 151 93
681 163 667 165 715 161 699 159 75
672 262 626 262 713 267 664 267 30
678 284 633 284 717 291 668 291 54
677 290 631 290 717 297 668 297 49
675 335 621 334 715 345 659 345 29
675 331 621 330 715 341 661 341 42
676 336 625 338 717 347 661 347 16
672 350 615 350 713 363 652 363 23
685 44 670 45 719 41 707 41 255
687 103 674 101 719 99 709 99 273
688 131 679 130 723 129 712 129 153
686 136 676 136 719 135 709 135 169
693 147 680 147 723 145 712 145 290
687 150 677 151 721 149 710 149 174
685 158 671 158 719 157 706 157 113
689 172 677 170 723 171 710 170 116
677 195 636 195 719 195 669 196 191
676 266 633 266 719 271 671 271 25
682 266 636 266 723 271 675 271 25
686 292 641 292 723 299 673 299 104
680 305 636 305 721 315 672 313 43
678 332 628 332 719 343 665 343 26
691 38 677 39 725 35 711 36 518
689 53 678 52 725 49 712 49 117
692 56 680 57 727 53 715 53 188
690 60 678 60 725 57 713 57 134
692 68 680 67 727 65 715 65 132
692 131 681 131 727 129 715 129 73
685 187 644 188 725 187 685 185 257
688 191 648 191 729 191 686 191 283
685 193 644 193 725 193 682 193 187
684 221 640 221 725 223 678 223 39
688 223 645 223 729 225 681 225 38
680 231 634 232 725 235 674 236 16
683 238 637 238 725 241 676 241 25
683 258 637 258 725 263 677 263 43
688 273 642 273 729 279 681 278 27
688 284 643 284 729 291 681 291 106
685 286 639 286 725 293 677 293 54
689 290 643 290 729 297 681 297 70
685 328 635 328 727 339 673 339 45
685 348 630 348 727 361 667 360 17
696 66 684 66 731 63 719 63 155
698 62 686 61 733 59 721 57 174
701 155 689 155 735 153 723 153 401
696 158 685 157 731 157 719 156 173
691 185 649 186 731 187 689 185 348
690 193 650 193 731 193 688 193 194
689 243 644 243 731 249 682 247 57
693 251 648 251 735 255 686 255 62
690 262 644 262 733 267 680 267 54
693 311 647 310 733 319 686 319 106
690 309 645 307 731 317 683 315 77
691 315 646 315 731 323 683 323 95
705 54 693 53 739 51 727 51 134
703 71 691 73 739 69 726 67 495
703 185 686 185 739 185 720 184 299
698 202 664 201 739 203 702 202 124
697 234 651 234 741 237 691 237 84
696 239 649 239 737 243 687 243 123
696 265 649 265 737 271 688 271 31
695 277 648 277 737 283 688 283 57
698 282 653 282 739 289 689 289 74
697 288 651 288 739 295 690 295 127
698 315 653 315 739 323 691 323 89
699 320 653 320 741 329 692 329 152
695 321 649 322 737 331 687 331 105
695 337 644 338 739 349 683 349 72
709 128 695 127 743 127 730 125 240
708 152 695 152 743 151 730 151 238
710 156 698 158 745 155 732 156 348
712 168 696 167 747 167 732 166 297
703 242 657 241 745 245 697 245 61
704 282 658 282 745 289 698 289 93
704 290 656 290 747 297 701 297 108
706 286 660 286 747 293 699 293 82
703 316 658 316 745 325 696 325 216
701 321 655 321 745 331 695 331 148
703 327 654 327 745 337 693 337 195
713 174 696 174 749 173 732 173 266
709 202 674 202 749 203 711 201 94
710 208 678 209 751 209 718 210 96
708 226 663 226 751 229 703 229 55
708 232 662 231 751 235 703 235 54
705 258 659 258 749 263 700 263 80
707 268 660 268 749 273 700 273 38
707 312 663 312 749 321 700 320 114
707 318 661 318 749 327 700 327 155
711 314 666 314 753 323 704 322 190
711 320 665 320 753 329 704 329 260
707 339 654 339 751 351 694 351 61
719 58 703 59 755 55 741 54 309
718 144 702 144 755 143 738 143 368
718 196 684 199 759 197 724 197 272
714 211 681 211 755 213 720 212 68
714 222 667 222 755 225 707 225 78
712 228 667 227 755 231 707 231 114
714 226 668 225 757 229 709 229 57
716 229 671 229 759 233 711 233 55
716 237 670 237 759 241 711 241 66
713 243 667 243 755 247 707 247 193
716 243 671 243 759 247 711 247 310
717 259 670 259 757 265 707 265 80
713 284 667 284 755 291 707 291 111
712 290 666 290 755 297 706 297 65
715 337 662 338 759 349 703 349 81
723 202 689 203 763 203 728 204 183
717 251 672 251 761 255 713 255 90
719 257 673 257 761 263 711 263 83
718 264 674 263 761 269 710 269 81
721 263 675 263 763 269 714 269 46
719 280 676 280 763 287 717 287 62
722 310 676 310 765 319 717 319 157
720 329 671 329 765 341 711 339 145
719 336 669 336 763 347 709 348 97
730 127 703 127 769 123 741 124 665
727 239 682 239 771 243 723 243 169
726 235 681 235 769 239 721 239 109
725 243 680 243 769 247 721 247 112
726 249 681 248 771 253 723 253 257
723 284 678 284 767 291 718 291 76
725 288 680 288 769 295 721 295 86
724 305 680 305 767 313 720 312 114
725 310 680 310 769 319 720 319 246
727 316 680 316 771 325 720 325 248
726 328 679 329 771 339 719 339 177
731 237 686 237 775 241 727 241 168
729 243 684 243 773 247 725 247 169
732 278 683 279 777 285 730 285 102
731 280 685 280 775 287 727 287 80
731 288 687 288 777 295 729 295 63
730 286 686 285 775 293 726 293 106
729 308 683 308 773 317 724 317 203
730 317 680 315 775 327 724 327 196
728 324 680 324 773 335 720 334 173
734 228 688 228 779 231 730 231 143
738 245 693 244 783 249 735 249 373
739 254 694 254 783 259 736 259 106
735 282 689 282 779 289 731 289 89
737 280 691 280 781 287 733 287 71
737 306 692 306 781 315 732 315 194
733 339 682 339 779 351 724 351 118
744 65 714 67 785 61 755 61 183
746 83 717 83 787 79 757 78 49
744 232 699 231 789 235 741 235 156
741 229 697 229 787 233 739 233 175
740 235 695 235 785 239 737 239 162
742 241 697 241 787 245 739 245 165
743 255 698 255 789 261 741 261 129
741 261 695 261 785 267 736 267 75
740 257 695 257 785 263 736 263 89
745 261 699 261 789 267 740 267 44
740 273 695 272 785 279 737 279 56
743 301 700 301 787 309 741 309 94
743 317 695 317 789 327 737 327 177
740 321 691 321 785 331 732 331 195
739 324 691 325 785 335 733 336 222
749 100 721 100 791 97 761 97 25
753 112 724 112 795 109 764 108 47
751 116 722 116 793 113 763 112 83
753 135 724 135 795 133 765 132 55
751 134 722 133 793 131 763 130 98
750 143 722 143 791 141 762 140 136
750 220 709 220 795 223 749 221 128
747 244 703 244 791 249 744 249 106
745 296 701 295 791 305 744 303 52
746 302 703 302 791 311 745 311 113
757 39 731 38 799 33 772 32 177
759 59 730 58 801 53 771 52 23
755 84 726 83 797 79 767 79 13
759 96 730 96 801 93 771 92 14
759 103 730 103 801 99 771 99 14
757 116 728 116 799 113 768 112 48
755 124 726 123 797 121 767 120 57
757 133 727 133 799 131 768 130 33
759 149 730 148 801 147 771 146 37
757 154 728 154 797 153 769 153 49
751 243 707 243 797 247 749 247 158
754 255 708 255 799 261 751 261 43
755 254 710 254 801 259 753 259 38
755 259 709 260 801 265 753 265 26
755 280 709 281 797 289 749 289 44
754 312 708 312 799 321 749 321 150
752 312 705 312 797 321 747 321 126
751 319 702 319 797 329 744 329 177
752 327 701 328 799 339 744 339 135
749 347 694 347 797 361 737 361 36
764 85 735 85 807 81 777 81 21
764 112 735 111 807 109 776 108 19
761 150 732 150 803 149 773 148 22
763 162 735 161 805 161 776 160 31
765 181 737 181 807 181 778 181 28
765 194 733 193 807 195 771 193 173
759 244 715 244 805 249 758 249 70
757 259 712 259 803 265 755 265 26
753 348 698 348 803 363 741 362 26
766 25 738 24 809 17 780 16 73
769 38 740 38 813 31 783 30 76
767 43 740 43 809 37 781 37 69
768 47 742 46 811 41 784 40 37
770 70 741 69 813 65 783 63 28
768 82 741 82 811 77 780 76 27
766 131 736 130 809 129 778 128 17
770 137 741 137 813 135 782 135 16
766 150 737 150 809 149 779 149 30
767 156 738 156 809 155 779 155 21
769 162 740 162 811 161 781 161 30
770 170 742 169 813 169 783 168 31
766 168 738 167 809 167 780 166 25
769 177 740 176 811 177 781 175 22
770 180 741 180 813 181 782 180 28
771 201 742 200 813 203 782 203 44
767 205 738 205 809 205 779 206 47
768 221 741 221 813 223 780 223 43
768 229 739 229 813 229 780 231 42
763 246 719 246 811 251 763 251 66
763 252 719 252 809 257 757 257 100
765 284 722 284 811 291 765 291 36
761 329 709 329 809 341 753 341 139
760 336 707 335 809 349 751 349 124
764 337 710 337 813 351 755 351 99
762 339 708 339 811 353 753 353 102
771 32 743 31 815 25 785 24 73
773 34 745 34 817 27 787 26 43
774 55 745 54 817 49 787 48 19
776 70 747 69 819 65 789 64 19
776 125 746 126 819 123 788 122 31
772 133 742 132 815 131 783 129 16
772 139 742 139 815 137 784 137 15
776 150 746 150 819 149 787 149 24
772 158 743 157 815 157 785 156 25
775 161 745 161 817 161 786 161 21
773 212 743 212 815 213 784 213 29
773 218 743 219 815 221 785 220 30
768 242 724 241 815 247 765 247 52
772 257 727 258 819 263 771 263 31
770 274 723 275 817 281 770 281 44
769 311 723 311 817 321 767 321 101
767 317 720 316 815 327 763 327 211
769 322 719 322 817 333 764 333 177
771 327 720 327 817 339 762 339 218
768 331 715 331 817 343 760 343 148
769 341 714 341 819 355 759 355 79
765 346 708 345 815 361 755 361 47
771 349 715 348 819 363 759 362 48
781 65 753 63 825 59 797 57 34
781 72 752 71 825 67 795 66 19
779 95 750 95 823 91 792 90 28
778 100 748 100 823 95 791 95 20
779 104 749 104 823 101 790 100 13
781 111 751 111 825 107 793 107 20
779 116 748 115 823 113 791 113 23
777 122 748 122 821 119 790 118 32
779 128 749 127 823 125 791 125 15
777 134 748 133 821 131 790 130 17
779 179 750 178 823 179 791 179 28
782 225 752 224 825 227 794 227 18
778 234 749 234 821 237 790 237 29
782 242 749 243 825 245 794 246 27
773 320 724 320 821 331 769 331 217
773 333 720 333 821 345 763 345 130
785 29 755 28 829 21 799 20 72
785 68 757 69 829 63 799 63 23
783 84 754 82 827 79 796 78 16
785 91 756 92 829 87 798 86 24
783 101 752 100 827 97 795 97 33
785 105 754 104 829 101 797 100 24
783 112 752 112 827 109 795 109 19
784 120 754 119 829 117 797 117 32
783 123 753 121 827 121 795 120 18
787 141 756 142 831 139 799 139 21
785 156 754 156 829 155 797 155 16
785 164 755 164 829 163 797 163 32
787 171 757 171 831 171 799 171 23
785 173 755 172 829 173 797 173 12
787 215 757 214 831 217 799 217 14
786 220 755 220 829 223 797 223 14
784 230 752 230 827 233 795 232 8
785 234 755 234 829 237 797 237 22
786 237 755 239 829 243 797 242 12
788 244 757 243 831 247 799 247 10
781 262 740 262 829 267 789 269 45
776 315 729 315 827 325 776 325 211
782 320 733 320 831 331 778 331 303
777 323 727 323 827 335 773 335 152
779 329 726 328 829 341 773 341 241
779 342 724 343 831 357 770 357 120
776 345 721 346 829 361 767 361 72
789 107 759 107 833 103 802 103 27
792 114 761 114 837 111 805 109 21
788 122 757 122 833 119 800 119 21
791 129 760 129 835 127 802 127 16
790 135 759 135 835 133 803 132 23
788 143 757 142 833 141 800 140 16
788 158 758 157 833 157 801 156 13
791 161 759 162 835 161 802 161 19
790 175 760 175 835 175 803 175 14
793 181 762 180 837 181 804 180 14
788 179 758 179 833 179 801 179 23
792 186 761 186 837 187 804 186 23
789 190 759 193 833 191 801 190 28
793 208 762 207 837 209 805 209 14
791 222 759 222 835 225 802 225 14
793 245 762 245 837 247 804 248 13
793 257 763 257 837 261 804 261 12
786 336 732 336 837 349 778 349 118
798 72 773 71 843 67 811 65 69
794 122 763 121 839 119 807 118 27
794 167 763 167 839 167 806 166 16
798 183 766 183 843 183 810 182 18
794 179 763 179 839 179 806 179 16
795 188 764 188 839 189 807 188 22
798 192 766 193 843 193 811 192 21
798 198 767 197 843 199 810 199 14
796 200 765 200 841 201 808 201 17
796 227 763 228 839 231 807 230 17
792 310 746 310 841 321 790 321 157
788 325 738 325 839 337 784 337 262
792 328 740 328 843 341 787 341 223
790 344 733 344 843 359 781 359 104
803 60 776 60 847 55 820 55 239
799 78 770 77 845 73 813 73 68
800 89 769 89 845 85 813 84 25
799 97 768 97 845 93 812 93 20
801 122 769 121 847 119 813 119 28
799 178 768 178 845 179 811 178 12
802 202 770 202 847 203 814 203 15
801 209 769 209 847 211 814 211 12
800 214 768 213 845 217 812 216 13
804 220 772 220 849 223 816 223 12
801 223 769 222 845 225 812 225 16
801 233 770 234 847 237 813 237 20
803 244 771 245 849 249 814 249 14
800 258 769 258 845 263 812 263 14
796 316 748 316 847 327 795 327 184
798 314 752 314 849 325 799 325 289
798 333 745 333 849 347 792 347 176
807 56 779 57 851 51 823 50 339
810 72 785 70 855 67 830 68 193
805 109 773 107 851 105 818 104 22
808 114 777 114 855 111 821 111 18
805 130 773 129 851 127 818 126 34
808 157 777 155 853 157 821 155 39
805 169 773 169 851 169 818 169 25
805 192 773 191 851 193 817 192 14
807 196 774 197 853 197 819 197 14
807 212 775 212 853 215 819 214 12
809 222 777 222 855 225 822 224 15
808 224 776 224 853 227 820 227 14
809 239 778 239 855 243 822 243 10
807 243 775 243 853 247 819 247 8
806 241 773 240 851 245 817 244 10
806 248 773 248 851 253 817 253 8
808 254 775 253 855 259 821 258 10
807 265 773 266 853 271 817 270 18
807 265 775 265 855 271 820 271 14
804 267 772 271 851 275 815 273 13
805 300 761 299 855 309 807 308 10
805 310 759 309 855 319 807 317 137
802 320 752 321 853 331 800 332 296
801 325 750 326 853 337 798 338 286
802 343 745 343 855 357 799 356 90
812 108 781 108 859 105 826 104 16
812 106 783 109 859 103 826 102 18
810 124 779 123 857 121 823 120 22
810 130 779 129 857 127 824 126 19
814 174 781 174 861 175 826 174 17
814 211 782 211 861 213 827 213 16
811 213 778 212 857 215 823 215 18
812 217 780 219 859 221 824 220 19
814 223 782 222 861 225 826 225 18
810 235 780 236 857 239 824 240 11
815 252 782 253 861 257 826 257 18
810 259 778 258 857 263 822 263 24
813 263 781 264 859 269 824 268 11
805 318 757 318 857 329 805 329 191
806 337 751 337 861 351 801 351 139
820 64 794 66 865 59 839 61 197
817 81 786 81 863 79 830 78 129
818 108 786 107 865 103 832 103 12
819 135 787 134 867 133 832 132 30
817 137 785 138 865 135 830 134 26
818 139 785 140 865 139 830 139 17
819 173 786 172 867 173 832 173 15
819 222 786 222 867 225 831 226 19
820 243 787 242 867 247 833 247 13
819 249 785 249 865 253 830 253 20
816 260 782 259 863 265 828 264 14
815 265 782 265 863 271 828 271 16
814 311 769 313 867 323 816 323 138
822 84 791 83 869 79 836 79 47
824 87 793 85 873 83 841 82 27
824 131 791 132 869 129 837 129 43
823 137 791 136 871 135 836 135 15
825 169 791 169 873 169 838 169 16
821 171 789 172 869 171 835 173 20
821 200 789 199 869 201 834 201 20
822 205 789 205 869 207 834 207 17
825 216 791 216 873 219 837 219 12
823 218 790 218 871 221 835 221 15
822 228 788 228 869 231 835 232 27
814 315 766 315 869 327 817 327 153
817 319 768 319 871 331 817 331 135
816 321 766 321 869 333 815 333 186
829 103 797 103 877 99 844 98 12
831 99 799 99 879 95 846 94 19
832 125 800 124 879 123 845 122 18
828 143 795 142 877 141 842 140 20
830 157 797 158 879 157 844 157 16
827 162 794 161 875 161 840 161 17
831 165 797 165 879 165 843 165 16
829 184 795 184 877 185 842 185 14
829 207 795 205 877 209 841 208 14
827 220 793 220 875 223 839 223 19
827 261 793 261 875 267 840 265 24
829 269 794 269 877 275 840 275 9
827 271 793 271 875 277 838 277 16
821 317 773 317 875 329 823 329 120
823 323 773 323 877 335 823 335 155
823 330 771 330 877 343 820 343 299
823 335 769 335 875 349 819 350 319
825 335 771 335 879 349 821 349 340
835 37 813 35 881 31 857 29 120
837 58 807 58 883 53 854 51 108
835 66 805 63 881 59 851 58 120
833 105 801 104 883 101 848 100 22
833 113 801 113 883 111 848 110 21
836 137 802 136 885 135 851 135 32
833 141 800 140 883 139 850 139 33
832 148 799 147 881 147 846 146 15
834 152 802 151 883 151 849 150 20
834 163 800 163 883 163 849 163 22
834 164 800 163 881 163 847 163 14
834 195 800 195 883 197 847 196 14
836 218 802 218 885 221 849 221 15
837 233 804 232 885 237 850 237 34
835 230 801 231 883 235 848 234 18
833 235 799 235 881 239 845 239 15
836 245 801 244 885 249 848 247 14
833 248 798 248 881 253 845 253 18
835 254 799 254 883 259 845 259 14
834 253 800 253 883 257 847 257 19
836 262 800 261 885 267 847 266 12
837 271 800 271 885 279 848 279 11
825 331 775 332 881 345 823 345 226
828 328 777 328 883 341 827 341 250
844 26 812 25 891 19 855 20 125
838 116 804 117 887 113 852 113 13
839 155 805 154 889 155 853 154 18
838 167 803 167 887 167 851 167 21
841 169 807 169 891 169 854 169 22
839 238 804 238 891 243 853 243 27
840 259 805 259 889 265 851 264 14
841 263 805 264 891 269 853 269 16
836 305 789 308 889 319 838 319 17
835 319 786 319 887 331 834 331 110
832 326 781 326 887 339 832 339 207
833 322 783 322 889 335 834 335 168
832 330 781 330 887 343 831 343 225
849 27 816 26 897 19 861 20 156
850 31 816 32 897 25 861 25 162
847 183 813 182 897 183 861 183 8
845 191 811 191 895 193 859 192 16
845 218 810 218 895 221 859 221 28
845 219 809 220 893 223 858 221 13
847 229 812 229 897 233 860 233 19
845 234 809 233 895 239 857 237 21
851 275 817 275 897 281 862 282 21
846 278 809 278 897 285 858 283 11
840 321 787 320 893 333 839 333 159
838 329 786 329 895 343 838 343 173
850 135 815 134 901 133 865 132 28
847 176 815 177 899 175 862 175 23
851 219 815 220 901 223 863 224 21
852 228 818 228 903 233 867 233 17
852 253 815 253 903 259 864 259 14
844 324 793 324 901 337 845 337 208
842 327 790 327 899 341 843 341 127
843 336 789 336 901 351 842 351 191
841 340 785 340 899 355 837 355 187
855 88 824 87 907 83 873 82 36
856 98 823 99 907 95 872 94 26
857 106 823 105 909 101 873 100 29
856 121 821 122 907 119 870 119 23
856 159 820 159 907 159 871 158 19
854 167 819 166 905 167 868 166 16
858 197 823 197 909 199 872 197 22
856 214 821 213 907 217 870 216 13
858 214 823 214 909 217 872 217 13
855 244 818 244 907 249 867 250 21
857 242 820 242 909 247 869 247 25
859 256 821 256 909 263 869 263 17
856 272 821 269 907 279 867 279 12
856 276 818 276 907 283 867 284 15
849 322 799 322 905 335 851 335 164
852 327 801 327 909 341 853 341 119
851 331 799 331 909 345 852 345 216
848 327 796 327 905 341 849 341 154
848 333 795 333 905 347 847 347 219
853 345 795 345 909 361 853 362 156
863 89 830 88 915 85 880 84 62
861 95 828 96 913 91 877 90 25
859 102 825 101 911 97 875 96 23
863 146 827 145 915 145 877 144 37
861 157 827 156 913 157 873 156 18
860 190 824 189 911 191 874 190 20
861 195 826 194 913 197 876 197 17
860 221 825 221 911 225 874 225 21
862 233 826 232 913 237 875 236 25
859 262 822 262 911 269 872 268 15
861 269 823 270 913 277 873 276 11
863 284 822 283 913 291 871 291 9
857 334 804 334 915 349 856 349 189
867 100 833 100 919 95 883 95 35
864 110 830 110 917 107 880 105 19
869 182 831 182 919 183 881 183 19
867 197 831 196 919 199 881 198 15
869 214 834 214 921 217 883 217 13
865 224 830 223 917 227 880 226 23
865 255 826 253 917 259 876 259 14
864 254 826 255 917 261 876 260 20
865 280 825 279 917 287 877 287 18
864 284 823 283 917 293 873 291 13
858 334 807 333 917 349 858 349 198
855 341 799 341 917 357 855 357 170
861 338 806 338 921 353 861 353 161
872 96 838 96 925 91 889 91 35
875 101 839 101 927 97 891 97 16
870 107 834 107 923 103 885 103 31
870 113 835 111 923 109 886 107 19
872 195 837 194 925 197 888 195 21
874 233 839 232 927 237 889 237 23
873 238 834 237 927 243 885 243 27
870 236 833 235 923 241 883 241 29
871 251 833 250 925 257 883 256 12
870 275 831 276 923 283 881 283 11
873 277 834 277 927 285 885 285 12
870 278 830 279 923 287 879 285 12
874 285 835 285 927 293 885 293 13
868 301 819 300 923 311 875 311 7
869 313 822 313 927 325 876 325 10
866 325 815 325 925 339 869 339 107
877 105 843 107 931 101 893 99 22
875 133 840 133 929 131 891 131 49
881 165 847 165 933 165 895 164 45
876 171 840 171 929 171 891 171 19
879 249 839 248 933 255 891 254 16
877 253 837 253 931 259 890 259 12
878 262 839 262 933 269 891 269 21
882 272 841 272 933 279 889 278 24
876 310 826 310 931 321 883 322 10
872 328 819 328 933 343 877 343 83
868 335 813 336 929 351 869 351 146
881 146 841 143 935 145 892 144 89
882 155 845 156 935 155 897 155 48
881 178 846 177 935 179 897 178 20
883 189 847 189 937 191 899 190 25
880 196 845 197 935 199 895 198 28
885 195 849 193 939 197 901 196 21
883 209 848 208 937 211 899 211 18
881 218 846 219 935 223 895 222 15
882 230 848 230 937 235 898 234 22
881 240 845 237 937 245 894 243 19
882 253 842 253 937 259 894 259 15
880 264 841 263 935 271 893 271 10
880 279 839 279 935 287 892 287 15
880 321 829 321 939 333 885 332 46
876 332 818 333 937 347 878 347 184
890 64 855 63 945 57 908 56 46
886 66 851 67 941 61 904 60 38
890 88 853 88 945 83 907 82 22
886 128 854 129 941 125 903 125 47
887 147 850 147 941 147 902 147 50
891 188 854 187 945 189 906 189 25
890 213 854 212 943 215 906 215 13
891 217 855 217 945 221 908 220 11
887 225 852 224 941 229 903 229 21
890 227 855 226 945 231 907 229 22
891 232 855 232 945 237 907 237 25
887 255 847 254 943 261 899 261 17
890 276 851 275 945 285 902 285 18
885 275 845 275 941 283 898 283 11
879 328 826 328 941 343 883 343 109
880 338 826 338 943 353 882 354 137
894 47 860 46 949 39 912 39 23
893 52 859 51 947 45 912 44 39
893 91 858 89 949 85 911 84 15
896 100 860 100 951 97 913 96 32
892 137 855 136 947 135 907 134 42
892 143 855 142 947 141 908 140 24
891 146 855 145 947 145 908 144 21
896 187 858 187 951 189 912 189 25
895 195 859 193 951 197 912 196 17
892 210 857 210 947 213 910 214 24
895 212 859 211 949 215 912 215 17
893 216 857 215 947 219 909 219 12
895 220 859 220 949 225 911 224 13
891 239 850 239 947 245 903 245 20
892 255 851 256 949 263 906 265 19
891 262 849 263 947 269 901 267 18
890 275 849 275 947 283 902 284 21
893 280 851 280 949 289 905 289 17
893 295 854 296 951 305 904 304 15
887 346 829 346 951 363 888 363 134
898 151 862 149 955 149 915 150 23
897 157 860 156 955 155 916 154 36
900 228 864 228 955 233 916 232 20
898 246 857 245 955 253 910 253 18
896 255 855 255 953 261 909 261 25
897 260 856 260 955 267 910 267 19
899 273 858 273 957 283 912 282 19
890 334 836 333 953 349 894 349 78
893 331 839 331 957 347 898 347 45
893 338 836 338 957 355 895 355 107
891 342 834 342 955 359 893 359 132
906 123 870 124 963 121 924 121 27
903 133 864 134 959 131 921 130 43
904 139 869 139 959 137 921 136 28
907 143 870 142 963 141 924 139 23
904 161 871 161 961 161 921 160 93
904 193 867 192 961 195 921 195 14
903 227 868 226 959 231 920 231 21
904 232 868 233 959 237 920 237 28
905 229 869 228 961 233 922 233 20
905 238 863 237 963 243 919 244 24
904 263 863 263 963 271 918 271 14
903 267 860 267 961 275 916 275 12
903 273 860 272 961 281 915 281 14
901 276 860 275 959 285 914 284 12
905 314 853 314 963 327 910 327 10
899 316 851 316 959 329 906 329 8
912 56 875 58 969 49 929 49 85
910 85 874 83 967 79 928 78 19
910 113 873 112 967 109 928 108 37
911 133 874 133 969 131 927 133 27
912 152 874 153 969 153 928 153 23
910 187 873 187 967 189 928 188 14
910 215 875 215 967 219 928 218 9
910 243 868 243 969 249 923 249 16
907 249 865 249 969 255 924 255 25
906 261 865 263 967 271 921 270 23
906 286 862 286 965 295 920 295 18
908 293 865 293 967 303 920 303 8
907 305 861 301 967 315 918 314 13
906 316 853 316 967 329 913 330 11
900 333 847 332 965 349 904 349 49
914 101 878 100 971 97 927 99 60
913 101 877 99 973 95 933 95 40
915 120 879 120 973 117 934 117 21
916 241 874 241 975 247 930 247 23
915 248 873 248 975 255 930 255 27
913 250 871 250 973 257 927 257 25
912 258 870 257 971 265 925 265 21
911 262 869 262 971 269 925 269 26
913 265 871 265 971 275 925 275 26
913 271 870 271 973 279 926 279 13
915 278 873 277 975 287 929 286 25
913 287 870 287 973 297 926 297 16
911 287 868 287 971 297 925 297 17
911 291 868 291 971 301 924 301 19
917 297 874 297 975 307 928 307 17
915 309 868 309 975 321 925 321 11
906 337 851 337 971 353 910 353 50
921 67 884 68 979 61 941 60 20
921 65 885 65 979 59 941 58 20
919 79 883 77 977 73 939 72 17
923 113 887 114 981 109 943 109 27
920 189 881 192 977 193 937 192 11
919 204 882 204 977 207 937 207 12
921 208 884 208 979 211 939 211 19
923 223 885 224 981 227 942 227 9
921 228 885 228 979 233 940 233 19
919 236 878 236 981 243 937 242 26
920 248 877 247 981 255 935 255 25
916 255 874 254 977 261 931 261 23
921 261 879 260 981 269 935 269 16
920 284 876 284 981 293 933 293 25
918 293 874 292 979 303 932 303 15
918 298 876 298 981 309 936 310 16
917 323 867 323 981 337 927 337 9
924 70 888 69 983 63 944 62 20
924 73 888 74 983 69 945 68 16
928 130 893 129 987 129 947 128 18
928 146 890 146 987 145 947 144 28
926 187 889 187 985 189 945 189 19
928 184 890 183 987 185 947 185 17
928 191 892 192 987 193 945 193 18
928 202 892 202 987 205 947 204 27
925 204 888 204 983 207 944 207 15
925 227 889 227 983 231 944 231 24
929 228 892 227 987 233 949 231 35
925 234 889 233 985 241 941 240 36
924 246 881 246 985 253 939 253 27
925 248 882 248 987 255 940 255 26
924 267 879 267 985 275 939 275 32
923 272 880 271 985 281 938 281 24
922 279 878 279 983 287 935 287 21
922 285 878 285 983 295 936 295 12
923 294 878 294 985 305 937 305 16
913 334 859 334 983 351 921 351 71
914 345 864 344 983 363 927 363 148
931 120 894 119 991 117 951 116 17
932 178 896 177 991 179 951 178 43
933 180 897 179 993 181 953 180 57
934 213 899 215 993 217 953 217 12
927 271 883 270 989 279 941 279 25
927 293 882 293 989 303 941 303 14
929 289 884 289 991 299 943 299 19
929 300 883 300 991 311 942 311 18
927 316 877 318 993 331 939 332 12
939 97 901 97 997 93 957 92 48
934 108 899 105 995 103 957 101 24
939 133 901 132 999 131 959 130 10
939 139 901 138 999 137 959 136 27
935 147 897 146 997 145 956 144 19
939 172 901 172 999 173 957 174 61
940 218 902 219 999 223 960 222 13
932 276 888 275 995 285 947 285 19
934 287 888 286 997 297 948 297 22
932 296 886 296 995 307 946 307 22
934 301 891 302 999 313 950 313 13
930 322 877 322 995 337 941 335 11
942 60 905 60 1003 53 963 52 16
940 123 903 123 1001 119 961 119 14
941 125 902 125 1001 123 963 122 30
943 134 905 134 1003 133 963 132 23
943 133 909 131 1005 131 965 130 11
942 140 904 140 1003 139 962 138 12
944 150 905 150 1005 149 964 149 15
942 169 905 168 1003 169 963 168 72
944 187 906 187 1005 189 964 188 20
942 185 904 185 1003 187 962 186 16
940 190 904 191 1001 193 962 193 9
944 210 907 209 1005 213 966 214 18
943 217 906 217 1003 221 963 220 12
945 233 907 233 1003 239 963 239 20
937 260 893 262 1001 269 953 270 31
938 265 893 265 1001 273 953 273 31
937 271 897 271 1001 281 958 281 58
939 298 892 297 1003 309 953 310 29
937 307 888 306 1001 319 950 319 14
938 326 885 325 1005 341 961 340 17
948 114 910 113 1009 111 968 109 23
947 131 909 130 1009 129 968 128 9
946 136 908 136 1007 135 967 134 12
947 163 909 162 1009 163 968 162 13
950 176 911 176 1011 177 970 177 14
946 172 908 172 1007 173 966 173 21
946 183 908 183 1007 185 967 185 21
948 186 910 185 1009 187 969 187 19
950 189 912 189 1011 191 970 190 18
950 198 912 197 1011 201 971 200 16
950 204 914 203 1011 207 971 207 10
948 208 910 207 1009 211 968 211 9
949 211 912 211 1009 215 969 214 12
948 226 910 225 1009 231 968 230 17
946 230 910 229 1007 235 967 235 17
949 228 911 227 1009 233 969 233 20
949 234 912 234 1009 239 970 239 23
943 252 900 251 1007 259 960 259 43
946 292 900 292 1011 303 961 302 21
952 95 915 95 1013 91 973 90 67
955 109 917 108 1017 105 977 104 29
953 146 914 146 1015 145 973 145 16
954 153 915 152 1017 153 974 152 17
955 171 917 170 1017 171 976 170 13
952 215 914 215 1013 219 973 219 15
953 236 916 237 1015 243 973 241 23
947 247 903 246 1013 253 966 253 33
951 270 906 269 1017 281 968 280 22
951 283 906 282 1017 293 967 292 17
949 283 903 283 1015 293 965 293 28
947 299 900 299 1013 311 962 311 19
950 306 905 307 1017 319 966 319 19
948 305 901 305 1013 317 964 318 17
948 321 896 322 1017 335 964 333 6
960 68 923 67 1023 61 983 60 45
962 102 924 101 1023 99 983 98 38
955 133 918 132 1019 131 977 130 11
956 138 919 138 1019 137 978 136 20
961 182 922 182 1023 185 981 184 18
959 213 922 213 1021 217 982 218 7
961 221 925 222 1023 225 984 226 10
956 232 919 232 1019 237 979 237 15
961 233 924 233 1023 239 982 239 16
953 258 909 257 1019 267 970 266 33
954 291 908 289 1021 301 971 301 23
956 303 909 303 1023 315 972 315 17
956 328 903 329 1023 343 963 341 9
966 138 929 137 1029 137 990 135 14
965 163 927 162 1029 163 987 162 17
964 176 926 176 1027 177 985 177 13
965 211 926 211 1027 215 985 215 14
969 216 927 217 1029 221 987 221 10
966 238 931 237 1029 243 985 245 27
959 268 913 267 1025 277 975 277 30
959 323 914 322 1027 337 977 338 13
955 324 907 326 1025 339 968 339 10
969 122 931 121 1033 119 992 118 16
967 146 929 145 1031 145 991 145 12
967 200 930 200 1031 203 990 203 17
970 204 932 203 1033 207 992 207 10
969 215 931 215 1033 219 992 219 12
969 220 931 220 1033 225 992 225 19
970 224 933 224 1035 229 993 228 14
969 228 931 227 1031 233 989 231 9
968 234 931 233 1031 239 991 239 10
963 272 916 273 1031 283 979 282 24
963 301 914 299 1031 313 979 313 17
963 310 914 310 1031 323 979 323 32
967 315 916 314 1035 329 981 329 10
973 54 936 53 1037 47 995 45 40
972 76 933 76 1037 71 995 70 30
975 79 937 78 1041 73 999 72 17
975 135 933 133 1041 133 998 132 13
972 148 933 148 1037 147 995 147 14
973 153 934 153 1037 153 996 152 14
976 155 938 155 1041 155 1000 154 12
974 181 935 180 1037 183 997 182 15
976 190 937 190 1039 193 998 193 14
974 211 935 210 1037 215 995 214 8
974 217 937 216 1037 221 997 221 11
969 254 922 254 1037 263 986 262 22
970 277 923 277 1039 287 987 287 18
970 304 922 304 1039 317 987 317 23
978 66 940 65 1043 59 1002 58 24
979 143 940 142 1045 141 1003 141 15
978 148 938 147 1043 147 1001 146 17
977 153 939 153 1043 153 1002 153 8
982 168 942 167 1047 169 1005 168 22
980 194 941 194 1045 197 1003 198 15
979 207 942 207 1043 211 1002 210 9
982 213 945 213 1047 217 1005 217 14
975 257 934 256 1045 263 993 265 39
975 286 931 286 1043 297 991 298 43
974 291 926 291 1043 303 990 303 26
983 101 943 101 1049 97 1007 96 11
987 107 947 106 1053 103 1011 102 19
983 105 944 104 1049 101 1007 100 15
986 129 948 127 1053 127 1011 125 17
988 141 948 141 1053 141 1011 139 19
987 155 952 157 1053 155 1015 157 37
983 157 944 157 1049 157 1007 157 14
985 161 946 161 1051 161 1009 161 15
985 177 947 177 1051 179 1010 179 17
983 192 945 189 1049 195 1007 195 19
987 214 948 215 1051 219 1010 219 13
982 309 932 307 1053 323 998 323 13
982 315 929 314 1053 329 998 329 16
988 63 949 62 1055 55 1013 54 40
993 66 952 65 1059 59 1017 57 38
990 76 951 75 1057 69 1015 68 17
993 81 953 81 1059 77 1017 75 19
993 173 951 173 1057 175 1016 174 17
988 197 951 196 1055 199 1013 201 16
990 224 952 223 1055 229 1013 228 10
991 251 951 251 1059 259 1015 258 17
988 291 941 293 1059 303 1006 303 24
985 299 935 298 1059 311 1003 311 38
984 303 933 304 1055 317 1000 317 24
986 306 936 307 1057 321 1003 321 22
981 319 934 321 1057 335 996 334 18
993 72 954 71 1061 65 1019 64 22
997 85 958 85 1063 81 1022 79 17
995 103 957 104 1063 99 1021 98 22
995 134 956 132 1063 131 1021 130 17
999 209 961 209 1065 213 1022 214 11
999 232 963 233 1065 237 1024 237 12
997 253 956 253 1065 261 1021 261 21
987 316 936 316 1061 331 1001 330 15
991 321 941 322 1065 337 1011 338 16
1003 82 962 83 1071 77 1029 76 11
1002 146 963 145 1071 145 1029 143 15
999 149 960 149 1067 149 1024 148 18
1001 157 961 157 1069 159 1025 157 14
1000 158 961 157 1067 159 1027 159 14
1003 165 965 164 1071 165 1029 164 17
1001 171 965 173 1071 175 1028 174 18
999 194 963 193 1067 197 1024 197 19
1003 218 964 218 1071 223 1027 222 27
1002 233 961 232 1067 239 1029 239 6
1001 257 960 257 1069 265 1024 265 19
1006 86 967 85 1075 81 1033 80 19
1007 138 965 135 1075 137 1034 135 17
1005 143 965 143 1073 143 1032 141 14
1009 160 969 159 1077 159 1035 159 12
1010 225 972 225 1077 231 1036 230 18
1010 230 972 230 1077 237 1037 236 18
998 302 946 301 1073 315 1015 315 24
997 309 947 311 1073 325 1016 324 24
995 344 940 341 1077 363 1013 361 15
1012 79 972 79 1081 75 1039 73 22
1014 127 974 126 1083 125 1041 124 13
1012 212 974 211 1081 215 1039 216 17
1014 214 977 213 1083 219 1042 218 12
1010 218 971 217 1079 223 1036 223 16
1012 227 974 227 1079 233 1039 233 13
1013 245 974 244 1079 251 1038 250 16
1010 257 969 256 1081 265 1035 265 26
1013 261 971 260 1083 269 1038 269 31
1007 294 956 292 1083 307 1027 305 23
1005 297 953 297 1081 311 1024 311 22
1005 310 952 309 1081 325 1021 323 20
1006 317 952 316 1081 333 1026 331 24
1007 323 954 323 1083 339 1024 339 19
1019 45 979 46 1085 39 1045 38 15
1018 55 981 54 1087 47 1046 45 20
1019 109 977 110 1089 105 1046 105 37
1018 146 978 145 1087 145 1044 144 10
1017 161 980 160 1089 161 1045 160 15
1017 204 976 202 1085 207 1041 206 10
1015 209 975 209 1085 213 1042 213 13
1016 213 977 212 1085 217 1044 216 16
1017 237 980 236 1085 243 1045 243 13
1018 251 977 251 1089 259 1043 259 22
1009 268 956 268 1085 279 1028 279 23
1009 314 957 314 1085 329 1029 329 35
1013 318 958 318 1089 333 1031 334 18
1008 319 955 319 1085 335 1027 335 22
1007 335 950 336 1085 353 1022 353 15
1022 100 984 98 1093 95 1052 94 24
1021 106 981 107 1091 103 1049 102 47
1026 126 987 125 1095 125 1054 124 11
1024 135 982 137 1093 135 1052 133 15
1020 157 983 155 1091 157 1046 157 17
1021 174 982 174 1091 175 1049 176 13
1021 218 983 218 1091 223 1049 223 20
1022 240 983 240 1091 247 1050 247 25
1021 250 978 249 1091 257 1047 257 29
1025 251 987 250 1095 259 1052 258 20
1021 255 979 254 1091 263 1046 263 26
1013 277 961 278 1091 289 1033 289 17
1017 311 965 311 1095 327 1037 327 19
1015 329 955 329 1093 347 1033 347 20
1026 98 986 97 1097 93 1053 93 25
1028 129 988 128 1099 127 1057 126 14
1027 132 987 132 1097 131 1054 131 14
1029 168 990 168 1099 169 1056 168 13
1027 196 989 195 1097 199 1054 199 13
1028 200 990 199 1099 203 1058 203 11
1028 229 988 229 1097 235 1053 235 13
1028 230 987 230 1101 235 1054 236 28
1029 233 990 233 1099 239 1057 239 21
1029 248 993 248 1099 255 1057 255 22
1019 272 966 272 1099 283 1040 284 21
1022 300 969 297 1101 315 1043 315 22
1022 323 967 323 1101 339 1042 340 13
1030 128 992 126 1103 125 1060 124 46
1031 154 991 154 1105 155 1062 154 14
1033 196 995 196 1105 201 1064 201 12
1035 201 998 201 1107 205 1067 204 15
1032 199 994 198 1103 203 1062 202 11
1033 205 994 205 1103 209 1061 208 13
1033 224 992 225 1103 229 1063 227 10
1036 236 997 236 1107 243 1065 243 23
1023 296 971 297 1103 309 1044 310 18
1037 135 997 134 1109 133 1067 133 17
1037 166 999 165 1113 165 1071 165 24
1037 164 998 164 1109 165 1067 164 17
1037 169 999 169 1109 171 1066 170 18
1042 172 1002 172 1113 173 1072 172 18
1044 201 1005 200 1113 203 1074 204 19
1039 200 999 198 1109 203 1067 202 12
1042 217 1003 217 1113 223 1072 222 11
1039 222 1000 222 1111 229 1070 228 12
1038 229 999 229 1109 235 1067 235 13
1040 234 1001 234 1111 241 1069 241 12
1039 240 999 241 1111 247 1069 246 18
1043 242 1004 241 1113 249 1072 249 15
1040 251 1002 251 1111 259 1070 259 8
1031 266 978 266 1113 277 1054 277 28
1027 288 973 290 1111 303 1051 303 16
1031 296 977 298 1111 311 1052 310 16
1028 302 974 302 1109 317 1050 318 30
1029 311 974 313 1111 329 1050 327 20
1044 155 1005 154 1117 155 1075 154 12
1045 203 1007 201 1119 207 1077 206 10
1045 208 1006 208 1119 213 1076 212 21
1047 214 1007 214 1119 219 1075 220 14
1045 220 1005 219 1117 225 1075 225 17
1042 239 1005 238 1115 245 1073 245 15
1049 253 1010 253 1119 261 1076 261 10
1037 333 979 332 1115 349 1054 349 25
1049 142 1009 141 1121 141 1080 140 21
1053 189 1012 188 1125 191 1084 191 14
1051 225 1011 225 1123 231 1084 233 11
1050 244 1010 243 1121 251 1080 251 14
1053 252 1015 251 1125 259 1083 259 8
1038 286 983 283 1121 299 1061 299 21
1043 294 988 294 1125 309 1065 309 21
1040 295 987 295 1123 311 1063 310 22
1040 303 983 303 1123 319 1062 319 20
1041 320 987 319 1125 337 1062 337 19
1039 343 982 344 1125 363 1059 364 18
1055 145 1015 145 1129 145 1085 145 15
1059 143 1018 144 1131 143 1089 143 18
1058 149 1018 148 1131 149 1090 148 17
1056 181 1017 180 1129 183 1088 183 15
1054 177 1013 177 1127 179 1086 178 19
1054 183 1015 183 1127 185 1084 185 16
1056 230 1016 229 1131 237 1088 236 7
1053 246 1016 245 1127 253 1089 252 11
1055 249 1017 249 1129 257 1089 257 11
1056 257 1016 257 1129 265 1088 264 15
1045 273 988 274 1127 287 1068 286 16
1046 277 992 280 1129 293 1071 294 19
1046 300 991 301 1129 315 1069 315 26
1045 309 988 309 1129 325 1067 325 22
1055 158 1021 155 1133 157 1091 155 14
1063 206 1023 206 1137 211 1092 210 16
1064 218 1024 218 1137 223 1096 223 11
1057 236 1019 235 1133 241 1089 242 9
1061 245 1021 245 1133 253 1093 252 14
1064 253 1025 253 1137 261 1095 261 12
1047 336 990 336 1133 355 1069 356 16
1049 336 992 336 1135 355 1073 356 20
1068 181 1027 179 1143 183 1101 181 15
1068 190 1028 189 1143 193 1099 193 14
1068 239 1029 240 1143 247 1101 247 17
1070 203 1030 204 1147 207 1106 205 15
1073 216 1033 215 1149 221 1106 220 11
1070 223 1030 223 1145 229 1102 229 8
1072 221 1033 221 1147 227 1105 227 11
1073 236 1033 236 1149 243 1105 243 15
1076 250 1033 247 1149 257 1107 257 22
1074 151 1036 149 1151 151 1108 149 31
1077 190 1039 189 1153 193 1112 193 16
1075 207 1036 207 1151 213 1109 212 11
1077 239 1037 239 1151 247 1109 247 8
1080 245 1040 245 1155 253 1113 253 14
1065 305 1005 303 1153 321 1089 321 24
1063 319 1005 319 1151 337 1088 338 23
1065 333 1006 333 1155 353 1090 353 24
1081 161 1041 160 1159 161 1117 160 19
1083 199 1044 198 1159 203 1118 202 15
1081 201 1040 201 1157 205 1116 204 15
1081 206 1041 206 1157 211 1116 210 14
1080 219 1040 219 1157 225 1115 224 8
1082 223 1045 223 1159 229 1118 229 9
1080 248 1043 247 1157 255 1117 255 9
1074 279 1018 277 1161 293 1100 293 22
1067 327 1010 329 1159 349 1095 350 17
1087 157 1047 157 1165 157 1125 155 64
1086 167 1048 166 1163 169 1122 168 14
1086 200 1049 201 1165 205 1123 205 16
1086 207 1047 207 1165 211 1122 211 15
1087 268 1044 268 1167 281 1127 279 26
1076 303 1018 304 1167 321 1103 321 22
1072 304 1013 304 1163 321 1098 321 22
1074 307 1015 308 1165 325 1100 325 20
1090 171 1053 170 1171 173 1126 171 15
1092 203 1055 204 1171 209 1129 208 18
1090 209 1050 210 1169 217 1126 217 11
1093 211 1055 212 1171 217 1129 216 12
1092 219 1054 217 1171 225 1128 223 8
1095 217 1057 216 1173 223 1133 222 8
1097 166 1058 165 1177 167 1134 166 67
1101 193 1062 193 1179 197 1139 195 15
1099 214 1060 212 1177 219 1136 218 8
1084 318 1026 320 1177 337 1112 338 19
1084 321 1024 322 1175 339 1111 339 16
1083 327 1024 328 1175 347 1110 348 18
1103 162 1065 161 1183 163 1134 163 121
1101 169 1063 167 1181 171 1137 171 60
1104 217 1065 218 1181 223 1141 223 6
1105 239 1071 239 1185 249 1145 249 8
1108 254 1070 255 1185 263 1143 265 10
1091 296 1031 298 1181 315 1118 314 23
1088 333 1028 333 1181 353 1115 353 16
1109 214 1069 213 1187 219 1143 218 12
1111 222 1073 221 1189 229 1149 229 8
1111 229 1073 230 1187 235 1147 235 10
1110 235 1073 234 1189 241 1149 240 9
1095 316 1037 313 1189 335 1124 336 17
1117 238 1080 237 1195 245 1157 246 10
1118 294 1073 295 1197 305 1145 305 21
1123 269 1082 271 1201 281 1157 281 18
1124 241 1085 239 1205 247 1163 245 9
1132 224 1095 225 1215 231 1173 231 8
1134 236 1095 237 1215 245 1175 244 11
1134 253 1097 254 1215 263 1175 264 10
1138 252 1097 251 1219 261 1183 261 10
1148 250 1107 249 1227 259 1186 258 38
1143 272 1103 269 1225 283 1189 283 15
