77 167 27 167 69 169 16 169 66
78 183 29 183 69 187 17 187 158
74 339 17 339 65 351 19 352 58
79 125 28 125 71 129 18 129 76
79 162 29 161 71 161 18 162 72
83 168 33 168 75 171 22 170 97
82 196 32 197 75 201 23 200 52
87 169 37 170 79 173 27 173 82
88 204 39 204 81 209 29 208 62
86 246 38 245 79 253 28 252 218
89 331 35 331 81 343 23 343 32
91 302 43 300 87 311 37 310 16
90 333 36 333 83 347 25 345 27
97 145 51 149 91 147 40 145 58
96 160 47 161 91 163 39 163 74
96 312 49 311 91 321 40 321 30
97 319 48 318 91 329 40 328 44
100 336 47 336 91 349 34 348 31
99 337 45 336 89 349 33 348 63
105 134 56 134 99 135 49 136 47
99 168 53 171 95 173 46 174 46
102 313 55 312 99 323 47 323 41
108 342 56 340 99 355 39 354 40
106 348 56 347 95 361 43 360 60
108 96 59 93 103 93 52 92 95
111 173 63 171 105 173 57 174 38
109 181 61 181 103 185 54 186 16
104 245 55 245 103 251 50 251 42
107 323 57 322 103 333 47 333 48
106 319 57 318 103 329 49 328 51
113 66 66 66 107 63 58 65 80
116 78 69 79 111 77 61 76 110
111 135 66 134 107 135 58 135 63
112 156 66 157 107 159 58 159 50
117 153 68 155 111 157 61 158 59
112 183 65 183 109 189 60 189 27
115 223 69 223 111 229 63 227 57
111 239 64 239 111 245 60 245 40
110 249 60 249 107 255 50 256 55
111 284 67 287 111 293 56 295 35
112 321 60 321 107 331 54 331 40
118 217 71 217 113 223 67 223 67
119 243 71 243 117 249 65 249 78
119 268 73 269 115 273 67 273 72
117 309 71 308 113 319 58 319 21
126 69 81 71 123 69 76 71 69
126 91 80 89 121 91 73 89 51
123 123 78 123 119 123 71 123 67
125 145 79 148 123 151 74 150 99
124 167 78 168 121 169 73 170 69
124 173 78 176 121 181 73 181 60
122 237 75 235 119 243 70 241 56
122 317 71 317 119 327 64 327 43
131 136 87 137 129 139 82 139 64
129 157 83 157 127 161 78 159 93
129 168 83 167 127 169 79 168 66
129 180 83 181 127 185 79 185 62
131 225 87 226 129 233 82 232 58
128 237 83 236 125 243 77 242 59
131 241 84 241 129 247 79 247 118
128 245 83 245 125 251 79 250 75
137 82 93 84 135 83 88 82 78
138 147 93 146 135 149 89 150 59
136 206 91 206 133 211 83 212 33
138 210 94 210 133 215 89 214 34
135 235 91 234 133 241 87 240 78
133 241 86 241 131 247 87 246 96
133 275 89 275 131 283 84 282 94
140 115 95 113 137 117 91 116 50
144 181 101 181 141 187 97 185 179
139 195 95 195 137 199 91 199 45
139 235 95 234 137 241 91 240 70
139 239 94 239 137 245 88 245 104
139 243 95 243 137 249 90 249 76
142 252 99 253 141 259 96 259 65
145 68 101 69 143 67 97 67 97
146 195 102 195 145 199 99 199 60
148 208 102 208 145 213 97 213 102
144 232 101 232 143 239 98 239 82
145 243 101 242 143 249 98 248 73
144 276 101 276 143 283 98 284 37
150 334 101 332 145 345 90 344 19
152 78 110 80 151 81 107 82 202
154 116 111 117 153 117 108 118 100
152 129 109 128 151 131 106 132 159
150 208 106 208 149 213 105 213 62
152 272 110 271 153 279 109 277 24
156 159 113 157 155 159 111 161 59
157 184 115 181 157 187 113 186 45
155 193 113 195 155 199 111 199 40
155 200 113 200 155 205 111 206 37
155 216 113 216 155 221 111 219 34
155 219 113 221 155 225 111 227 135
155 232 112 231 155 237 110 236 145
155 241 113 240 155 247 111 246 49
155 261 112 263 155 269 110 269 29
166 37 124 39 165 35 121 34 92
166 107 124 110 165 107 122 108 151
165 116 124 118 165 117 122 118 54
166 126 124 126 165 127 122 126 154
166 153 124 153 165 155 122 154 125
163 201 121 203 163 205 120 207 48
163 230 121 229 163 235 120 235 138
159 260 113 260 161 267 118 267 131
162 280 120 283 163 287 119 287 50
164 299 122 299 165 307 122 306 27
167 135 126 139 167 137 124 138 50
171 155 129 151 171 155 128 155 71
167 183 125 183 167 187 124 188 132
167 191 126 193 167 195 124 196 48
169 209 127 209 169 213 126 212 51
170 227 129 228 171 233 128 233 88
170 240 129 239 171 247 128 245 52
166 247 125 247 167 253 124 253 50
166 260 125 261 167 267 124 267 38
170 295 129 295 171 303 128 302 40
176 22 135 22 177 19 131 19 66
174 56 134 57 175 55 133 56 66
176 160 135 161 177 161 136 160 41
173 185 131 185 173 189 130 189 37
172 205 131 205 173 211 130 211 49
175 216 133 214 175 219 133 217 54
176 216 135 216 177 221 135 221 61
174 223 133 224 175 229 132 227 68
175 245 133 245 175 251 131 250 35
172 263 131 261 173 269 130 269 46
173 278 131 279 173 285 130 284 35
174 292 133 289 175 299 132 298 64
180 26 135 24 181 23 138 25 46
180 32 138 32 181 29 140 31 56
182 53 143 52 183 49 142 50 56
180 92 140 92 181 91 140 92 90
178 124 138 123 179 123 138 124 41
181 207 142 207 183 211 142 211 17
181 214 139 214 183 219 141 219 20
178 234 138 233 179 239 137 239 40
180 285 139 283 181 293 139 292 33
180 293 139 293 181 301 138 301 34
178 295 136 295 179 303 135 303 49
181 330 135 328 179 341 125 340 24
188 97 148 98 189 97 149 97 96
185 156 146 157 187 159 146 159 11
184 218 143 219 185 223 144 223 32
186 228 143 228 189 233 146 233 59
186 234 147 234 187 241 146 240 30
186 265 147 266 189 273 149 273 25
183 263 143 263 185 269 144 268 22
185 291 143 291 185 299 145 298 20
190 79 151 79 191 77 151 78 107
189 116 150 117 191 117 151 117 27
189 125 150 126 191 127 151 127 27
193 137 154 136 195 137 155 138 28
191 142 152 142 193 143 154 143 18
189 157 150 157 191 161 150 161 17
190 171 151 170 193 173 151 173 20
185 192 150 189 191 195 150 195 26
190 199 149 200 193 203 153 202 18
190 204 149 203 193 209 152 209 14
194 234 154 236 195 241 154 241 42
195 43 157 46 197 43 158 43 17
199 91 161 91 201 89 162 90 124
194 121 156 123 197 125 157 124 37
198 136 161 135 201 137 162 137 40
198 157 161 157 201 159 162 159 23
195 227 155 227 201 231 159 231 68
195 246 157 246 199 251 159 251 18
195 258 156 257 197 263 159 264 38
202 337 163 338 199 349 157 350 62
202 39 163 39 205 37 165 36 23
204 78 167 78 207 77 168 78 118
200 92 163 95 203 93 164 93 104
204 142 167 143 207 143 168 143 42
203 157 166 158 207 159 169 161 66
204 180 166 180 207 183 168 183 66
202 178 164 178 205 181 166 181 65
203 202 166 201 207 205 169 203 137
203 230 164 230 205 235 163 235 37
201 233 163 234 205 239 166 239 89
199 280 163 280 205 287 163 286 65
202 288 165 287 205 295 165 294 71
208 89 171 89 211 91 172 89 90
206 103 169 105 209 103 170 103 108
210 114 173 115 213 115 175 115 78
206 124 168 126 209 125 170 124 58
208 134 171 133 211 135 173 133 60
210 155 173 155 213 157 175 157 38
210 168 173 168 213 171 175 171 50
206 171 168 170 209 173 170 173 78
208 176 171 176 211 179 172 178 106
209 283 171 282 213 289 175 289 104
213 310 167 309 213 319 160 319 22
211 330 169 329 209 341 165 340 53
217 151 179 151 217 153 181 153 98
215 178 178 178 219 181 181 181 106
214 223 176 222 219 227 180 227 185
213 275 175 275 217 279 179 277 182
215 281 178 280 219 287 181 286 203
211 297 170 300 215 307 171 307 21
216 302 177 301 217 311 173 310 52
215 306 170 306 217 315 170 314 23
217 143 181 144 221 145 183 145 36
216 153 183 153 221 155 187 155 140
220 176 185 176 225 179 187 179 165
218 186 181 186 221 189 184 189 89
218 270 182 272 223 277 186 279 164
218 279 182 278 223 285 186 285 163
220 279 184 278 225 285 188 285 146
219 283 182 282 223 289 185 288 126
217 287 180 286 223 293 186 293 66
222 77 187 78 227 77 189 77 49
221 83 187 84 227 83 189 83 55
224 100 190 101 229 101 193 101 43
224 108 189 108 229 109 193 109 51
226 123 192 124 231 125 196 125 87
223 131 189 131 229 133 194 134 116
223 273 187 275 229 281 191 280 128
225 285 189 284 229 291 191 290 95
230 44 195 42 235 41 198 43 55
230 77 194 77 235 77 199 77 88
226 85 189 85 233 85 195 85 89
228 114 194 115 233 115 198 115 71
227 141 195 142 235 143 198 143 71
229 148 194 149 233 149 199 150 94
231 157 198 157 237 159 204 159 86
229 162 196 163 235 165 202 165 154
232 189 197 188 237 191 201 190 114
228 201 193 200 233 205 197 203 134
230 209 195 210 235 213 200 214 152
230 205 195 205 235 209 199 209 84
228 221 193 220 233 225 197 224 76
230 225 195 225 235 229 199 229 113
232 245 198 245 237 251 202 250 155
229 251 195 254 235 257 199 255 117
233 294 193 294 235 301 191 301 53
235 314 189 314 235 323 189 323 73
238 323 188 322 237 333 187 332 33
235 87 199 87 241 87 204 87 99
238 83 204 84 243 83 207 83 87
236 88 200 88 239 87 205 88 101
234 107 200 107 239 107 205 108 97
237 116 204 117 243 117 209 117 110
236 125 203 127 241 125 207 125 101
235 145 201 145 241 147 207 148 39
237 151 204 151 243 153 208 153 78
233 153 200 153 239 155 205 155 84
235 168 202 168 241 171 207 171 154
233 172 199 173 239 175 203 175 191
237 180 203 180 241 183 205 183 447
235 184 201 184 241 187 206 187 258
235 223 201 223 241 227 206 227 67
238 248 203 248 243 253 207 253 199
235 281 200 281 239 287 203 287 89
237 297 196 296 239 305 197 304 31
236 305 195 304 239 313 194 312 41
241 326 190 326 239 337 186 336 31
241 79 208 80 247 79 212 79 145
243 81 210 82 249 81 215 82 108
241 112 208 112 247 113 213 113 163
243 143 210 144 249 145 216 145 81
239 161 206 161 245 163 212 163 97
241 172 208 172 247 175 212 175 200
241 178 208 178 247 181 213 181 286
240 219 207 219 247 223 212 222 82
239 242 204 241 245 247 210 246 129
240 254 207 253 245 259 211 258 87
244 293 204 294 247 301 205 301 30
243 306 201 306 245 315 198 314 48
244 312 199 311 245 321 198 320 69
249 328 199 328 249 339 197 338 37
248 94 213 96 253 95 219 95 115
245 145 212 148 251 149 218 147 130
245 161 212 159 251 161 218 163 125
249 205 216 201 255 207 222 206 164
249 218 216 218 255 221 222 222 185
243 247 212 246 251 251 219 250 129
249 267 216 267 255 273 217 274 62
243 264 206 265 251 269 216 269 295
250 91 218 92 257 91 223 91 136
253 89 220 89 259 89 225 89 179
252 118 220 118 259 117 225 119 157
255 145 223 145 261 147 228 147 81
252 161 220 161 259 163 225 164 92
253 180 221 180 261 183 227 183 112
249 245 216 245 257 249 223 249 66
254 250 221 250 261 253 227 254 57
250 262 217 262 257 267 223 267 45
252 266 219 265 259 271 225 270 45
260 137 228 135 267 139 234 138 111
260 169 228 168 267 171 235 172 133
256 165 224 167 263 169 230 167 159
256 174 224 175 263 177 230 177 119
258 178 226 178 265 181 232 181 370
258 188 225 187 265 191 232 190 256
256 195 224 195 263 197 230 197 212
256 221 224 221 263 225 230 225 103
260 225 228 225 267 229 235 230 63
267 83 235 83 273 81 241 82 79
262 83 231 84 269 83 236 83 122
262 101 231 103 269 101 236 101 162
263 130 232 131 271 133 238 131 150
262 157 230 157 269 159 236 158 126
264 164 232 161 271 165 239 165 135
263 204 232 204 271 207 239 207 120
265 213 234 213 273 217 241 217 88
266 224 234 224 273 227 238 227 55
263 260 231 260 271 265 237 265 78
267 286 230 286 273 293 233 292 117
263 290 227 289 269 297 229 296 98
265 296 224 295 269 303 227 302 88
272 321 223 320 273 331 222 330 84
272 92 239 90 279 91 247 92 155
267 92 237 94 275 93 243 93 171
270 133 239 133 277 133 246 135 123
269 160 238 159 277 163 245 162 100
268 171 237 171 275 173 243 173 174
269 187 239 187 277 189 245 189 128
271 245 240 246 279 251 247 252 52
267 279 233 279 275 285 239 285 85
272 288 235 288 279 295 239 294 101
271 298 232 298 275 305 233 305 98
277 240 247 239 285 245 254 244 50
275 260 244 260 283 265 251 265 57
272 263 242 262 281 267 249 267 50
275 271 242 271 283 277 247 276 102
276 277 243 277 283 283 248 283 80
277 286 241 286 283 293 244 292 100
281 319 233 318 283 329 234 328 75
283 325 236 324 285 335 235 334 103
283 93 254 94 291 93 261 93 101
279 107 249 107 287 107 257 108 113
279 118 249 118 287 119 256 119 133
278 149 249 151 287 153 256 152 32
279 184 249 184 287 187 256 187 130
283 196 253 196 291 199 261 199 58
283 202 253 202 291 205 261 205 45
280 204 251 204 289 207 258 207 96
279 231 249 231 287 235 256 235 48
282 249 251 248 291 253 259 253 64
286 290 247 289 291 297 249 296 115
290 78 261 78 297 77 267 77 119
285 128 256 127 293 129 263 129 48
285 139 256 140 293 141 263 141 32
287 148 258 147 295 149 265 149 33
287 159 258 159 295 159 265 159 33
288 177 259 177 297 181 267 180 84
284 182 255 182 293 185 263 185 130
286 184 258 185 295 187 265 187 57
286 195 257 195 295 197 265 197 55
286 204 257 204 295 207 265 207 116
284 208 255 208 293 211 263 211 46
288 223 259 224 297 227 267 227 57
284 256 254 256 293 261 261 260 44
287 268 259 268 297 273 262 273 53
286 264 256 264 295 269 264 269 77
285 296 247 295 293 303 251 303 108
293 341 240 341 293 353 237 353 56
296 348 242 347 297 361 240 360 40
294 46 267 47 303 43 275 45 126
290 64 262 64 299 63 269 63 146
291 74 262 74 299 73 269 73 276
294 71 266 72 303 71 273 71 187
294 75 267 76 303 75 273 75 186
293 80 265 80 301 79 272 79 200
292 130 263 130 301 131 271 131 69
291 139 261 140 299 141 269 141 26
294 141 265 141 303 143 273 143 22
294 204 264 203 303 207 273 206 79
290 213 261 213 299 217 269 216 82
290 217 261 217 299 221 269 219 86
295 240 265 240 303 245 272 244 8
290 266 261 266 299 271 268 271 65
297 296 255 296 301 303 260 302 38
298 76 269 76 305 75 276 75 393
296 116 265 117 305 117 273 117 104
295 135 267 134 305 135 275 135 33
300 145 272 146 309 147 281 148 19
298 142 268 139 307 143 277 142 24
296 153 267 153 305 155 275 154 28
298 159 270 159 307 161 280 161 46
296 163 267 163 305 165 275 165 45
300 166 272 167 309 169 281 169 35
295 196 268 196 305 199 278 200 60
297 194 270 194 307 197 279 197 70
299 204 272 201 309 207 281 205 138
302 274 266 273 309 279 274 278 31
301 276 266 275 307 281 272 281 46
302 69 275 70 311 69 283 69 312
305 79 277 79 315 79 286 79 139
309 111 278 112 315 113 287 112 136
306 118 276 119 315 119 284 119 94
305 134 273 131 313 135 283 135 29
302 165 274 164 311 167 282 168 37
305 198 279 199 315 201 288 201 67
302 228 274 228 311 231 284 233 67
304 243 274 244 313 247 282 247 15
302 249 272 248 311 253 280 253 26
306 247 276 246 315 251 284 250 12
302 256 272 256 311 261 280 261 22
304 260 271 260 313 265 283 264 55
303 260 273 259 311 265 280 264 57
304 277 270 277 311 283 276 283 26
311 305 266 305 315 313 270 313 33
311 309 267 308 315 317 269 316 45
312 329 263 329 315 339 263 339 89
313 343 261 343 315 355 261 354 23
309 81 282 81 319 81 291 81 265
312 116 281 117 319 117 289 117 131
312 135 285 135 321 135 294 136 48
308 138 280 138 317 139 290 139 27
310 142 285 142 321 143 293 144 24
307 162 281 159 317 165 290 163 34
311 175 285 175 321 177 294 177 47
307 180 280 182 317 183 290 182 46
311 177 285 177 321 179 294 179 75
307 189 280 187 317 191 290 192 65
307 195 280 195 317 199 290 198 49
307 204 280 204 317 207 290 207 80
306 211 280 211 317 215 290 215 50
311 222 284 224 321 225 294 225 58
309 227 282 228 319 231 292 232 60
310 254 280 254 319 259 288 259 32
313 272 279 271 321 277 287 277 55
308 275 278 275 319 281 284 281 40
312 287 273 286 319 293 281 293 46
314 294 275 293 319 301 279 301 48
314 321 264 322 317 331 268 330 88
316 325 266 326 319 335 268 335 74
315 84 288 84 325 85 298 85 184
315 114 289 115 325 115 298 115 112
313 155 287 158 323 159 296 160 38
313 171 287 171 323 173 296 172 37
317 190 290 191 327 193 301 193 52
313 195 287 194 323 197 296 197 82
317 196 290 196 327 199 299 199 50
317 206 290 206 327 209 300 209 138
317 208 291 208 327 211 300 211 57
313 217 286 218 323 221 296 221 36
317 228 290 227 327 231 300 231 28
314 231 288 232 325 235 298 235 43
316 241 286 240 325 245 295 244 33
316 248 286 246 325 251 295 250 28
317 251 288 251 327 255 297 255 31
313 259 284 258 323 263 293 262 46
317 262 283 263 325 267 293 267 76
315 266 281 266 323 271 287 271 54
316 272 283 272 325 277 291 277 44
319 289 281 288 327 295 287 295 53
320 294 282 293 327 301 285 300 68
323 128 297 128 333 129 306 129 198
321 132 295 133 331 133 304 133 156
319 130 295 133 329 131 302 131 192
323 165 296 165 333 167 306 167 98
323 173 297 174 333 175 306 176 106
320 189 294 189 331 191 304 191 122
320 196 294 197 331 199 304 199 90
322 207 296 207 333 211 306 209 91
322 230 296 229 333 233 306 233 37
323 249 297 248 333 253 302 253 34
319 255 290 255 329 259 299 259 51
324 272 291 272 333 277 299 277 36
326 281 291 281 333 287 297 287 38
327 307 283 306 333 315 287 314 58
326 313 281 313 329 323 282 322 102
327 320 280 320 331 329 283 328 71
330 117 301 117 339 117 309 117 242
326 124 300 124 337 125 311 125 178
329 131 303 133 339 133 314 133 203
327 130 302 130 337 131 311 131 192
324 144 299 146 335 147 308 147 128
327 142 302 141 337 143 311 141 115
326 161 302 163 337 163 312 164 112
326 165 301 166 337 167 312 167 148
326 167 301 168 337 169 311 170 106
325 192 298 194 335 195 308 197 123
327 199 301 200 337 203 311 204 156
327 214 303 214 339 217 313 216 122
326 251 299 250 337 255 310 254 38
327 287 290 287 335 293 296 293 45
331 305 289 304 337 313 293 312 58
330 316 285 316 335 325 288 324 78
334 128 310 128 345 129 320 129 262
330 155 305 154 341 157 315 156 226
332 167 307 167 343 169 318 168 167
334 175 310 175 345 177 321 177 144
334 181 310 181 345 183 320 183 133
334 199 310 199 345 201 320 200 146
334 197 309 195 345 199 320 198 182
330 204 305 203 341 207 316 205 173
330 230 304 230 341 233 314 233 31
330 241 304 241 341 245 314 245 14
330 243 304 243 341 247 314 247 20
334 277 303 277 343 283 309 283 28
332 281 298 281 341 287 312 288 76
337 290 297 290 343 297 305 296 70
343 293 299 294 345 301 305 301 145
336 308 292 308 341 317 295 317 67
340 313 296 312 345 321 299 321 58
337 323 290 323 341 333 291 333 49
339 329 290 329 341 339 292 338 24
339 19 315 19 349 17 325 17 124
337 22 313 22 347 21 322 20 140
337 23 315 24 349 23 326 23 250
337 46 312 46 347 45 322 45 111
341 48 314 47 351 47 329 48 69
340 114 316 114 351 115 327 115 194
338 143 314 144 349 145 325 144 196
339 151 317 152 351 153 329 153 336
340 169 316 169 351 171 326 171 207
336 179 312 179 347 181 323 181 114
341 183 323 183 351 185 339 184 258
340 216 315 216 351 219 326 219 225
336 220 311 220 347 223 322 223 125
337 253 310 253 347 257 325 256 32
341 253 313 253 351 257 322 257 25
338 262 309 262 347 267 317 267 25
341 266 311 268 351 271 322 272 30
340 270 307 270 349 275 315 274 38
339 274 307 274 349 279 315 279 28
341 299 299 299 347 307 304 306 51
342 308 299 308 347 317 302 316 93
345 318 300 318 351 327 305 326 65
342 22 320 23 353 21 331 22 299
347 121 320 121 357 121 329 121 258
343 140 319 140 357 143 333 142 382
345 150 323 150 357 151 335 151 121
341 147 319 148 353 149 331 149 288
341 167 319 167 353 169 331 169 281
343 222 320 223 355 225 332 226 152
341 234 315 234 353 237 327 236 97
344 237 317 237 355 241 329 241 37
342 247 316 247 353 251 327 250 24
346 255 316 257 355 261 327 261 36
345 277 313 276 353 283 321 281 26
347 277 315 276 355 283 321 282 28
348 300 308 299 355 307 312 307 60
348 20 326 21 359 19 336 19 195
350 113 327 113 359 113 335 113 100
351 128 329 128 363 129 340 129 131
347 124 321 124 359 125 333 125 209
349 146 327 146 361 147 339 147 164
351 151 329 151 363 153 341 155 110
351 171 329 171 363 173 340 173 70
348 241 322 241 359 245 333 244 145
353 301 312 301 359 309 316 309 84
354 311 311 311 361 319 316 319 38
354 37 331 33 365 35 342 33 203
355 46 333 47 369 47 344 46 50
352 116 331 117 365 117 342 117 210
358 126 332 126 369 127 343 127 140
357 175 335 175 369 177 347 177 26
358 181 336 181 369 183 347 183 23
353 245 328 245 365 249 339 249 109
358 242 333 242 369 245 343 245 157
356 246 330 246 367 249 341 249 124
360 277 326 277 369 283 334 282 56
359 288 321 288 367 295 328 294 77
360 292 320 292 367 299 326 299 94
356 295 316 295 365 301 323 301 91
363 336 322 333 367 347 326 348 18
360 261 331 260 371 265 341 265 53
362 267 329 266 371 271 340 271 51
367 278 330 279 373 285 338 285 65
364 285 326 285 373 291 337 289 51
365 290 328 290 373 297 334 296 110
369 296 331 296 377 303 337 303 97
372 293 335 292 381 299 343 298 68
375 299 333 300 381 307 339 307 76
373 304 333 304 381 311 341 310 57
370 240 348 240 383 243 359 243 201
375 237 350 238 385 241 361 241 106
372 244 349 244 385 247 361 247 98
375 261 347 261 383 265 355 265 71
371 266 342 266 383 271 355 271 237
374 285 338 285 383 291 345 291 60
378 289 342 289 387 295 349 295 109
375 304 337 303 383 311 341 311 53
376 327 336 328 383 337 344 339 38
380 225 361 226 393 227 373 225 151
378 250 351 249 389 253 364 253 58
380 281 345 281 389 287 352 287 74
388 74 369 74 399 73 380 73 24
386 229 366 228 399 231 380 231 287
382 230 363 230 395 233 375 232 202
380 241 357 241 395 243 371 243 162
387 259 359 259 399 263 371 263 58
389 267 360 267 397 271 368 271 118
389 271 357 270 399 275 366 275 146
385 279 352 278 397 283 360 284 76
387 284 353 283 397 289 361 289 61
388 294 350 294 397 301 357 301 73
391 348 343 346 395 361 339 360 15
388 30 370 31 401 31 382 30 79
388 69 369 69 401 69 382 69 31
392 67 374 68 405 67 385 67 20
392 71 371 70 405 71 384 70 36
388 124 369 124 401 125 382 125 105
391 132 372 131 403 133 385 132 163
388 129 369 129 401 131 382 130 118
389 169 371 169 405 173 383 171 24
383 171 365 171 401 173 377 171 22
389 179 371 179 405 181 383 181 28
387 177 369 177 401 179 381 179 18
387 228 369 229 401 231 382 231 348
390 255 363 255 401 259 373 259 25
388 253 362 253 401 257 371 257 37
394 257 367 257 405 261 378 261 48
395 285 361 285 405 291 369 291 72
393 292 357 292 401 299 363 299 48
393 302 355 302 401 309 358 309 76
393 314 349 314 401 323 353 323 34
394 28 376 28 407 27 389 27 185
396 30 378 30 409 29 391 29 179
393 124 374 124 407 125 388 125 86
395 126 377 126 409 127 391 127 127
395 132 379 131 409 133 391 133 92
390 175 372 175 407 177 383 177 47
393 215 375 215 407 217 388 217 274
394 228 377 228 407 231 389 231 334
397 230 377 230 411 233 388 233 401
399 264 370 264 411 269 380 269 53
396 278 363 278 407 283 373 283 101
397 283 365 282 407 289 373 288 42
404 307 365 307 411 315 364 314 84
403 234 375 234 415 237 387 237 267
404 262 374 262 415 267 382 266 104
405 267 376 266 417 271 385 271 60
406 272 375 272 417 277 385 277 104
410 313 364 312 417 321 372 321 132
409 226 383 227 421 229 395 229 191
406 251 381 252 419 255 393 255 44
410 278 378 278 421 283 388 283 38
415 316 369 316 423 325 375 324 72
416 52 400 51 429 49 413 48 220
415 210 390 211 427 213 401 213 251
415 219 389 219 427 221 401 221 216
415 249 389 249 427 253 402 253 54
413 257 387 257 427 261 397 260 56
415 261 386 261 427 265 397 265 67
414 272 383 272 425 277 395 276 66
419 285 383 287 429 293 388 295 26
415 297 375 297 425 305 383 304 28
417 302 377 301 427 309 385 309 31
419 298 380 297 429 305 389 303 23
417 25 404 28 431 25 417 27 109
417 48 402 48 431 47 415 47 157
420 52 404 52 433 53 417 53 63
418 84 402 85 431 85 415 85 13
418 91 402 91 431 91 416 91 16
421 134 406 134 435 135 420 135 54
419 132 404 132 433 133 417 133 49
419 138 404 137 433 139 417 138 36
419 209 393 209 431 211 404 211 259
423 240 397 239 435 243 409 242 24
418 242 393 242 431 245 405 245 61
421 253 395 253 433 257 407 257 71
419 259 391 259 431 263 402 263 96
422 267 396 266 435 271 405 271 48
427 17 411 18 441 17 423 16 190
424 48 409 48 437 47 423 48 167
423 53 408 53 437 53 422 53 129
423 85 407 85 437 85 421 85 17
420 87 406 88 437 89 422 89 36
423 130 407 130 437 131 421 131 60
424 132 409 132 439 133 424 133 48
425 138 409 138 439 139 424 139 57
427 181 405 181 439 183 416 183 199
426 201 402 201 439 203 415 203 148
427 226 404 226 441 229 416 229 31
424 242 402 241 437 245 411 244 53
425 247 402 247 437 251 415 250 69
429 253 403 253 441 257 414 257 58
429 259 402 259 441 263 413 263 60
428 263 401 263 441 267 412 267 51
425 261 401 259 437 265 410 264 135
428 305 386 305 437 313 395 312 44
429 310 386 310 439 319 391 318 56
432 316 389 316 441 325 395 325 60
429 19 413 20 443 19 425 18 174
430 205 407 205 443 207 419 207 84
432 213 407 212 445 215 417 215 68
432 219 407 219 445 221 419 221 47
434 226 411 227 447 229 421 229 49
432 224 409 224 445 227 422 227 89
431 236 408 236 445 239 420 239 23
432 275 401 274 445 279 413 277 24
433 300 399 300 445 307 404 307 34
438 305 391 304 447 313 405 313 51
433 41 423 45 449 43 437 45 178
439 77 425 77 453 77 439 78 72
435 179 417 180 449 181 430 181 147
438 187 414 187 451 189 427 189 177
437 185 412 186 449 187 425 187 255
440 195 417 196 453 197 429 198 129
436 203 413 203 449 205 425 205 58
441 216 415 216 453 219 427 219 66
440 226 413 227 453 229 426 229 34
439 240 413 240 451 243 425 243 19
436 253 411 253 449 257 423 257 49
436 263 408 263 449 267 419 267 61
440 269 410 269 453 273 421 273 47
439 285 404 285 449 291 411 289 14
439 291 402 291 449 297 410 297 12
439 309 397 309 449 317 401 317 30
445 19 434 19 459 19 449 19 189
443 23 431 23 457 23 445 23 357
442 25 431 25 457 25 446 25 558
442 51 432 51 457 51 447 50 381
444 65 434 65 459 65 448 65 117
443 73 430 73 457 73 443 73 132
443 78 429 79 457 79 443 79 135
443 183 419 184 455 185 433 185 197
442 191 419 191 455 193 431 193 230
444 205 419 205 457 207 431 207 62
444 201 420 201 457 203 433 203 87
444 209 418 209 457 211 428 209 61
446 207 421 207 459 209 433 209 36
444 212 418 213 457 215 430 215 63
446 213 420 213 459 215 432 215 65
442 221 416 221 455 223 429 223 40
444 221 418 221 457 223 431 223 60
446 259 418 259 459 263 429 263 52
445 293 407 293 459 299 419 301 15
445 304 401 305 455 313 412 312 26
447 308 405 308 459 317 413 316 36
447 314 405 315 457 323 411 323 27
450 23 439 23 463 23 453 23 392
446 27 436 27 461 27 450 27 341
445 63 435 63 461 63 449 63 99
449 185 428 185 463 187 443 187 161
450 191 431 191 463 193 444 193 201
451 203 427 203 465 205 438 205 81
448 203 423 203 461 205 435 205 88
448 217 423 216 461 219 435 219 80
449 224 427 224 461 225 436 225 62
449 228 425 228 463 231 439 230 42
451 232 426 232 461 235 435 235 38
449 259 420 259 461 263 431 263 68
450 276 417 276 463 281 426 282 32
452 284 417 285 463 291 426 291 11
449 291 416 291 463 297 426 297 16
452 44 439 45 467 45 454 46 345
453 51 441 51 467 51 455 51 219
454 199 428 199 467 201 441 201 151
457 207 434 207 471 209 447 209 46
456 215 430 214 469 217 443 217 158
455 236 431 236 469 239 444 239 17
459 298 417 297 469 305 429 306 24
460 32 450 32 475 33 465 33 312
459 78 449 79 475 79 464 79 93
462 222 437 223 475 225 449 225 84
460 228 433 228 473 231 448 231 29
459 257 427 257 473 261 444 260 75
464 265 434 265 477 269 445 269 87
463 269 432 269 477 273 444 273 73
459 274 429 274 473 279 441 279 29
464 31 454 30 479 31 469 31 274
464 50 454 49 479 51 469 50 281
468 50 459 51 483 51 473 50 288
466 53 456 53 481 55 471 53 173
464 63 454 63 479 63 470 64 123
465 69 455 69 479 69 469 69 82
469 84 459 83 483 85 463 83 551
469 185 444 185 483 185 457 185 429
466 197 441 198 479 199 454 199 84
470 205 444 205 483 207 457 207 71
469 227 443 228 481 231 454 231 151
469 240 445 240 483 243 457 243 33
469 275 435 274 479 279 447 279 47
473 300 432 299 481 309 436 307 19
471 314 426 314 481 323 433 323 20
472 45 463 45 487 45 478 45 316
474 49 465 49 489 49 480 49 216
470 47 461 47 485 47 476 47 202
474 77 464 77 489 77 479 77 432
473 180 456 180 487 181 468 181 223
471 191 447 193 485 193 460 194 172
474 203 448 203 487 205 461 205 91
471 211 445 212 485 213 458 213 89
475 219 450 219 489 221 463 221 63
473 219 448 219 487 221 461 221 65
475 224 450 224 489 227 463 227 60
474 244 448 244 485 247 463 248 52
472 255 443 255 485 259 457 259 75
476 263 446 263 489 267 459 267 88
473 263 445 263 487 267 457 267 96
472 270 439 270 485 275 452 275 103
474 292 438 291 487 297 448 296 11
478 47 469 47 493 47 484 47 209
478 58 469 58 493 59 485 59 356
478 75 468 75 493 75 482 74 469
476 81 466 81 491 81 481 81 197
480 85 470 84 495 85 485 85 363
476 98 467 98 491 99 481 97 122
477 211 452 211 491 213 465 213 119
479 214 454 215 493 217 467 217 122
479 221 454 221 493 223 467 223 71
481 223 456 223 495 225 469 225 120
479 229 454 228 493 231 467 230 48
479 241 454 241 493 243 467 243 167
480 252 456 251 495 255 469 255 100
481 267 451 267 493 271 462 271 89
479 295 441 295 493 301 452 301 18
486 59 478 59 501 59 493 59 140
486 180 468 180 501 181 479 180 237
483 184 462 184 497 185 476 185 207
485 188 465 188 499 189 477 190 244
485 205 462 206 499 207 476 207 172
483 221 458 220 497 223 472 223 137
485 227 460 227 499 229 474 229 69
483 240 458 239 497 243 471 241 79
485 254 461 254 499 257 474 257 108
488 313 441 312 501 321 453 321 16
485 309 443 309 499 317 453 317 21
490 69 483 69 505 69 498 69 202
488 70 480 70 503 71 496 71 404
490 74 483 74 505 75 498 75 297
492 94 483 94 507 95 499 95 303
488 100 480 100 503 101 495 101 205
492 101 484 101 507 101 499 101 319
489 186 469 186 503 187 483 187 242
489 190 469 190 503 191 483 191 292
489 203 466 203 503 205 480 205 252
488 207 467 208 503 209 482 210 210
491 213 468 212 505 215 482 213 109
493 280 465 280 507 285 474 285 73
491 289 455 289 505 295 466 294 31
495 291 458 291 507 297 470 297 30
492 311 449 310 505 319 457 318 20
494 99 486 99 509 99 501 99 331
498 105 490 104 513 105 506 105 205
497 124 489 125 513 125 505 125 329
496 133 489 133 511 133 504 132 218
497 168 490 169 513 169 506 170 131
495 172 488 172 511 173 504 173 245
494 227 473 229 509 231 487 231 89
494 234 473 235 509 237 487 237 80
497 237 477 237 511 239 491 239 80
499 265 470 265 513 269 483 269 90
500 272 467 272 513 277 479 277 54
499 270 468 270 509 275 476 275 115
503 118 500 118 519 119 516 119 138
501 122 497 122 517 123 514 123 208
503 156 499 156 519 157 516 157 180
499 176 494 176 515 177 511 177 454
504 227 487 228 519 229 499 231 212
502 235 483 235 517 237 497 237 84
505 239 481 240 519 243 498 241 63
502 255 476 255 519 259 493 259 97
501 259 471 259 515 263 485 263 103
504 280 469 280 517 285 481 285 64
505 307 463 307 519 315 476 315 39
503 303 461 303 517 311 473 311 35
502 321 453 321 515 331 465 329 10
507 108 504 108 523 109 520 109 152
505 110 502 110 521 111 518 111 133
505 112 502 112 521 113 518 113 140
505 152 501 152 521 153 518 153 147
509 154 505 154 525 155 521 154 80
507 180 501 180 523 181 517 181 513
509 186 502 187 525 187 517 188 394
510 202 492 201 525 203 507 203 294
506 204 488 204 521 205 502 204 255
508 210 490 210 523 211 505 211 214
510 227 492 227 525 229 507 229 153
510 240 490 239 525 243 505 243 64
509 244 485 244 523 247 500 247 85
505 246 483 246 521 249 495 248 100
506 252 481 252 521 255 495 255 108
511 270 480 270 525 275 489 275 80
509 281 477 282 525 287 488 287 33
509 321 464 319 523 331 469 332 17
513 109 496 109 529 109 511 110 333
515 136 512 136 531 137 528 136 87
515 148 511 148 531 149 527 149 108
513 158 509 158 529 159 526 159 73
516 217 502 217 529 219 511 220 297
512 213 494 213 527 215 509 215 204
517 256 490 256 531 259 504 259 131
514 268 483 268 529 273 497 273 73
513 270 482 270 527 275 495 275 72
515 276 482 276 529 281 495 281 56
513 301 471 301 527 309 483 308 48
514 307 472 307 527 315 482 315 33
514 311 470 310 527 319 480 319 29
515 329 463 329 527 339 473 339 11
515 349 463 348 527 363 467 362 13
521 150 518 150 537 151 533 150 129
521 156 518 156 537 157 534 156 88
517 186 509 186 533 187 525 187 253
521 190 513 190 537 191 529 191 266
515 202 507 201 533 201 521 203 396
519 204 509 204 535 205 525 205 208
522 210 509 210 537 211 524 211 155
521 216 508 215 537 217 523 217 146
522 229 504 229 537 231 519 231 68
520 252 495 252 535 255 509 255 92
519 261 492 261 535 265 506 265 89
519 265 489 265 533 269 503 269 59
520 269 490 269 535 273 503 273 54
522 287 485 286 537 291 499 290 28
527 122 524 122 543 123 540 123 105
523 126 520 126 539 127 536 127 97
523 134 519 136 539 135 535 136 87
527 184 519 184 543 185 535 185 261
523 188 515 188 539 189 531 189 281
525 192 518 192 541 193 534 193 271
525 200 516 199 541 201 532 201 208
526 248 502 248 541 251 516 251 78
528 254 502 254 543 257 517 257 153
527 282 493 282 541 287 505 287 43
527 315 482 315 543 323 493 323 17
533 110 530 110 549 111 546 111 88
531 120 528 120 547 121 544 121 121
533 142 529 142 549 143 545 142 143
529 152 525 152 545 153 541 153 70
531 169 526 169 547 167 543 167 440
529 178 521 178 545 179 537 179 147
529 186 521 186 545 187 537 187 203
532 198 525 198 547 199 538 199 122
529 206 519 206 545 207 534 208 74
533 232 514 231 549 233 529 233 42
532 248 508 248 547 251 522 251 57
529 274 497 274 545 279 511 279 48
531 270 501 271 547 275 514 275 46
533 278 499 278 547 283 512 283 44
534 284 493 283 549 289 511 289 46
534 294 499 291 549 301 505 299 46
534 312 489 312 549 321 501 321 16
529 316 487 316 545 325 498 325 20
535 323 486 323 549 333 499 333 25
533 335 480 335 547 347 489 347 29
534 109 531 109 551 109 547 109 67
539 116 535 117 555 117 551 117 91
535 114 532 114 551 115 548 115 92
539 128 536 129 555 129 552 129 89
537 126 534 126 553 127 550 127 104
535 132 532 132 551 133 548 133 215
537 146 533 146 553 147 549 147 352
535 151 531 151 551 151 547 151 76
539 148 535 149 555 149 551 149 89
539 156 535 156 555 157 551 156 80
535 168 531 168 551 169 547 169 170
537 178 530 178 553 179 546 179 154
539 184 532 184 555 185 548 184 247
537 196 529 196 553 197 545 197 182
535 202 525 202 551 203 540 203 93
539 202 528 202 555 203 544 203 135
539 215 524 216 555 217 540 217 56
534 263 504 263 551 267 520 267 80
542 282 508 282 555 287 521 287 76
539 298 497 298 551 305 509 305 31
537 319 492 319 553 329 503 328 26
537 327 487 327 553 337 499 337 28
536 332 485 331 551 343 495 341 38
540 346 484 346 555 359 495 358 29
536 348 479 348 551 361 489 361 29
543 113 539 113 559 113 555 113 90
541 120 538 120 557 121 553 121 88
541 124 537 124 557 125 553 124 151
543 132 540 132 559 133 555 133 182
541 138 537 138 557 139 553 139 143
545 136 541 136 561 137 557 136 168
545 146 541 146 561 147 557 147 85
541 165 537 165 557 165 553 166 174
541 206 530 206 557 207 546 207 85
543 218 529 218 559 219 544 219 58
544 237 521 237 559 239 538 239 32
545 258 516 258 559 261 531 261 68
540 267 509 267 557 271 523 271 64
541 287 503 286 557 293 519 292 28
542 300 501 300 557 307 514 307 27
544 308 496 308 559 317 507 317 33
545 325 493 325 561 335 505 335 26
549 138 545 138 565 139 561 139 94
549 157 545 156 565 157 561 157 265
549 166 545 165 565 167 557 166 287
548 168 545 167 565 169 560 169 112
549 174 544 174 565 175 560 175 171
549 178 544 178 565 179 560 179 121
547 182 542 182 563 183 558 183 279
553 198 543 198 567 199 558 199 126
549 212 535 212 565 213 552 213 65
548 208 535 208 563 209 551 209 92
551 216 536 216 567 217 552 217 61
550 243 528 242 567 245 541 245 57
548 248 521 248 563 251 539 251 68
549 254 523 254 565 257 537 257 66
550 265 519 265 565 269 530 269 54
548 274 514 274 563 279 528 279 96
549 280 514 280 565 285 529 285 77
551 300 507 301 565 307 523 307 27
551 312 505 312 567 321 518 321 31
552 318 505 318 567 327 518 327 37
545 329 493 329 563 339 504 340 32
547 339 492 339 563 351 504 351 39
553 109 550 108 569 109 565 109 83
557 117 553 117 573 117 569 117 116
553 140 549 140 569 141 565 140 213
554 158 550 158 571 159 567 159 103
558 155 552 154 573 155 569 155 79
556 160 552 160 573 161 569 161 102
557 178 551 178 573 179 568 179 132
554 188 547 188 571 189 566 189 129
551 202 542 202 569 203 558 203 95
555 208 543 208 571 209 558 209 62
554 216 540 216 571 217 556 217 51
553 229 535 229 571 231 552 231 39
549 241 528 241 569 243 543 244 30
555 244 531 244 571 247 546 247 59
553 269 521 269 571 273 535 273 79
555 276 521 276 569 281 534 281 78
554 296 514 296 569 303 527 303 17
554 314 509 314 571 323 522 323 26
555 337 500 337 571 349 512 349 35
563 97 558 99 579 97 575 97 74
560 106 556 106 575 107 572 106 101
564 113 559 115 579 115 576 114 119
563 125 560 124 579 125 575 125 244
559 136 557 136 575 137 574 137 270
563 140 561 140 579 141 575 140 229
563 156 559 156 579 157 575 156 79
563 162 559 162 579 163 575 163 81
563 168 559 168 579 169 575 168 205
561 174 555 174 577 175 572 175 111
559 179 554 179 575 179 570 179 166
563 188 557 188 579 189 573 189 116
561 194 552 194 577 195 569 195 196
559 206 547 206 575 207 563 207 90
559 210 547 210 575 211 562 211 64
557 229 539 229 577 231 558 231 42
559 225 542 225 575 227 559 227 48
560 252 534 252 575 255 549 255 109
560 258 532 258 577 261 549 261 65
561 272 528 273 575 277 541 277 77
558 282 522 282 575 287 537 287 65
560 310 516 310 577 319 527 318 26
561 321 512 321 577 331 525 331 19
562 325 514 325 577 335 525 335 50
561 339 507 339 577 351 519 351 51
567 99 564 98 583 99 579 99 111
570 103 565 105 585 105 581 105 107
566 111 561 113 581 113 578 112 106
567 129 565 128 583 129 579 129 96
567 144 563 144 583 145 579 144 78
567 165 563 166 583 165 579 166 122
569 178 563 178 585 179 579 179 281
566 186 561 186 583 187 578 187 293
564 190 558 190 581 191 574 191 121
567 216 552 216 583 217 570 217 52
566 238 544 238 583 241 561 241 30
565 265 535 265 583 269 551 269 47
568 275 533 274 581 279 547 279 66
566 270 532 271 581 275 548 275 48
567 280 533 281 583 285 548 285 81
569 298 528 298 585 305 543 305 13
569 312 525 312 585 321 531 320 26
565 331 512 331 581 343 521 342 33
564 335 512 335 581 347 523 347 36
569 342 511 343 585 355 526 355 51
566 343 512 343 583 355 524 355 34
571 109 567 109 587 109 583 109 118
571 115 567 115 587 115 583 115 104
573 127 568 127 591 127 586 127 216
571 133 567 132 587 133 583 133 92
573 133 569 132 589 133 585 133 84
575 139 571 139 591 139 587 140 101
575 146 571 146 591 147 587 147 82
573 151 569 150 589 151 585 151 73
575 164 571 166 591 165 587 166 108
571 169 567 168 587 169 583 169 204
574 172 567 172 591 173 584 173 235
573 180 566 181 589 181 582 181 275
574 192 565 192 591 193 584 193 132
573 200 563 200 591 201 580 201 120
569 231 554 232 589 233 569 233 35
571 263 542 263 589 267 559 267 50
573 296 533 295 589 303 547 301 13
570 323 521 323 587 333 535 333 24
572 337 518 337 589 349 532 349 23
581 109 577 109 597 109 593 109 116
581 129 577 129 597 129 593 129 106
577 131 573 131 593 131 589 131 104
577 155 573 154 593 155 589 154 121
577 177 570 177 593 177 586 177 170
577 179 570 179 593 179 586 179 145
578 212 566 211 595 213 583 212 102
578 231 559 231 595 233 576 233 40
580 239 558 238 597 241 570 240 30
576 250 551 250 593 253 567 253 62
579 265 549 265 597 269 566 269 38
581 276 545 276 595 281 558 281 60
576 284 539 284 593 289 553 289 36
576 291 537 291 593 301 550 299 27
577 308 531 307 593 315 545 315 19
575 303 533 303 593 311 549 311 12
580 334 527 333 597 345 539 345 44
583 105 579 105 599 105 595 105 125
583 113 579 112 599 113 595 112 114
582 125 578 125 599 125 594 125 185
583 148 577 150 599 149 593 151 117
587 163 582 162 603 163 598 163 170
587 175 580 174 603 175 596 175 196
585 172 578 172 601 173 594 173 184
585 181 578 181 601 181 594 181 226
585 188 578 188 601 189 594 189 218
587 198 578 198 603 199 594 199 248
584 204 574 204 601 205 590 205 252
582 210 569 210 599 211 586 211 141
583 216 569 216 599 217 585 217 144
584 214 571 214 601 215 588 215 203
583 224 565 222 599 225 583 226 97
583 229 564 230 599 231 581 231 78
583 282 548 282 599 287 563 287 24
583 322 534 322 601 331 550 331 37
589 331 537 331 603 343 549 343 65
585 339 530 339 603 351 545 351 32
585 343 529 343 601 355 542 355 37
587 348 529 347 601 359 542 360 32
590 86 585 87 605 87 602 85 98
591 99 587 99 607 99 603 99 131
589 111 585 110 605 111 601 110 104
591 117 586 118 607 117 603 116 111
589 119 585 118 605 119 601 118 95
591 127 586 128 607 127 603 127 97
593 131 588 130 609 131 605 131 139
591 147 586 146 607 147 602 146 129
593 155 587 154 609 155 604 155 87
591 167 585 166 607 167 602 167 111
589 171 585 171 605 171 598 171 183
593 180 585 180 609 181 602 180 217
592 208 580 208 609 209 596 209 199
589 223 571 223 609 225 591 225 150
591 235 573 239 609 239 593 239 33
587 238 567 238 605 241 585 240 27
587 263 557 263 605 267 574 267 49
589 273 558 273 607 277 575 276 55
586 299 543 299 607 307 563 306 14
587 335 533 335 605 347 548 347 42
599 81 595 81 615 81 611 80 106
595 87 591 87 611 87 607 86 101
597 103 592 105 613 103 608 105 142
597 111 593 111 613 111 609 111 118
597 125 593 124 613 125 609 124 349
595 137 590 137 611 137 606 137 281
597 141 591 141 613 141 608 141 181
599 145 593 145 615 145 609 145 129
595 151 590 151 611 151 606 151 122
599 149 593 149 615 149 610 149 162
597 163 591 162 613 163 608 163 105
597 165 591 165 613 165 608 165 166
596 173 590 173 613 173 606 173 231
598 180 590 179 615 181 606 179 341
591 200 579 200 611 201 601 201 284
598 210 586 210 615 211 600 211 142
595 216 582 216 613 217 599 217 104
595 231 577 231 615 233 603 234 66
597 261 564 260 615 265 585 265 47
593 265 563 265 611 269 580 269 67
597 307 552 306 615 315 567 313 19
597 317 549 317 615 327 564 327 20
596 333 543 333 613 345 556 345 36
596 339 542 339 615 351 558 351 30
600 69 597 67 617 67 611 69 60
601 77 597 77 617 77 613 77 90
605 81 601 81 621 81 617 80 132
605 97 600 99 621 97 617 96 142
604 99 600 98 619 101 614 102 467
603 105 599 104 619 105 615 104 215
601 117 596 117 617 117 612 117 149
601 169 595 168 617 169 612 169 165
604 173 596 172 621 173 615 173 327
601 177 593 176 617 177 610 176 276
598 261 566 260 617 265 584 264 50
600 271 568 271 617 275 584 275 69
603 273 571 273 621 277 585 276 51
598 291 560 290 617 297 578 297 10
601 292 561 293 619 299 577 299 10
601 303 557 303 619 311 571 310 10
605 312 558 312 621 321 573 320 15
600 316 553 316 621 327 569 326 23
600 327 553 326 619 337 568 337 44
607 68 603 67 623 67 619 67 52
609 99 605 99 625 99 621 98 121
609 107 604 107 625 107 620 107 192
609 117 605 117 625 117 621 117 179
607 129 602 128 623 129 618 128 175
611 133 606 133 627 133 622 133 159
607 137 602 135 623 137 618 135 244
609 141 604 141 625 141 620 141 193
607 157 602 157 623 157 618 157 142
611 155 605 154 627 155 622 155 155
609 167 603 167 625 167 620 167 143
608 191 594 189 625 191 610 191 374
608 216 594 216 625 217 611 217 114
607 222 590 222 623 223 607 223 134
605 263 576 263 623 267 593 267 42
609 345 556 346 627 357 567 357 23
615 99 610 99 631 99 626 98 155
613 111 608 111 629 111 625 110 255
617 123 612 123 633 123 628 123 201
617 135 612 135 633 135 628 135 222
613 131 608 131 629 131 624 131 221
614 151 609 151 631 151 626 150 229
615 160 610 160 631 159 626 159 120
613 163 607 162 629 163 624 163 186
617 161 611 160 633 161 628 161 144
617 171 609 172 633 171 625 170 460
616 167 611 167 633 167 628 167 181
612 185 598 184 629 185 614 185 349
616 196 601 195 633 197 618 196 249
614 210 599 210 631 211 616 211 174
614 216 599 216 631 217 616 217 151
617 242 595 240 633 243 620 245 37
613 246 590 247 631 249 607 249 10
613 288 575 285 631 293 591 293 12
610 311 559 307 633 319 577 318 17
612 324 562 324 631 333 579 333 37
610 334 558 334 631 345 573 345 18
612 340 555 340 633 353 573 353 24
625 85 618 87 639 87 635 86 155
621 105 616 105 637 105 632 105 177
619 101 614 102 635 101 630 102 173
619 117 614 117 635 117 630 117 210
621 131 616 131 637 131 632 131 199
623 135 618 135 639 135 634 135 296
619 151 614 150 635 151 630 150 107
622 173 616 173 639 173 632 173 361
620 184 605 184 637 185 622 184 285
620 198 604 198 637 199 621 199 161
620 206 604 206 637 207 621 207 174
618 218 602 218 635 219 619 219 150
618 224 601 224 635 225 618 225 109
620 229 602 229 639 231 621 231 121
620 228 603 228 637 229 619 229 136
618 234 599 234 635 235 616 235 71
622 276 589 276 639 281 605 281 45
615 317 565 317 637 327 581 326 24
614 314 566 314 635 323 585 323 15
616 321 568 321 637 331 586 331 13
616 325 566 325 637 335 587 335 14
615 335 563 336 635 349 575 349 16
615 342 561 342 637 355 578 355 24
625 91 620 91 641 91 636 91 159
628 115 622 115 643 115 637 115 209
625 121 620 121 641 121 636 120 159
627 119 622 119 643 119 638 119 251
629 132 624 132 645 131 640 130 154
627 132 621 131 643 131 638 131 413
629 151 623 154 645 153 640 153 111
626 155 621 155 643 155 638 155 128
628 163 623 163 645 163 640 162 95
624 186 609 185 641 187 625 188 285
624 202 608 202 641 203 625 203 202
623 208 607 208 641 209 624 209 129
624 214 608 214 641 215 624 215 117
626 269 597 269 645 273 615 274 27
627 286 590 286 645 291 607 291 43
622 285 587 286 643 291 609 292 31
623 290 589 289 641 295 606 295 23
623 319 576 319 645 329 594 329 11
625 325 576 325 645 335 594 335 10
621 339 564 338 641 351 583 351 25
631 78 626 77 647 77 641 78 197
635 83 630 81 651 83 646 81 218
631 115 626 115 647 115 641 115 182
633 119 627 119 649 119 644 119 104
631 135 625 135 647 135 642 135 327
634 139 629 139 651 139 646 139 268
631 147 625 147 647 147 642 147 163
632 149 627 149 649 149 644 149 184
634 154 629 154 651 153 646 154 158
631 155 626 155 647 155 642 155 122
632 165 627 165 649 165 644 165 98
634 171 628 171 651 171 645 171 149
630 167 625 167 647 167 642 167 130
632 200 616 200 649 201 634 200 255
633 205 618 204 651 205 635 205 242
631 216 616 216 649 217 633 217 132
634 224 618 224 651 225 635 225 114
629 222 609 221 647 223 631 223 223
630 227 615 228 651 229 637 230 168
632 239 610 240 649 243 625 243 30
630 252 602 252 649 255 621 255 16
632 261 605 259 651 263 623 262 9
633 264 603 266 651 269 621 269 29
637 101 631 102 653 101 648 100 124
637 117 631 117 653 117 648 117 195
636 146 631 147 653 147 648 148 259
640 173 634 172 657 173 651 172 205
638 186 623 186 655 187 640 186 110
637 206 621 206 655 207 638 207 111
635 214 621 214 653 215 637 215 210
639 220 623 220 657 221 640 221 200
632 248 606 248 653 251 629 252 15
634 261 606 261 653 265 624 264 24
639 260 612 257 657 263 629 261 7
637 282 601 282 657 287 620 287 107
635 285 599 285 657 291 619 291 83
637 343 581 343 657 355 600 355 10
634 346 577 346 655 359 595 359 16
643 103 637 103 659 103 654 102 249
645 110 639 109 661 109 655 108 158
646 140 641 141 663 139 657 141 252
644 143 639 143 661 143 656 143 262
644 177 628 177 661 177 650 177 284
641 194 625 194 659 195 643 195 99
643 224 627 224 661 225 645 225 217
641 265 613 267 663 269 631 270 30
639 274 607 274 659 279 619 279 95
639 278 606 279 659 283 624 283 73
641 284 605 284 661 289 624 289 76
641 322 595 321 663 333 611 332 9
639 338 581 339 659 351 599 351 13
641 349 583 349 663 363 597 361 13
653 54 649 53 669 53 665 52 112
653 60 647 61 669 59 664 58 157
650 112 645 111 667 111 661 110 137
648 143 643 143 665 143 660 143 158
652 157 646 157 669 157 663 157 333
648 187 631 186 665 187 650 187 211
649 203 634 202 667 203 651 203 89
649 210 633 210 667 211 651 211 253
649 224 634 225 667 225 649 224 242
644 276 611 276 665 281 628 280 57
647 282 613 282 667 287 631 287 58
645 319 598 319 667 329 616 328 5
644 323 594 323 665 333 613 333 10
643 327 593 327 665 337 611 337 6
646 329 597 330 669 341 614 340 13
643 347 589 348 667 361 606 361 10
659 48 653 48 675 47 670 46 119
659 54 653 55 675 53 670 52 262
659 60 654 60 675 59 670 59 247
661 83 654 85 675 85 671 83 335
657 95 652 95 673 95 668 94 328
653 175 639 175 671 175 656 175 154
653 181 638 181 671 181 656 181 125
653 191 638 190 671 191 655 191 91
655 195 639 195 673 195 657 195 83
653 206 637 206 671 207 655 207 114
657 208 641 209 675 209 659 209 104
653 216 638 216 671 217 656 217 215
653 222 637 222 671 223 655 223 222
655 228 637 228 673 229 655 229 226
650 235 631 235 671 237 651 237 165
656 238 636 238 673 239 654 239 152
649 252 626 253 671 255 645 255 6
653 288 616 287 673 293 635 293 28
662 46 657 46 679 45 674 45 81
665 50 659 50 681 49 676 48 116
662 115 657 116 679 115 674 115 94
662 121 657 121 679 121 674 120 95
664 147 658 147 681 147 675 147 209
661 216 645 216 679 217 663 217 174
661 227 641 226 681 229 662 229 228
657 271 626 271 677 275 642 275 19
659 325 608 323 679 333 627 332 8
666 82 661 82 683 81 678 80 113
671 83 665 83 687 83 681 83 187
668 101 663 101 685 101 680 100 449
666 108 661 107 683 107 676 107 283
666 124 661 123 683 123 678 123 93
668 122 663 121 685 121 680 120 265
666 131 661 129 683 131 678 130 105
669 143 663 143 685 145 679 143 183
665 168 659 168 683 169 676 168 169
665 195 650 194 683 195 668 194 67
667 191 657 190 685 191 675 191 66
670 199 659 199 687 199 677 199 60
670 203 659 203 687 203 676 203 56
661 347 605 347 685 361 623 362 11
676 114 670 113 693 113 687 112 366
672 147 664 146 689 147 683 146 195
674 153 668 156 691 153 685 153 203
672 161 666 161 689 161 683 161 226
675 173 666 173 693 173 684 173 277
671 177 660 177 689 177 678 176 201
671 197 661 197 689 197 678 197 56
672 201 661 200 691 201 678 200 49
675 207 664 207 693 207 681 207 43
670 218 654 218 689 219 675 219 243
671 247 647 247 691 249 665 248 145
667 276 636 277 693 281 655 280 13
667 284 633 283 689 289 657 289 10
669 337 618 337 689 349 636 348 12
667 349 607 347 693 363 632 363 13
680 116 674 115 697 115 691 114 270
682 114 676 113 699 113 693 112 206
682 126 676 126 699 125 693 125 192
680 144 673 145 697 145 690 144 137
678 151 672 151 695 151 689 151 145
682 149 675 150 699 149 693 149 208
682 167 675 167 699 167 693 167 143
681 180 670 179 699 181 688 179 94
681 193 669 193 699 193 687 193 15
677 195 666 195 695 195 685 197 39
681 201 669 200 699 201 687 201 28
679 218 663 218 697 219 682 219 350
689 45 683 46 705 45 700 44 127
689 75 682 75 703 75 700 73 197
684 82 679 82 701 81 695 80 228
684 121 678 121 701 121 695 119 275
688 128 682 127 705 127 698 126 186
688 150 681 149 705 149 698 149 100
684 173 675 174 701 173 693 173 132
687 185 675 184 705 185 694 183 41
684 202 672 202 703 203 690 203 78
683 243 661 243 703 245 679 243 574
682 260 655 260 703 263 675 263 99
680 279 647 280 703 285 667 284 8
676 284 643 284 701 289 664 289 9
690 58 685 58 707 57 702 56 217
695 72 686 73 711 71 701 72 184
692 86 686 84 709 83 703 82 190
694 108 687 108 711 107 704 106 216
694 127 687 126 711 125 704 124 171
691 166 685 165 709 165 702 165 151
691 171 682 171 707 171 697 172 194
684 339 629 339 709 351 647 351 16
697 46 690 46 713 45 707 44 84
698 102 689 103 715 101 707 101 292
698 110 691 110 715 109 708 109 195
697 145 691 145 715 145 708 144 164
694 231 652 230 717 233 673 231 348
694 283 657 282 717 287 678 285 50
691 324 642 325 715 335 671 333 22
692 337 638 338 717 349 660 349 17
688 341 634 342 715 353 655 353 27
695 349 638 350 717 363 654 363 54
688 347 627 347 713 361 649 361 15
706 74 699 74 723 73 716 72 211
704 79 697 79 721 77 714 77 107
706 94 698 94 723 93 716 92 114
703 172 691 171 721 171 710 171 119
705 174 693 173 723 173 712 173 120
703 182 691 181 723 183 710 181 52
700 183 688 183 719 183 706 183 35
698 259 660 259 721 263 681 263 100
696 263 659 263 719 267 680 267 68
700 278 662 277 723 283 683 283 72
696 335 640 333 721 345 665 344 13
712 71 705 71 729 69 723 68 146
710 66 704 66 727 65 721 64 168
709 91 699 92 727 89 719 89 112
702 240 663 238 725 243 684 241 360
702 263 663 265 725 267 685 269 79
699 321 652 322 725 331 674 331 7
700 325 651 326 727 337 673 336 15
700 337 646 336 727 349 669 349 19
702 339 649 340 729 351 671 351 28
702 346 644 346 729 361 668 361 25
720 63 713 63 735 63 728 63 238
719 66 713 65 735 65 728 65 230
718 73 710 72 735 71 728 70 253
718 78 710 79 735 77 729 75 137
715 124 707 124 733 123 725 122 105
717 144 709 143 735 143 727 142 268
713 156 706 155 731 155 724 154 150
715 173 704 173 733 173 723 172 150
708 339 654 339 735 351 678 352 18
721 69 715 68 739 67 732 67 160
719 105 711 104 737 103 729 102 151
713 240 668 240 737 243 698 244 724
714 252 697 253 737 255 721 257 621
710 335 658 335 737 347 680 347 10
713 349 655 349 741 363 679 363 13
728 66 721 65 745 65 739 63 250
729 95 720 94 747 93 738 92 165
729 111 720 111 747 111 738 109 234
727 114 718 113 745 113 736 112 258
729 120 720 120 747 119 738 119 184
725 130 716 130 743 129 734 129 66
720 224 682 222 745 225 705 223 618
718 234 677 234 743 237 699 238 520
717 249 671 248 743 253 694 252 511
716 329 663 330 743 341 686 339 5
733 67 725 68 751 65 743 65 165
733 99 724 99 751 99 742 97 126
735 120 726 120 753 119 744 119 122
732 144 723 144 751 143 742 142 205
720 342 665 342 749 355 689 355 10
740 39 733 39 757 37 751 36 191
737 86 728 85 757 83 746 83 127
737 102 728 101 755 103 746 102 127
739 111 729 111 757 109 748 109 152
740 117 731 117 759 115 749 115 208
737 167 716 165 757 167 735 165 135
738 184 724 181 757 183 744 181 129
729 280 680 278 757 285 704 284 170
742 52 732 52 761 49 752 48 275
743 65 734 65 761 63 752 62 242
743 79 732 79 761 77 751 76 191
743 89 732 89 761 87 752 86 90
746 91 736 91 765 89 755 88 107
746 93 737 92 765 91 755 90 115
744 103 735 99 763 99 753 100 135
745 101 735 101 763 101 753 103 457
746 142 736 142 765 141 755 141 147
742 140 732 140 761 139 751 138 180
742 156 724 157 761 155 747 154 214
741 172 729 172 761 171 748 171 56
735 249 689 250 761 253 711 254 639
735 261 686 259 763 267 710 269 540
735 270 683 269 763 275 709 277 228
737 285 686 285 765 293 711 292 232
735 314 684 311 763 321 709 320 107
736 344 677 344 765 357 699 355 18
750 99 740 97 769 95 759 94 256
752 111 742 112 771 109 761 110 150
750 119 739 119 769 117 758 117 120
750 136 739 135 769 135 758 133 101
752 143 742 143 771 143 761 141 166
751 164 738 164 771 163 756 163 56
751 174 736 174 771 173 756 173 50
743 239 690 238 771 243 715 242 425
740 304 689 303 769 313 715 313 103
742 313 690 315 771 323 716 323 101
740 323 689 324 769 333 714 334 28
756 62 747 61 775 59 765 57 319
758 98 748 97 777 95 767 95 97
758 131 747 130 777 129 766 128 110
754 131 744 131 773 131 762 131 84
753 162 733 159 773 161 753 159 112
751 187 733 186 773 187 754 186 104
747 234 694 236 775 239 720 240 421
745 297 693 301 775 307 718 309 90
745 323 693 323 775 333 719 333 29
749 332 697 329 777 343 724 343 40
745 337 691 337 775 349 717 349 18
765 24 758 24 783 21 776 21 161
765 32 759 32 783 29 776 28 266
764 38 755 37 783 35 769 37 519
760 88 749 87 779 85 768 84 103
764 122 754 121 783 121 772 120 51
760 146 746 149 781 145 766 145 197
758 152 739 155 779 151 759 153 187
762 151 748 150 783 149 768 149 98
757 185 739 185 779 185 760 184 168
752 241 698 241 781 245 723 245 374
752 305 697 303 783 315 724 315 98
771 24 765 24 789 21 782 20 139
766 48 756 47 785 45 775 44 161
766 54 756 54 785 51 775 50 158
766 109 755 109 785 107 774 107 78
768 113 758 112 787 111 777 110 33
770 117 759 116 789 115 780 114 14
767 129 756 128 787 127 775 126 22
770 131 757 133 789 129 778 129 51
766 148 752 149 787 147 772 149 106
764 144 750 144 785 143 770 142 150
765 181 745 179 787 179 767 179 64
754 257 700 257 785 263 725 263 345
757 265 702 266 787 273 729 272 211
755 284 701 285 785 291 727 292 156
777 99 763 96 795 95 787 97 77
775 129 764 128 795 127 784 127 41
775 133 764 131 795 131 777 132 136
775 140 758 140 793 139 777 139 83
774 146 759 146 795 145 780 144 101
774 152 759 152 795 151 780 150 103
761 242 709 241 793 247 737 245 260
762 257 706 258 793 263 733 263 235
763 266 709 267 795 273 735 273 166
759 270 704 270 791 277 731 277 125
763 274 708 274 795 281 735 281 143
762 289 707 289 795 297 734 297 38
762 299 707 300 795 309 737 310 17
763 303 707 301 795 313 735 313 17
763 312 707 312 795 323 734 323 17
762 318 707 319 795 329 734 329 15
760 340 707 340 793 353 734 353 25
760 346 703 346 793 359 732 359 52
760 349 703 349 793 363 731 362 57
779 33 767 33 799 29 785 29 541
775 58 765 57 797 53 785 53 130
781 109 771 109 801 107 790 106 179
777 127 767 126 797 125 787 124 66
781 135 771 134 801 133 790 132 123
776 145 762 144 797 143 782 143 97
780 180 765 179 801 179 786 178 141
775 182 756 181 797 181 777 180 163
765 315 709 315 797 325 737 325 18
763 344 710 345 797 357 737 357 35
784 35 775 33 803 31 795 29 226
783 41 770 41 803 37 790 37 219
784 46 771 46 803 43 790 42 122
787 51 774 51 807 47 794 47 225
783 55 771 55 803 51 790 51 134
786 129 774 128 807 127 794 126 78
783 138 773 138 803 137 793 136 176
786 143 777 143 807 141 797 139 215
785 147 774 147 805 145 794 145 129
779 150 767 150 803 149 788 149 265
782 172 768 171 803 171 788 171 115
784 176 770 177 805 175 791 176 129
772 253 717 253 805 259 746 259 75
770 257 715 257 803 263 743 263 70
771 262 716 262 803 269 744 268 83
774 266 719 266 805 273 745 273 55
773 274 720 275 807 281 746 281 55
774 289 717 289 807 297 746 297 11
767 311 715 310 803 321 739 321 38
771 340 713 337 805 353 747 353 36
772 346 717 346 805 359 745 359 64
793 56 780 56 813 53 800 52 272
792 139 780 138 813 137 800 136 207
792 158 778 158 813 157 799 157 229
790 156 774 157 811 155 797 153 283
791 186 779 186 813 185 800 185 231
777 270 722 270 811 277 751 277 77
780 268 723 267 813 275 752 274 96
780 274 724 275 813 281 753 281 68
774 303 718 301 809 313 744 311 14
796 148 781 148 817 147 802 146 255
794 145 781 144 815 143 802 142 176
794 153 782 153 815 151 802 151 174
796 160 781 163 817 159 803 158 289
794 162 781 163 815 161 802 161 190
794 181 781 183 815 183 803 182 176
785 233 728 234 817 237 756 237 23
780 236 726 236 815 239 755 239 29
784 259 729 261 817 267 757 268 40
779 281 724 281 815 289 752 289 57
780 316 725 316 815 327 754 327 28
781 312 728 312 817 323 755 323 21
783 318 727 319 817 329 756 330 24
783 346 727 346 817 359 757 359 34
779 349 724 350 815 363 753 363 54
803 58 791 57 823 55 809 54 133
802 127 791 125 823 125 810 124 113
802 139 789 138 823 137 810 136 233
803 149 789 148 825 147 810 146 224
786 239 729 239 823 243 762 243 11
786 275 730 275 821 283 760 283 47
790 279 734 279 825 287 764 287 30
790 283 733 283 825 291 764 291 11
786 281 730 282 821 289 760 289 23
785 300 729 300 821 309 763 308 12
791 344 731 345 825 357 766 357 80
787 347 731 347 825 361 764 361 59
810 55 796 54 831 51 815 51 130
806 61 793 60 827 57 813 57 221
795 312 739 312 831 323 770 323 36
795 318 739 319 831 329 769 329 35
811 65 798 64 833 61 819 60 163
811 141 794 143 833 139 816 141 186
811 153 794 152 833 151 816 150 370
797 274 742 274 835 281 775 281 21
817 39 802 39 839 33 824 33 123
817 51 802 51 839 47 824 46 137
819 63 806 62 841 59 827 58 186
821 85 807 86 843 81 829 81 222
817 93 802 93 839 89 824 89 125
819 126 805 127 841 123 828 125 370
820 153 801 152 843 151 824 151 324
819 180 800 179 843 179 823 179 228
805 281 745 281 841 289 779 289 13
803 287 745 287 841 295 778 295 9
804 315 748 315 841 325 780 325 50
807 344 752 344 843 357 784 357 68
827 44 812 43 849 39 834 38 160
823 149 804 148 847 147 828 147 235
825 145 807 145 849 143 830 142 192
810 261 754 261 847 269 786 270 39
811 287 754 287 849 295 787 295 13
810 318 755 318 845 329 784 329 38
811 340 757 337 847 351 789 349 45
811 342 757 342 847 355 789 355 89
812 347 756 347 847 359 787 359 74
832 41 813 43 853 37 839 35 212
829 147 810 147 853 145 834 144 238
828 162 809 162 853 161 833 160 234
828 186 813 187 855 185 844 185 294
814 247 758 246 855 251 795 251 58
814 269 758 269 851 275 790 276 54
813 275 757 274 851 281 789 281 50
816 279 757 279 853 287 793 287 35
811 283 755 283 851 291 787 291 15
814 295 758 296 851 307 789 305 18
815 303 757 304 853 313 791 313 28
833 148 812 151 857 147 838 145 222
820 233 765 233 857 237 800 237 18
823 264 767 265 861 271 800 271 63
821 271 767 271 861 277 802 277 39
820 287 765 287 859 295 798 295 13
822 301 766 301 859 311 797 311 18
817 311 761 311 857 321 795 321 41
820 316 761 317 857 327 796 327 63
823 344 768 344 861 357 801 356 81
823 350 768 351 859 363 796 362 172
827 257 771 258 865 263 804 263 62
827 265 771 265 865 271 804 271 57
825 289 768 289 863 297 802 297 19
825 300 767 299 863 309 798 308 28
828 309 773 309 865 319 804 319 44
828 314 772 315 867 325 805 325 46
827 346 771 345 865 359 805 359 96
845 160 826 161 871 159 850 158 237
831 261 775 262 869 267 808 267 48
833 258 777 258 871 263 810 263 62
834 259 778 259 873 265 812 265 78
834 265 778 265 873 271 812 271 66
833 347 778 347 873 361 812 360 123
831 351 775 351 869 363 808 363 302
836 239 781 238 875 243 815 242 45
838 243 782 243 877 247 816 247 65
838 250 781 250 877 255 815 255 70
836 253 780 254 875 259 814 259 60
840 260 784 259 879 265 818 265 101
840 265 784 265 879 271 818 271 64
837 279 776 280 875 287 812 287 55
836 289 779 289 875 297 814 297 28
838 285 781 285 877 293 817 293 28
837 295 785 295 877 305 820 303 14
841 311 785 311 879 321 819 321 35
838 339 781 338 877 351 818 351 66
837 349 781 349 877 363 815 362 124
857 52 844 54 883 45 873 46 404
842 239 786 239 881 243 820 243 59
844 245 788 245 883 249 822 249 55
842 245 786 245 881 249 819 250 55
845 265 789 265 885 271 824 271 94
842 316 785 316 881 327 821 327 42
845 337 789 337 885 349 825 349 115
847 256 791 256 887 261 826 261 183
851 258 795 258 891 263 830 263 157
847 261 791 261 887 267 826 267 192
848 268 791 269 889 275 828 275 93
850 272 794 272 891 279 828 279 93
851 285 794 285 891 293 827 293 33
850 309 792 309 891 319 829 319 36
850 314 794 314 891 325 829 325 44
848 346 792 347 889 359 828 360 150
852 248 796 249 893 253 832 253 159
857 252 801 252 897 257 833 257 253
853 258 797 258 893 263 832 263 398
856 269 800 269 897 275 836 275 73
854 313 797 313 895 323 833 323 26
852 344 795 344 893 357 831 357 164
854 340 798 340 895 353 833 352 129
852 348 794 348 893 361 830 361 183
869 85 837 85 901 79 866 79 17
871 95 838 94 903 89 868 88 16
871 97 838 96 903 91 868 90 20
870 101 836 100 901 95 866 94 28
871 109 838 108 903 103 868 102 48
869 126 835 125 901 121 866 121 79
871 129 838 129 903 125 868 124 80
860 245 805 245 903 249 843 249 129
860 256 804 256 901 261 840 261 231
862 260 806 260 903 265 842 265 171
858 273 802 273 899 279 838 279 81
860 290 801 292 901 299 840 299 22
861 298 805 298 903 307 841 305 34
858 302 798 302 899 311 837 311 58
858 316 800 317 899 327 838 327 34
857 345 799 346 899 359 836 359 178
878 44 845 43 909 35 874 34 21
876 51 842 50 907 43 872 42 18
876 63 842 62 907 55 873 55 19
877 75 844 75 909 69 873 67 16
871 104 839 104 905 99 869 98 20
877 129 843 128 909 125 874 124 15
877 133 842 133 909 129 872 128 17
873 147 840 147 905 145 870 144 34
877 152 844 152 909 149 875 149 27
875 207 826 205 909 205 853 204 176
863 226 811 226 907 229 847 230 42
866 230 810 230 907 233 846 233 31
864 263 807 264 905 269 844 269 175
864 277 805 278 905 285 841 285 82
865 281 809 281 905 289 843 289 44
865 285 809 285 907 293 845 293 51
864 307 809 307 907 317 846 317 40
867 311 810 311 909 321 847 321 49
866 317 809 317 909 327 849 327 53
863 343 805 343 905 357 842 356 188
864 349 807 350 907 363 843 363 147
880 52 846 52 911 45 876 44 16
884 49 850 49 913 43 880 41 20
881 85 847 85 913 79 877 77 22
882 150 849 150 915 147 880 146 18
881 198 833 196 913 197 859 196 199
872 245 814 245 913 249 851 250 210
874 248 817 248 915 253 854 253 316
870 270 813 270 911 277 851 276 173
870 294 814 293 913 303 854 302 35
870 296 813 297 913 305 850 306 40
871 309 814 309 913 319 851 319 42
870 315 814 315 913 325 852 325 40
873 330 821 329 915 341 857 341 20
869 341 812 341 913 355 851 355 153
888 76 855 76 921 69 886 68 15
889 84 854 83 921 77 885 76 19
888 93 854 93 921 87 885 86 16
886 95 852 94 919 89 883 88 16
888 101 854 100 921 95 885 94 12
887 125 852 125 919 121 884 120 20
886 140 852 140 919 137 883 136 14
881 235 831 235 921 239 867 239 140
876 258 821 260 919 265 858 265 219
874 261 818 261 917 267 856 267 378
874 298 819 298 917 307 855 307 58
875 332 822 332 917 343 859 343 40
873 347 816 348 917 361 853 361 200
873 349 815 350 917 363 853 363 182
894 36 860 35 927 25 891 26 19
895 45 862 46 927 37 894 35 29
892 59 859 58 925 51 890 50 18
894 63 861 61 927 55 891 55 25
895 75 860 74 927 67 892 66 22
894 80 860 80 927 73 891 73 28
891 107 857 108 925 103 888 103 16
890 143 855 142 923 139 886 137 15
890 148 855 148 923 145 887 144 20
885 230 833 230 927 233 870 233 72
882 233 832 234 923 237 869 237 136
886 235 835 235 927 239 872 238 126
882 245 826 245 925 249 864 249 210
880 248 824 248 923 253 862 253 319
880 256 825 256 923 261 862 261 243
880 278 823 278 923 285 861 285 81
881 283 822 284 923 291 861 291 65
880 305 825 305 923 315 863 314 98
880 313 824 313 925 323 863 323 60
880 335 825 335 923 347 862 347 47
883 342 827 342 927 355 866 355 81
883 349 826 350 927 363 862 363 143
896 39 863 38 929 29 894 29 18
897 66 863 67 931 59 891 60 17
897 91 863 91 931 85 894 84 17
895 110 861 111 929 105 892 104 12
895 122 861 121 929 117 892 116 25
898 126 864 125 933 121 895 121 20
899 131 864 131 933 127 896 126 27
897 135 862 135 931 131 894 131 18
893 141 859 140 929 135 893 134 18
890 241 835 241 929 245 875 245 208
889 250 834 250 933 255 873 255 124
885 252 830 252 929 257 868 257 148
887 259 831 260 931 265 870 265 132
889 261 834 262 933 267 872 267 139
889 285 832 285 933 293 871 293 38
888 291 831 291 929 303 867 303 22
881 341 824 341 929 355 867 355 120
905 70 870 70 939 63 903 61 19
900 97 865 97 935 91 897 90 14
904 105 868 105 939 99 900 99 21
905 110 870 110 939 105 902 104 15
902 166 867 166 937 163 900 164 22
891 254 835 253 935 261 874 259 90
896 281 839 282 939 289 877 289 29
892 315 833 315 935 325 872 325 101
893 339 837 339 937 351 868 350 122
891 347 831 347 937 361 873 361 139
907 63 872 63 941 55 905 54 18
910 99 873 103 945 95 906 96 22
907 135 871 135 943 133 905 132 21
907 141 871 141 941 137 902 136 22
905 154 870 154 941 151 904 150 17
908 210 859 210 943 209 892 211 43
908 215 872 215 943 217 906 216 15
896 247 841 247 941 251 880 251 30
899 263 844 263 943 269 883 269 61
897 265 840 266 941 271 880 272 51
902 329 851 329 945 339 889 339 53
900 344 842 344 945 357 883 357 148
899 347 839 347 943 361 880 361 142
912 78 879 78 947 71 911 70 33
910 104 875 104 947 99 907 97 14
915 113 879 112 951 107 912 107 21
913 124 876 123 949 119 911 119 20
911 133 877 132 947 129 908 129 17
915 137 879 137 951 133 913 133 21
911 139 875 139 947 135 909 134 18
912 149 875 149 947 147 910 145 12
913 156 877 156 949 153 910 153 18
914 173 878 174 949 173 912 171 12
912 232 877 231 949 233 911 233 27
902 236 848 237 949 241 887 240 27
906 249 851 248 951 253 891 253 34
903 255 848 256 947 261 887 261 43
905 258 850 258 951 263 891 263 33
906 263 850 263 951 269 890 269 71
902 267 847 267 947 273 887 273 36
905 313 851 314 949 323 892 324 52
901 340 844 340 949 353 887 353 124
900 349 839 349 947 363 883 363 139
904 346 845 346 949 359 886 359 99
920 103 884 102 957 97 918 96 20
919 115 883 113 955 109 917 108 13
916 130 880 129 953 123 914 124 25
920 165 885 165 957 163 920 162 10
919 183 881 182 955 181 917 179 18
917 195 881 195 953 195 915 194 18
918 196 882 196 955 195 916 195 19
920 199 883 197 957 199 918 199 16
917 209 881 208 953 209 916 208 15
910 247 853 245 955 251 894 250 34
910 261 854 262 955 267 896 267 34
906 267 852 267 955 273 891 273 31
903 271 849 271 953 277 893 277 54
911 276 855 276 953 283 892 283 31
910 311 853 313 955 321 897 320 21
911 339 855 339 955 351 894 351 73
913 339 857 339 957 351 896 351 65
907 342 851 342 955 355 893 355 83
927 69 892 69 963 63 926 61 36
926 99 889 95 963 91 924 91 24
925 104 889 103 961 99 923 97 20
924 115 888 114 961 109 921 108 17
922 130 885 130 959 125 920 127 27
927 152 889 153 963 149 925 148 31
924 171 887 172 961 169 923 167 18
924 175 887 175 961 173 922 173 13
921 178 885 178 959 177 919 176 12
924 204 888 203 963 203 923 203 14
923 220 887 220 961 221 922 220 14
923 235 887 235 961 237 922 237 12
923 232 887 232 961 233 923 233 14
913 259 859 260 959 265 899 265 27
913 265 856 267 959 271 897 272 28
914 330 860 331 961 343 902 343 29
914 349 855 349 963 363 898 363 215
932 103 895 107 969 99 930 100 10
927 111 892 111 965 105 926 104 20
932 167 895 168 969 167 931 166 12
927 173 891 173 965 171 926 172 14
931 185 893 184 969 183 929 183 11
927 207 890 208 965 207 925 207 14
927 222 890 222 965 223 926 222 14
931 226 894 226 969 227 930 227 13
931 243 893 243 969 245 927 244 12
927 253 889 255 965 257 925 257 17
929 264 891 264 967 267 927 267 13
918 278 862 279 965 285 904 285 28
936 73 899 73 973 65 934 65 22
934 86 897 85 971 77 932 77 20
935 102 898 101 973 95 934 94 12
936 115 899 114 975 109 934 108 10
936 175 898 177 975 173 935 173 14
935 183 895 181 973 181 932 180 11
936 209 899 210 975 209 936 209 18
931 219 895 219 971 219 931 221 17
936 249 898 249 975 251 935 251 15
932 250 894 250 971 253 931 253 10
935 254 896 254 973 257 931 256 12
933 259 895 259 971 263 932 263 10
934 277 895 277 973 281 932 281 16
927 289 873 289 973 297 912 295 26
939 89 900 88 977 81 935 81 25
938 200 900 199 977 199 936 199 10
938 207 900 207 977 207 936 208 9
937 213 899 214 977 213 936 213 15
938 222 901 222 977 223 938 223 15
942 223 903 223 981 225 941 224 16
940 233 903 231 981 233 939 233 24
941 244 902 245 979 247 939 247 9
939 251 901 251 979 253 938 253 13
938 260 897 261 977 265 937 264 14
948 73 912 72 987 63 948 63 23
945 98 907 98 983 91 943 91 16
946 105 908 105 983 101 944 99 9
946 140 909 142 985 135 946 133 32
942 185 903 184 983 183 940 182 9
943 194 905 194 983 193 943 193 18
944 204 901 205 983 203 940 205 15
947 218 909 218 987 219 947 218 21
944 234 906 234 985 235 943 235 13
943 236 906 235 983 237 942 237 9
942 246 904 246 983 249 942 249 13
946 249 907 249 987 251 945 251 8
943 254 906 254 983 257 942 255 16
942 267 902 267 983 271 942 270 11
943 275 906 273 985 277 944 277 9
949 187 909 188 989 187 945 187 11
950 190 912 189 991 189 949 188 11
950 210 910 211 991 211 948 211 10
948 222 910 222 989 223 947 223 11
952 220 913 220 993 221 951 221 13
949 241 909 243 989 245 947 245 11
947 287 908 288 989 293 946 293 13
939 336 885 337 991 349 927 349 10
959 108 921 108 999 101 959 101 17
956 113 917 114 995 109 955 107 15
957 172 918 171 999 169 956 168 15
955 178 914 177 997 175 952 175 10
954 194 914 194 995 193 953 193 14
958 204 919 204 999 205 957 204 13
953 249 916 250 995 251 955 251 9
957 256 918 256 999 259 957 259 17
955 258 916 259 997 261 955 261 11
954 270 915 269 995 275 953 276 10
957 274 915 275 999 279 956 278 8
956 280 916 281 999 285 956 285 15
947 334 889 334 999 347 939 345 9
948 347 890 347 999 361 941 360 79
961 103 923 103 1001 97 961 95 10
965 108 927 107 1005 101 964 100 13
963 134 925 133 1005 127 964 127 18
963 137 924 137 1005 133 962 132 17
961 142 922 142 1003 139 961 138 16
961 184 921 183 1003 183 961 181 12
962 213 921 212 1005 213 962 213 18
959 211 919 211 1001 211 959 211 10
963 228 921 225 1005 229 964 231 10
959 235 918 236 1001 237 958 237 9
960 241 919 240 1003 243 959 242 8
962 242 922 242 1005 245 962 244 7
958 252 917 249 1001 255 958 255 18
959 259 920 259 1001 263 959 263 15
959 274 921 272 1003 277 960 277 10
960 278 919 278 1003 283 959 283 12
959 288 922 288 1005 293 961 293 12
955 335 901 335 1005 349 944 347 9
967 103 928 102 1007 95 967 94 14
967 109 929 108 1009 103 967 102 13
966 113 928 112 1007 107 966 106 24
967 146 930 143 1011 139 969 139 22
968 169 928 170 1011 167 968 167 20
966 229 927 229 1009 231 966 230 11
969 227 928 227 1011 229 967 229 13
968 233 925 234 1011 235 967 235 11
968 247 928 247 1009 251 967 250 16
967 250 926 250 1007 253 965 253 19
963 264 923 264 1007 267 961 269 15
963 292 921 292 1009 299 964 299 7
956 333 900 332 1007 345 948 345 7
972 87 935 87 1013 79 973 78 19
971 115 933 114 1013 109 971 108 13
974 138 933 137 1017 133 973 133 16
974 155 934 156 1017 153 974 153 14
970 153 931 151 1013 149 971 147 14
971 162 931 161 1013 159 970 159 16
972 178 932 178 1015 175 972 175 14
971 183 931 182 1015 181 972 180 12
974 189 932 188 1017 187 973 186 17
972 217 931 216 1017 217 972 217 19
971 242 930 242 1015 243 971 243 11
967 238 928 237 1013 239 968 239 11
971 245 933 244 1013 247 972 246 14
973 261 931 262 1013 267 968 267 15
973 266 930 267 1017 271 973 270 10
967 278 927 277 1013 283 967 281 9
969 289 929 288 1013 295 969 295 10
970 295 927 295 1013 301 969 301 9
980 94 940 93 1021 87 981 85 17
979 136 937 135 1023 131 979 130 30
978 151 937 151 1021 147 978 146 21
979 164 938 163 1023 161 977 160 19
976 168 935 167 1019 165 975 164 15
980 182 938 183 1023 181 980 180 9
977 196 931 199 1021 195 977 195 16
980 207 937 208 1023 207 979 206 16
975 264 932 265 1019 269 973 270 13
978 273 935 274 1023 277 978 278 7
974 291 931 291 1019 297 974 297 11
984 83 946 83 1025 77 985 76 26
981 119 942 118 1025 113 981 112 15
983 133 943 132 1027 127 983 127 18
982 159 942 162 1027 159 983 159 17
981 172 939 172 1025 169 981 169 14
984 224 943 224 1029 225 985 225 12
979 222 938 222 1025 221 981 221 9
983 232 941 231 1027 233 983 233 11
979 279 937 279 1025 285 979 284 11
987 313 942 313 1029 319 978 319 12
990 95 952 96 1035 89 991 87 14
988 102 948 101 1031 95 988 94 19
987 168 942 167 1033 165 989 164 17
987 172 945 172 1031 169 989 168 9
987 179 945 180 1033 179 987 178 8
990 209 946 207 1035 209 988 207 21
986 258 945 259 1031 261 984 259 15
990 255 948 256 1035 259 990 258 17
988 273 945 273 1033 279 988 278 13
997 88 956 90 1041 81 997 81 23
992 173 949 172 1037 169 991 168 12
992 177 950 177 1037 175 993 173 13
995 198 954 198 1041 197 996 197 12
992 201 950 200 1037 199 992 199 15
995 204 953 204 1039 203 996 203 20
992 219 951 219 1039 221 994 220 14
992 217 950 217 1037 221 992 219 14
993 225 951 226 1039 229 994 228 10
995 231 953 231 1039 235 994 234 10
992 285 947 284 1039 291 992 290 12
991 288 947 288 1037 293 991 294 13
992 291 948 291 1039 297 992 297 7
990 297 946 297 1037 303 990 303 7
993 296 949 297 1041 303 994 303 13
988 302 941 303 1037 311 991 312 10
990 323 938 323 1041 333 981 334 8
1002 128 959 128 1047 123 1003 122 22
1002 167 960 165 1047 163 1003 161 20
1001 192 959 191 1047 191 1002 190 13
999 202 956 201 1045 201 1000 200 12
997 205 957 207 1045 207 1000 207 12
1001 213 958 213 1047 213 1002 213 7
1001 214 955 213 1047 215 1002 214 17
996 224 955 223 1043 225 998 224 10
996 222 956 222 1045 223 998 222 19
998 227 955 230 1045 229 999 228 15
996 252 956 255 1043 255 995 254 22
1000 261 954 262 1047 265 997 266 19
999 268 955 269 1047 273 999 271 9
993 272 951 272 1045 277 995 277 12
996 288 951 289 1043 295 995 295 9
995 294 951 295 1043 301 996 301 12
998 298 954 299 1047 305 998 305 11
996 302 950 302 1045 309 997 309 8
1007 125 964 124 1053 119 1008 118 13
1002 130 959 130 1049 125 1003 124 16
1005 181 962 183 1051 181 1007 179 14
1005 200 963 200 1053 199 1007 199 17
1004 233 961 233 1051 235 1004 235 14
1002 267 957 268 1049 271 1002 270 10
1003 278 956 277 1051 283 1002 282 13
1002 275 957 276 1051 281 1002 281 11
1003 304 955 303 1051 313 1002 311 9
1012 120 970 120 1059 113 1013 113 18
1013 131 970 131 1059 127 1015 126 15
1009 140 963 139 1055 135 1010 134 30
1012 142 969 141 1059 137 1013 136 25
1007 209 964 209 1055 209 1009 208 10
1012 211 969 211 1059 211 1014 211 11
1010 226 966 226 1057 227 1011 227 21
1012 233 968 233 1059 235 1014 234 9
1005 272 961 272 1055 279 1006 279 19
1007 282 961 282 1057 289 1009 287 22
1004 286 959 286 1055 293 1005 292 11
1005 299 960 299 1055 307 1006 305 8
1014 117 971 116 1061 109 1016 109 18
1017 177 976 175 1063 175 1022 174 22
1013 179 971 178 1061 177 1015 176 17
1017 182 975 182 1063 179 1017 179 19
1014 220 971 220 1063 221 1016 220 11
1014 236 972 235 1063 237 1017 236 11
1013 245 971 244 1061 247 1017 247 13
1013 263 969 263 1065 267 1016 266 12
1013 259 968 259 1063 263 1012 262 16
1011 272 965 271 1063 277 1013 277 17
1016 275 971 275 1065 281 1016 281 11
1014 287 968 286 1065 293 1015 293 10
1013 304 967 304 1063 311 1014 311 9
1021 188 978 187 1069 187 1023 186 15
1022 193 979 192 1071 191 1025 191 9
1018 206 973 203 1067 205 1021 205 10
1019 218 977 217 1069 219 1023 219 14
1016 222 975 224 1067 225 1021 225 18
1016 261 972 261 1067 265 1018 264 13
1018 266 972 267 1069 271 1019 271 9
1016 268 970 268 1067 273 1017 272 19
1021 276 974 275 1071 281 1021 280 17
1017 288 971 288 1069 295 1019 294 12
1016 300 969 300 1067 307 1017 308 8
1030 65 989 64 1077 55 1033 54 34
1027 88 985 87 1077 79 1030 78 23
1027 128 983 126 1075 121 1029 120 20
1024 222 981 222 1073 223 1027 223 11
1026 247 982 247 1075 249 1029 251 15
1021 261 976 261 1073 265 1023 265 18
1025 269 977 268 1077 273 1027 273 19
1024 296 978 296 1077 303 1026 302 11
1014 325 962 325 1073 335 1016 334 11
1032 80 989 81 1079 71 1035 71 25
1035 95 991 96 1083 89 1037 87 11
1030 117 987 116 1079 109 1033 110 13
1029 190 985 189 1079 189 1033 189 20
1029 200 986 200 1079 199 1033 199 18
1030 203 987 203 1081 203 1034 202 11
1031 239 986 239 1081 241 1034 241 12
1030 254 986 256 1081 257 1036 259 23
1025 262 980 264 1079 267 1029 265 14
1028 278 980 277 1081 283 1029 282 9
1027 281 980 282 1081 289 1030 289 11
1036 72 991 75 1087 63 1037 64 26
1035 112 993 112 1085 105 1039 104 15
1039 119 992 123 1089 111 1043 110 22
1035 200 991 200 1085 199 1040 198 15
1033 208 992 207 1085 207 1035 207 9
1035 261 986 261 1087 265 1036 264 14
1034 266 987 266 1089 271 1037 271 16
1035 270 987 270 1089 275 1037 275 5
1031 275 983 275 1085 281 1033 281 9
1045 54 1003 54 1095 43 1050 42 17
1044 57 1002 56 1091 45 1048 45 18
1042 206 998 205 1093 205 1046 205 12
1042 211 998 211 1095 211 1046 211 7
1044 219 999 218 1095 219 1047 219 13
1043 225 997 225 1091 225 1047 225 11
1040 237 997 235 1093 237 1046 237 18
1043 241 1000 241 1095 243 1048 243 7
1039 258 991 258 1095 261 1043 261 18
1039 262 990 262 1091 267 1041 266 14
1041 271 993 272 1095 275 1043 276 14
1038 283 985 282 1093 289 1039 289 13
1038 287 988 288 1093 295 1039 294 10
1039 286 991 286 1095 293 1040 294 8
1035 292 987 292 1091 299 1037 299 14
1034 319 980 319 1091 329 1035 329 15
1046 93 1002 92 1097 83 1050 82 10
1050 111 1006 111 1101 105 1054 103 13
1049 124 1005 123 1101 117 1053 116 14
1046 196 1001 195 1097 195 1050 193 13
1049 201 1005 202 1101 201 1053 201 11
1049 211 1003 210 1101 211 1053 211 9
1048 219 1002 219 1099 219 1051 219 12
1046 240 1002 240 1097 241 1050 241 14
1045 246 1001 246 1097 249 1049 248 17
1043 307 993 305 1099 315 1045 314 8
1044 316 995 316 1101 325 1049 326 9
1054 58 1012 58 1105 47 1059 46 16
1052 101 1008 101 1105 93 1057 92 10
1054 106 1009 106 1105 99 1058 98 7
1050 216 1006 216 1103 217 1055 217 12
1053 239 1009 241 1105 243 1059 242 9
1055 244 1011 244 1107 247 1059 247 16
1053 250 1009 250 1105 253 1058 253 23
1049 263 1000 263 1105 267 1051 268 14
1047 271 999 272 1103 277 1049 277 13
1051 283 1000 281 1107 289 1053 289 9
1049 285 998 285 1105 291 1051 291 13
1048 289 999 290 1105 297 1052 298 16
1051 296 1005 296 1107 303 1052 303 24
1047 294 997 294 1103 301 1048 300 10
1039 329 983 330 1103 343 1039 341 13
1045 341 988 343 1105 355 1045 356 10
1062 74 1019 73 1113 65 1066 64 13
1059 131 1015 130 1113 125 1064 124 17
1059 143 1014 143 1111 139 1064 137 20
1056 150 1009 153 1109 145 1060 144 23
1056 154 1011 154 1111 149 1063 148 23
1056 188 1010 188 1109 187 1060 186 22
1058 194 1012 194 1111 193 1062 193 12
1057 200 1012 200 1111 199 1062 198 11
1054 213 1011 212 1109 213 1061 214 8
1058 215 1013 217 1113 217 1064 216 9
1056 230 1012 230 1109 231 1062 230 11
1060 228 1016 228 1113 229 1065 229 10
1057 237 1013 237 1109 239 1065 239 16
1060 240 1016 240 1113 243 1067 242 11
1053 272 1003 272 1111 277 1057 277 16
1052 275 1003 276 1109 281 1055 281 18
1051 286 1002 285 1109 293 1054 292 17
1056 293 1005 292 1113 299 1057 299 18
1053 317 994 319 1113 331 1058 332 15
1048 336 994 337 1109 349 1043 349 7
1066 57 1022 56 1119 45 1072 44 23
1064 87 1021 85 1117 77 1069 75 20
1069 150 1021 150 1119 147 1070 145 22
1062 159 1017 159 1115 155 1067 154 18
1061 193 1016 191 1115 191 1068 190 16
1063 194 1018 194 1119 193 1070 192 10
1064 209 1019 209 1119 209 1071 208 9
1059 211 1013 210 1115 211 1063 210 19
1065 248 1018 247 1117 249 1068 249 24
1059 273 1006 274 1117 279 1059 279 15
1058 289 1008 290 1117 297 1062 297 19
1059 306 1009 306 1117 313 1063 313 12
1056 309 1006 310 1115 319 1060 319 13
1059 312 1009 312 1117 321 1062 321 13
1069 64 1026 62 1123 51 1073 51 21
1069 169 1025 168 1125 165 1076 164 22
1070 189 1024 191 1125 189 1076 187 11
1069 196 1022 196 1123 195 1073 195 18
1065 205 1023 204 1121 203 1072 203 11
1068 211 1023 211 1123 211 1074 211 11
1066 213 1021 213 1121 213 1072 213 11
1065 219 1020 219 1121 219 1071 219 12
1067 218 1023 217 1123 217 1074 217 10
1068 223 1023 223 1123 223 1074 223 8
1069 241 1025 241 1123 243 1076 243 11
1066 244 1022 244 1121 247 1073 246 12
1071 246 1026 246 1125 249 1077 249 16
1063 261 1013 260 1121 265 1066 265 16
1067 265 1015 266 1125 269 1070 270 23
1062 279 1011 279 1121 285 1066 285 13
1064 277 1013 278 1123 283 1068 283 14
1066 288 1013 287 1125 295 1068 293 15
1062 299 1011 299 1121 307 1064 306 9
1063 307 1010 307 1121 315 1066 315 15
1061 323 1005 323 1121 333 1062 333 13
1074 122 1029 122 1129 115 1080 115 20
1075 151 1025 153 1129 147 1077 148 14
1074 180 1025 181 1131 177 1082 176 17
1074 191 1029 191 1129 191 1080 189 7
1073 200 1027 200 1129 199 1080 198 13
1076 204 1025 203 1131 203 1083 202 11
1073 222 1033 222 1131 223 1083 223 12
1070 226 1024 226 1127 227 1076 226 8
1073 240 1029 239 1127 241 1077 240 9
1076 240 1031 241 1131 243 1083 243 7
1070 259 1018 259 1129 263 1073 263 18
1071 262 1019 262 1131 267 1074 267 25
1070 266 1019 266 1129 271 1074 271 17
1070 272 1018 272 1131 277 1074 277 17
1073 278 1017 277 1131 283 1075 283 13
1067 282 1017 281 1127 287 1072 288 16
1065 305 1014 305 1127 313 1072 313 11
1071 311 1017 313 1131 321 1074 321 15
1079 81 1033 80 1133 69 1086 68 24
1079 115 1034 114 1135 107 1086 106 22
1077 141 1031 141 1133 135 1083 134 17
1081 144 1032 144 1135 139 1086 138 15
1081 151 1035 151 1137 147 1087 146 16
1077 163 1032 163 1133 159 1084 159 10
1080 177 1032 178 1135 175 1082 176 26
1080 195 1033 194 1135 193 1085 193 8
1079 207 1033 206 1133 207 1084 207 14
1076 211 1032 211 1133 211 1084 211 16
1080 224 1033 225 1137 225 1087 225 8
1079 246 1033 246 1133 249 1085 249 16
1075 266 1022 266 1135 271 1077 271 18
1073 274 1021 274 1133 279 1075 278 13
1077 269 1024 269 1137 275 1081 274 16
1073 291 1023 291 1133 297 1078 298 16
1076 298 1022 298 1137 305 1079 306 19
1073 316 1022 316 1135 325 1078 325 11
1072 325 1019 325 1133 335 1075 335 24
1084 156 1039 154 1141 151 1091 151 12
1086 202 1039 202 1143 201 1093 201 14
1084 228 1037 227 1141 229 1089 228 7
1083 236 1039 235 1139 237 1092 236 9
1087 241 1043 241 1143 243 1095 242 9
1080 301 1028 301 1143 309 1086 309 16
1081 307 1028 307 1143 315 1086 316 16
1081 323 1027 323 1143 333 1083 333 12
1092 46 1048 45 1147 33 1099 32 32
1090 89 1047 89 1147 81 1099 79 30
1088 115 1043 115 1145 107 1095 106 22
1091 143 1044 144 1149 137 1098 137 12
1088 185 1043 185 1145 183 1091 184 18
1089 232 1042 234 1147 233 1097 233 15
1093 233 1047 235 1149 237 1099 237 9
1083 292 1030 292 1145 299 1088 299 19
1086 296 1032 298 1149 305 1091 305 15
1085 303 1032 303 1149 311 1090 311 25
1084 308 1033 309 1147 317 1091 315 11
1084 315 1031 316 1149 325 1091 325 14
1083 319 1029 319 1145 329 1087 330 12
1097 93 1053 92 1153 83 1106 83 35
1096 104 1051 104 1153 95 1104 94 25
1093 111 1048 110 1151 103 1102 103 11
1097 144 1051 144 1155 137 1105 137 15
1093 165 1045 165 1151 161 1101 160 16
1095 165 1049 164 1153 161 1105 159 12
1095 178 1049 181 1153 175 1103 177 14
1096 185 1049 185 1153 183 1101 184 12
1094 191 1048 190 1153 189 1102 189 12
1094 196 1049 196 1153 195 1103 195 15
1097 200 1052 197 1155 199 1106 197 17
1097 209 1050 208 1155 209 1104 207 12
1096 213 1049 213 1153 213 1103 211 9
1097 217 1052 217 1155 217 1107 216 9
1095 247 1049 246 1153 249 1103 249 17
1088 259 1035 258 1151 263 1093 263 24
1089 277 1039 276 1153 283 1095 283 16
1090 299 1036 300 1153 307 1094 308 17
1089 306 1034 304 1151 313 1095 315 10
1091 318 1037 320 1155 329 1096 330 16
1102 183 1054 184 1161 179 1111 180 16
1099 189 1052 189 1157 187 1107 187 13
1101 208 1055 208 1159 207 1110 207 12
1102 212 1056 212 1161 211 1111 211 11
1102 225 1056 221 1161 225 1112 225 12
1099 220 1052 221 1157 221 1107 221 10
1101 237 1053 239 1161 239 1109 239 13
1100 238 1051 241 1157 241 1107 242 9
1098 244 1054 244 1157 247 1109 246 14
1093 273 1040 271 1157 279 1099 279 19
1095 281 1043 282 1159 287 1100 287 21
1097 297 1045 295 1161 305 1103 305 14
1095 305 1041 305 1159 313 1101 313 19
1107 100 1058 101 1163 89 1114 88 15
1108 108 1061 108 1167 101 1117 99 16
1109 123 1063 123 1167 117 1118 115 14
1105 122 1061 121 1163 115 1114 114 10
1104 139 1057 137 1163 133 1112 132 17
1108 141 1059 141 1167 135 1117 134 22
1103 154 1056 154 1163 149 1111 149 14
1107 193 1061 193 1167 191 1117 191 8
1106 209 1059 209 1163 209 1115 208 22
1105 242 1060 243 1163 245 1115 244 7
1101 263 1048 263 1165 267 1108 267 23
1098 268 1045 268 1163 273 1105 273 22
1098 273 1044 273 1163 279 1105 279 16
1103 281 1049 282 1167 289 1110 289 28
1100 286 1046 286 1165 293 1106 293 17
1100 300 1046 301 1167 309 1105 308 24
1097 325 1042 326 1163 337 1103 336 14
1111 103 1065 102 1169 93 1118 92 15
1114 129 1067 130 1173 123 1122 123 15
1111 151 1063 151 1171 145 1120 145 17
1113 163 1066 162 1173 159 1123 158 9
1111 160 1063 160 1171 155 1120 155 8
1109 165 1062 165 1169 161 1118 161 13
1111 170 1063 171 1171 167 1120 165 17
1108 178 1063 177 1169 175 1118 174 19
1113 182 1067 182 1173 179 1127 181 35
1110 189 1061 187 1171 187 1121 187 13
1113 197 1066 197 1173 195 1122 195 8
1113 193 1066 193 1173 191 1122 190 17
1109 200 1064 200 1169 199 1120 199 14
1111 219 1066 219 1169 219 1121 219 27
1112 231 1066 231 1171 231 1122 232 9
1105 261 1052 261 1169 265 1113 266 22
1107 262 1055 263 1173 267 1116 267 31
1105 265 1051 264 1169 269 1111 269 26
1103 273 1049 274 1169 279 1110 279 17
1106 312 1051 312 1173 321 1113 322 19
1107 317 1051 317 1173 327 1114 328 15
1101 339 1045 341 1169 351 1107 352 8
1116 135 1070 137 1177 131 1127 130 21
1116 156 1068 156 1177 151 1126 150 10
1113 172 1070 173 1175 169 1126 169 14
1116 178 1070 178 1177 175 1126 175 15
1117 193 1070 193 1177 191 1127 191 12
1117 200 1071 200 1179 199 1127 199 9
1116 208 1066 208 1177 207 1127 206 14
1116 204 1069 204 1177 203 1126 203 11
1115 233 1070 234 1175 235 1126 235 10
1118 248 1075 248 1179 251 1129 250 20
1111 259 1057 259 1177 263 1118 263 28
1112 273 1057 273 1179 279 1119 279 17
1112 278 1058 279 1179 285 1119 285 21
1109 282 1053 282 1177 289 1118 290 21
1107 290 1056 290 1175 297 1115 297 19
1111 285 1055 286 1177 293 1118 293 21
1109 313 1054 314 1177 323 1116 324 13
1109 324 1054 325 1177 335 1116 336 23
1121 130 1074 129 1181 123 1131 122 17
1119 177 1072 177 1181 175 1130 173 15
1124 236 1079 235 1185 237 1136 237 11
1115 257 1060 255 1181 261 1123 260 27
1117 266 1063 266 1183 269 1126 271 26
1116 269 1062 270 1183 275 1124 275 26
1117 286 1061 285 1185 295 1121 296 24
1115 293 1058 294 1183 301 1123 301 17
1115 297 1061 297 1185 305 1125 305 19
1114 298 1060 299 1183 307 1123 307 15
1115 305 1057 303 1183 313 1123 314 32
1113 311 1057 311 1181 321 1119 321 14
1112 316 1056 317 1181 327 1119 327 14
1115 321 1058 321 1181 331 1121 332 30
1112 326 1056 326 1181 337 1119 338 20
1114 331 1058 331 1183 343 1122 343 15
1111 336 1055 337 1183 349 1122 350 16
1127 87 1081 87 1189 77 1137 76 14
1129 131 1082 130 1191 123 1141 122 22
1126 143 1076 144 1187 137 1134 137 15
1127 177 1079 176 1189 173 1138 172 15
1129 188 1082 188 1191 185 1141 185 16
1128 198 1080 198 1191 197 1138 196 12
1128 231 1083 233 1191 235 1141 233 11
1128 239 1084 238 1189 241 1143 239 16
1127 253 1082 253 1191 255 1140 256 22
1119 263 1069 265 1189 267 1129 269 38
1121 269 1066 267 1189 273 1128 272 30
1120 273 1063 275 1189 279 1129 279 31
1120 285 1065 288 1189 295 1129 296 20
1119 293 1062 293 1189 301 1123 300 25
1121 308 1065 308 1191 317 1129 318 15
1117 333 1061 333 1187 345 1121 344 17
1118 330 1058 327 1187 341 1121 342 17
1133 101 1089 99 1195 91 1145 91 17
1135 107 1087 107 1197 97 1146 97 16
1131 111 1085 111 1193 103 1143 102 13
1136 119 1089 120 1197 113 1147 111 12
1135 146 1086 145 1197 139 1145 139 17
1130 150 1085 151 1193 145 1142 144 14
1132 163 1085 162 1195 159 1145 157 15
1127 193 1083 193 1193 191 1142 190 20
1130 215 1083 215 1193 215 1145 217 9
1133 217 1089 218 1197 217 1145 216 10
1131 220 1084 220 1193 221 1143 219 10
1130 226 1084 226 1193 227 1142 226 8
1132 237 1086 238 1195 239 1145 239 13
1135 245 1089 244 1197 247 1147 246 9
1130 247 1084 246 1193 249 1143 249 17
1130 255 1086 255 1195 259 1145 257 35
1124 271 1070 269 1193 277 1133 276 36
1124 277 1069 277 1193 283 1133 282 20
1123 302 1067 302 1193 311 1132 310 26
1127 306 1070 306 1197 315 1135 316 16
1127 314 1067 315 1197 323 1135 323 18
1123 328 1067 327 1195 339 1132 339 14
1123 339 1065 339 1193 351 1124 350 20
1139 176 1091 175 1203 173 1149 173 26
1136 191 1089 191 1199 189 1148 188 15
1136 194 1089 192 1201 191 1148 189 19
1136 270 1086 270 1203 275 1148 274 28
1128 304 1072 305 1199 313 1137 314 20
1128 332 1071 333 1199 343 1135 345 18
1145 82 1098 81 1209 71 1157 70 11
1144 145 1096 145 1207 139 1155 139 9
1145 161 1097 161 1209 157 1158 156 16
1141 180 1093 180 1205 177 1154 176 12
1141 187 1094 187 1205 183 1153 181 12
1140 231 1095 230 1205 231 1154 231 10
1145 226 1098 225 1209 227 1159 225 10
1144 228 1097 228 1209 229 1159 229 11
1143 239 1097 239 1207 241 1159 240 19
1145 247 1099 247 1209 249 1161 248 9
1145 243 1099 243 1209 245 1159 245 13
1134 285 1077 286 1205 293 1143 293 29
1132 310 1075 310 1205 319 1142 320 22
1149 55 1100 56 1211 43 1163 41 18
1148 98 1101 97 1213 87 1163 86 11
1148 127 1100 126 1215 119 1161 118 12
1149 130 1099 130 1213 123 1159 122 13
1151 146 1104 145 1215 139 1165 138 11
1149 142 1101 141 1211 137 1159 136 16
1152 162 1104 162 1215 159 1164 158 18
1146 182 1100 181 1211 179 1160 178 15
1150 230 1103 230 1215 231 1167 231 13
1146 237 1099 237 1211 239 1161 238 10
1143 279 1087 280 1215 285 1154 285 28
1138 289 1080 287 1211 297 1149 298 28
1135 324 1077 324 1211 335 1146 336 15
1139 334 1079 335 1215 347 1147 347 19
1153 213 1106 212 1217 213 1168 212 6
1157 215 1110 214 1221 215 1169 215 12
1157 253 1109 252 1221 255 1171 255 16
1143 322 1084 323 1217 333 1153 334 25
1160 117 1111 117 1225 109 1172 110 19
1157 143 1109 143 1223 137 1173 136 9
1157 152 1111 152 1223 147 1170 149 9
1161 164 1113 163 1227 159 1176 159 55
1160 191 1114 189 1225 191 1172 193 14
1161 196 1113 196 1227 193 1177 192 45
1157 201 1109 201 1223 199 1171 199 18
1157 221 1111 221 1223 221 1173 221 11
1158 225 1110 225 1225 225 1173 225 6
1159 234 1110 234 1223 235 1172 234 10
1161 243 1116 244 1227 245 1176 245 41
1151 275 1096 275 1225 281 1164 281 26
1151 283 1095 284 1223 289 1163 290 30
1150 323 1091 323 1227 335 1161 333 54
