93 101 41 98 75 97 21 95 91
91 149 41 149 75 147 21 147 52
90 329 41 327 75 339 21 338 52
96 115 43 116 79 111 22 109 269
97 175 47 175 81 175 27 174 26
95 247 43 247 81 253 26 253 29
98 279 47 279 81 287 27 285 12
92 320 42 321 77 331 24 331 46
96 327 45 326 81 337 27 336 58
100 127 50 126 85 125 33 126 58
102 170 52 169 87 171 35 172 41
100 247 45 247 83 253 27 253 31
101 251 48 251 85 257 30 257 36
99 322 47 322 83 333 29 332 27
105 56 56 57 89 51 37 52 58
104 95 53 94 89 91 35 89 82
103 131 54 132 89 131 36 130 44
108 159 58 158 93 159 42 160 44
106 174 56 173 91 175 38 174 32
103 255 53 255 89 261 32 261 48
109 330 55 330 93 341 39 340 37
113 156 65 158 99 157 45 159 81
112 227 63 227 95 233 46 233 40
109 245 63 243 95 251 40 251 39
118 71 71 73 105 67 55 69 91
118 122 71 123 105 121 54 121 80
121 162 74 165 109 165 59 165 54
121 170 74 167 109 171 59 170 41
118 241 70 241 107 249 56 249 56
128 137 83 140 117 139 69 141 64
126 171 78 171 115 171 64 171 79
124 252 78 251 113 257 62 257 71
134 137 89 135 123 137 76 136 71
134 211 86 211 123 215 75 215 45
130 231 84 231 119 237 68 236 72
134 242 88 241 123 247 72 247 111
135 246 91 245 123 251 77 250 110
131 248 83 248 121 253 75 252 149
131 267 84 265 119 273 71 273 76
131 284 85 283 119 291 70 291 82
131 310 82 309 119 319 67 317 26
128 313 77 315 119 323 67 321 35
140 64 95 65 129 59 81 60 84
136 115 91 116 125 115 77 116 20
140 193 94 193 129 193 81 192 59
138 199 92 199 127 201 79 200 73
138 250 92 249 127 255 79 255 113
142 66 96 66 131 61 83 62 174
142 72 96 73 131 69 83 69 120
142 188 97 185 131 189 83 188 179
143 237 96 236 131 241 83 241 97
145 239 97 237 133 243 85 243 131
147 322 98 321 135 331 84 331 19
151 65 107 65 141 61 94 62 255
146 130 101 129 137 129 88 129 46
151 214 105 213 139 217 93 215 62
152 116 108 115 143 115 96 115 60
152 139 108 140 143 141 96 140 63
154 159 110 161 145 159 98 157 58
156 186 112 185 147 189 101 188 101
154 197 110 198 145 199 98 197 91
156 247 111 246 147 251 101 250 47
154 269 109 269 145 275 99 275 32
154 278 109 279 145 287 99 287 33
154 316 105 316 143 325 95 324 21
158 139 114 139 149 141 103 141 86
160 157 116 157 151 157 105 156 91
160 173 116 173 151 173 105 173 87
160 232 116 232 151 237 105 235 115
158 241 114 240 149 245 103 245 101
164 100 121 103 155 97 110 99 85
166 115 122 115 157 117 111 117 64
166 127 122 127 157 125 112 126 120
166 137 122 136 157 135 112 136 55
166 139 122 137 157 137 111 136 116
166 156 122 153 157 155 112 156 105
168 195 124 194 159 197 114 197 48
165 239 122 239 157 243 112 243 83
167 252 124 252 159 257 114 257 50
167 267 124 267 159 273 113 271 26
162 281 119 280 155 287 109 286 26
165 307 120 307 157 315 111 314 27
165 315 119 315 157 323 111 321 28
166 326 119 324 157 335 105 334 25
173 26 130 25 165 19 119 19 35
172 51 130 52 165 47 121 47 57
169 126 126 128 161 127 116 128 153
171 136 128 135 163 135 118 135 47
171 153 128 153 163 155 118 154 63
173 188 130 188 165 191 120 190 37
169 211 126 211 161 217 116 216 148
173 213 130 211 165 215 120 215 54
169 223 126 221 161 225 116 225 88
171 233 127 232 163 237 118 237 57
173 245 130 245 165 253 120 251 67
173 269 130 271 165 275 120 276 25
169 282 125 282 161 289 116 288 30
171 304 128 303 163 311 117 310 40
173 316 126 316 163 325 119 323 18
178 48 136 51 171 47 128 45 39
176 55 134 56 169 51 125 52 43
176 82 134 82 169 79 126 81 106
177 143 136 143 171 143 127 144 39
177 184 135 183 171 185 127 184 33
177 193 136 194 171 197 127 195 45
175 219 132 219 167 223 122 223 36
179 222 136 220 171 225 128 226 48
175 229 132 229 167 233 122 232 43
177 231 134 231 169 235 124 234 38
174 249 131 249 167 255 121 254 38
177 269 135 268 171 275 125 274 30
174 300 131 300 167 307 122 306 55
178 311 133 310 169 319 123 318 30
180 28 139 29 173 23 130 24 27
181 91 140 92 175 89 131 89 77
181 205 140 205 175 209 132 209 27
183 210 142 209 177 213 133 213 31
180 208 138 208 173 211 130 211 44
183 245 140 246 175 249 133 249 25
183 290 141 289 177 297 134 297 32
186 44 145 45 179 41 136 41 37
185 79 144 78 179 77 136 76 85
189 98 149 98 183 95 141 96 63
187 158 146 158 181 163 139 163 14
187 212 147 214 181 217 139 217 12
188 233 147 233 183 237 139 237 28
189 285 146 286 183 291 137 293 23
191 336 141 335 181 347 129 346 23
191 28 150 29 185 23 142 22 21
191 76 151 77 185 73 142 71 62
193 141 153 141 187 141 145 141 26
192 173 151 174 187 175 145 175 15
191 205 153 201 187 205 145 205 16
191 211 153 213 185 213 147 212 34
191 237 150 237 185 241 143 241 21
196 239 154 239 189 245 148 244 15
189 250 149 250 185 255 141 256 18
190 279 150 280 185 285 142 284 16
200 350 161 350 185 363 143 363 53
198 125 158 124 193 123 152 125 25
196 138 157 138 191 137 149 137 20
200 157 162 157 195 157 156 157 31
195 171 157 172 191 173 151 174 14
195 210 155 208 191 211 151 212 28
201 250 160 251 195 255 154 256 15
197 278 157 278 193 285 151 285 23
197 314 152 314 191 323 146 321 22
202 329 153 328 193 339 142 338 21
205 38 167 39 201 33 161 34 63
202 61 162 58 197 57 156 58 47
204 94 165 94 199 91 158 91 104
206 139 167 139 201 139 161 139 20
201 138 162 138 197 137 156 138 46
204 144 164 142 199 143 159 143 21
201 182 162 180 197 183 157 183 32
205 181 166 181 201 183 161 183 33
202 231 162 231 197 235 148 236 80
206 239 166 239 201 243 161 243 33
206 235 164 235 201 239 158 239 44
204 244 163 244 199 247 158 247 41
207 304 162 303 201 311 157 310 23
204 313 160 311 199 321 149 319 19
207 78 169 78 203 75 163 75 60
207 103 169 105 203 101 162 100 118
209 127 171 123 205 125 165 125 23
209 135 171 137 205 135 165 137 71
209 174 170 174 205 175 165 175 46
211 180 172 178 207 181 166 181 42
207 183 169 184 203 185 162 185 38
206 205 168 203 203 207 163 205 71
206 295 165 294 203 301 159 301 51
215 55 177 56 211 51 171 51 20
213 141 175 141 209 141 169 141 20
213 147 175 147 209 147 169 145 22
213 157 175 157 209 157 169 157 26
213 172 175 171 209 173 169 173 39
214 245 176 245 211 249 171 249 69
216 277 178 277 213 285 173 283 221
212 289 174 289 209 295 169 295 104
214 296 174 296 209 303 168 302 87
214 305 171 307 209 315 163 314 21
219 144 185 145 219 145 181 145 31
217 153 180 152 215 153 175 153 94
220 154 187 154 219 155 180 155 140
220 225 181 226 217 229 176 227 223
217 247 177 245 215 251 174 250 90
220 287 182 287 217 293 178 292 203
221 293 183 293 219 299 177 299 83
224 334 179 333 215 345 167 344 38
224 63 187 65 221 61 182 62 65
225 72 185 74 221 71 183 71 79
227 78 189 78 223 75 183 75 83
227 84 189 84 223 81 183 81 90
222 92 186 93 221 91 183 91 64
227 111 192 111 225 111 188 111 58
225 147 190 148 223 147 186 147 41
223 285 186 285 221 291 182 290 163
225 285 188 285 223 291 184 290 146
224 289 185 288 221 295 181 294 126
232 350 190 349 221 363 177 361 65
229 79 193 80 227 77 188 77 59
230 101 194 101 227 99 191 97 43
233 114 198 115 231 113 194 111 80
233 126 198 126 231 125 195 125 115
233 157 199 156 231 157 190 157 129
231 203 195 202 229 205 191 205 68
233 226 197 225 231 229 193 228 94
229 242 193 240 227 245 189 244 162
231 291 193 290 227 297 189 296 89
242 347 203 346 231 359 189 361 40
235 41 198 43 233 37 195 36 55
235 45 198 46 233 41 195 41 58
238 71 203 72 237 69 200 70 114
233 85 194 85 233 83 193 83 69
236 110 201 110 235 109 199 109 87
237 135 202 134 235 133 199 133 76
233 143 197 143 233 143 194 143 48
233 148 200 150 233 149 196 149 66
238 155 203 155 237 155 201 155 47
235 161 202 160 235 161 200 160 111
236 166 202 167 235 167 200 167 154
237 193 201 191 235 193 198 193 120
235 204 199 205 233 207 195 207 116
235 210 200 211 233 213 197 214 118
234 211 200 213 233 215 196 215 122
237 250 202 250 235 255 199 254 140
240 287 203 287 237 293 199 293 89
238 305 193 305 233 313 184 312 24
244 345 203 345 233 357 195 357 45
246 349 204 347 237 361 192 361 92
244 83 208 83 243 81 206 81 106
241 87 204 87 241 85 202 85 74
239 87 203 87 239 85 200 85 101
240 105 206 106 239 103 204 102 90
241 114 207 114 241 115 206 116 126
242 133 208 133 241 133 206 133 85
243 153 208 153 241 153 206 153 61
242 163 208 164 241 165 206 166 78
241 172 207 171 241 173 206 173 241
242 178 207 178 241 179 205 179 306
243 184 209 183 243 185 207 185 402
242 187 207 187 241 189 205 189 258
240 231 205 232 239 235 202 235 100
243 253 206 253 241 257 204 257 117
247 258 208 259 243 263 206 263 141
247 267 213 267 243 273 214 271 320
244 311 200 310 239 319 193 318 43
248 79 214 81 247 77 211 77 119
251 83 215 81 249 79 213 79 108
247 111 214 115 247 111 212 111 192
249 145 216 143 249 145 214 145 81
249 158 216 159 249 159 214 159 121
245 163 212 163 245 163 211 163 154
247 174 212 174 245 175 209 175 330
248 182 214 182 247 183 211 183 221
247 222 213 222 247 225 211 225 88
246 247 211 246 245 251 208 250 129
247 262 211 260 245 265 210 266 142
257 340 221 339 249 351 211 350 187
251 89 219 90 251 87 214 87 104
252 96 219 95 253 93 218 93 104
251 149 218 147 251 149 216 150 119
255 154 222 154 255 155 221 154 115
255 220 222 221 255 223 221 224 185
255 245 221 245 255 249 219 249 49
254 245 219 243 253 249 217 248 53
256 272 221 272 255 277 221 276 65
259 89 226 89 259 87 224 87 144
257 91 223 92 257 89 222 89 133
259 95 226 96 259 93 224 94 157
259 117 225 119 259 115 224 117 125
261 147 228 147 261 147 227 146 50
260 162 227 161 261 159 227 159 282
259 171 225 172 259 173 224 171 149
257 249 223 249 257 253 221 253 59
261 255 228 252 261 257 226 258 50
257 267 223 266 257 271 222 270 30
258 270 225 270 259 275 224 275 44
267 80 235 81 267 77 233 78 115
267 139 234 140 267 135 233 134 92
263 169 230 167 263 169 229 169 115
263 178 230 178 263 179 228 179 136
264 180 230 179 265 181 231 181 197
262 184 229 184 263 185 228 185 129
265 190 232 190 265 191 231 191 191
263 224 230 224 263 227 229 227 106
263 253 230 252 263 257 229 255 69
270 298 229 297 267 305 225 304 104
269 304 229 304 267 311 225 311 71
269 101 236 102 269 99 235 99 162
268 159 236 158 269 159 235 159 109
272 164 240 165 273 165 240 166 130
268 172 236 172 269 173 236 174 93
272 187 240 187 273 189 240 189 145
272 203 240 204 273 205 240 205 121
272 207 240 207 273 209 240 209 125
272 216 240 216 273 219 240 219 104
269 220 235 220 269 223 236 223 156
272 248 240 249 273 253 239 251 58
270 265 237 265 271 269 236 269 40
274 284 241 284 273 289 239 289 140
266 283 232 283 269 289 231 288 95
275 293 237 293 273 299 234 299 117
274 304 235 304 271 311 229 311 104
274 81 241 81 275 79 241 79 127
274 91 242 91 275 89 241 88 113
274 122 243 121 275 121 242 121 227
276 130 244 129 277 129 244 129 124
278 134 246 133 279 133 247 135 110
276 174 244 174 277 175 244 175 191
278 190 246 190 279 191 246 191 221
274 217 242 217 275 219 242 219 88
280 291 240 290 279 297 238 296 106
280 295 240 294 279 301 236 301 81
282 97 250 97 283 95 251 96 141
283 126 252 126 285 125 253 125 71
281 242 249 243 283 245 250 246 46
279 252 247 253 281 255 248 255 57
281 267 249 267 283 271 250 271 35
283 278 248 277 283 283 245 282 70
283 284 247 284 283 289 247 289 67
285 293 245 293 285 299 245 299 156
288 343 253 345 281 355 245 357 461
289 120 258 120 291 119 259 119 132
289 153 258 153 291 153 260 155 69
287 185 257 185 289 187 257 187 104
289 207 258 207 291 209 259 209 49
287 217 255 216 289 219 258 219 46
288 220 254 221 289 223 256 223 127
287 228 256 228 289 231 257 231 43
287 236 256 236 289 239 257 239 48
285 244 254 244 287 247 255 246 43
290 296 252 296 289 303 245 302 69
291 302 252 305 289 309 247 309 63
293 141 263 141 295 141 264 141 39
295 143 265 143 297 143 266 143 32
295 149 265 149 297 149 266 149 35
292 183 263 184 295 185 264 185 86
295 188 265 188 297 189 266 189 68
291 199 261 199 293 201 262 201 43
295 197 265 197 297 199 266 199 39
291 205 261 205 293 207 262 207 50
292 212 262 211 295 213 264 213 40
292 217 262 216 295 219 264 219 73
293 249 262 249 295 253 261 252 25
293 253 261 253 295 257 262 257 41
293 261 262 261 295 265 262 265 37
295 261 264 261 297 265 264 265 33
295 269 263 268 297 273 265 273 32
295 273 262 272 297 277 262 277 64
298 64 269 63 301 61 271 59 180
299 74 269 74 301 71 270 71 153
298 77 268 77 301 75 270 75 181
301 80 272 80 303 77 273 78 258
299 132 269 132 301 131 270 131 78
299 141 269 141 301 141 270 141 34
299 151 269 151 301 151 270 151 31
297 181 267 180 299 181 268 180 84
296 207 266 206 299 209 268 208 67
297 227 267 227 299 229 268 229 44
301 257 270 257 303 261 270 259 16
299 265 268 265 301 269 269 269 46
300 271 266 270 301 275 269 275 29
302 37 274 37 305 35 276 33 227
304 44 276 45 307 41 278 43 185
302 60 275 62 305 59 277 59 240
306 75 278 76 309 73 279 73 197
302 75 275 76 305 73 274 73 179
303 118 275 118 305 117 272 117 104
303 135 273 136 305 135 275 136 35
306 141 277 142 309 141 278 141 32
304 143 274 143 307 143 276 143 31
306 153 277 153 309 153 278 153 19
304 155 274 154 307 155 276 155 20
306 164 276 165 309 165 278 165 53
305 199 278 199 309 201 280 201 70
306 210 277 209 309 211 280 210 78
302 207 273 207 305 209 274 208 79
306 282 270 282 307 287 270 287 34
306 295 269 294 309 301 270 299 32
311 69 284 69 315 67 286 67 215
312 73 283 74 315 71 285 71 217
314 134 283 133 315 135 284 135 15
310 147 281 147 313 147 283 147 19
310 155 282 155 313 155 285 154 20
308 161 280 160 311 161 283 161 46
309 169 281 169 313 169 284 169 29
309 167 281 167 313 167 284 168 37
307 195 279 197 311 199 282 198 103
309 240 278 240 311 243 279 243 37
312 247 281 247 315 251 283 251 15
313 253 281 253 315 257 282 257 24
310 261 279 261 313 265 281 265 17
312 265 282 264 315 269 283 268 31
316 317 271 316 313 325 265 325 44
314 65 286 64 317 61 289 63 156
315 79 287 79 319 77 290 77 183
315 114 287 113 317 113 285 113 110
315 120 284 120 319 119 287 119 116
315 129 287 129 319 131 290 130 31
317 139 290 139 321 139 292 139 23
313 179 286 178 317 181 289 179 74
317 184 290 183 321 185 293 185 49
317 192 290 192 321 193 293 194 44
317 197 290 199 321 201 293 200 55
315 202 288 201 319 203 291 204 67
317 207 290 207 321 209 293 209 47
317 215 290 215 321 217 293 216 56
317 230 290 231 321 233 293 234 57
314 249 284 250 317 253 285 253 23
317 269 283 269 319 273 283 273 46
319 293 281 293 319 299 279 299 46
317 301 279 300 319 307 276 307 31
319 81 292 81 323 79 294 79 265
317 122 290 122 323 121 293 121 104
319 133 292 135 323 135 295 135 51
322 138 295 138 325 137 297 137 56
321 144 293 144 325 143 297 143 26
319 149 292 149 323 149 295 148 25
323 159 296 160 327 159 299 159 21
319 172 292 172 323 173 295 172 55
323 174 296 174 327 175 299 175 48
321 180 294 180 325 181 297 180 42
323 197 296 196 327 199 299 199 55
321 205 294 205 325 207 297 207 47
321 201 294 201 325 203 297 203 60
323 215 296 215 327 217 299 216 68
319 219 291 217 323 221 295 221 65
323 223 296 222 327 225 299 225 65
319 232 291 232 323 235 295 236 47
323 243 294 244 327 247 296 247 51
324 263 293 263 327 267 296 266 32
320 259 290 257 323 263 291 263 20
325 267 293 267 327 271 295 271 43
321 276 287 276 323 281 289 281 43
327 295 289 294 327 301 288 300 36
329 300 288 300 327 307 285 307 42
325 85 297 84 329 83 301 83 184
327 112 300 112 331 111 303 111 181
325 114 298 114 329 113 301 113 141
327 199 300 199 331 201 303 201 73
327 209 300 209 331 211 303 211 89
327 211 299 211 331 213 303 213 67
325 234 298 234 329 237 302 237 33
328 231 301 230 333 233 305 233 36
325 256 295 255 329 259 297 259 31
327 256 298 255 331 259 300 258 32
329 260 300 259 333 263 302 263 42
331 132 304 132 335 131 308 132 146
334 146 307 146 339 147 311 147 128
331 148 304 148 335 149 308 149 85
335 167 308 167 339 167 312 167 153
335 185 308 182 339 183 312 183 91
330 192 304 191 335 193 307 193 97
335 196 308 196 339 197 312 195 91
330 200 304 200 335 201 307 201 88
334 211 307 209 339 213 311 211 250
332 254 305 253 337 257 307 257 34
335 255 307 254 339 259 311 258 50
335 282 300 281 337 287 300 287 39
333 287 297 287 335 293 296 292 36
334 293 297 292 335 299 295 299 45
337 118 307 118 341 117 309 117 280
337 126 312 126 341 125 315 125 191
340 131 315 131 345 131 319 131 378
337 132 311 132 341 131 314 131 191
336 163 311 164 341 163 315 163 136
338 166 313 167 343 167 317 166 148
336 168 310 169 341 169 314 170 142
338 181 312 179 343 181 317 181 144
340 207 314 207 345 209 318 209 202
340 218 314 217 345 219 319 219 110
340 234 314 234 345 237 317 237 37
338 242 311 242 343 245 315 244 21
336 248 309 247 341 251 312 251 39
342 282 309 281 345 287 311 286 40
344 288 307 287 345 293 308 293 34
339 299 299 298 341 305 297 305 41
345 314 301 313 343 323 297 322 99
344 320 299 320 343 329 295 329 68
346 45 319 44 349 41 323 41 139
346 130 321 130 351 129 325 129 173
341 126 316 126 347 125 321 125 327
342 168 316 169 347 169 321 169 207
346 178 321 178 351 179 326 179 190
344 185 318 183 349 185 323 185 216
346 185 321 184 351 185 325 185 159
345 199 321 200 351 201 325 199 182
342 227 316 226 347 229 319 229 48
342 245 315 244 347 247 319 247 21
347 267 317 267 351 271 320 271 25
349 280 314 280 351 285 315 285 27
351 24 328 24 357 21 334 22 319
348 112 323 112 353 111 328 111 225
350 116 325 116 355 115 330 115 240
348 118 323 119 353 117 328 118 297
350 145 325 145 355 145 330 145 226
350 171 325 170 355 171 330 171 259
348 180 323 180 353 181 328 181 197
350 184 326 184 357 185 332 185 183
347 217 321 217 353 219 325 218 103
347 223 322 223 353 225 327 225 145
351 219 326 219 357 221 331 221 126
351 250 325 250 357 253 329 253 40
349 256 321 256 353 259 326 259 39
353 273 322 270 355 275 325 275 30
354 278 320 277 357 283 322 282 37
351 284 317 283 353 289 317 288 29
355 307 312 307 355 315 309 315 55
357 22 335 23 363 19 340 20 249
352 19 331 21 359 17 336 18 273
358 122 331 122 363 121 334 121 301
357 143 333 143 363 143 339 142 274
357 151 334 151 363 151 340 151 204
353 153 330 153 359 153 336 155 261
353 169 331 169 359 169 336 169 194
355 176 333 176 361 177 334 177 329
355 218 332 219 361 219 337 221 125
355 248 329 248 361 251 333 251 70
359 309 316 309 359 317 314 316 61
362 319 319 318 363 327 316 327 46
361 20 338 21 367 17 343 17 284
363 25 340 25 369 23 346 25 149
362 130 339 130 369 129 346 129 138
359 126 335 126 365 125 342 125 171
358 134 336 132 365 133 342 131 153
361 147 338 147 367 147 344 147 145
363 172 340 172 369 173 346 173 111
359 221 335 222 365 223 341 224 131
360 244 333 244 365 247 338 247 106
363 243 338 242 369 245 343 244 208
361 275 327 275 365 279 330 279 25
363 296 323 296 365 303 322 302 66
364 302 322 302 365 309 321 309 105
364 317 320 317 365 325 319 325 40
364 326 319 325 365 335 317 334 20
370 48 345 47 375 45 349 44 47
365 116 342 116 371 115 347 115 220
369 176 347 176 375 177 352 177 79
368 182 346 182 375 183 352 183 56
368 230 343 231 373 231 347 232 284
365 234 340 235 371 237 344 236 126
369 245 344 244 375 247 349 247 117
365 248 339 248 371 251 344 250 95
367 248 341 248 373 251 346 251 111
371 265 341 265 375 269 343 269 56
370 271 340 271 375 275 343 275 51
371 282 334 282 373 287 337 286 48
372 286 337 285 375 291 338 290 81
368 295 329 294 371 301 329 301 90
374 296 334 296 375 303 334 303 110
373 248 349 248 379 251 353 251 136
377 273 348 273 381 277 351 277 65
374 291 337 290 377 297 336 297 54
377 302 337 302 379 309 338 307 62
378 269 349 269 383 273 352 273 45
381 265 353 265 387 269 358 269 46
382 269 353 269 387 273 357 273 248
382 291 344 291 385 297 345 297 60
380 299 342 298 383 305 343 304 69
383 306 341 306 385 313 342 313 71
383 310 341 310 385 317 342 317 52
386 241 360 242 393 243 367 244 72
384 247 362 246 391 249 366 249 70
382 243 358 243 389 245 365 245 73
386 247 362 247 393 249 371 248 80
383 265 355 265 389 269 359 269 40
388 295 350 295 391 301 351 301 136
391 225 372 228 399 229 379 228 249
388 254 363 254 395 257 369 257 76
396 306 355 306 399 313 355 313 79
395 233 376 233 403 235 383 234 150
396 243 372 243 403 245 379 245 129
398 263 370 263 405 267 375 267 51
397 267 369 267 405 271 375 271 101
395 267 367 267 401 271 371 271 78
397 275 365 275 401 279 369 279 107
398 271 368 271 403 275 372 275 100
395 279 360 279 401 283 361 285 75
399 282 362 283 403 287 363 289 77
400 300 363 299 403 307 364 306 57
398 300 359 300 401 307 360 307 60
402 308 361 308 405 315 363 315 99
400 317 354 316 403 325 353 325 50
401 322 355 322 403 331 354 331 45
401 31 383 31 409 29 390 29 150
399 72 380 72 407 71 386 70 32
401 126 382 126 409 125 389 125 76
401 131 382 130 409 131 389 130 93
403 220 384 221 411 221 391 220 408
403 228 384 228 411 229 391 227 355
399 229 380 229 407 231 387 229 419
399 231 380 231 407 233 387 233 165
400 260 375 259 407 263 379 263 27
404 261 377 261 411 265 381 264 44
406 273 371 272 411 277 375 276 72
405 284 370 284 409 289 375 288 101
405 290 365 292 407 297 367 298 72
407 289 372 289 411 295 375 294 40
405 327 356 327 409 337 355 336 32
410 24 391 24 417 21 398 21 149
407 27 389 27 415 25 397 25 197
409 29 391 29 417 27 399 27 115
406 67 386 67 413 65 393 65 24
408 124 389 124 413 123 394 123 142
407 129 389 129 415 129 397 129 78
407 125 389 125 417 125 398 125 174
405 133 387 132 413 133 395 132 129
409 131 391 131 417 131 399 131 154
407 180 385 180 417 181 393 181 40
405 214 386 214 413 215 394 215 262
408 214 390 214 417 215 398 215 499
409 239 389 239 417 241 395 241 374
409 248 383 249 415 251 390 251 93
412 275 380 274 417 279 383 279 108
415 288 377 290 417 295 381 295 56
412 306 369 306 415 313 373 313 125
415 320 370 320 417 329 370 329 80
415 23 397 24 423 21 405 22 68
416 237 388 237 423 239 394 239 370
423 342 375 341 423 353 373 353 10
416 24 397 24 425 23 405 22 79
416 180 391 181 425 179 403 181 104
420 229 394 229 427 231 400 231 250
418 254 392 254 425 257 398 257 53
419 275 388 275 425 279 392 279 88
425 272 392 273 429 277 399 276 57
423 279 392 278 429 283 396 283 49
425 325 375 325 427 335 376 335 62
425 196 398 197 433 195 406 195 392
423 198 395 197 431 197 403 195 343
428 213 403 215 435 215 409 217 280
426 241 400 240 433 243 409 241 112
428 262 398 262 435 265 405 265 64
427 265 398 265 433 269 402 269 66
427 308 385 307 431 315 386 315 83
430 305 387 305 433 313 389 312 23
431 322 385 322 431 331 382 331 120
433 327 382 327 435 337 383 337 67
427 22 414 25 437 21 420 21 158
432 47 416 47 441 45 425 45 157
430 49 414 49 439 49 423 49 135
432 52 417 52 441 51 425 51 89
432 134 417 133 441 133 425 133 48
432 139 416 138 441 139 425 138 53
429 198 401 201 437 197 409 199 303
430 211 404 211 437 213 410 213 259
430 244 404 244 437 247 411 247 48
431 258 405 258 439 261 413 261 159
435 280 402 280 441 285 406 285 26
435 299 396 300 439 307 396 307 17
437 46 423 47 447 45 430 44 153
438 52 423 52 447 51 432 51 154
436 89 419 88 443 87 427 87 43
436 84 422 85 445 83 427 82 16
431 90 416 90 443 91 426 90 26
436 135 421 135 445 135 430 135 54
437 131 421 131 447 131 432 131 32
437 133 422 133 447 133 432 133 53
438 139 423 139 447 139 432 139 50
440 182 416 183 447 183 424 183 199
439 204 415 204 447 205 422 205 148
435 223 411 221 443 225 417 224 63
438 233 411 235 443 237 418 235 30
434 241 409 242 443 245 419 244 31
439 246 413 246 445 249 419 249 50
438 252 415 252 445 255 419 255 63
440 264 415 262 447 267 420 266 53
439 263 411 263 445 267 417 266 82
439 268 412 267 447 271 417 271 61
440 320 393 319 443 329 395 329 64
442 326 395 326 445 335 395 335 47
444 19 425 17 453 17 436 17 290
441 206 417 206 449 207 424 207 66
444 215 417 215 451 217 423 217 68
444 221 417 221 451 223 423 223 47
445 227 422 227 453 229 429 229 86
441 229 417 229 449 231 424 231 38
446 239 421 238 453 241 429 241 19
445 254 420 254 453 257 425 257 67
445 278 413 277 451 283 419 281 26
445 289 409 289 449 295 415 293 37
447 292 411 291 453 297 415 297 14
448 297 411 297 453 303 412 303 15
445 307 404 307 449 315 405 315 19
446 313 403 312 451 321 403 321 31
451 44 437 44 459 41 442 39 232
450 180 431 180 459 181 441 181 184
451 188 427 188 459 189 434 189 176
449 242 423 242 457 245 430 245 13
451 267 422 267 457 271 427 271 61
452 273 421 273 459 277 427 277 37
455 285 420 286 457 293 423 291 28
453 313 410 313 457 321 413 319 27
453 46 440 47 463 45 449 45 310
453 55 442 57 463 55 451 56 177
454 76 440 78 463 75 449 77 87
455 192 431 192 463 193 438 193 225
453 198 427 199 461 199 435 200 165
455 212 428 211 463 213 435 212 61
455 215 428 215 463 217 436 217 63
455 223 429 223 463 225 436 225 47
453 219 427 219 461 221 433 221 57
457 223 431 223 465 225 438 225 52
454 229 425 230 461 231 434 231 32
458 239 436 239 465 241 442 241 13
457 299 419 301 461 305 422 305 16
458 318 412 318 463 327 414 327 46
457 18 448 19 467 17 457 17 211
461 28 450 28 471 27 460 27 325
462 62 449 62 471 61 461 61 147
459 66 448 66 469 65 458 65 135
458 72 444 72 467 71 453 71 134
458 80 444 79 467 79 453 78 135
457 85 446 86 467 85 455 84 207
462 186 441 186 471 187 449 187 185
459 190 437 190 467 191 447 191 305
463 192 444 193 471 193 452 194 165
459 206 433 206 467 207 441 207 70
460 215 433 215 467 217 439 217 52
459 219 433 219 467 221 440 221 80
459 235 433 235 469 237 440 237 16
461 229 437 231 467 233 445 233 38
460 243 431 242 467 245 438 245 14
457 264 431 263 467 267 436 267 47
462 275 432 275 469 279 436 279 69
462 297 427 296 469 303 430 303 16
463 320 418 320 469 329 420 329 36
463 22 452 22 473 21 463 21 420
467 91 455 91 475 91 463 91 103
464 206 438 206 473 207 445 207 73
465 202 443 202 473 203 457 204 96
469 215 442 215 477 217 450 217 127
469 223 442 224 477 225 450 225 52
468 239 443 238 475 241 449 241 19
470 269 441 269 477 273 449 273 115
473 286 435 287 477 293 442 291 45
465 316 419 315 473 325 421 324 34
470 324 422 324 475 333 423 333 32
469 46 453 44 479 45 465 45 514
473 44 463 44 483 43 473 44 229
471 42 461 43 481 41 471 43 321
473 72 463 72 483 71 472 71 116
471 208 447 208 481 209 457 209 49
472 262 445 261 481 265 447 265 64
475 269 445 269 483 273 451 273 87
474 279 439 278 481 283 447 283 29
475 32 465 32 485 31 475 31 210
479 53 469 52 489 51 479 51 144
477 68 467 68 487 67 475 67 151
476 80 465 79 485 79 475 79 95
478 198 453 197 487 199 461 199 83
478 225 452 225 487 227 460 227 51
478 244 451 246 487 247 461 248 18
477 273 445 273 485 277 452 277 72
481 279 448 279 489 283 454 283 47
483 322 435 322 489 331 439 331 32
479 339 427 338 485 351 427 350 14
485 46 475 45 495 45 486 45 237
483 86 473 85 493 85 483 84 129
485 177 474 176 495 177 485 177 197
484 192 459 194 493 193 467 195 181
486 206 460 206 495 207 468 207 145
482 208 456 207 491 209 464 209 52
484 214 458 213 493 215 465 216 59
487 221 460 221 495 223 468 223 90
483 230 455 231 493 231 466 231 134
485 246 459 249 495 249 467 250 91
484 242 459 242 493 245 463 245 18
484 258 455 258 493 261 462 261 152
485 275 453 274 493 279 458 279 120
486 297 447 296 493 303 452 303 10
482 307 435 308 491 317 443 315 16
487 34 476 34 497 33 487 33 222
487 44 477 44 497 43 488 43 151
491 50 482 50 501 49 492 49 281
489 78 478 77 499 77 488 76 217
488 181 463 181 497 181 471 181 124
490 213 464 213 499 215 472 214 79
492 223 466 224 501 225 474 225 70
489 221 462 221 497 223 470 223 112
488 227 462 227 497 229 470 229 78
492 231 466 231 501 233 474 233 83
490 267 459 267 497 271 463 271 93
495 283 459 282 501 287 465 287 33
491 292 455 292 497 299 454 299 12
493 46 484 46 503 45 494 45 203
492 58 484 57 503 57 495 57 252
495 76 485 77 505 75 494 74 452
493 82 482 82 503 81 493 81 287
493 102 485 102 503 101 494 101 117
498 185 477 185 507 185 484 185 221
494 217 468 217 503 219 476 219 129
498 229 472 229 507 231 481 231 61
496 225 470 225 505 227 478 227 101
494 245 468 241 503 249 476 248 169
496 254 470 254 505 257 478 257 134
495 271 464 271 503 275 471 275 77
498 298 459 297 507 305 465 304 29
500 316 454 316 507 325 459 325 21
499 320 452 320 505 329 455 329 15
493 343 439 342 503 355 440 353 9
501 60 493 60 511 59 503 59 131
502 72 495 72 513 71 506 71 211
502 102 495 101 513 101 505 101 190
500 181 479 181 509 181 483 181 224
500 189 480 189 509 189 489 189 248
502 187 482 187 511 187 491 187 217
500 220 475 219 509 221 483 220 121
503 226 481 225 513 227 490 226 98
500 258 474 258 509 261 482 261 105
501 256 476 256 509 259 485 259 108
503 277 467 277 511 281 477 281 65
503 295 464 294 511 301 470 301 29
499 298 462 298 511 305 465 304 26
501 307 458 307 509 315 461 315 23
502 313 458 313 509 321 462 321 25
504 319 457 318 509 327 462 327 31
503 332 452 332 511 343 457 343 16
505 67 498 67 517 67 510 67 211
508 96 500 95 519 95 510 95 321
506 101 498 101 517 101 509 101 325
505 110 496 107 515 109 507 107 134
505 216 483 215 515 217 491 215 112
509 237 488 238 519 239 496 239 62
510 275 477 275 519 279 485 279 71
509 284 474 284 519 289 484 289 45
509 290 468 289 517 297 476 295 32
507 297 470 297 515 303 476 303 33
508 299 470 299 517 305 474 305 24
510 99 503 100 521 99 513 99 331
514 105 507 105 525 105 518 105 205
514 127 506 127 525 127 517 127 301
510 134 503 133 521 133 515 135 354
514 169 507 170 525 169 518 170 201
510 173 503 172 521 173 514 173 245
515 191 497 192 525 191 507 193 509
511 239 493 239 521 241 499 241 80
511 248 493 249 521 251 507 251 153
512 269 482 269 521 273 490 273 66
515 273 485 273 525 277 492 277 53
512 280 477 280 521 285 485 285 55
517 284 483 284 525 289 488 289 36
515 311 471 311 523 319 477 319 35
520 111 517 111 531 111 528 111 142
520 119 516 119 531 119 528 119 118
516 123 512 123 527 123 524 123 201
520 129 516 129 531 129 528 129 202
516 177 511 177 527 177 522 177 454
520 185 514 185 531 185 526 185 548
519 218 499 219 529 219 509 219 173
521 224 503 223 531 225 513 224 147
519 229 499 231 529 231 509 232 128
516 238 497 237 527 239 507 239 61
519 254 493 254 529 257 504 257 109
517 258 490 258 527 261 499 261 125
516 262 486 262 527 265 497 265 170
524 276 489 276 529 281 493 281 122
519 307 471 306 527 315 483 315 28
520 315 477 315 527 323 481 323 33
525 331 471 333 531 343 475 344 11
524 109 520 109 535 109 532 109 140
526 125 522 125 537 125 533 125 137
522 153 518 153 533 153 530 153 157
526 187 518 188 537 187 529 188 335
526 195 518 195 537 195 529 195 500
525 203 507 203 535 203 517 204 308
525 228 507 228 535 229 517 229 132
526 243 505 243 535 245 517 245 34
524 247 500 247 533 249 510 249 56
525 250 503 250 533 253 509 253 90
529 282 494 282 537 287 501 287 81
526 288 489 288 535 293 498 293 34
527 309 483 309 535 317 489 317 39
528 318 481 318 537 327 488 327 34
526 315 482 315 535 323 487 323 33
527 339 473 339 535 351 479 351 10
525 338 472 337 533 349 476 349 10
532 115 528 115 543 115 540 115 162
530 123 527 123 541 123 538 123 121
528 127 524 127 539 127 536 128 139
532 137 528 137 543 137 540 136 93
532 149 528 149 543 149 539 149 75
528 193 520 193 539 193 531 193 371
531 218 515 218 541 219 526 219 337
529 214 511 215 539 215 521 215 333
533 269 503 269 543 273 511 273 65
532 323 484 325 541 333 484 334 37
533 319 486 319 541 329 492 327 21
535 339 481 339 543 351 485 351 14
531 335 476 334 541 347 484 347 17
534 117 531 117 545 117 542 117 131
536 131 532 131 547 131 543 131 152
538 137 534 137 549 137 546 137 168
534 153 530 153 545 153 542 153 55
538 151 534 150 549 151 546 151 66
538 163 534 162 549 163 545 162 98
536 173 527 171 547 173 537 171 267
534 187 526 187 545 187 537 187 193
536 199 527 199 547 199 539 199 137
534 201 522 203 545 201 536 201 284
536 205 525 205 547 205 537 205 208
536 210 524 210 547 211 535 211 152
537 216 523 216 547 217 533 217 133
537 266 507 265 547 269 517 269 88
536 273 504 273 545 277 513 277 55
537 332 487 334 545 345 487 344 22
540 135 536 136 551 135 548 135 104
544 131 541 131 555 131 552 131 147
542 141 538 141 553 141 550 141 177
542 185 534 185 553 185 545 185 209
540 189 532 189 551 189 543 189 160
544 187 536 187 555 187 547 187 208
540 193 533 193 551 193 544 193 250
540 201 532 200 551 201 543 200 148
542 252 518 252 553 255 527 255 104
543 258 516 258 553 261 525 261 158
546 279 511 279 553 283 517 283 54
542 335 489 334 553 347 497 346 18
546 115 543 115 557 115 554 115 100
550 115 547 115 561 115 558 115 94
550 133 546 133 561 133 558 133 138
548 135 544 135 559 135 555 135 152
548 141 544 141 559 141 556 141 163
550 143 546 143 561 143 557 142 82
546 153 542 153 557 153 553 153 75
548 165 544 165 559 165 555 165 173
548 177 540 177 559 177 551 177 230
547 199 540 199 559 199 551 199 96
550 205 540 205 561 205 551 205 184
546 206 536 208 557 207 546 207 104
547 252 522 252 557 255 531 255 69
547 275 514 275 557 279 523 279 57
547 284 512 284 557 289 520 289 67
551 288 512 288 557 293 519 293 42
550 341 496 341 561 357 499 356 38
548 347 491 347 557 361 495 361 23
556 117 552 117 567 117 563 117 98
556 130 552 128 567 129 564 130 91
554 147 550 147 565 147 561 147 97
551 151 548 151 563 151 559 151 94
556 149 551 148 567 149 563 149 101
556 156 552 155 567 157 563 157 69
552 179 544 179 563 179 555 179 262
554 185 547 185 565 185 558 185 214
556 193 549 193 567 193 560 193 194
552 197 544 197 563 197 555 197 112
554 203 542 203 567 203 557 203 121
556 216 541 216 567 217 552 217 57
557 254 530 254 567 257 541 257 104
550 267 519 267 563 271 528 272 57
555 271 522 271 565 275 531 275 51
554 286 519 286 563 291 526 291 86
553 305 511 305 565 313 519 313 22
557 308 514 308 567 315 521 315 19
552 330 501 329 563 341 514 342 28
556 332 500 331 567 343 504 341 24
551 338 499 337 563 349 506 348 28
560 113 556 113 571 113 567 113 104
558 121 554 121 569 121 565 121 88
558 125 554 125 569 125 566 124 151
560 133 556 133 571 133 567 133 92
562 136 558 135 573 135 569 134 223
558 139 554 139 569 139 565 138 87
562 147 558 147 573 147 569 147 88
558 165 554 165 569 165 565 165 114
560 168 556 168 571 169 567 169 155
564 165 558 166 573 167 570 165 285
562 183 557 183 573 183 568 183 272
560 187 555 187 571 187 566 187 269
559 207 548 207 571 207 559 207 88
560 219 545 219 571 219 557 219 54
559 239 538 239 571 241 548 241 32
558 260 529 260 571 263 539 263 63
563 269 531 268 569 273 536 272 82
564 278 529 278 573 283 536 283 86
556 294 517 293 569 299 525 299 30
568 127 565 126 579 127 576 126 316
563 126 559 125 575 125 571 124 122
564 131 560 131 575 131 571 131 98
565 157 562 157 577 157 573 157 265
566 168 562 168 577 169 573 168 109
563 175 559 175 575 175 570 175 142
564 179 559 179 575 179 570 179 202
566 199 557 199 577 199 565 199 118
567 209 556 208 579 209 567 209 45
566 212 552 212 577 213 564 213 40
568 219 553 218 579 219 564 219 53
569 243 543 244 577 247 552 247 29
563 252 538 252 575 255 549 255 79
565 256 538 256 577 259 551 259 95
566 262 538 262 577 265 548 265 84
569 273 532 273 575 277 542 277 92
564 284 528 284 575 289 537 289 80
564 305 522 305 575 313 531 313 23
568 311 522 311 579 319 531 319 20
568 321 518 321 579 331 525 330 23
566 327 517 327 577 337 524 337 21
570 109 566 109 581 109 577 109 137
570 141 565 140 581 141 577 140 213
571 159 567 159 583 159 579 159 63
573 155 569 155 585 155 581 155 79
573 161 569 161 585 161 581 161 70
573 179 568 179 585 179 580 179 131
569 189 565 189 581 189 576 189 83
569 195 561 195 581 195 572 195 73
569 203 558 203 581 203 570 203 55
572 205 560 205 583 205 572 205 44
572 208 559 208 583 209 572 208 34
573 216 557 216 583 217 568 217 52
571 241 547 242 583 243 559 243 28
574 286 537 286 585 291 546 291 59
574 299 533 299 585 307 539 306 24
570 304 528 304 581 311 536 311 19
571 307 533 308 583 315 542 317 23
572 323 524 323 583 333 530 333 23
570 349 512 349 581 363 517 363 36
579 96 573 99 589 97 584 99 124
577 111 572 113 589 109 586 108 286
580 115 576 115 591 115 587 115 200
576 121 572 121 587 121 583 121 295
580 123 576 123 591 123 587 123 229
577 137 574 137 587 137 583 137 252
580 141 576 141 591 141 587 141 213
580 157 576 157 591 157 587 157 273
579 163 575 163 591 163 587 163 82
577 170 573 169 589 169 584 169 132
578 171 573 171 589 171 584 171 110
575 179 570 179 587 179 582 179 166
577 189 572 189 589 189 583 189 117
578 195 569 195 589 195 580 195 99
580 205 569 205 591 205 580 205 52
575 213 563 212 587 213 574 213 80
579 232 555 231 591 233 571 233 43
576 254 547 253 587 257 559 256 94
578 260 550 260 589 263 561 263 66
580 273 547 273 591 277 557 277 89
578 288 540 288 589 293 550 293 68
573 313 535 315 587 321 545 321 19
575 318 527 318 589 329 537 328 17
584 99 579 101 595 99 591 99 199
582 117 578 117 593 117 589 117 196
586 115 582 115 597 115 593 115 192
584 129 580 129 595 129 590 129 150
584 145 580 145 595 145 591 145 88
584 166 580 166 595 165 591 166 122
584 179 578 179 595 179 590 179 182
583 187 578 187 595 187 590 187 135
581 191 575 191 593 191 586 191 90
583 216 570 216 595 217 580 217 48
581 247 556 247 593 249 567 249 26
587 254 561 254 597 257 569 257 73
584 269 552 269 595 273 562 273 47
581 275 549 274 593 279 558 279 53
587 306 545 306 597 313 551 313 8
583 321 535 321 597 331 544 330 23
588 109 584 109 599 109 595 109 167
592 127 586 127 601 127 596 127 216
590 139 586 139 601 139 597 139 133
592 147 588 147 603 147 599 146 91
590 151 586 151 601 151 597 151 246
592 167 587 163 603 165 599 166 115
587 169 583 169 599 169 595 169 209
589 173 584 173 601 173 596 173 235
589 182 583 181 601 181 594 181 231
591 179 585 179 603 179 597 178 384
591 193 584 193 603 193 596 193 123
592 201 580 201 603 201 590 201 106
587 234 568 234 601 235 581 235 54
589 250 562 250 599 253 573 253 36
587 268 557 267 601 271 569 271 42
587 300 551 297 599 307 554 308 19
591 304 549 304 601 311 556 311 13
585 335 535 334 599 345 544 345 29
596 129 592 129 607 129 603 129 195
594 131 589 131 605 131 601 131 125
594 153 589 153 605 153 600 152 133
596 160 592 160 607 159 603 159 101
593 177 586 177 605 177 598 177 182
593 189 587 189 605 189 598 189 134
596 212 582 212 607 213 593 213 93
595 232 576 232 607 233 587 233 58
598 241 571 241 609 243 582 243 27
600 245 573 245 609 247 584 247 21
593 252 567 252 605 255 579 255 34
597 286 560 286 609 291 571 291 26
595 290 557 290 609 295 569 295 24
593 290 554 289 605 295 565 295 31
591 301 552 303 605 307 561 309 16
594 311 549 311 607 319 559 319 12
593 314 545 314 605 323 558 323 20
600 104 596 104 611 103 607 103 214
600 111 595 112 611 111 607 110 174
599 150 594 149 611 149 606 148 114
599 155 594 155 611 155 606 155 73
604 175 596 176 615 175 608 175 204
601 173 594 173 613 173 606 173 180
599 189 592 189 611 189 604 189 172
603 199 595 199 615 199 606 199 138
601 205 591 205 613 205 602 205 115
599 212 586 212 611 213 597 213 155
599 216 585 216 611 217 597 217 122
602 215 587 214 613 215 599 215 135
599 226 583 226 611 227 595 227 90
599 232 581 232 611 233 591 233 51
604 253 577 252 615 255 588 255 37
597 269 563 267 611 273 578 273 39
597 282 560 282 611 287 574 287 45
601 288 565 288 613 293 575 293 24
602 330 550 331 615 341 560 341 33
600 340 542 340 611 353 551 353 57
599 346 540 345 613 359 551 359 60
606 119 601 120 617 119 612 119 146
607 128 603 128 619 127 614 127 121
610 132 605 131 621 131 617 131 139
609 137 604 137 621 137 616 137 268
605 147 600 147 617 147 612 146 142
610 156 604 155 621 155 616 155 81
607 167 602 167 619 167 614 167 111
605 171 601 171 617 171 612 171 183
609 181 602 181 621 181 613 181 207
609 201 598 201 619 201 610 201 192
608 209 595 208 619 209 606 209 115
611 217 601 217 621 217 614 218 119
605 240 582 241 617 243 596 243 24
605 267 575 267 619 271 587 271 49
608 276 575 276 619 281 585 281 55
603 344 549 344 617 357 556 357 36
612 85 607 86 623 85 619 84 104
615 126 611 125 627 125 623 125 349
615 144 610 143 627 143 621 143 277
611 151 606 151 623 151 618 151 122
615 149 610 149 627 149 622 149 173
613 163 608 163 625 163 620 163 104
613 165 608 165 625 165 620 165 169
613 173 607 173 625 173 618 173 203
615 181 606 179 627 181 618 179 295
614 211 599 211 627 211 614 211 81
611 269 580 269 625 273 592 273 60
617 66 612 66 629 65 625 64 69
618 78 613 77 629 77 625 77 174
619 101 615 100 631 99 627 98 217
621 97 616 99 633 95 629 94 144
620 103 615 104 631 103 627 102 236
617 169 612 169 629 169 624 169 165
621 173 615 173 633 173 627 173 253
617 177 610 177 629 177 622 176 252
615 265 582 264 629 269 595 268 47
616 275 583 275 629 279 594 279 69
618 271 586 271 631 275 598 275 56
620 277 587 277 633 281 597 281 51
617 326 565 326 631 337 577 336 26
615 344 559 344 629 357 569 357 59
614 349 558 349 629 363 567 363 92
624 66 619 66 635 65 630 65 62
625 108 621 107 637 107 632 107 233
625 117 621 117 637 117 633 117 179
628 132 623 133 639 133 634 133 172
623 136 618 135 635 137 630 137 259
625 139 621 140 637 139 632 139 234
623 158 618 157 635 157 630 157 160
627 155 622 155 639 155 634 155 166
623 163 617 163 635 163 629 163 386
627 163 622 163 639 163 634 163 204
625 167 620 167 637 167 632 167 139
625 209 610 208 637 209 623 209 90
625 216 611 217 637 217 623 217 71
624 268 590 267 635 271 603 271 42
626 277 592 277 639 281 604 281 41
621 327 572 327 635 337 580 336 18
619 337 568 336 635 349 575 347 28
631 98 626 97 643 97 638 97 155
630 109 625 109 641 109 636 109 267
633 122 628 122 645 121 640 121 199
633 136 628 135 645 135 640 135 205
629 132 625 131 641 131 636 131 314
629 151 624 151 641 151 636 151 230
631 159 626 159 643 159 638 159 121
633 161 628 161 645 161 640 161 144
633 168 628 168 645 167 640 167 181
629 185 614 185 641 185 626 185 349
632 198 617 196 645 197 629 197 174
630 210 616 210 643 211 628 211 143
630 218 615 218 643 219 627 218 156
631 279 597 279 643 283 608 283 41
629 347 573 346 645 359 584 359 17
637 88 633 87 649 87 645 86 191
637 104 632 104 649 103 644 101 310
637 118 633 117 649 117 644 117 292
635 132 630 132 647 131 642 131 237
635 150 630 149 647 149 642 148 107
636 186 621 185 649 185 634 183 212
638 199 622 199 651 199 635 199 324
636 199 621 198 649 199 633 199 128
638 207 622 207 651 207 635 207 120
636 220 621 220 649 221 633 221 128
637 230 618 230 649 231 630 231 109
638 230 621 230 651 231 632 231 141
637 280 603 280 651 285 615 285 41
633 319 586 320 649 329 598 329 11
633 323 583 323 647 333 596 333 19
635 326 587 327 651 337 596 337 13
635 330 584 330 651 341 596 341 13
630 333 581 334 649 345 589 344 23
645 94 640 93 657 93 652 93 268
641 90 636 90 653 89 647 89 159
643 120 638 119 655 119 650 118 251
643 132 638 132 655 131 650 132 293
645 152 640 152 657 151 652 151 110
643 156 638 157 655 155 650 155 92
643 164 638 163 655 163 650 163 108
644 195 628 195 657 195 641 195 270
640 203 625 202 653 203 637 203 99
640 209 624 209 653 209 636 209 78
640 259 613 260 653 261 625 262 15
638 335 583 335 655 347 595 346 13
639 349 582 349 655 363 593 361 31
647 77 642 76 659 75 653 76 179
647 116 642 115 659 115 653 115 182
649 120 644 119 661 119 656 118 113
647 136 642 135 659 135 654 135 222
651 140 646 139 663 139 657 139 169
647 148 642 147 659 147 654 147 99
649 150 644 149 661 149 656 149 134
647 156 642 156 659 155 654 155 91
649 165 644 165 661 165 656 165 100
651 171 645 172 663 171 657 171 149
647 167 642 167 659 167 654 167 120
650 193 634 193 663 193 646 193 165
646 197 630 197 659 197 643 197 228
649 201 634 200 663 201 645 201 137
648 201 631 201 661 201 644 201 101
650 205 634 204 663 205 646 205 123
650 220 634 220 663 221 645 221 101
649 224 633 224 663 225 646 225 98
645 222 629 222 659 223 641 223 172
644 236 626 236 659 237 639 237 77
647 243 628 241 661 245 637 245 27
650 254 621 254 663 257 637 257 18
645 273 613 271 659 277 625 277 25
645 291 607 291 661 297 625 298 21
645 321 598 321 661 331 611 331 10
645 334 593 334 661 345 605 346 14
657 104 652 103 669 103 663 103 291
653 148 648 148 665 147 660 148 174
654 187 640 185 667 187 653 186 111
656 207 640 206 669 207 652 207 113
651 203 637 202 665 203 650 203 129
654 263 626 262 669 265 639 265 12
651 264 621 265 665 267 634 268 8
651 265 622 264 667 269 635 269 7
650 269 619 269 665 273 633 272 25
649 280 615 280 667 285 629 285 78
655 286 619 286 669 291 631 291 96
659 108 654 108 671 107 666 107 245
663 140 657 141 675 139 669 141 133
661 144 656 144 673 143 668 143 162
663 167 656 167 675 167 668 167 179
661 177 649 177 673 177 664 177 340
657 211 639 211 671 211 653 211 259
658 220 641 220 671 221 654 221 137
659 224 643 224 673 225 656 225 150
659 264 630 264 673 267 643 265 11
660 288 623 288 675 293 636 293 73
656 328 607 329 675 339 620 339 10
670 52 664 52 681 51 675 51 105
669 59 664 58 681 57 676 56 158
669 112 663 112 681 111 675 111 183
669 167 660 166 681 167 672 165 218
665 187 649 186 679 187 663 187 197
666 203 651 201 679 203 663 203 178
668 211 651 211 681 211 664 211 155
661 284 625 284 677 289 639 289 72
665 282 629 281 681 287 643 286 70
665 288 629 288 681 293 643 293 51
662 341 606 340 679 353 620 354 12
675 47 670 46 687 45 682 44 95
671 49 666 49 683 49 678 49 89
675 58 670 58 687 57 682 57 280
671 60 666 60 683 59 678 59 119
673 86 668 86 685 85 680 85 351
673 96 668 95 685 95 680 94 245
671 156 665 156 683 155 677 155 333
674 172 665 173 687 171 677 173 196
671 175 656 175 685 175 670 175 154
670 182 655 181 683 181 668 181 142
671 191 656 191 685 191 669 191 126
673 195 657 195 687 195 671 195 96
671 207 656 205 685 207 669 206 114
673 211 657 211 687 211 671 211 204
671 218 655 218 685 219 669 219 270
669 222 653 222 683 223 666 223 250
671 222 655 222 685 223 668 223 224
669 226 652 226 683 227 664 226 223
673 238 654 238 687 239 666 239 217
672 238 652 238 685 239 665 239 165
672 253 646 254 683 257 653 256 8
665 326 612 325 683 337 627 338 13
669 330 618 330 687 341 633 341 11
665 337 611 337 683 349 626 349 12
679 45 673 44 691 43 685 43 49
677 84 672 84 689 83 685 81 393
679 114 674 114 691 113 686 113 112
680 148 675 147 693 147 688 146 136
677 154 669 154 689 153 681 154 428
676 205 660 204 689 205 673 205 111
675 234 656 234 689 235 669 235 198
677 256 650 256 691 259 664 259 5
687 72 680 72 699 71 693 71 93
683 80 677 80 695 79 689 79 115
687 82 681 82 699 81 693 81 136
683 100 678 100 695 99 690 99 561
683 106 677 106 695 105 690 104 244
685 114 679 114 697 113 683 114 291
685 122 679 125 697 121 691 123 217
683 130 677 129 695 129 689 128 149
682 167 676 168 695 167 688 166 137
684 195 668 194 697 195 681 194 64
686 199 675 199 699 199 689 199 109
681 218 665 218 695 219 679 219 198
683 230 661 228 697 231 676 230 181
685 232 665 232 699 233 678 232 283
677 324 628 324 695 333 643 333 12
689 88 683 88 701 87 696 87 154
693 112 686 112 705 111 700 110 209
689 116 682 114 701 115 695 114 280
692 131 686 130 705 129 699 129 88
691 144 685 143 703 141 697 142 144
690 154 684 154 703 153 697 153 98
690 161 684 160 703 161 697 160 240
692 174 682 173 705 173 696 173 234
688 177 677 176 701 177 690 177 201
688 182 677 181 701 181 690 181 135
692 194 680 191 705 193 693 191 40
689 197 679 197 703 197 692 197 51
691 201 680 201 705 201 693 201 34
687 203 677 203 701 203 688 202 56
692 207 679 207 705 207 694 207 57
688 258 661 257 705 265 675 265 29
687 298 647 298 705 305 663 305 12
699 86 693 86 711 85 700 85 502
699 112 692 112 711 111 705 110 140
697 116 690 116 709 115 703 114 307
698 146 691 145 711 145 704 144 139
698 150 692 150 711 149 705 149 89
696 161 691 159 709 159 703 159 262
696 196 684 195 709 195 698 196 39
697 205 686 205 711 205 699 205 17
693 256 666 255 709 259 680 257 45
689 275 659 275 707 279 675 281 7
701 37 696 36 713 35 708 34 37
702 60 698 60 715 59 712 60 114
701 121 694 119 713 121 707 119 115
700 154 694 155 713 153 706 153 104
704 162 697 162 717 161 710 161 133
705 171 697 171 717 171 709 171 183
700 168 694 167 713 167 707 166 134
700 174 693 173 713 173 705 173 121
700 181 688 181 713 181 701 181 82
699 193 687 193 713 193 701 192 14
699 201 687 200 713 201 701 201 19
703 203 691 203 717 203 704 203 30
701 215 688 215 715 215 702 216 187
700 269 669 267 717 273 685 273 25
696 271 664 270 713 275 679 274 17
700 290 663 290 717 295 677 295 8
697 296 655 296 715 303 672 302 10
707 45 702 44 719 43 715 42 157
706 77 701 76 719 75 714 74 196
710 106 703 106 723 105 716 104 176
710 120 703 119 723 119 716 118 174
706 148 699 147 719 147 712 147 120
710 151 703 150 723 151 716 151 98
706 157 699 160 719 159 712 159 219
708 164 701 164 721 163 714 163 170
705 185 694 183 719 185 706 185 27
707 201 694 200 721 201 707 201 50
702 286 664 286 719 291 680 291 12
713 45 706 44 725 43 718 42 64
714 51 709 50 727 49 722 48 104
716 58 711 61 729 57 724 57 107
714 86 708 85 727 85 720 84 106
712 86 706 85 725 85 718 84 169
714 101 706 100 727 99 719 99 133
716 146 709 145 729 145 722 145 101
716 156 709 155 729 155 722 155 106
714 191 701 189 727 191 714 190 12
722 73 715 72 735 71 727 71 185
720 117 713 117 733 117 726 115 176
722 124 715 124 735 123 728 122 162
719 172 707 171 733 171 723 172 168
729 64 722 64 741 63 735 62 134
724 122 715 125 737 121 728 123 128
726 170 717 170 739 169 730 170 217
722 173 711 173 737 173 726 173 120
724 183 710 181 739 183 725 181 44
718 250 676 247 737 253 694 252 255
718 262 678 264 737 267 696 265 107
718 274 679 274 737 279 696 279 43
722 283 682 283 741 289 700 289 69
717 285 679 289 737 293 696 294 50
716 349 659 349 739 363 677 363 17
714 346 658 346 737 359 673 360 14
734 65 726 66 747 63 741 62 192
734 122 725 123 747 121 738 122 113
734 144 725 143 747 143 739 142 263
730 156 722 155 743 155 735 154 201
731 168 721 167 745 167 734 165 256
734 173 721 174 747 173 735 173 113
729 187 716 187 743 187 730 187 102
723 250 685 250 743 253 702 253 172
725 266 685 269 745 271 702 273 79
725 281 684 283 745 287 702 288 81
724 330 673 330 747 341 692 340 7
721 343 665 343 743 359 682 357 12
734 65 727 65 749 61 741 62 180
738 67 732 66 751 65 745 64 270
736 71 729 70 749 69 742 68 177
738 102 729 102 751 101 743 100 164
738 140 730 139 751 139 743 138 101
735 180 723 179 749 179 737 179 69
745 113 736 112 759 111 750 109 246
741 181 727 182 755 181 743 180 99
744 185 732 185 759 185 745 185 113
738 232 694 233 759 235 713 236 638
733 350 678 352 757 363 694 361 28
735 349 679 351 759 363 696 361 28
747 93 739 92 761 91 753 90 173
751 98 742 97 765 97 756 95 115
747 112 738 111 761 109 752 107 213
747 119 738 119 761 117 752 117 176
747 140 738 140 761 139 751 139 169
744 237 699 238 765 241 718 241 520
757 84 744 85 769 83 759 82 199
755 104 746 102 769 101 760 99 115
753 119 744 118 767 117 757 117 122
753 140 744 140 767 139 758 138 202
751 197 735 195 767 197 749 196 386
748 231 704 232 769 233 725 235 776
749 236 704 235 771 239 723 239 598
759 77 749 77 773 75 763 74 191
761 87 752 86 775 85 766 84 90
763 99 753 102 777 99 767 100 106
761 115 751 115 775 113 765 113 222
761 138 751 138 775 137 765 136 134
761 173 747 173 777 171 761 173 58
759 187 740 187 775 187 756 187 138
765 34 759 33 779 31 771 31 196
766 89 756 89 781 87 770 87 229
765 91 755 90 779 89 769 88 96
765 99 755 99 779 97 769 98 282
768 117 757 117 783 115 772 115 83
767 124 757 123 781 123 770 122 59
768 136 757 136 783 135 772 133 111
767 140 756 140 781 139 770 139 171
755 239 707 240 779 243 727 244 558
758 308 706 308 783 319 728 319 111
774 130 764 129 789 129 778 127 90
774 165 761 165 789 165 773 166 70
772 162 757 162 787 161 772 161 57
769 171 754 171 785 171 769 170 50
772 187 753 187 789 187 770 186 140
764 266 711 268 789 273 732 274 399
762 281 707 285 787 289 729 290 129
781 30 775 30 795 27 788 26 272
777 82 766 81 791 79 780 78 190
781 86 770 85 795 83 785 83 130
778 94 768 94 793 93 782 92 116
777 91 766 91 791 89 780 88 91
776 128 766 129 791 127 780 125 119
765 275 711 276 791 281 732 281 274
765 291 710 292 791 301 733 299 157
769 313 715 314 795 323 737 324 103
785 38 775 37 799 35 789 34 345
784 52 774 51 799 49 789 47 174
786 111 776 110 801 109 791 108 33
782 120 771 119 797 119 786 118 51
785 149 769 150 801 147 785 147 98
783 159 766 157 799 157 781 156 72
785 164 771 164 801 163 787 162 49
773 290 719 293 801 299 741 301 192
788 62 777 61 803 59 792 58 91
791 114 778 113 803 113 792 112 19
787 147 771 149 803 145 787 144 91
789 185 769 185 807 185 786 183 144
777 237 720 240 803 243 743 244 427
780 240 726 240 807 245 749 244 465
779 325 715 324 807 335 738 334 232
775 334 719 334 803 345 742 346 57
797 53 785 53 813 49 800 50 149
798 119 787 119 813 117 802 117 42
796 116 785 116 811 115 800 115 60
797 125 787 124 813 123 802 123 34
793 126 782 127 809 125 798 124 41
796 134 785 134 811 133 800 132 120
797 143 782 142 813 141 798 141 97
792 139 778 138 809 137 798 136 159
797 150 781 150 813 149 798 148 110
783 246 726 246 809 251 747 251 393
782 314 723 313 811 325 747 325 61
803 43 790 42 819 39 806 38 153
803 50 790 50 819 47 806 47 211
801 107 790 106 817 105 806 104 179
802 149 787 148 817 147 805 147 175
800 153 783 152 815 151 800 151 105
797 182 777 181 815 181 795 179 102
789 242 733 243 817 247 758 246 350
788 272 729 272 817 281 754 279 153
810 21 802 20 825 17 816 17 204
807 47 795 46 823 43 810 43 200
807 127 794 126 823 125 810 124 68
806 141 797 140 821 139 811 138 153
806 145 795 145 821 143 811 143 140
807 151 790 153 823 151 806 152 182
793 247 735 245 823 253 758 252 247
793 263 733 262 823 269 758 269 151
795 273 735 273 825 281 760 281 82
791 277 731 277 821 285 756 285 145
795 280 734 281 825 289 760 289 98
795 297 734 297 825 307 761 307 41
792 303 730 300 821 311 754 312 20
795 313 735 313 825 325 759 325 16
792 316 731 316 821 327 755 327 20
794 322 734 322 825 335 759 335 13
795 329 734 329 825 341 761 343 19
811 52 798 52 827 49 814 48 241
815 91 802 90 831 87 818 89 171
814 143 801 142 831 141 817 140 183
815 151 802 151 831 149 818 149 221
810 154 795 154 827 153 810 153 243
812 156 798 156 829 155 814 155 229
815 181 802 182 831 181 818 181 163
812 183 800 185 829 183 816 182 257
798 244 737 244 831 249 763 249 145
797 293 737 293 829 303 763 303 27
799 327 739 327 829 339 764 340 27
818 147 803 146 835 145 820 144 255
816 160 803 159 833 159 819 158 162
818 188 806 187 837 187 824 187 262
806 258 746 258 837 265 772 265 49
803 261 744 262 835 269 770 269 69
802 269 743 269 833 277 768 277 54
806 273 745 273 837 281 771 281 145
804 273 743 273 835 281 769 281 50
803 320 740 320 837 333 769 332 32
822 55 810 53 839 51 825 50 133
826 57 813 56 843 53 829 52 221
824 125 810 124 841 123 828 122 121
824 137 811 136 841 135 829 134 147
824 161 807 161 841 159 827 160 224
809 282 745 282 841 291 775 291 84
811 279 750 278 843 287 777 287 87
809 281 747 281 839 289 772 289 43
807 297 746 297 839 307 771 307 9
831 27 813 28 847 23 830 23 165
832 122 814 121 847 121 831 119 206
816 267 755 267 849 275 783 275 40
815 275 753 273 847 283 781 283 67
813 281 752 281 845 289 779 289 35
815 326 751 326 847 339 780 339 23
833 128 817 128 853 125 833 126 294
833 151 816 150 851 149 833 148 365
823 243 760 243 851 249 786 249 11
817 286 757 286 851 295 784 295 33
822 284 761 284 855 293 788 293 36
822 290 761 290 855 299 789 299 19
818 322 756 322 851 335 783 335 20
839 32 824 32 857 27 841 28 81
839 47 824 46 857 43 841 42 106
841 59 827 58 859 55 844 54 158
839 120 824 120 857 119 841 117 184
841 123 828 125 859 121 844 121 205
841 130 826 130 859 127 844 127 167
841 145 822 144 861 143 841 143 220
842 151 823 150 861 149 841 148 295
841 178 820 175 861 177 838 175 299
838 184 819 187 857 183 837 185 258
826 288 765 288 859 297 792 297 19
824 291 762 291 859 301 792 301 7
847 170 827 170 867 169 846 169 194
843 180 823 179 863 179 842 179 201
847 189 825 189 867 189 845 189 184
830 238 773 238 865 243 797 243 17
831 322 770 322 865 335 798 335 43
853 135 833 135 873 133 853 133 275
849 142 830 142 869 141 849 140 192
851 146 831 145 869 143 851 143 429
837 235 777 235 873 239 806 239 28
857 139 838 139 877 137 857 136 217
859 152 839 152 879 151 859 150 213
842 242 787 242 879 247 822 246 24
839 259 777 259 877 265 810 265 32
840 262 776 264 875 271 801 273 31
836 280 779 281 875 291 807 291 21
839 295 778 295 875 305 805 305 9
840 326 779 326 875 339 808 339 64
845 238 787 238 881 243 817 243 16
844 246 790 246 881 251 819 250 17
843 251 785 253 885 259 817 258 33
843 257 783 257 883 263 818 263 46
848 267 787 267 885 277 818 276 54
846 291 787 291 883 301 818 301 16
847 328 785 328 883 341 816 341 85
851 238 789 238 887 243 822 243 22
851 262 791 261 887 269 820 269 127
852 275 791 276 889 283 822 284 57
850 281 787 281 887 289 819 289 33
855 289 795 289 891 299 824 299 52
849 295 788 295 887 305 819 305 15
850 307 790 305 887 319 817 320 19
854 313 793 313 891 325 823 325 24
856 236 797 236 893 241 827 241 18
859 271 799 272 897 279 830 279 60
856 273 795 273 893 281 826 281 60
858 311 797 311 895 323 829 323 24
855 328 793 328 893 341 825 341 90
862 252 802 252 903 259 835 259 58
861 277 801 277 899 285 832 285 54
865 297 804 297 903 307 838 307 23
862 307 798 307 901 319 839 318 56
869 266 808 266 907 273 840 273 116
871 262 810 262 909 269 842 269 94
867 264 806 264 905 271 833 271 117
867 324 806 325 905 337 837 337 83
871 330 809 330 905 343 841 343 75
874 244 814 242 913 249 847 248 45
877 258 814 258 913 265 847 265 65
873 271 811 272 911 279 844 279 60
872 277 813 277 911 285 846 285 41
876 287 815 287 913 297 844 297 34
876 293 814 293 915 303 848 303 25
891 68 869 71 919 61 893 60 50
880 243 819 243 919 249 852 249 59
882 249 821 249 921 255 854 256 67
880 249 819 250 919 255 852 256 62
878 255 819 255 919 261 852 261 92
880 270 819 270 919 277 852 277 132
881 275 819 275 921 283 853 283 62
877 297 815 297 917 307 849 307 42
879 322 819 322 919 335 852 335 81
879 328 819 328 919 341 853 341 68
887 260 826 260 927 267 860 267 166
885 271 824 271 925 279 858 279 94
887 268 826 268 927 275 860 275 191
885 283 825 285 925 295 856 295 70
889 293 825 293 927 303 859 303 48
887 289 824 289 927 299 858 299 45
881 307 820 307 923 319 855 321 22
883 349 825 348 925 363 859 363 111
889 262 828 262 929 269 862 269 203
892 271 831 271 933 279 866 279 145
892 269 832 270 933 277 866 277 141
888 275 827 275 929 283 862 283 70
892 279 831 279 933 287 866 287 86
893 293 830 293 933 303 865 303 34
892 320 830 320 931 333 864 333 58
891 326 829 326 931 339 864 339 63
909 41 875 41 937 33 901 32 18
910 45 874 45 939 37 901 37 16
894 253 833 253 935 259 868 259 132
898 258 837 258 937 265 870 265 255
896 275 835 275 937 283 870 283 101
894 324 832 324 935 337 867 337 57
895 328 834 328 937 341 871 341 49
897 328 837 328 939 341 873 341 75
914 41 879 41 943 33 907 31 20
903 266 842 266 945 273 878 273 257
901 279 840 279 943 287 876 287 85
900 279 839 280 941 287 874 287 78
901 284 840 284 945 293 879 293 108
901 300 840 299 945 309 876 310 34
899 295 839 295 943 305 875 305 54
904 305 843 306 945 319 879 317 16
901 311 839 311 941 323 872 323 14
920 95 884 94 951 89 912 88 12
920 120 884 120 951 117 913 117 19
905 251 843 251 947 257 879 257 349
905 269 844 269 947 277 880 277 125
907 317 844 317 951 329 883 329 53
904 319 843 319 947 331 881 331 72
905 324 843 324 947 337 880 337 75
927 26 892 26 957 17 920 16 29
924 52 889 51 955 43 917 43 14
927 55 890 55 957 47 920 45 10
927 75 892 75 957 67 921 67 12
922 140 886 140 953 137 915 136 23
922 167 886 167 953 165 915 165 16
926 169 890 169 957 167 919 167 17
927 196 891 197 957 197 920 196 28
912 249 851 250 953 255 887 256 230
914 253 853 253 955 259 890 259 343
911 284 850 284 955 293 889 293 95
915 303 854 303 957 315 891 314 32
913 319 852 319 957 331 890 331 57
910 322 849 322 953 335 886 335 104
914 324 852 324 957 337 890 337 76
930 27 894 28 959 19 922 18 14
928 34 893 33 959 25 921 24 26
930 51 894 50 961 43 923 42 16
932 59 891 60 963 51 925 50 20
929 118 893 117 961 113 922 112 14
929 123 891 123 961 121 921 119 20
931 131 894 130 963 127 924 126 25
932 167 896 166 963 165 925 164 14
928 184 892 183 959 183 921 183 26
930 186 894 185 961 185 923 185 20
917 243 855 247 959 251 893 250 197
920 266 859 266 963 273 896 273 220
916 268 855 268 959 275 892 275 228
915 284 855 284 959 293 892 293 91
917 288 855 288 961 297 895 297 92
919 292 856 291 961 301 894 301 70
919 337 860 337 961 353 897 352 23
918 344 860 344 959 357 896 357 45
933 25 899 25 965 17 928 16 57
936 72 899 71 967 65 928 64 25
935 91 897 90 967 85 928 83 14
933 122 895 121 965 117 926 116 20
933 127 896 126 965 123 926 123 22
935 135 898 135 967 131 927 131 18
936 141 898 140 967 137 928 137 17
933 148 895 148 965 145 927 144 33
935 159 898 159 967 157 928 156 18
937 177 899 177 969 175 929 176 18
935 186 898 186 967 185 928 185 16
935 200 898 199 967 199 928 200 14
925 232 869 233 965 237 905 237 126
924 253 863 253 967 259 901 259 249
923 262 863 262 967 269 901 269 186
922 270 861 270 965 277 898 277 119
922 284 862 284 967 293 898 293 132
922 290 860 290 967 299 899 299 118
923 347 861 347 967 361 902 361 60
940 61 902 63 971 55 932 53 19
943 137 904 136 975 133 934 132 17
942 141 904 140 975 137 933 136 11
941 160 903 159 973 157 934 157 15
938 163 900 162 971 161 931 160 24
944 167 907 167 975 167 936 167 12
931 257 870 257 975 263 908 263 203
931 264 870 264 975 271 908 271 125
944 95 905 96 977 89 937 88 22
947 99 907 97 979 93 940 92 11
944 133 906 132 977 129 937 128 24
946 129 908 128 979 125 939 124 18
946 135 907 135 979 131 938 131 19
947 154 908 154 981 151 940 151 23
933 255 872 254 977 261 911 261 124
935 263 874 261 979 267 913 269 70
934 268 874 268 979 275 913 275 98
933 282 873 281 979 291 912 290 57
938 346 878 346 981 361 915 360 68
950 118 910 117 983 113 942 112 20
951 122 913 123 985 119 944 118 25
950 162 911 161 983 159 944 159 24
949 173 912 172 983 171 943 171 10
949 180 911 179 983 179 942 178 24
953 182 914 182 985 181 945 181 22
953 196 915 195 987 195 947 194 10
949 193 911 193 983 193 941 192 11
938 247 878 247 983 253 917 253 33
942 251 880 251 987 257 921 256 31
942 269 882 267 987 277 921 277 38
940 272 879 273 985 279 918 279 37
941 282 878 282 985 291 918 291 46
939 290 877 290 983 299 916 299 31
957 96 918 95 991 91 950 89 20
954 109 916 108 989 103 948 102 16
956 159 918 158 989 157 949 156 12
958 163 919 163 991 161 951 160 10
959 173 920 172 993 171 952 171 10
957 176 919 176 993 175 951 174 13
956 193 918 193 991 193 949 192 18
955 199 916 199 989 199 948 199 15
947 260 887 260 993 267 927 267 51
945 262 883 263 989 269 925 268 77
949 269 889 269 993 277 932 276 47
963 91 923 89 997 85 956 84 24
961 98 922 97 995 93 954 91 16
962 108 923 108 997 103 956 102 13
961 166 923 165 995 163 955 163 14
963 202 924 202 999 203 957 202 16
960 222 922 221 995 223 955 223 11
964 223 925 223 999 225 958 225 15
959 233 923 233 995 235 955 235 19
949 241 887 240 995 245 931 246 29
949 253 889 253 995 259 929 259 28
952 264 891 264 999 271 931 271 38
949 273 886 273 995 281 929 281 61
965 105 926 104 1001 99 959 99 18
964 164 919 162 1001 161 959 161 23
966 171 926 171 1001 169 959 170 15
969 184 929 184 1005 183 962 183 14
967 204 927 204 1003 205 960 205 14
970 227 931 227 1005 229 964 228 13
954 251 893 249 1001 257 936 257 43
954 268 895 268 1001 275 935 275 33
958 270 899 270 1005 277 940 277 56
953 273 891 273 1001 281 935 281 33
954 277 893 277 1003 285 937 285 28
950 287 889 287 1003 295 936 296 20
975 93 935 96 1011 87 969 86 16
971 100 931 100 1007 95 965 93 9
974 173 933 174 1011 171 968 171 16
972 180 931 179 1009 179 965 178 13
970 240 930 240 1007 243 964 243 10
975 250 935 250 1011 253 969 253 15
972 257 932 257 1009 261 963 259 18
973 254 932 253 1009 257 966 257 17
979 59 943 59 1015 51 977 53 44
982 95 942 95 1017 91 974 91 11
977 107 937 106 1013 101 975 103 24
980 163 939 162 1017 161 974 160 19
979 199 939 198 1017 199 973 199 13
977 211 936 213 1013 213 970 214 20
976 222 935 221 1013 223 970 223 23
977 247 937 247 1015 251 972 251 12
978 253 938 252 1015 257 972 257 14
979 260 937 259 1017 265 974 265 11
975 265 936 264 1013 269 970 269 20
984 91 944 91 1021 85 978 84 13
986 97 946 97 1023 91 981 90 11
984 100 944 100 1019 95 978 93 6
983 193 943 193 1021 193 978 193 14
981 203 940 203 1019 203 976 202 10
981 220 942 219 1019 221 974 222 11
982 225 942 225 1019 227 977 226 13
983 237 942 237 1021 239 977 240 11
985 244 942 245 1023 247 980 246 17
983 257 942 255 1021 261 976 260 9
982 271 941 270 1019 275 976 275 10
983 277 941 277 1023 283 977 283 7
990 169 948 168 1029 167 984 167 13
990 187 949 185 1025 185 985 183 17
990 195 948 195 1029 195 981 197 10
990 210 948 210 1029 211 984 210 11
986 220 947 218 1025 221 982 220 17
989 223 945 225 1027 225 983 225 16
986 236 946 233 1025 237 980 239 15
989 237 946 237 1027 239 982 240 10
988 246 948 243 1027 249 982 249 15
988 253 946 253 1025 255 982 256 13
989 262 949 262 1029 267 984 267 6
988 281 946 281 1027 287 982 287 8
986 285 944 286 1025 291 980 291 9
993 109 953 108 1031 103 988 102 18
994 158 956 158 1033 155 991 155 23
994 193 951 193 1033 193 988 193 14
993 197 951 197 1033 197 988 196 10
996 200 953 200 1035 201 990 200 15
996 229 953 229 1035 231 989 229 18
996 257 952 253 1035 261 990 261 16
994 259 951 259 1033 263 989 262 11
993 270 951 271 1031 273 985 274 13
994 273 952 274 1033 281 989 279 13
1000 98 960 97 1039 91 995 93 14
999 101 959 101 1037 95 994 95 15
1002 146 959 146 1041 143 996 142 10
1003 181 957 185 1041 183 994 185 13
995 183 954 182 1037 181 991 181 15
997 234 955 234 1037 237 992 236 12
1001 236 959 236 1041 239 996 239 13
1000 253 959 254 1039 259 996 257 11
1001 262 959 262 1041 267 996 266 11
999 259 957 259 1039 263 994 263 12
997 261 955 261 1037 265 992 265 10
1001 279 957 279 1041 285 993 287 14
1003 138 961 138 1043 135 997 133 12
1007 165 964 165 1047 163 1003 162 19
1003 168 961 168 1045 167 999 166 10
1006 170 965 173 1047 169 1001 169 14
1005 227 963 229 1047 231 1000 229 10
1006 245 964 244 1045 247 1001 248 18
1004 244 962 244 1043 247 999 247 12
1007 253 967 252 1047 257 1001 257 12
1003 260 961 261 1045 265 1000 265 9
1002 278 961 276 1043 283 998 281 8
1003 282 960 282 1045 287 999 287 21
1007 293 963 293 1047 299 996 297 13
1002 297 958 297 1043 303 996 304 13
1015 77 974 81 1053 71 1010 69 19
1010 138 969 138 1053 135 1007 134 21
1012 149 969 148 1053 145 1008 144 16
1010 166 968 167 1051 165 1005 165 12
1011 229 967 229 1053 231 1006 231 17
1010 230 966 230 1051 233 1005 232 16
1010 251 969 249 1049 255 1006 254 13
1011 264 967 264 1053 269 1006 269 13
1008 266 961 269 1049 271 1003 271 11
1017 133 973 133 1059 129 1013 128 16
1014 143 973 143 1057 139 1012 138 14
1017 163 972 161 1059 161 1013 161 21
1015 174 971 174 1057 173 1010 173 13
1017 180 974 180 1059 179 1013 179 11
1018 186 973 185 1059 185 1013 185 13
1015 193 973 191 1057 193 1009 193 10
1017 218 971 218 1059 219 1012 219 12
1016 221 972 221 1059 223 1011 223 13
1014 223 969 222 1055 225 1007 224 9
1013 235 969 234 1055 237 1006 238 10
1015 243 971 243 1055 247 1010 247 10
1013 247 971 247 1055 251 1010 252 16
1013 268 970 268 1057 273 1010 273 19
1015 273 973 269 1057 277 1010 278 11
1015 284 971 284 1059 291 1010 292 12
1013 289 968 289 1055 295 1008 295 10
1012 294 969 294 1055 301 1008 301 13
1013 299 968 300 1057 307 1007 307 11
1022 86 981 86 1063 79 1019 78 18
1019 138 979 139 1063 135 1017 135 15
1022 161 977 161 1063 159 1018 159 14
1018 179 975 178 1061 177 1015 177 17
1022 181 977 182 1063 181 1017 181 9
1023 180 980 179 1065 179 1018 179 9
1019 195 976 194 1061 195 1017 193 14
1018 212 975 211 1061 213 1014 212 11
1022 236 978 233 1065 239 1018 238 14
1019 251 977 252 1065 257 1015 255 14
1017 267 974 267 1063 273 1015 274 10
1018 296 971 295 1063 303 1012 301 11
1026 113 982 112 1067 107 1020 105 10
1029 124 986 123 1071 119 1025 118 12
1027 128 984 127 1069 123 1023 122 12
1028 160 983 159 1071 157 1025 157 15
1025 169 981 169 1067 167 1020 167 7
1027 169 983 168 1069 167 1022 167 15
1024 208 980 207 1067 209 1021 207 14
1029 223 985 223 1071 225 1025 225 12
1025 219 980 219 1067 223 1021 222 13
1023 255 979 255 1067 259 1019 259 15
1023 277 978 278 1067 283 1018 283 10
1022 294 976 294 1067 301 1018 300 13
1024 321 973 319 1071 331 1014 329 10
1034 88 991 87 1077 81 1031 80 17
1031 94 988 93 1073 87 1028 86 19
1030 107 986 107 1075 103 1023 101 16
1032 165 987 165 1075 163 1026 163 9
1030 169 987 169 1073 167 1027 167 13
1033 201 983 200 1077 201 1023 200 28
1032 216 985 213 1075 217 1027 217 11
1033 227 988 227 1077 229 1029 229 10
1031 234 986 234 1075 237 1028 237 12
1029 257 985 257 1073 261 1025 261 17
1038 169 993 169 1081 167 1034 167 8
1035 195 992 194 1079 195 1032 194 15
1039 229 995 229 1083 231 1035 231 14
1035 258 990 258 1079 263 1030 263 14
1036 293 990 293 1083 301 1032 301 9
1034 305 986 306 1079 315 1029 316 19
1043 124 997 123 1087 119 1038 118 18
1043 198 997 197 1087 197 1040 197 7
1039 205 996 207 1085 207 1036 207 12
1038 221 993 222 1085 223 1036 223 14
1041 226 996 225 1087 227 1038 227 9
1041 258 994 258 1087 263 1037 263 19
1042 295 995 295 1089 303 1037 302 11
1040 297 992 297 1087 305 1036 305 11
1038 303 990 303 1085 311 1033 311 8
1046 123 1002 122 1091 117 1042 117 19
1051 125 1005 124 1095 119 1048 118 15
1047 174 1000 174 1091 173 1044 172 11
1048 191 1002 191 1093 191 1044 190 11
1046 200 1000 200 1091 201 1042 200 8
1051 202 1005 202 1095 203 1047 202 7
1045 207 1000 206 1091 207 1042 206 12
1045 223 998 222 1091 225 1043 225 8
1043 229 999 228 1091 231 1043 231 12
1047 265 998 267 1095 271 1046 272 10
1045 273 997 273 1093 279 1041 279 8
1048 289 998 290 1095 297 1044 297 10
1045 301 997 301 1093 309 1041 309 12
1046 307 998 307 1095 315 1043 315 12
1053 119 1009 117 1099 113 1050 112 13
1055 180 1010 180 1101 179 1052 179 11
1052 181 1007 185 1099 181 1050 180 12
1052 199 1008 198 1099 199 1051 198 11
1053 206 1007 206 1099 207 1051 206 8
1052 212 1007 212 1099 213 1050 212 13
1055 222 1008 222 1101 225 1052 224 11
1052 224 1006 223 1099 227 1050 225 12
1053 234 1007 234 1099 237 1048 237 10
1048 272 1001 271 1097 277 1043 275 11
1052 281 1003 282 1101 291 1049 290 12
1049 303 1001 303 1097 311 1045 312 7
1051 312 1003 313 1099 321 1047 322 8
1060 80 1016 79 1105 71 1059 70 22
1060 110 1015 109 1107 103 1058 102 14
1060 113 1015 113 1107 107 1058 107 26
1059 138 1013 137 1107 133 1056 133 21
1059 182 1013 182 1105 181 1056 181 12
1058 212 1012 212 1105 213 1054 214 14
1057 227 1011 227 1105 229 1055 229 14
1059 234 1012 234 1105 237 1056 237 12
1059 248 1015 247 1107 251 1058 251 15
1060 251 1013 250 1107 255 1058 255 13
1056 262 1005 263 1103 267 1053 266 17
1054 279 1006 279 1103 285 1051 283 10
1054 290 1002 289 1103 297 1050 298 11
1063 179 1017 179 1111 177 1066 178 37
1062 177 1015 176 1109 175 1058 176 21
1063 215 1019 215 1109 217 1057 217 28
1063 222 1017 221 1111 223 1061 223 11
1063 262 1015 262 1113 267 1059 267 15
1064 277 1014 276 1113 283 1060 283 11
1061 283 1014 285 1113 291 1059 291 24
1067 115 1022 114 1117 109 1067 108 14
1068 188 1022 187 1117 187 1067 185 9
1066 204 1022 203 1115 205 1065 203 11
1070 206 1023 205 1119 209 1069 207 13
1069 219 1023 219 1117 221 1068 221 19
1066 223 1020 223 1115 225 1064 224 22
1069 265 1019 265 1117 271 1065 271 18
1066 280 1017 280 1117 287 1062 287 16
1069 293 1018 295 1119 303 1065 303 12
1064 306 1014 306 1115 315 1062 316 10
1067 308 1017 309 1119 317 1064 318 8
1077 183 1031 184 1125 183 1076 184 54
1072 223 1027 223 1121 225 1072 225 11
1076 227 1031 226 1125 229 1075 229 14
1075 249 1029 251 1125 253 1074 252 10
1071 270 1020 271 1121 277 1068 277 14
1071 319 1017 319 1123 329 1064 329 13
1081 103 1033 102 1131 95 1080 93 13
1079 109 1033 110 1127 103 1078 103 11
1077 117 1031 117 1127 111 1077 110 9
1079 188 1033 189 1129 189 1079 188 12
1076 194 1030 194 1127 195 1075 193 10
1080 203 1035 202 1131 203 1080 203 7
1082 242 1034 241 1131 245 1082 246 12
1077 304 1027 304 1131 313 1075 313 10
1084 90 1036 88 1135 81 1085 80 16
1085 95 1038 94 1133 87 1084 86 12
1085 105 1039 104 1135 97 1086 96 6
1085 200 1041 199 1135 201 1086 200 21
1086 226 1036 224 1133 227 1083 226 11
1086 233 1039 233 1135 235 1086 235 11
1081 282 1029 281 1135 289 1079 289 9
1082 290 1031 289 1135 297 1079 297 10
1080 312 1029 312 1133 321 1079 322 10
1079 317 1028 316 1133 327 1078 327 12
1081 323 1027 323 1135 333 1076 334 15
1091 82 1042 83 1139 73 1089 73 15
1092 204 1045 206 1143 205 1094 206 14
1093 214 1046 214 1143 215 1092 215 14
1093 225 1046 224 1143 227 1093 227 13
1087 273 1036 274 1141 279 1085 280 12
1089 271 1037 271 1143 277 1087 277 9
1085 276 1033 276 1139 283 1083 283 13
1088 274 1036 274 1143 281 1087 281 8
1084 279 1033 280 1139 287 1083 288 9
1089 293 1036 293 1143 301 1088 301 13
1087 321 1033 321 1141 331 1081 331 11
1089 325 1032 325 1141 335 1086 336 10
1096 85 1050 83 1149 75 1098 74 10
1098 196 1050 193 1149 195 1099 195 16
1098 213 1049 212 1149 215 1097 213 13
1098 232 1050 232 1147 235 1099 234 9
1095 241 1050 239 1147 245 1097 245 11
1094 243 1047 243 1145 247 1095 248 12
1096 248 1051 249 1149 253 1097 253 24
1093 256 1047 256 1145 261 1102 263 26
1093 260 1044 260 1147 265 1095 265 19
1089 266 1037 266 1145 273 1089 273 15
1093 279 1038 277 1149 287 1090 285 10
1091 297 1037 295 1145 303 1090 304 14
1092 300 1038 300 1147 309 1087 308 6
1102 44 1056 43 1151 33 1103 31 27
1099 97 1052 96 1151 87 1098 85 11
1100 105 1053 103 1153 97 1102 95 13
1102 118 1054 116 1153 111 1103 110 10
1101 210 1052 209 1153 211 1103 211 13
1101 220 1054 220 1153 221 1099 220 18
1101 239 1053 239 1153 243 1105 243 15
1101 248 1053 249 1153 253 1101 252 15
1097 313 1044 315 1155 325 1096 325 9
1099 318 1043 318 1155 329 1094 328 18
1105 99 1058 98 1157 91 1105 91 11
1105 101 1058 99 1157 93 1106 92 13
1105 140 1056 141 1157 137 1105 136 28
1107 187 1059 187 1159 187 1107 186 18
1103 210 1055 209 1157 211 1104 210 16
1107 210 1059 210 1161 211 1111 209 14
1108 214 1061 214 1161 215 1109 215 13
1108 228 1062 228 1159 229 1110 229 12
1108 233 1061 233 1161 235 1110 235 13
1104 244 1058 243 1157 247 1107 246 11
1108 245 1061 245 1161 249 1111 248 16
1108 247 1061 247 1159 251 1109 251 16
1108 251 1061 251 1161 255 1112 255 17
1104 254 1057 254 1157 257 1106 257 18
1104 279 1051 279 1161 285 1102 285 13
1102 282 1048 281 1159 289 1101 289 5
1101 286 1045 285 1159 293 1101 293 6
1103 296 1049 296 1161 305 1101 304 13
1103 300 1050 301 1161 309 1102 309 11
1101 328 1045 327 1157 339 1097 339 11
1111 124 1064 123 1167 119 1113 118 12
1113 137 1064 139 1167 135 1115 133 15
1112 149 1062 149 1165 145 1112 145 9
1113 229 1067 229 1167 231 1116 232 7
1111 237 1061 238 1165 243 1113 242 13
1113 244 1067 244 1167 247 1116 247 10
1109 273 1056 272 1167 279 1109 279 14
1110 281 1055 281 1167 289 1109 289 10
1107 288 1053 289 1165 297 1107 297 9
1104 293 1050 292 1163 301 1105 301 9
1107 303 1053 304 1167 313 1108 313 10
1115 132 1066 132 1169 127 1117 126 15
1117 189 1065 189 1171 189 1118 188 13
1121 207 1069 208 1173 209 1122 209 17
1114 212 1066 212 1169 213 1116 213 16
1120 219 1071 219 1171 221 1122 221 16
1115 225 1067 225 1169 227 1116 225 6
1118 251 1071 252 1173 255 1121 255 23
1111 270 1057 270 1169 277 1110 277 13
1113 276 1058 276 1171 283 1113 283 10
1112 275 1057 276 1169 283 1112 282 11
1111 301 1056 300 1171 309 1114 310 19
1121 51 1076 51 1177 39 1126 38 20
1121 136 1072 135 1177 131 1123 131 11
1121 155 1075 153 1179 151 1129 151 16
1122 194 1073 193 1179 193 1125 193 16
1118 191 1067 194 1175 191 1121 191 11
1123 212 1074 212 1179 213 1126 213 10
1125 218 1077 217 1179 219 1127 219 11
1124 223 1077 223 1179 225 1128 225 6
1125 244 1077 244 1179 247 1129 247 11
1125 249 1077 249 1179 253 1129 253 14
1117 263 1060 263 1177 269 1118 269 19
1119 283 1066 283 1179 291 1120 291 16
1117 295 1064 295 1177 305 1118 304 15
1114 317 1061 319 1175 329 1116 330 12
1125 63 1077 62 1181 51 1130 50 19
1130 146 1077 148 1183 143 1129 143 13
1128 148 1078 148 1185 143 1131 143 13
1120 185 1071 184 1181 183 1126 181 12
1127 191 1079 192 1183 191 1130 190 12
1128 209 1080 208 1185 209 1132 209 14
1127 215 1078 215 1185 217 1131 217 10
1127 231 1077 231 1183 233 1132 233 7
1126 240 1077 239 1181 243 1131 243 12
1130 244 1084 244 1185 247 1136 246 9
1121 260 1067 260 1181 265 1122 265 21
1121 266 1066 265 1181 271 1121 272 18
1124 269 1070 269 1185 275 1125 275 10
1123 276 1070 275 1183 283 1124 283 10
1120 307 1064 307 1181 317 1121 319 9
1136 106 1086 106 1191 99 1139 98 22
1133 159 1084 158 1189 155 1136 153 10
1133 175 1080 176 1189 173 1137 172 17
1132 179 1084 178 1189 177 1138 175 12
1129 177 1079 178 1187 175 1134 174 8
1131 197 1082 199 1189 199 1135 198 14
1130 202 1082 202 1187 203 1134 203 10
1134 210 1086 210 1191 211 1138 210 11
1130 223 1083 223 1187 225 1135 225 13
1132 249 1085 247 1187 253 1136 253 16
1129 266 1074 267 1191 273 1130 273 18
1128 271 1073 271 1189 277 1129 277 13
1129 276 1073 277 1191 283 1131 284 15
1129 281 1073 281 1191 289 1129 289 21
1141 149 1090 150 1197 147 1143 146 14
1136 147 1087 145 1193 143 1139 142 12
1136 161 1086 159 1193 157 1141 155 16
1136 164 1086 165 1193 161 1142 161 14
1139 181 1089 181 1197 179 1142 180 17
1135 201 1084 200 1193 201 1137 200 7
1137 214 1086 214 1193 215 1139 216 9
1141 243 1091 243 1197 247 1145 247 12
1136 251 1088 251 1193 255 1141 255 13
1143 192 1093 191 1199 191 1147 190 10
1145 200 1094 201 1203 201 1149 201 13
1147 225 1099 225 1203 227 1151 227 14
1149 111 1099 110 1207 103 1153 103 17
1148 137 1098 137 1207 131 1152 131 12
1149 230 1101 230 1207 231 1155 232 14
1151 249 1101 249 1207 253 1155 253 17
1142 270 1099 270 1205 277 1144 277 41
1153 77 1104 76 1211 67 1158 66 18
1153 101 1104 101 1211 95 1158 93 20
1156 137 1107 137 1215 131 1163 131 15
1155 188 1103 187 1213 187 1161 186 15
1152 196 1105 193 1211 195 1157 195 16
1154 199 1104 199 1213 199 1159 199 16
1154 207 1106 208 1215 209 1162 209 15
1154 218 1105 218 1213 219 1160 219 7
1153 214 1102 214 1211 215 1158 215 9
1156 236 1107 236 1215 239 1162 239 10
1153 243 1105 245 1211 249 1159 248 12
1159 47 1111 46 1217 35 1165 33 11
1158 79 1111 78 1217 69 1164 67 19
1161 88 1113 87 1221 79 1169 78 15
1157 170 1106 170 1217 167 1164 167 12
1156 185 1105 185 1217 185 1162 183 10
1158 206 1109 206 1219 207 1167 207 9
1162 213 1112 211 1221 213 1168 213 12
1158 221 1109 221 1217 223 1164 222 10
1161 224 1112 224 1221 227 1167 227 9
1159 248 1109 247 1217 251 1165 252 10
1167 119 1118 117 1227 111 1173 111 45
1161 113 1115 113 1223 107 1171 106 13
1165 126 1116 125 1225 121 1172 120 12
1162 133 1112 132 1223 127 1168 127 16
1163 149 1111 149 1225 145 1164 147 21
1165 158 1116 156 1227 153 1173 152 44
1163 154 1112 154 1227 149 1169 149 26
1161 178 1111 179 1223 177 1167 177 11
1167 192 1116 192 1227 191 1173 190 36
1165 202 1118 200 1227 201 1172 201 36
1165 198 1113 197 1223 199 1171 198 15
1164 210 1117 208 1225 211 1174 209 13
1167 220 1121 219 1227 221 1177 221 52
1167 236 1117 236 1227 239 1174 237 41
1163 246 1114 245 1223 249 1170 249 8
1167 256 1120 254 1227 259 1175 260 45
