93 159 42 160 73 157 18 157 25
91 159 38 159 73 159 23 160 137
91 191 41 192 73 191 21 190 15
97 155 46 158 79 153 23 152 81
98 215 47 215 77 215 20 213 32
101 133 50 136 83 131 23 130 195
105 247 55 248 87 251 34 251 71
110 164 60 164 93 163 40 163 97
109 171 59 170 91 169 38 169 82
108 218 59 217 89 219 29 220 19
111 243 63 247 93 247 40 245 70
111 335 56 335 91 343 35 342 23
112 104 63 107 95 99 42 99 94
114 174 63 175 97 171 43 172 123
114 172 63 173 97 169 43 170 117
114 256 63 256 95 259 41 259 78
117 269 69 269 99 273 48 272 81
121 322 64 324 99 331 43 331 24
120 344 65 343 99 353 39 353 20
119 215 69 214 101 215 49 214 24
119 239 70 238 101 241 48 241 82
123 246 72 245 105 249 53 248 83
119 271 72 273 101 275 50 275 78
119 291 70 291 101 295 50 295 57
122 137 75 137 107 133 56 134 71
126 160 77 159 109 157 57 155 62
124 189 76 191 107 187 56 189 106
128 191 79 193 111 191 60 190 90
126 202 77 202 109 201 58 201 73
122 251 77 250 109 253 55 253 64
120 253 74 252 107 255 53 255 74
127 255 79 254 111 257 60 257 80
130 70 82 70 115 63 64 64 155
129 216 83 215 113 217 62 215 19
135 129 88 130 121 125 71 125 48
133 249 83 249 119 251 67 251 89
134 317 89 315 119 323 67 323 21
141 60 94 61 127 51 77 52 156
142 66 95 68 129 59 79 57 144
142 105 96 105 129 99 80 99 63
143 116 96 116 129 111 80 110 43
137 213 91 212 125 213 74 213 30
140 225 93 225 125 229 77 227 43
145 95 98 94 131 87 82 88 201
149 128 102 127 135 125 86 125 159
147 187 100 188 133 187 84 187 107
145 203 98 201 131 203 82 202 46
147 212 100 209 133 211 84 211 41
145 243 97 243 131 245 79 245 147
149 245 102 244 135 247 86 247 74
147 251 101 250 133 253 85 252 47
145 274 98 274 131 279 82 278 19
149 275 105 279 135 281 86 279 25
145 294 98 293 131 299 82 297 18
149 299 103 299 135 305 86 305 22
150 104 104 101 137 99 89 98 155
150 151 104 151 137 153 89 154 67
154 207 109 209 141 207 93 205 128
151 235 105 237 137 239 88 238 37
154 276 109 276 141 279 93 279 42
156 98 110 98 143 91 95 90 113
158 138 112 136 145 133 97 131 116
160 189 114 189 147 189 99 187 103
160 191 114 193 147 191 99 192 102
160 198 115 198 147 197 99 197 107
158 243 113 243 145 245 97 244 78
160 258 115 258 147 261 99 261 49
158 269 113 270 145 273 97 272 52
160 310 115 308 147 315 99 314 30
163 108 118 108 151 105 104 105 41
163 194 118 194 151 193 104 193 59
165 192 120 192 153 191 106 191 38
165 200 120 199 153 201 105 199 55
162 205 116 205 149 205 101 205 86
162 227 116 224 149 225 101 224 84
164 236 118 235 151 237 103 236 53
163 237 118 237 151 239 104 239 64
164 251 119 251 151 255 103 253 33
164 264 119 264 151 267 104 266 42
164 275 119 274 151 279 104 278 25
164 271 119 271 151 275 104 275 55
166 297 121 299 153 307 105 305 47
164 311 119 310 151 317 103 316 39
166 48 122 48 155 39 109 40 44
167 50 124 52 157 43 109 41 51
170 67 126 68 159 63 113 63 118
169 78 126 81 159 73 114 75 62
168 110 125 110 157 105 110 105 62
170 196 127 197 159 195 113 195 29
170 197 126 196 159 197 113 195 41
167 222 123 222 155 223 108 223 49
167 233 122 233 155 235 108 234 41
168 282 123 281 155 287 107 285 45
171 49 128 47 161 39 116 37 28
175 112 132 112 165 107 120 107 21
174 125 131 125 163 119 118 120 37
174 151 129 148 163 147 118 147 36
172 184 128 183 161 183 115 183 33
173 211 130 211 163 211 117 211 24
172 233 130 233 163 235 119 234 40
175 244 131 243 165 245 118 245 21
178 271 134 271 165 273 121 271 28
173 297 129 298 161 305 114 305 31
179 104 136 105 169 99 125 99 24
181 181 139 179 171 177 127 177 14
182 215 139 216 171 217 126 217 12
182 252 141 255 171 255 127 255 15
179 302 136 301 167 307 121 306 24
178 311 132 311 167 317 121 316 20
184 89 142 89 175 83 131 84 85
183 133 141 134 173 129 128 127 15
182 140 140 140 173 137 129 139 15
183 165 141 161 173 159 129 159 14
183 159 142 159 175 157 131 155 19
187 167 145 165 177 163 133 164 12
182 169 140 169 173 169 127 168 10
187 175 145 175 177 173 133 173 13
186 212 143 212 177 213 128 212 12
182 220 141 219 173 221 129 220 12
186 229 143 227 175 229 133 228 15
185 241 143 241 175 243 130 243 19
181 238 139 237 173 239 125 239 37
183 249 141 249 173 251 129 252 18
184 253 143 253 175 257 131 256 8
187 261 143 261 177 265 134 264 18
187 273 146 275 177 277 133 277 19
189 315 143 314 177 321 129 320 18
191 135 150 135 183 133 139 133 18
187 141 146 142 179 139 134 138 16
190 173 150 174 181 171 138 171 12
189 245 148 244 179 247 136 247 15
189 282 147 281 179 285 135 284 26
193 286 151 285 183 289 139 289 23
194 292 150 289 183 295 139 294 18
192 322 145 321 179 329 129 328 22
191 114 153 114 185 111 141 111 20
191 111 150 111 187 107 145 107 71
193 124 151 123 185 121 141 121 24
193 133 152 133 185 129 142 129 24
197 136 156 138 189 133 146 133 38
195 146 154 146 187 143 145 144 20
193 155 154 157 187 155 142 155 32
193 167 153 167 185 165 143 165 16
196 171 155 171 187 169 144 169 20
197 181 156 183 189 181 146 181 61
195 229 153 229 185 231 141 231 34
195 281 153 281 185 285 141 285 33
197 298 154 298 187 303 144 302 23
195 304 151 304 185 309 141 308 23
197 319 151 319 187 327 135 326 19
199 91 158 91 191 85 148 84 69
201 140 161 140 193 137 151 137 28
199 144 159 144 191 141 149 142 26
201 182 161 182 193 181 151 181 49
203 186 163 186 195 185 153 185 46
200 191 158 190 191 189 147 188 29
201 190 161 190 193 189 151 189 38
201 224 161 224 193 223 151 224 47
202 239 158 239 191 241 150 240 57
201 243 161 244 193 245 149 246 31
198 249 158 248 191 251 149 250 27
202 311 157 311 193 317 142 317 23
208 49 168 49 201 41 159 42 27
204 75 164 75 197 69 155 69 78
206 77 166 77 199 71 157 72 48
204 101 164 103 197 97 155 99 103
204 125 164 125 197 121 155 121 32
208 127 169 131 201 125 159 123 27
204 136 164 137 197 133 155 135 25
208 139 169 140 201 137 159 135 58
208 147 169 148 201 145 159 145 30
209 172 169 172 201 171 159 172 54
206 174 166 174 199 173 157 173 74
207 180 167 180 199 179 157 179 60
207 220 169 223 199 221 157 221 69
205 232 165 232 197 233 154 233 120
209 250 169 249 201 251 159 250 125
207 273 166 275 199 277 157 275 134
209 295 169 295 201 299 159 298 135
213 73 172 73 207 67 163 67 94
213 153 175 153 207 151 167 151 42
212 193 173 193 205 193 165 192 52
210 221 171 221 203 221 162 221 99
212 236 172 236 205 237 163 237 82
213 267 173 266 205 271 163 270 140
214 287 175 289 207 293 166 293 123
211 309 168 308 203 313 159 313 58
215 94 176 94 209 89 170 90 49
221 180 181 180 213 179 172 179 106
221 186 177 186 211 185 170 185 110
220 205 182 205 213 205 173 205 117
218 230 177 230 211 231 169 231 243
215 252 173 250 209 255 168 255 184
216 275 177 274 209 277 168 276 165
216 293 177 292 209 297 168 296 169
221 299 180 298 213 303 169 303 122
221 295 181 294 213 299 171 298 103
219 303 179 303 209 309 166 308 91
222 61 183 62 217 55 178 56 51
220 71 183 69 215 65 177 65 67
225 75 187 75 219 69 178 69 85
223 80 186 81 219 75 177 75 84
222 92 182 91 217 87 177 87 44
224 117 187 117 219 113 180 114 105
221 148 184 147 217 145 178 146 36
220 146 182 146 215 143 174 143 29
222 217 184 215 215 217 175 217 131
226 228 188 227 219 229 180 229 64
221 240 181 241 215 241 173 243 244
225 249 187 249 219 251 179 251 89
225 286 186 287 219 291 178 290 122
222 291 183 290 215 295 174 294 157
224 291 184 290 217 295 176 294 112
227 297 188 296 219 301 179 300 106
222 312 178 311 215 317 166 316 27
225 76 188 77 221 71 181 71 56
232 83 192 83 225 77 183 77 75
228 99 192 98 223 95 185 95 27
230 124 193 124 225 121 187 121 105
227 157 188 157 225 155 189 155 122
226 190 190 190 221 189 181 189 86
231 195 193 195 225 195 186 193 84
229 217 191 216 223 217 184 217 73
227 245 189 243 221 247 181 247 69
229 305 193 306 221 313 175 312 33
233 41 195 40 229 33 189 34 44
235 69 198 69 231 63 192 63 129
236 92 198 94 231 89 194 89 50
236 110 199 109 231 105 194 106 38
231 111 195 113 227 109 189 109 42
234 134 198 134 229 129 191 129 76
231 162 196 161 229 161 192 159 111
235 166 200 167 231 165 195 165 136
236 194 199 194 231 193 193 194 206
232 206 195 205 227 207 188 207 95
234 215 196 213 227 213 188 213 101
233 228 195 227 227 229 188 229 128
234 237 197 238 229 241 190 241 92
235 282 197 279 229 285 190 283 166
237 288 201 287 231 291 193 290 254
237 316 190 316 227 323 179 322 33
241 320 194 319 231 327 181 326 43
241 80 204 80 237 75 198 75 128
240 85 201 85 233 79 193 79 97
241 115 205 115 237 111 200 111 76
237 118 201 118 233 115 196 115 115
241 153 206 153 237 151 201 151 62
237 162 202 161 233 159 197 159 91
241 164 206 165 237 163 201 163 84
240 172 205 172 235 171 198 171 197
242 180 206 180 237 179 199 179 300
240 190 203 190 235 189 197 189 255
238 188 201 188 233 187 194 187 218
242 195 205 193 237 193 199 192 193
240 209 203 207 235 207 197 208 67
242 216 205 215 237 215 198 213 75
240 236 203 235 235 237 197 239 75
240 257 204 256 235 259 196 259 131
249 316 204 315 237 323 188 322 32
244 72 208 72 241 67 204 68 105
243 121 207 120 239 117 202 117 79
244 165 210 164 241 163 205 163 131
246 176 210 176 241 175 204 175 251
246 182 210 182 241 181 204 181 375
244 186 207 186 239 185 201 185 235
247 226 211 226 243 227 206 227 123
244 251 207 249 239 253 201 252 100
251 254 213 254 243 257 204 257 267
249 79 213 79 245 73 208 74 112
250 88 213 88 247 83 211 84 135
252 93 217 93 249 89 213 89 104
248 118 213 118 245 115 209 116 105
250 146 215 145 247 143 211 143 53
250 149 215 150 247 147 211 147 117
248 159 213 159 245 157 209 157 112
253 180 217 180 249 179 212 179 163
251 228 215 228 247 229 210 229 87
250 243 214 242 245 243 208 245 50
253 249 217 247 249 251 211 249 56
254 155 220 154 251 153 215 153 115
258 182 222 182 255 181 218 181 140
255 224 220 224 251 225 215 225 150
257 227 222 227 253 227 216 226 95
258 243 223 243 255 245 219 246 77
257 253 221 253 253 255 216 255 59
255 249 220 248 251 251 213 251 62
258 251 223 251 255 253 219 252 57
255 278 219 278 251 281 213 281 37
260 94 225 94 257 89 221 90 87
260 115 225 116 257 111 221 112 98
262 147 227 147 259 145 223 145 31
262 159 228 159 259 157 223 157 50
264 168 230 168 261 169 225 168 101
260 174 225 171 257 173 221 173 88
261 184 227 184 259 183 223 183 165
263 180 228 180 259 179 223 179 126
262 228 228 228 259 229 223 229 105
264 239 229 237 261 241 225 240 56
263 265 228 265 259 269 223 267 33
263 274 228 274 259 277 223 277 57
258 281 220 281 257 283 219 283 101
266 311 221 310 259 317 215 317 35
267 76 234 77 265 71 230 72 106
265 95 231 93 263 91 227 91 93
269 99 235 99 267 95 232 96 102
269 159 235 159 267 157 232 157 98
269 172 235 171 267 171 232 171 116
269 174 235 173 267 173 232 173 184
266 182 232 182 263 181 228 181 105
266 192 232 192 263 191 228 191 218
269 217 236 215 267 217 232 217 55
267 224 233 224 263 225 228 225 142
270 284 232 283 265 287 228 287 56
268 289 234 289 265 293 229 293 51
272 307 229 307 265 313 220 312 57
270 311 227 311 263 317 217 317 70
276 80 242 80 273 73 239 75 97
275 90 242 91 273 85 239 86 102
270 116 237 115 269 111 234 112 132
273 166 240 167 271 165 237 166 100
273 205 240 205 271 205 237 205 121
273 209 240 209 271 209 236 209 115
275 218 242 218 273 219 239 219 40
273 251 240 251 271 255 236 253 58
273 262 238 261 269 263 234 263 34
273 268 239 268 269 271 233 271 32
276 281 240 281 271 285 233 285 46
273 285 237 285 269 289 232 289 55
272 289 238 289 271 293 232 293 62
277 296 237 296 271 301 229 300 137
278 302 238 301 273 307 229 307 81
280 121 248 121 279 117 245 117 193
276 127 243 127 275 127 241 127 124
277 174 244 174 275 173 241 173 105
278 190 246 190 277 189 243 189 122
279 214 246 213 277 215 243 214 64
281 254 248 254 279 257 245 257 36
281 283 248 283 279 287 240 286 54
284 298 245 298 279 303 237 302 99
282 95 250 96 281 91 248 92 189
285 125 253 125 285 123 252 124 94
284 131 252 131 283 129 250 130 107
286 183 254 182 285 183 252 183 114
286 180 254 179 285 179 252 179 107
282 184 250 185 281 185 247 183 143
286 234 253 235 285 235 252 234 33
287 246 255 246 285 249 252 248 39
282 246 250 245 281 247 247 247 46
285 290 248 289 281 293 242 293 67
288 303 248 303 283 309 238 308 76
290 325 247 325 281 333 236 333 33
293 321 246 321 285 329 235 328 33
289 118 258 118 289 115 256 115 85
291 155 260 155 291 153 258 153 47
289 151 258 154 289 151 257 152 51
292 189 260 189 291 189 258 189 107
290 187 258 187 289 187 256 187 94
287 225 255 225 287 225 255 224 40
290 230 258 230 289 231 256 231 40
288 247 256 246 287 247 254 247 44
291 309 251 309 287 315 241 315 69
294 123 263 123 293 119 261 120 69
295 135 264 136 295 133 263 132 29
297 143 266 143 297 141 265 141 48
295 141 264 141 295 139 263 139 49
298 151 267 151 297 149 265 149 41
295 185 264 183 295 185 263 185 106
297 187 267 188 297 187 265 187 78
294 201 263 201 293 201 261 201 51
296 197 265 197 295 197 263 197 35
296 199 265 199 295 199 263 199 58
294 207 262 207 293 207 260 207 55
295 213 264 213 295 213 263 213 40
295 218 264 218 295 219 263 219 71
297 226 266 226 297 227 265 227 60
295 247 263 247 293 249 259 249 22
296 246 264 245 295 247 262 247 17
294 253 261 253 293 255 260 255 18
294 257 260 256 293 259 258 259 32
294 264 262 264 293 267 259 267 46
296 272 264 272 295 275 261 275 42
298 285 261 285 295 289 261 289 28
303 72 272 72 303 67 271 67 142
303 118 271 118 299 115 267 115 187
303 130 271 130 303 127 271 127 77
299 155 268 155 299 153 267 153 32
301 151 270 151 301 149 269 149 31
299 180 269 182 299 181 267 180 78
299 208 269 208 299 209 267 208 67
304 241 272 241 303 243 270 243 45
300 274 269 274 299 277 267 277 46
306 291 269 290 303 295 263 294 45
307 302 268 301 303 307 261 306 39
305 33 277 35 307 29 277 27 102
305 57 277 57 307 55 278 56 181
304 127 274 127 305 125 273 125 38
306 143 273 142 305 141 274 141 29
309 166 278 166 309 165 277 165 31
309 200 279 201 309 201 279 201 70
305 209 274 208 305 209 273 209 66
311 33 283 37 313 29 283 27 102
310 73 281 74 311 69 280 69 257
310 69 280 70 311 65 280 65 285
313 147 283 147 313 145 283 146 17
312 159 283 159 313 159 284 161 23
312 162 283 162 313 161 283 161 41
312 170 284 167 313 169 284 168 29
314 169 285 168 315 167 285 167 38
310 200 281 199 311 199 281 198 103
311 243 279 243 311 245 277 244 18
311 253 278 253 311 255 277 255 15
313 257 282 256 313 259 280 258 15
314 265 282 264 313 267 279 267 19
316 268 284 267 315 271 283 269 38
317 285 280 284 315 289 276 288 44
316 294 277 294 313 299 272 299 79
319 300 281 300 315 305 275 305 46
317 307 277 306 313 313 267 313 31
317 59 289 63 319 57 290 59 156
315 67 287 68 317 63 288 64 215
315 71 285 71 317 67 286 67 318
317 77 288 77 319 73 291 74 346
316 112 284 113 317 109 284 110 85
318 118 286 118 319 115 287 115 108
319 131 291 129 321 129 292 127 24
317 135 284 134 317 133 285 133 15
319 204 291 204 321 203 292 203 77
320 209 292 209 321 209 292 209 47
322 252 290 252 321 255 289 254 22
318 253 286 252 317 255 284 255 23
325 71 297 73 327 67 298 68 94
323 79 295 79 325 75 295 75 260
325 87 297 89 327 85 298 85 173
323 134 295 134 325 133 296 131 16
325 137 297 137 327 135 298 135 23
321 139 292 139 323 137 294 137 12
326 142 297 143 327 141 298 141 26
322 150 295 148 325 147 296 146 20
322 153 294 149 323 149 295 147 16
322 174 294 173 323 173 294 172 55
321 185 293 185 323 183 294 183 48
326 180 298 179 327 179 298 179 47
322 194 294 195 323 193 294 193 73
326 206 298 206 327 207 299 206 51
326 202 298 203 327 203 298 204 56
321 212 294 213 323 213 294 214 55
321 226 293 225 323 225 294 225 56
327 266 295 266 327 269 295 269 38
327 272 294 272 325 275 291 275 75
328 277 293 277 327 281 292 281 41
328 292 288 292 325 297 284 297 64
328 300 288 300 325 305 282 305 58
331 111 303 110 333 107 304 106 181
329 114 301 114 331 111 302 111 141
331 156 303 156 333 155 305 155 31
327 173 299 174 329 173 300 172 41
330 195 303 195 333 195 304 195 49
328 198 300 198 329 199 300 199 54
331 201 304 201 333 201 304 201 44
331 211 303 211 333 211 304 211 66
331 213 304 212 333 213 304 213 67
332 221 304 220 333 221 304 221 58
327 225 300 224 329 225 300 225 64
328 237 300 239 329 239 301 238 38
329 258 298 258 329 261 297 260 34
331 259 300 258 331 261 299 260 35
333 263 302 262 333 265 301 265 42
331 274 302 274 331 277 297 277 85
330 285 295 285 329 289 291 289 39
332 289 297 288 331 293 291 293 77
335 125 308 125 337 123 309 123 125
334 130 307 131 337 129 308 128 96
335 148 307 149 337 147 309 147 38
335 164 307 164 337 163 308 163 61
335 170 307 170 337 169 308 169 79
335 182 307 181 337 181 308 180 75
335 191 307 191 337 191 308 191 57
335 201 307 201 337 201 308 201 41
337 205 309 204 339 205 311 205 99
337 213 310 215 339 213 311 215 250
334 251 305 251 335 253 307 253 35
336 257 307 257 337 259 307 259 34
336 265 306 265 337 267 306 267 41
336 287 299 286 335 291 297 290 38
339 294 302 294 337 299 297 299 52
340 305 297 305 337 311 293 310 42
342 116 310 116 343 113 310 113 194
340 125 314 125 343 123 316 123 192
341 131 314 132 343 129 315 129 257
339 147 311 147 341 145 312 144 123
342 162 316 161 345 161 318 160 167
342 168 316 168 345 167 318 167 122
342 170 316 170 345 169 318 169 169
339 183 312 184 341 183 313 183 183
339 199 312 199 341 199 313 199 148
342 220 314 220 343 221 316 220 74
340 232 312 232 341 233 312 233 27
340 258 311 258 341 261 313 260 33
347 289 307 288 343 293 305 293 54
343 292 307 292 343 297 302 296 34
348 125 322 125 351 123 325 123 225
344 131 318 131 347 129 320 129 161
348 170 322 170 351 169 324 169 166
346 209 321 207 349 209 323 207 180
345 219 318 218 347 219 320 219 127
345 235 318 236 347 237 319 237 20
347 238 319 237 349 239 321 239 18
347 248 319 247 349 249 320 249 12
351 270 319 270 351 273 319 273 27
351 285 316 285 351 289 313 289 19
350 41 325 41 355 37 328 37 150
354 112 328 112 357 109 331 109 141
354 117 328 119 357 115 331 116 189
352 123 325 123 355 121 328 121 209
353 125 328 125 357 123 331 123 231
350 129 324 129 353 127 326 129 173
353 148 329 148 357 147 332 147 233
354 174 329 173 357 173 331 173 306
354 181 329 181 357 181 331 181 182
352 179 327 179 355 179 329 179 189
350 186 325 187 353 185 327 186 197
354 196 329 197 357 195 331 195 107
350 199 325 200 353 199 327 199 160
353 219 325 218 355 219 328 219 117
352 224 326 224 355 225 328 225 110
353 255 325 255 355 257 327 257 20
355 259 326 259 357 261 327 261 26
357 283 321 282 355 287 320 286 23
355 289 319 288 355 293 316 293 23
356 314 311 314 353 321 307 320 55
358 318 313 318 355 325 307 325 74
356 320 311 319 353 327 304 327 62
352 42 331 44 359 39 335 40 153
356 116 331 116 359 113 333 113 148
357 153 334 155 361 151 338 151 289
356 172 331 171 359 171 333 171 218
355 169 332 170 359 169 335 170 303
359 170 336 169 363 169 340 169 305
359 177 332 177 361 177 335 177 318
360 220 336 221 363 219 338 220 179
358 222 331 222 361 223 336 224 183
359 253 331 253 361 255 332 255 22
357 259 330 259 359 261 330 261 23
365 309 321 309 363 315 317 315 66
366 324 319 325 361 333 314 332 31
367 336 318 335 361 345 310 344 23
359 111 335 111 365 109 335 108 201
364 117 340 117 369 115 340 114 276
365 132 341 131 369 131 345 129 131
365 143 338 143 369 141 341 142 394
365 150 342 150 369 149 346 149 361
366 228 340 228 369 229 343 229 149
365 247 337 247 367 249 339 249 82
363 251 335 251 365 253 337 253 42
371 301 329 301 369 307 325 307 90
369 311 326 310 367 317 321 317 112
368 312 324 312 365 319 320 318 51
367 324 321 324 365 331 315 332 46
371 349 318 348 365 361 307 360 15
370 24 347 25 375 21 351 19 188
368 37 345 38 373 33 349 34 126
366 113 342 113 371 111 346 111 143
369 129 345 129 373 127 349 127 165
367 148 344 148 371 147 348 147 281
369 174 346 173 373 173 350 173 126
370 245 343 246 373 247 346 246 208
372 251 345 251 375 253 347 252 116
376 290 338 290 375 295 336 295 81
375 298 336 297 375 303 332 303 52
376 303 337 302 375 309 331 309 108
377 311 335 310 375 317 331 317 49
374 45 352 46 379 41 356 42 67
372 115 349 115 377 113 353 113 217
376 177 353 177 381 177 358 177 87
377 183 354 183 381 183 358 183 54
374 234 347 233 377 235 349 234 178
376 240 350 239 379 241 353 241 334
376 248 350 247 379 249 352 249 185
375 270 343 270 377 273 343 273 89
376 276 344 276 377 279 344 279 64
382 348 328 347 377 359 317 357 16
380 251 354 251 383 253 357 253 210
383 276 351 276 383 279 350 279 88
383 272 352 272 385 275 352 275 85
385 298 346 297 385 303 343 303 64
387 296 348 295 387 301 346 301 77
384 305 343 305 383 311 340 311 69
392 344 338 343 387 355 329 355 22
389 246 364 246 393 247 368 247 78
390 259 363 259 393 261 365 261 65
387 268 359 268 389 271 359 271 96
388 274 357 274 389 277 357 277 78
396 257 370 257 399 259 372 259 62
395 292 357 292 395 297 355 297 114
399 309 359 308 399 315 357 314 74
399 314 357 314 399 321 353 321 61
400 229 380 229 405 229 385 231 184
403 245 379 245 405 247 381 247 148
400 252 374 250 405 253 377 253 81
401 270 370 270 403 273 372 273 102
401 283 361 285 403 287 367 286 75
401 289 364 289 403 293 361 295 100
405 307 365 306 405 313 363 313 55
405 310 363 309 405 317 361 316 37
403 316 364 316 405 323 357 323 69
401 332 354 331 401 341 348 341 32
406 225 386 225 411 225 391 225 257
406 232 386 232 411 233 391 233 275
402 234 382 234 407 235 387 235 241
406 268 376 268 409 271 378 271 47
407 272 377 272 409 275 377 275 49
407 285 373 284 409 289 372 289 83
410 288 375 288 411 293 376 292 69
413 328 363 328 411 337 360 337 84
407 72 386 71 413 69 393 69 36
407 124 387 125 413 123 393 123 123
407 130 387 129 413 129 393 129 146
411 214 391 215 417 215 397 213 457
407 232 388 232 413 233 393 233 519
413 264 383 264 415 267 383 266 56
413 261 382 260 415 263 387 262 43
410 277 377 277 413 281 376 280 90
413 293 375 294 413 299 376 298 42
413 299 374 300 413 305 371 306 42
414 314 374 313 413 321 372 320 56
413 324 369 324 415 333 369 333 66
418 330 371 330 417 339 366 339 45
418 335 367 334 417 345 363 345 35
414 24 395 24 421 21 402 21 236
415 29 398 28 423 25 404 25 210
413 124 393 124 421 123 401 123 126
414 128 396 128 421 127 402 127 114
415 171 395 171 421 173 399 171 25
418 181 395 181 421 181 401 181 40
417 214 398 214 423 215 403 213 728
417 220 398 221 423 221 403 222 740
419 279 385 279 421 283 386 283 108
417 285 382 285 419 289 383 289 77
419 294 382 295 421 299 382 300 35
421 319 376 319 421 327 374 327 46
416 19 397 19 425 17 407 18 198
418 126 401 127 425 125 406 125 157
419 242 395 241 425 243 399 245 338
425 274 393 274 429 277 397 276 69
426 279 394 279 429 283 395 283 100
423 21 405 22 431 19 412 19 101
423 19 406 21 431 17 413 18 166
425 179 403 181 431 179 408 181 147
426 206 401 208 433 207 405 208 256
429 229 401 231 433 231 405 231 250
429 252 402 251 433 255 406 256 62
426 259 399 259 431 261 403 261 86
431 270 402 269 435 273 403 273 66
430 276 398 276 431 281 398 281 57
428 283 396 282 431 287 398 286 49
431 304 390 304 433 311 389 311 13
433 313 387 313 433 321 385 321 23
431 315 386 315 431 323 384 323 36
433 319 388 319 433 327 386 327 42
432 331 383 331 431 341 379 341 63
437 337 384 337 435 347 380 347 51
431 27 412 26 437 23 420 24 56
430 180 413 181 437 179 419 180 234
431 199 405 196 437 197 409 196 343
436 212 409 212 441 213 413 213 248
434 213 407 214 439 215 411 215 280
433 264 405 264 439 267 409 267 96
437 305 396 307 439 315 389 316 16
438 51 421 47 445 45 428 43 166
442 189 414 189 447 189 418 190 229
438 187 409 188 443 187 415 187 357
438 247 411 247 443 249 416 249 43
440 251 414 251 445 253 418 253 51
440 260 413 260 445 263 417 263 52
440 284 406 284 443 289 413 289 17
443 329 394 329 443 339 390 338 49
447 335 395 335 445 345 393 345 47
441 45 425 46 449 43 432 43 67
443 49 427 49 451 47 434 46 198
441 51 425 51 449 49 432 49 78
445 83 431 84 453 81 438 82 15
444 87 428 87 451 85 435 85 17
442 91 425 90 449 89 431 88 18
445 130 429 129 451 129 435 128 113
444 136 428 136 451 135 436 135 104
442 132 426 132 449 131 433 131 71
442 138 426 137 449 137 432 136 68
447 183 425 183 453 183 430 183 218
448 204 423 204 453 205 427 205 87
444 208 418 209 449 209 423 209 91
443 245 419 244 449 247 422 246 31
444 249 418 249 449 251 422 251 32
446 254 419 255 449 257 422 257 44
449 266 420 266 453 269 425 268 50
445 268 415 268 449 271 421 270 61
446 277 416 276 451 279 419 279 33
449 322 401 321 451 331 403 331 50
448 46 432 46 455 43 439 43 96
447 51 432 51 455 49 439 49 90
447 132 432 132 455 131 439 131 67
447 138 432 138 455 137 439 137 66
449 181 430 181 455 181 435 181 167
453 187 429 188 459 187 434 188 193
449 196 425 196 455 197 429 197 231
453 210 429 210 459 211 434 211 77
449 208 425 208 455 209 430 209 60
452 218 424 218 457 219 428 219 63
452 224 425 224 457 225 428 225 48
452 228 427 227 457 229 431 229 77
451 235 427 234 455 237 427 236 27
448 231 425 232 455 233 429 233 38
451 241 427 241 457 243 431 243 16
452 259 426 258 457 261 429 261 81
451 285 419 281 455 289 418 289 62
453 303 412 303 455 309 412 309 15
458 181 440 181 465 181 446 181 184
457 187 433 187 463 187 438 187 226
461 216 435 216 465 217 435 217 130
461 231 434 231 465 233 436 233 32
452 237 431 237 461 239 433 239 35
457 246 430 245 461 247 433 247 18
458 272 429 271 463 275 432 275 47
459 277 426 277 463 281 430 281 39
462 301 422 300 465 307 423 307 16
461 317 416 316 463 325 417 327 25
457 322 412 321 461 331 408 330 31
462 328 412 327 463 337 411 337 30
459 42 445 42 467 39 451 38 246
463 76 449 77 471 75 457 76 66
464 179 447 179 471 179 454 179 181
461 187 436 187 467 187 442 187 268
463 193 438 193 469 193 444 193 181
461 199 437 199 467 199 440 200 165
463 212 435 211 469 213 440 212 78
465 218 438 218 471 219 443 219 97
462 220 434 220 467 221 439 221 98
463 225 436 226 469 227 441 227 51
467 245 438 245 471 247 443 247 14
465 266 437 265 469 269 442 268 111
465 275 435 275 469 279 439 279 83
468 303 430 302 471 309 429 309 17
463 305 425 304 467 311 419 311 21
470 43 456 43 477 39 461 38 178
466 50 455 49 475 49 464 48 341
468 64 457 65 477 63 466 63 156
464 69 451 69 473 67 459 68 197
467 72 453 72 475 71 461 71 108
467 78 453 78 475 77 461 77 105
469 86 457 85 477 85 466 85 207
465 171 452 171 473 171 459 169 52
467 191 447 191 473 191 451 191 326
468 206 441 206 473 207 446 207 49
467 222 440 222 473 223 445 223 82
467 233 443 233 475 235 449 235 29
469 237 443 238 475 239 449 239 17
468 279 435 279 473 283 440 283 43
467 292 431 293 473 299 434 298 8
476 316 429 317 477 325 429 324 15
469 329 420 329 473 339 419 339 28
473 333 422 333 477 343 421 343 29
474 23 464 23 483 21 473 21 609
470 27 459 27 479 25 468 25 389
473 74 461 74 481 73 470 73 192
475 90 460 89 483 89 469 89 86
474 206 447 206 479 207 454 207 72
477 202 453 202 483 203 458 203 90
477 218 450 217 483 219 455 219 73
473 222 446 222 479 223 451 223 76
477 224 450 224 483 225 455 225 101
476 241 450 241 483 243 455 243 13
478 293 439 293 481 299 442 298 13
475 311 430 313 479 321 430 321 16
480 40 470 42 489 39 479 41 587
478 45 464 45 487 43 473 43 514
480 47 471 47 489 45 475 45 249
474 90 463 89 485 89 469 89 80
479 179 454 179 485 179 460 179 102
481 210 456 210 487 211 458 211 64
484 273 452 273 489 277 457 277 68
484 277 451 277 489 281 455 281 65
481 283 447 283 485 287 449 287 29
484 18 475 19 493 17 484 17 263
484 31 474 31 493 29 483 29 237
486 52 476 53 495 51 485 52 165
484 72 473 72 493 71 482 71 110
484 78 474 78 493 77 482 77 116
485 90 473 89 495 89 483 88 109
486 228 460 227 493 229 465 229 34
486 277 453 277 491 281 457 281 60
491 281 455 280 493 285 458 285 149
487 283 454 283 493 287 457 287 36
488 331 438 331 491 341 438 341 21
489 68 479 68 499 67 488 67 176
488 74 478 74 497 73 480 73 268
493 98 482 95 501 95 491 95 86
492 181 466 181 499 181 472 181 113
494 193 468 194 501 193 473 193 151
494 206 467 206 501 207 473 207 80
494 214 467 214 501 215 473 215 74
494 224 468 223 501 225 473 225 52
493 234 465 233 499 235 470 235 70
493 232 465 231 499 233 471 234 47
493 245 466 244 499 247 471 247 18
491 262 462 262 499 265 468 265 94
499 297 454 298 501 305 460 304 12
493 317 446 317 499 325 447 325 20
498 33 487 32 507 31 496 30 172
494 40 484 40 503 39 493 39 339
498 42 488 42 507 41 497 41 203
496 46 486 46 505 45 496 45 364
494 178 484 178 503 177 491 176 192
499 181 472 181 507 181 479 181 153
500 216 473 215 507 217 479 217 109
496 224 470 223 503 225 475 225 71
496 229 469 229 503 231 475 231 52
500 234 473 234 507 235 479 235 56
498 264 471 264 503 267 474 267 85
501 275 470 275 507 279 475 279 87
497 271 466 271 503 275 471 275 93
498 280 464 280 503 285 468 285 60
503 309 457 308 505 317 459 315 25
501 327 451 327 505 337 453 337 16
500 35 490 35 509 33 500 35 146
504 47 495 47 513 45 504 45 247
500 48 490 48 509 47 500 47 238
504 56 495 56 513 55 505 55 257
504 58 495 58 513 57 505 57 313
502 72 491 72 511 71 500 71 176
504 74 493 74 513 73 502 73 452
500 78 489 77 509 77 498 76 214
502 80 492 80 511 79 500 79 222
505 102 495 101 513 101 504 101 123
506 185 482 185 513 185 489 185 229
506 187 481 186 513 187 489 186 297
506 208 481 209 513 209 487 211 220
502 217 475 217 509 219 481 218 129
502 225 476 226 509 227 481 227 80
504 227 477 227 511 229 483 229 101
506 231 480 231 513 233 486 233 66
502 247 475 248 509 251 481 250 68
504 258 477 258 511 261 481 261 122
502 288 467 288 509 293 471 293 50
509 304 466 304 513 311 469 311 38
504 329 456 329 511 339 459 339 26
507 325 459 325 511 335 460 335 23
508 62 500 62 517 61 509 61 280
508 181 483 181 517 181 489 181 169
510 189 490 189 517 189 497 189 248
512 187 491 187 519 187 498 187 198
510 224 485 223 517 225 491 224 140
512 227 489 227 519 229 492 229 91
508 225 482 225 515 227 488 227 109
510 237 485 238 517 239 491 240 67
508 252 482 253 515 255 488 255 85
508 258 483 258 515 261 488 261 103
509 262 481 262 515 265 486 265 104
513 280 479 280 517 285 481 285 57
513 288 476 288 519 293 480 293 61
511 316 464 316 517 325 467 324 63
510 322 463 322 515 331 465 331 46
512 58 503 58 521 57 513 57 205
511 66 503 66 521 65 513 65 201
516 68 508 68 525 67 518 67 210
516 104 508 103 525 103 517 103 176
515 111 506 108 523 109 517 110 181
516 208 493 208 523 209 500 209 213
514 214 491 215 521 215 498 217 156
515 254 490 254 523 257 497 257 89
518 279 484 279 525 283 491 283 109
519 286 483 286 525 291 488 291 48
521 290 485 290 525 295 487 295 49
520 98 511 97 529 97 520 96 140
518 96 509 95 527 95 518 95 365
522 133 515 131 531 133 524 131 354
522 173 515 173 531 173 524 173 253
520 222 497 222 527 223 504 223 126
522 241 500 241 529 243 507 243 52
520 239 497 240 527 241 504 242 44
521 250 497 250 529 253 505 253 106
525 260 497 260 531 263 502 263 201
523 273 491 273 529 277 496 277 74
526 278 492 278 531 283 495 283 98
526 314 482 314 531 323 480 323 43
522 318 475 318 527 327 478 327 42
519 329 467 330 527 339 469 339 34
524 96 516 96 533 95 525 95 95
527 123 524 123 537 123 534 123 201
526 127 517 127 535 127 526 125 203
528 177 523 177 537 177 532 177 437
525 185 519 185 533 185 528 185 505
527 216 507 216 535 217 514 217 244
529 218 509 218 537 219 517 219 180
529 220 509 220 537 221 516 221 204
527 240 508 239 535 241 514 241 61
529 245 507 243 537 247 515 247 30
530 262 503 262 537 265 508 265 98
529 269 499 269 535 273 504 273 71
525 266 497 265 535 269 502 269 108
531 280 495 280 537 285 501 285 100
528 324 482 324 533 333 483 333 45
527 346 489 344 533 357 488 356 29
533 109 530 109 543 109 540 109 159
531 111 528 111 541 111 538 111 148
531 129 528 129 541 129 538 129 144
532 153 528 153 541 153 538 152 157
530 181 524 181 539 181 533 181 458
535 203 516 202 543 203 524 203 350
535 230 517 230 543 231 525 231 94
534 252 512 252 541 255 514 255 85
531 248 509 248 541 251 516 251 66
535 267 506 267 541 271 511 271 120
533 276 500 276 539 281 506 281 76
533 293 501 294 541 299 501 299 27
531 307 497 307 541 315 507 317 51
534 316 488 316 541 325 493 325 82
534 322 487 322 541 331 490 331 53
539 126 536 127 549 127 546 127 68
537 125 534 125 547 125 543 125 57
538 139 534 139 547 139 544 139 156
536 189 528 189 545 189 537 190 452
538 195 531 194 547 195 539 195 448
542 209 528 211 549 211 537 211 321
539 226 521 226 547 227 529 227 111
538 286 502 286 545 291 508 291 69
541 331 490 332 547 343 492 343 20
545 117 542 117 555 117 552 117 93
543 115 540 115 553 115 549 115 91
542 123 538 123 551 123 548 123 67
544 137 540 137 553 137 550 135 93
544 153 540 152 553 153 550 153 113
541 149 538 149 551 149 547 149 129
546 159 542 159 555 159 552 159 70
544 187 536 187 553 187 545 187 265
543 202 534 202 551 203 539 205 378
546 212 534 212 555 213 542 213 164
542 218 528 218 551 219 536 219 322
541 215 532 214 553 215 539 215 432
546 218 533 218 555 219 541 219 142
549 239 528 237 555 241 535 241 35
544 273 509 272 551 277 517 277 76
544 278 509 278 551 283 516 283 90
542 297 509 299 551 303 518 303 36
545 295 506 295 553 303 508 302 24
552 135 548 135 561 135 558 135 102
547 131 544 131 557 131 554 131 86
548 151 544 150 557 151 554 151 123
550 163 546 162 559 163 555 162 70
548 169 544 169 557 169 553 169 206
552 171 548 171 561 171 558 171 236
548 173 538 171 557 173 547 171 268
550 189 541 188 559 189 551 189 257
552 193 545 193 561 193 554 193 250
548 199 540 198 557 199 549 199 133
552 201 544 200 561 201 552 201 137
549 204 539 204 557 205 547 205 183
548 227 531 227 557 229 539 229 86
549 247 524 247 559 251 531 249 62
552 254 527 254 561 257 535 257 103
553 260 525 260 561 263 533 263 158
553 275 519 274 559 279 525 279 67
555 278 522 278 561 283 527 283 74
554 323 509 324 561 335 510 334 17
555 115 552 114 565 115 562 115 111
555 131 552 130 565 131 562 131 106
553 141 550 141 563 141 560 141 83
556 147 552 147 565 147 561 147 69
558 153 555 152 567 153 563 153 70
554 185 546 185 563 185 555 185 173
556 187 548 187 565 187 557 187 176
555 193 547 193 565 193 557 193 281
557 199 549 199 567 199 559 199 124
559 254 533 254 567 257 541 256 83
558 289 520 289 565 295 525 295 48
558 293 518 293 565 299 524 299 32
561 325 511 323 567 333 515 333 14
561 115 559 115 571 115 568 115 94
563 124 560 125 573 125 569 124 97
561 133 558 133 571 133 567 133 101
558 136 556 135 569 135 565 135 85
559 141 556 141 569 141 565 141 74
561 142 558 142 571 143 567 142 71
564 147 560 147 573 147 569 147 210
564 151 560 151 573 151 569 151 257
560 165 556 165 569 165 565 165 103
560 177 552 177 569 177 561 177 230
562 175 554 175 571 175 564 175 173
564 178 556 179 573 179 565 179 262
564 197 556 197 573 197 565 197 94
562 204 552 204 571 205 560 205 82
560 222 545 221 569 223 552 223 63
565 271 530 271 573 275 540 275 66
563 274 529 274 571 279 537 279 51
564 287 527 287 573 293 534 293 39
563 291 527 291 571 297 532 297 41
565 316 519 316 573 325 527 325 18
566 334 519 335 573 345 517 345 29
561 340 514 341 571 353 514 353 24
565 117 562 117 575 117 571 117 124
569 113 566 113 579 113 575 112 104
567 121 564 121 577 121 573 121 136
569 125 566 127 579 125 575 125 93
565 129 562 129 575 129 571 128 134
569 138 566 139 579 139 576 138 71
568 149 563 148 577 149 573 149 307
566 158 562 156 575 157 571 156 202
569 166 565 166 579 165 575 165 163
566 185 558 185 575 185 568 184 214
568 192 561 192 577 193 570 193 154
565 203 556 202 575 203 563 203 100
567 208 555 208 575 209 564 209 61
566 218 551 218 575 219 560 219 53
571 241 547 241 579 243 555 243 25
566 247 544 245 575 247 551 248 30
566 247 544 246 575 249 551 249 34
570 252 545 252 579 255 553 255 86
566 258 541 258 575 261 547 261 73
565 267 536 267 577 271 545 271 50
570 272 539 272 579 277 544 277 47
567 316 521 317 575 325 527 325 19
573 115 569 115 583 115 579 115 103
576 124 572 123 585 125 581 124 99
571 133 568 133 581 133 577 133 92
573 134 570 135 583 135 579 135 79
575 131 571 131 585 131 581 131 86
574 147 570 146 583 147 579 147 94
575 168 571 166 585 167 581 166 207
576 179 571 178 585 179 580 179 202
574 183 568 182 583 183 578 183 272
572 187 567 187 581 187 576 187 269
575 189 570 189 583 189 578 189 199
573 206 559 206 583 207 572 207 93
573 210 560 210 581 211 568 211 40
576 214 564 214 585 215 572 215 41
575 254 549 254 585 257 557 257 102
576 260 551 260 585 263 557 263 76
574 282 538 282 583 287 546 287 119
574 289 538 290 583 295 543 295 48
576 307 528 308 585 315 539 314 16
575 313 531 313 585 321 537 321 19
573 325 525 324 581 337 533 339 23
580 126 576 127 589 127 586 126 88
579 141 576 140 589 141 585 141 213
578 157 574 157 587 157 583 157 108
580 170 575 170 589 171 585 170 109
577 169 573 169 587 169 582 169 106
583 189 577 189 591 189 586 189 78
582 194 573 194 591 195 582 195 82
576 199 563 199 587 199 578 199 105
577 202 561 203 587 203 576 203 107
577 218 563 218 587 219 572 219 72
579 231 561 231 591 233 570 233 44
577 248 553 248 587 251 560 251 35
582 311 537 311 591 319 544 319 14
579 318 532 318 589 327 539 327 19
576 336 525 337 587 349 531 350 22
587 121 584 120 597 121 593 121 102
586 137 583 137 597 137 594 137 102
584 159 579 158 593 159 589 159 96
586 155 582 155 595 155 591 155 96
586 161 582 161 595 161 591 161 97
586 179 581 179 595 179 590 179 113
584 200 575 200 593 201 580 201 56
584 206 573 206 593 207 582 207 51
587 212 575 212 597 213 583 213 52
587 220 572 220 597 221 581 221 66
586 227 571 227 595 229 576 229 44
583 243 559 243 593 245 568 245 28
586 258 558 257 595 261 567 261 45
584 271 551 271 593 275 555 275 54
588 284 552 283 597 289 560 289 55
585 291 546 291 593 297 553 297 50
583 287 546 287 593 293 554 293 56
588 293 548 293 597 299 555 299 56
587 307 541 306 593 315 547 315 17
584 314 540 315 595 323 547 323 23
583 333 532 333 595 345 538 345 23
593 99 590 98 603 99 600 98 119
590 96 584 99 599 97 594 99 89
589 109 585 110 599 109 596 108 121
593 117 590 117 603 117 599 117 95
591 113 588 112 601 113 597 113 332
591 123 588 122 601 123 597 123 103
589 141 585 140 599 141 595 141 134
593 139 589 139 603 139 599 139 77
589 156 585 156 599 157 593 155 273
590 163 585 163 599 163 595 163 138
591 185 586 185 601 185 595 185 143
594 187 587 186 603 187 597 187 185
595 193 585 192 603 193 595 193 205
592 206 581 206 601 207 590 207 53
591 210 579 210 601 211 589 211 55
590 263 561 263 599 267 570 267 50
591 276 558 276 601 281 565 281 76
591 280 557 280 601 285 564 285 56
589 330 538 329 599 341 543 341 16
597 81 593 81 607 81 603 82 21
599 109 595 109 609 109 605 109 105
595 129 590 129 605 129 600 129 86
597 143 593 143 607 143 603 143 82
595 145 591 144 605 145 601 145 73
599 150 595 150 609 151 605 151 246
597 157 593 158 607 157 603 157 74
595 173 591 172 605 173 600 173 159
596 178 590 179 605 179 600 179 152
595 218 580 218 605 219 589 219 39
598 240 575 239 607 243 581 241 23
598 254 573 253 609 257 581 257 28
598 258 567 258 609 261 579 261 47
595 262 561 264 609 265 581 265 121
596 273 563 273 607 277 573 277 47
597 306 554 306 607 315 560 315 12
598 313 552 313 607 321 558 321 11
598 317 556 318 609 327 558 327 20
597 331 544 330 609 343 552 342 23
597 346 544 345 607 359 546 360 24
603 81 599 80 613 81 609 80 21
603 87 599 87 613 87 609 87 59
603 121 599 121 613 121 609 121 86
601 127 596 127 611 127 607 127 81
605 131 601 131 615 131 611 130 93
601 137 597 140 611 139 607 139 96
602 146 598 146 611 147 607 147 158
605 157 601 157 615 159 611 161 122
605 176 598 176 615 177 608 177 228
602 173 595 172 611 173 606 173 187
601 181 595 180 611 181 604 181 230
603 179 597 178 613 179 606 179 384
605 190 599 190 615 191 608 191 270
602 193 594 192 611 193 604 193 157
602 202 589 202 613 203 601 203 155
601 235 581 235 611 237 590 237 34
601 271 570 271 611 275 579 275 43
602 276 569 276 613 281 578 281 64
605 294 565 295 615 301 574 301 20
599 310 555 310 611 319 561 319 12
605 343 549 344 615 357 555 357 20
602 348 544 348 611 363 550 363 37
611 103 607 103 621 103 617 103 126
607 129 603 129 617 129 613 129 97
611 149 606 148 621 149 616 148 168
612 190 604 190 621 191 614 191 258
611 218 597 218 621 219 606 219 115
611 214 597 213 621 215 607 215 108
607 214 594 213 617 215 602 215 88
610 227 593 227 621 229 603 229 58
606 233 587 233 617 235 601 235 48
612 233 595 233 621 235 602 235 34
610 242 583 243 621 245 597 245 25
607 242 577 241 617 245 594 245 18
608 278 575 278 619 283 583 283 44
611 287 574 287 621 293 578 293 35
609 291 570 290 619 297 579 297 23
608 294 569 294 619 301 579 301 26
604 322 555 322 617 333 565 333 10
606 319 558 319 617 329 566 329 12
615 113 610 114 625 113 620 114 111
617 119 613 118 627 119 623 118 116
613 139 609 139 623 139 618 140 123
618 167 612 167 627 167 622 167 163
617 171 611 170 627 171 621 171 178
615 174 608 174 625 175 618 175 166
613 173 606 172 623 173 616 173 169
613 194 605 194 623 195 615 195 183
615 198 607 198 625 199 616 199 156
613 204 602 204 623 205 612 205 93
617 202 607 202 627 203 616 203 160
614 255 588 256 625 259 598 259 23
611 274 579 274 623 279 587 279 55
612 293 574 293 623 299 584 299 24
615 298 574 299 625 305 587 303 21
617 324 567 325 627 335 574 335 13
616 342 561 342 627 355 568 355 24
623 85 619 84 633 85 629 84 106
623 105 619 104 633 105 629 104 142
619 127 615 127 629 127 625 127 113
621 131 617 131 631 131 627 131 140
621 137 616 137 631 137 626 137 211
619 147 614 146 629 147 623 147 187
621 150 617 151 631 151 626 151 216
619 154 614 155 629 155 624 155 145
621 208 605 208 631 209 619 209 123
618 244 594 244 629 247 603 246 46
617 270 587 271 629 275 595 275 42
619 282 586 281 631 287 594 287 47
619 309 574 308 633 319 586 319 13
614 311 568 312 629 321 576 322 17
619 322 571 323 631 333 579 333 12
629 65 624 65 639 65 634 65 69
629 107 625 106 639 107 635 106 181
627 113 622 113 637 113 632 113 145
625 125 621 125 635 125 631 125 268
625 133 620 133 635 133 630 133 181
627 149 622 149 637 149 631 148 173
625 153 619 152 635 153 630 153 103
625 163 620 163 635 163 630 163 107
625 165 620 165 635 165 630 165 169
629 169 623 168 639 169 633 169 165
627 176 620 176 637 177 630 177 290
625 173 618 172 635 173 628 173 197
627 182 618 182 637 183 628 182 307
626 212 612 212 637 213 622 213 142
626 227 607 227 637 229 619 229 44
627 278 593 278 637 283 601 283 55
627 328 574 327 639 339 583 338 13
626 349 569 348 639 363 579 363 66
635 65 630 65 645 65 641 65 37
633 75 629 75 643 75 639 75 116
635 71 630 70 645 71 640 70 57
631 79 627 79 641 79 637 79 131
631 99 626 100 641 99 637 98 132
633 95 629 93 643 95 639 94 132
631 103 627 102 641 103 637 102 194
633 109 628 108 643 109 638 108 318
635 136 630 135 645 137 640 135 189
635 156 630 156 645 157 640 157 160
635 161 630 160 645 161 639 161 200
634 172 627 172 643 173 634 172 255
635 204 620 205 645 205 631 204 160
634 214 620 214 645 215 630 215 117
627 223 611 223 641 225 624 225 69
634 235 614 235 645 237 624 237 38
635 231 617 231 645 233 625 233 45
635 252 608 253 643 257 612 255 12
626 273 593 273 641 279 606 279 57
629 269 598 269 645 275 608 274 52
631 318 585 319 643 329 591 328 8
641 103 636 103 651 103 646 103 231
641 109 636 109 651 109 646 109 224
637 107 632 107 647 107 642 107 214
637 117 633 117 647 117 643 117 166
639 133 634 133 649 133 644 133 175
641 131 636 132 651 131 646 132 228
639 154 633 154 649 155 644 155 166
639 162 634 162 649 163 644 163 187
637 167 632 166 647 167 642 167 133
641 184 625 184 651 185 636 185 373
638 198 624 198 649 199 634 199 210
637 216 622 216 647 217 632 217 142
633 270 601 270 651 277 617 277 41
633 337 579 336 647 349 589 349 18
633 348 575 347 649 363 587 364 25
647 93 642 93 657 93 652 93 173
647 95 642 95 657 95 652 94 138
643 97 638 97 653 97 648 97 155
645 121 640 120 655 121 650 121 199
645 135 640 135 655 135 650 135 206
645 147 640 146 655 147 650 146 97
643 151 638 150 653 151 648 151 255
643 159 638 159 653 159 648 159 121
645 161 640 160 655 161 650 161 136
645 171 637 171 655 171 645 172 411
644 189 630 187 655 189 640 189 240
642 190 628 189 653 191 638 190 281
646 196 630 197 657 197 641 197 227
642 217 627 218 653 219 637 219 175
645 225 628 225 657 227 640 227 68
643 241 620 240 653 243 632 243 22
649 87 645 86 659 87 655 86 142
651 85 647 83 661 85 656 85 132
653 89 647 89 663 89 658 89 307
653 107 648 107 663 107 658 107 182
649 131 644 130 659 131 654 130 241
653 172 643 172 663 173 651 172 341
648 187 633 186 659 189 643 189 614
652 190 636 190 663 191 647 190 234
650 200 634 200 661 201 644 201 379
650 206 634 206 661 207 644 207 143
648 221 632 221 659 223 643 223 68
650 231 632 231 661 233 642 233 83
650 237 630 237 661 239 640 239 40
650 285 618 285 663 291 625 291 37
648 333 593 332 663 345 607 345 21
658 76 653 76 669 75 663 76 179
657 93 651 92 667 93 662 93 293
659 115 654 114 669 115 663 115 175
657 123 652 125 667 123 662 123 117
655 119 650 118 665 119 660 119 241
655 130 650 132 665 131 660 131 266
659 135 654 134 669 135 664 135 202
655 143 649 141 665 143 660 144 132
659 146 654 146 669 147 664 147 93
657 153 652 152 667 153 662 153 110
655 154 650 154 665 155 660 155 81
657 162 652 162 667 163 662 163 111
659 166 654 166 669 167 664 167 120
654 182 638 182 665 183 649 183 254
658 194 641 194 669 195 652 195 253
654 202 638 202 665 203 648 203 203
654 210 637 209 665 211 648 211 91
658 223 641 223 669 225 651 225 68
658 229 640 229 669 231 651 231 58
651 232 631 232 665 235 645 235 156
650 337 595 337 669 351 609 351 16
649 341 593 341 665 355 605 355 15
661 119 655 119 671 119 666 118 113
663 139 657 138 673 139 667 139 160
665 147 659 145 675 147 669 145 163
661 149 656 148 671 149 666 149 125
661 164 656 164 671 165 666 165 106
663 171 656 170 673 171 667 172 148
662 192 645 192 673 193 656 193 227
660 196 643 196 671 197 654 197 162
661 221 646 221 673 223 658 223 77
660 229 645 230 671 231 656 232 83
664 225 645 225 675 227 659 227 98
660 237 639 237 671 239 650 239 61
662 245 640 245 673 247 648 245 29
660 277 626 277 673 283 635 282 25
659 296 623 297 673 303 631 303 29
659 292 621 292 675 299 633 299 47
670 85 665 85 681 85 676 84 460
669 103 663 103 679 103 673 103 103
667 134 661 135 677 135 671 135 155
669 166 663 165 679 167 673 165 116
668 188 653 188 679 189 663 189 283
665 204 650 203 677 205 660 205 182
669 212 651 212 679 213 662 213 259
669 208 653 208 681 209 664 209 129
669 221 653 221 681 223 663 223 133
669 237 648 237 679 239 658 239 43
667 268 637 268 681 273 648 272 8
668 264 639 264 681 269 651 269 12
667 267 637 267 679 271 649 273 9
667 273 633 273 679 277 647 278 22
665 284 629 284 677 291 638 291 93
667 296 627 296 681 303 639 303 44
661 345 605 345 677 359 616 360 11
675 89 669 90 685 91 679 92 180
673 107 667 107 683 107 678 107 194
675 138 669 141 685 139 680 139 133
673 142 667 142 683 143 678 143 162
675 166 668 166 685 167 678 167 161
674 188 658 187 685 189 669 189 305
675 200 658 200 687 201 670 201 197
673 225 657 225 685 227 668 227 142
673 231 654 230 685 233 665 233 110
673 242 651 242 685 245 660 246 28
671 279 634 278 685 285 646 283 23
671 283 634 281 685 289 647 288 44
671 292 633 292 687 299 646 299 106
667 348 612 349 683 363 621 363 11
682 49 677 49 693 49 685 50 102
681 51 675 51 691 51 685 51 217
680 58 675 57 691 57 685 58 289
682 60 677 59 693 59 687 61 290
682 90 677 89 693 89 688 88 382
679 105 673 104 689 105 683 105 109
679 151 673 150 689 151 683 151 275
682 156 676 156 693 157 687 156 280
681 166 673 166 691 167 683 166 225
679 186 663 186 691 187 675 187 192
681 204 665 203 693 205 676 205 328
679 204 663 204 691 205 674 205 325
677 229 660 229 689 231 671 231 257
677 249 651 249 691 253 664 253 11
678 263 648 263 691 267 660 267 5
676 289 638 289 689 295 649 295 64
677 294 638 294 693 301 651 301 83
686 45 681 45 697 45 691 45 187
684 43 679 43 695 43 690 42 71
684 55 679 55 695 55 690 55 282
688 57 683 57 699 57 693 56 280
688 83 683 83 699 83 695 81 145
684 95 679 94 695 95 690 94 167
683 180 667 180 695 181 679 181 208
687 194 671 194 699 195 682 195 147
687 204 671 203 699 205 682 205 138
685 208 669 207 697 209 680 209 137
687 210 671 209 699 211 682 211 179
683 223 666 223 695 225 678 225 250
685 223 668 223 697 225 679 225 164
683 227 664 226 695 229 677 229 293
687 239 665 239 697 241 676 241 126
684 255 652 257 699 261 668 259 8
684 254 657 253 697 257 670 257 8
681 286 645 286 697 293 658 293 82
683 292 645 292 697 299 657 299 58
690 49 685 49 701 49 696 48 81
694 117 689 116 705 117 700 116 242
690 142 685 143 701 143 695 143 129
692 147 687 146 703 147 698 146 177
695 148 689 148 705 149 700 148 245
690 152 685 152 701 153 695 153 292
693 194 677 194 705 195 688 195 105
689 204 673 203 701 205 684 205 134
689 235 669 234 701 237 682 238 198
683 336 630 335 701 351 642 349 7
698 71 693 71 709 71 703 70 94
696 79 690 79 707 79 701 79 243
700 81 694 81 711 81 705 81 383
698 91 693 90 709 91 703 90 282
698 99 693 98 709 99 703 98 199
696 99 690 97 707 99 701 98 428
696 105 691 104 707 105 700 105 305
700 115 694 113 711 115 705 114 240
696 121 691 120 707 121 701 121 217
700 131 694 130 711 131 705 131 118
696 130 691 127 707 131 702 131 149
699 143 693 144 709 145 704 143 205
701 157 695 157 711 161 705 160 234
698 164 692 164 709 165 703 166 121
697 161 691 161 707 161 702 163 124
700 200 690 200 711 201 701 201 109
699 209 683 209 711 211 695 211 128
695 219 679 219 707 221 691 221 135
697 231 676 230 709 233 687 232 178
695 253 671 254 709 259 684 259 10
688 337 635 338 707 351 647 350 12
689 344 637 343 707 357 647 358 12
706 111 701 110 717 111 712 110 199
704 121 698 121 715 121 709 123 238
704 143 698 142 715 143 709 143 126
707 146 700 146 717 147 711 146 181
704 152 698 155 715 153 709 155 158
704 172 696 172 715 173 707 173 212
701 177 690 176 713 177 702 176 166
705 191 694 192 717 193 705 192 40
704 196 692 196 715 197 704 197 34
701 203 689 203 715 205 703 205 51
706 206 695 207 717 207 705 207 57
703 219 688 219 715 221 700 221 64
704 250 680 250 717 253 694 254 54
702 290 665 291 717 297 677 297 8
713 88 707 88 723 89 717 88 334
708 99 703 98 719 99 715 97 207
712 110 706 110 723 111 717 110 161
708 115 702 114 719 115 713 114 144
712 131 706 130 723 131 716 131 147
710 144 703 144 721 145 714 144 139
712 148 705 149 723 149 716 149 129
712 166 706 166 723 167 716 167 134
711 182 699 183 723 183 710 185 63
710 196 698 196 721 197 710 198 15
708 202 696 202 719 203 707 203 32
708 258 680 257 723 263 693 261 30
704 304 662 305 721 313 676 313 8
718 43 712 43 729 43 724 42 116
714 53 709 53 725 53 720 53 145
717 60 709 57 727 59 723 59 163
714 119 708 119 725 121 719 119 172
714 151 707 153 725 153 718 151 132
718 158 711 157 729 159 722 159 126
716 160 709 159 727 161 720 160 128
715 173 707 173 727 173 718 174 119
713 194 701 194 725 195 713 195 14
713 202 701 202 725 203 713 203 19
717 204 704 203 729 205 716 205 33
715 215 703 216 729 217 714 217 56
713 238 690 238 727 241 705 241 309
714 253 689 253 729 257 702 257 185
711 264 683 265 727 269 697 269 45
712 268 681 268 727 273 694 273 33
721 39 715 39 733 41 727 39 126
720 75 715 74 731 75 725 74 201
720 101 712 101 731 101 725 100 122
724 105 717 104 735 105 728 105 176
723 143 717 142 735 143 729 143 92
722 151 715 151 733 151 726 152 87
722 164 715 164 733 165 726 165 164
719 171 710 171 731 171 722 171 129
719 186 706 185 731 187 718 186 21
723 201 709 202 735 203 721 203 19
718 221 703 221 731 223 715 223 231
718 263 689 262 733 267 703 267 126
718 275 685 273 733 279 698 279 25
720 290 681 290 735 297 697 297 12
713 291 675 294 731 301 689 302 7
726 43 721 43 737 43 732 42 73
726 49 721 48 737 49 732 48 178
730 57 724 56 741 57 736 57 119
726 61 720 61 737 61 732 60 197
730 65 725 64 741 65 736 64 139
727 85 721 84 739 85 732 84 107
727 99 719 99 739 99 731 99 133
730 123 723 123 741 123 734 123 156
728 144 721 144 739 145 732 145 112
730 154 723 154 741 155 734 155 84
728 190 714 190 739 193 726 191 16
729 209 715 211 741 213 727 213 79
722 253 693 251 737 257 709 256 300
719 295 679 297 737 303 694 304 8
735 71 728 71 747 71 740 71 193
732 118 725 118 743 117 736 115 185
735 123 728 123 747 123 739 123 123
735 170 723 170 747 171 736 171 147
732 188 716 188 745 189 727 189 26
734 206 719 205 747 207 731 207 99
739 63 733 63 751 63 745 62 148
739 79 732 79 751 79 744 78 92
737 97 728 97 749 97 737 98 297
741 105 733 104 753 105 745 104 364
740 157 733 156 751 157 744 157 274
738 173 725 172 749 173 736 172 120
740 188 728 188 753 189 739 189 26
734 297 691 298 753 305 707 306 16
750 59 743 59 759 61 752 61 209
747 69 740 69 759 69 752 68 295
743 91 734 91 755 91 746 91 161
747 99 739 98 759 99 751 98 245
747 123 738 123 759 123 751 122 242
747 142 739 141 759 143 751 142 165
743 154 736 154 755 155 747 154 132
745 168 733 167 757 169 742 167 350
747 172 734 173 759 173 747 173 114
743 186 730 186 755 187 742 187 24
738 265 697 265 757 271 713 271 77
738 278 698 278 757 285 714 285 57
738 285 697 285 757 293 713 292 57
736 292 694 294 755 301 711 300 66
750 74 743 73 761 75 754 74 113
751 101 743 100 763 101 754 101 164
751 125 744 124 763 125 754 125 80
751 144 743 144 763 145 755 144 157
753 160 740 161 765 161 755 159 341
749 172 737 172 761 173 749 173 162
748 178 737 177 761 179 749 178 68
743 264 699 264 763 271 716 270 93
742 289 701 289 761 297 717 297 45
756 72 749 71 767 73 760 72 102
755 97 746 97 767 97 758 96 202
759 130 750 130 771 131 762 130 46
754 181 742 181 767 183 754 183 62
747 308 707 309 767 317 721 317 161
763 91 753 91 775 91 766 90 173
764 96 755 95 777 97 768 95 101
760 117 751 117 773 117 763 117 146
765 151 755 152 777 151 765 151 302
760 184 742 185 773 185 760 185 86
769 99 759 103 781 101 772 99 100
767 117 757 116 779 117 769 117 94
766 180 752 181 779 181 765 183 122
768 189 750 189 783 191 764 190 134
772 48 763 47 785 47 776 46 285
775 84 766 83 789 83 778 83 177
774 113 764 113 787 113 777 113 110
775 137 766 136 789 137 779 136 132
776 170 764 170 789 171 777 171 58
773 193 754 193 787 195 768 195 167
765 245 717 246 787 251 736 251 619
780 58 771 56 793 57 784 55 133
777 78 767 77 791 77 780 76 146
780 87 770 87 793 87 783 86 229
780 89 770 88 793 89 783 88 184
778 98 768 98 791 99 781 97 200
781 121 770 123 793 125 782 125 101
782 138 771 138 795 139 784 139 171
777 179 762 179 791 181 774 179 68
776 187 757 187 791 189 771 188 128
778 186 763 184 793 187 776 186 110
786 89 775 89 799 89 788 89 152
784 115 773 115 797 115 786 115 99
788 129 777 127 801 129 790 128 90
784 134 773 134 797 135 786 134 111
784 136 773 136 797 137 786 136 167
784 142 771 144 797 143 783 145 136
786 171 770 171 801 173 785 173 41
782 192 763 191 797 193 778 193 203
775 344 718 343 801 359 740 358 2
794 24 788 24 807 23 800 23 220
791 42 781 42 805 41 794 40 163
793 68 782 68 807 67 796 66 128
792 127 781 126 805 127 794 125 83
790 147 777 147 803 147 790 147 192
789 185 770 185 805 187 785 186 187
791 184 772 181 807 185 786 183 122
799 81 787 80 811 79 800 79 134
803 122 791 122 813 123 805 122 58
799 118 787 117 811 119 800 118 44
801 134 788 134 813 135 802 135 103
790 240 723 238 813 245 743 244 579
782 319 728 319 809 331 748 329 73
803 101 793 101 817 101 806 100 67
802 109 791 108 815 109 804 109 30
803 107 793 107 817 107 805 107 19
804 112 793 112 817 113 807 112 19
803 130 791 130 815 131 805 129 59
804 145 788 144 819 145 803 144 97
800 146 784 147 815 147 799 147 63
802 174 779 177 819 175 796 173 67
790 282 730 281 817 291 753 291 274
792 278 734 278 819 287 756 287 380
792 300 733 299 819 313 756 311 157
792 310 734 311 819 321 755 322 130
788 327 730 327 815 341 752 339 59
808 26 797 25 821 25 810 24 400
811 52 795 55 825 51 815 49 118
811 115 800 115 825 115 814 114 48
811 132 801 131 825 133 815 132 120
809 136 798 136 823 137 807 137 138
808 139 793 138 823 139 808 139 81
795 304 736 303 823 317 759 317 145
816 25 805 25 831 23 821 23 202
813 30 801 30 827 29 817 28 281
817 105 805 104 831 105 819 104 198
813 117 802 116 827 117 816 116 41
812 122 802 122 827 123 816 122 43
816 127 807 125 831 127 821 126 84
816 147 801 146 831 147 816 147 142
812 154 796 154 827 155 811 155 121
814 181 794 180 831 183 810 183 102
801 222 737 221 827 227 757 225 553
801 299 741 301 831 311 761 309 162
800 320 740 321 829 335 763 333 87
818 47 805 47 833 45 820 46 216
821 138 810 137 835 139 824 138 193
800 292 735 293 833 303 761 304 205
804 345 743 345 833 361 766 362 79
823 43 811 42 839 41 826 40 167
828 48 815 47 843 47 830 45 183
828 58 814 57 843 57 829 59 223
824 55 811 54 839 53 826 53 117
824 113 811 115 839 113 826 112 178
824 123 811 124 839 125 826 123 61
824 152 808 152 839 153 823 153 182
828 152 810 152 843 153 830 152 287
826 170 813 173 841 171 828 170 144
829 184 816 184 843 185 829 185 257
809 255 751 255 841 263 776 264 334
833 145 818 144 849 145 834 144 242
832 150 819 151 847 151 834 151 221
829 154 813 153 845 155 827 154 207
834 158 819 158 849 159 834 158 273
832 160 818 161 847 161 833 163 151
832 179 820 181 847 183 834 181 153
818 247 756 249 849 255 781 257 287
816 282 754 281 849 293 778 293 151
837 177 813 178 853 179 827 181 251
822 254 761 251 855 263 784 261 265
822 285 757 285 855 297 783 297 135
823 307 761 307 855 321 783 321 41
843 30 827 30 861 27 846 26 77
843 35 827 36 859 33 842 34 62
842 50 830 48 861 47 846 46 140
841 123 827 122 857 123 843 122 155
826 274 761 275 859 285 789 286 130
824 271 759 271 857 281 785 282 145
825 281 760 281 859 293 788 293 78
824 281 759 281 857 293 786 293 77
826 289 761 289 859 301 787 301 98
824 325 759 325 857 341 785 341 11
827 338 762 338 861 355 788 355 27
825 336 759 336 859 353 786 353 22
824 341 759 342 859 359 787 360 15
847 121 830 119 865 121 847 119 165
850 125 834 125 867 125 850 125 120
831 249 763 249 867 257 789 257 140
831 263 766 263 865 273 793 273 67
833 278 768 278 867 289 796 289 65
829 343 765 344 865 361 792 362 22
856 27 840 28 873 25 857 25 81
853 25 836 25 869 23 850 24 112
856 34 840 37 873 33 857 33 99
856 43 840 42 873 41 857 40 90
856 118 841 117 873 119 857 117 99
838 243 773 243 871 251 801 251 23
837 265 772 265 871 275 799 275 49
838 266 773 266 873 277 801 276 27
834 271 769 271 869 281 797 281 49
838 281 770 281 871 293 797 293 87
836 281 771 281 869 293 796 293 58
860 25 844 24 877 23 861 22 128
858 45 842 44 875 43 859 42 98
858 121 843 121 875 121 859 120 101
858 128 843 127 875 127 859 128 140
858 133 841 133 875 133 859 134 146
860 142 840 142 879 143 859 143 220
847 212 791 209 879 217 809 217 59
845 219 791 220 879 225 815 223 38
845 237 781 236 879 245 810 244 22
842 291 777 291 877 303 803 303 39
844 287 778 287 879 299 807 299 46
840 299 771 299 877 313 798 313 35
844 334 777 334 879 351 803 351 19
839 339 774 340 875 357 802 357 18
840 345 775 345 877 363 800 363 20
864 31 848 30 881 29 865 28 149
867 55 852 55 885 55 869 53 149
867 120 851 119 885 121 868 119 158
862 179 841 179 881 181 859 180 173
852 241 787 241 883 249 813 249 13
847 283 780 282 883 295 810 294 30
846 283 779 282 881 295 808 295 37
845 289 780 289 881 301 809 301 47
847 339 780 339 883 357 810 357 16
868 140 849 140 887 141 867 140 175
868 170 847 169 887 171 865 170 276
868 166 845 167 887 167 866 167 285
869 188 846 188 891 191 865 190 209
853 212 801 211 889 217 821 217 57
849 296 784 296 887 309 814 309 43
854 292 788 292 891 305 817 305 40
854 298 787 298 891 311 818 312 34
849 335 785 335 887 353 812 353 15
875 108 860 107 893 107 884 107 329
874 133 854 133 893 133 873 133 207
878 137 858 136 897 137 876 137 239
878 171 856 171 897 173 875 173 209
858 339 791 339 895 357 822 357 27
883 174 861 171 903 175 881 174 302
861 301 793 301 899 315 823 315 18
866 243 799 243 905 251 825 252 15
875 239 806 240 915 247 841 247 20
876 305 806 305 915 319 845 320 15
876 339 808 339 915 357 839 358 67
879 243 813 243 919 251 848 251 20
875 265 809 265 917 275 846 275 20
878 286 810 286 917 299 846 297 23
874 308 807 309 921 323 840 323 18
885 258 816 258 925 269 852 267 28
882 263 818 263 925 273 852 273 34
887 283 819 283 927 295 853 295 72
887 297 823 297 927 311 850 309 25
883 301 817 301 927 315 852 315 16
882 335 817 335 923 353 851 353 26
881 343 815 343 923 361 849 361 126
904 91 871 93 931 87 897 89 278
896 215 832 215 929 219 859 219 88
892 241 826 241 933 249 861 249 18
888 239 821 239 929 247 856 247 25
890 245 824 244 931 253 857 253 15
886 269 823 268 931 279 858 279 148
892 274 825 273 933 285 860 287 86
890 299 824 299 933 313 858 313 16
885 305 817 305 929 319 854 319 10
885 317 816 319 929 335 847 335 25
893 324 825 324 933 341 859 341 33
909 75 875 75 937 71 900 73 169
897 266 830 266 937 277 863 277 82
897 274 831 273 939 285 866 284 79
897 279 830 279 939 291 865 291 73
897 285 830 285 939 297 866 297 63
894 281 827 281 935 293 861 293 57
896 322 829 321 937 339 862 339 35
903 260 835 260 945 271 871 270 86
899 275 832 275 941 287 867 287 112
899 320 835 317 941 337 872 337 29
921 84 884 84 949 81 911 80 67
908 273 842 274 951 285 877 285 75
904 308 839 308 949 323 871 323 55
923 36 885 35 953 29 911 29 201
924 56 886 56 953 51 914 50 10
925 67 886 68 955 63 913 64 20
924 74 885 72 953 69 913 69 17
917 218 864 218 955 223 895 223 63
913 250 848 248 957 259 885 257 45
913 257 846 257 957 267 883 267 50
913 255 846 255 957 265 883 265 44
910 270 843 270 953 281 879 281 78
910 279 843 279 953 291 879 291 85
917 328 851 327 955 345 887 345 52
905 343 837 343 953 361 879 361 45
933 70 896 69 963 65 924 65 11
931 120 894 120 961 119 922 118 16
929 131 893 131 959 131 921 130 27
932 175 897 175 961 177 924 176 19
919 255 852 256 963 265 889 266 67
918 261 852 261 963 271 889 271 63
919 277 852 277 963 289 889 289 71
912 297 844 297 959 311 884 311 57
915 302 848 302 959 317 885 317 43
915 308 847 308 959 323 884 323 45
919 322 851 322 961 339 889 339 18
936 34 899 33 967 27 928 25 14
939 62 901 61 969 57 930 56 14
936 118 899 118 967 117 927 117 17
938 120 900 119 969 119 928 118 11
938 139 900 139 967 139 927 139 11
939 147 902 146 969 147 930 146 16
934 143 897 143 965 143 925 143 20
933 151 898 150 965 151 926 151 8
936 158 900 157 965 159 928 158 16
937 166 901 166 967 167 928 167 8
938 173 902 173 967 175 929 175 15
921 250 854 250 965 259 891 259 65
921 255 854 256 965 265 892 265 73
920 277 854 277 965 289 891 289 84
924 279 857 279 969 291 895 291 87
922 282 853 283 967 295 893 295 62
922 319 856 320 965 337 889 338 16
923 330 856 330 965 347 891 347 26
917 335 853 335 965 353 891 353 44
917 341 851 341 965 359 891 359 31
943 32 907 31 973 27 933 27 22
940 36 902 36 971 29 932 28 15
942 58 907 58 973 53 934 53 36
945 63 908 65 975 57 934 56 20
941 76 904 75 973 71 933 71 15
943 79 905 79 975 75 935 74 14
941 88 903 87 971 85 931 83 29
944 151 907 151 973 151 935 151 12
943 154 907 153 973 155 935 154 10
945 158 908 158 975 159 937 159 26
942 161 906 161 973 161 935 161 16
942 192 906 190 971 195 934 193 40
925 239 859 239 971 247 899 247 53
923 243 860 243 973 251 900 251 54
928 268 861 268 973 279 899 279 176
930 270 863 270 975 281 901 281 155
928 274 862 275 973 285 899 285 218
925 295 859 295 975 309 899 309 38
929 298 861 298 971 313 897 313 171
929 302 863 302 975 317 901 317 43
950 39 913 39 981 33 943 32 25
949 83 911 82 981 79 940 78 17
944 129 907 128 977 127 937 126 18
952 145 912 143 981 145 942 144 29
947 162 911 162 977 163 939 163 21
931 241 864 241 977 249 906 249 39
932 257 865 257 977 267 903 267 80
935 259 868 259 981 269 907 269 131
932 261 865 261 977 271 903 271 139
933 279 866 279 979 291 905 291 118
933 277 867 277 979 289 905 289 127
931 282 863 283 977 295 903 295 150
933 286 866 286 979 299 905 299 64
933 302 865 302 979 317 903 317 32
933 333 866 333 977 351 903 351 28
936 336 868 336 981 355 906 355 28
930 339 863 339 977 357 903 357 36
956 42 916 45 987 37 947 37 14
953 62 915 61 985 57 945 56 20
953 88 914 87 985 85 945 83 11
952 109 915 108 985 107 945 105 10
951 117 913 116 983 115 942 114 14
952 136 914 135 985 135 944 135 24
955 164 915 165 987 165 946 165 20
955 178 918 179 987 181 947 180 27
944 247 874 246 987 255 913 255 50
937 264 870 264 983 275 909 275 255
937 275 870 275 983 287 909 287 143
939 282 871 283 985 295 911 295 72
941 340 869 341 987 359 913 359 33
959 25 921 25 991 19 951 17 26
959 36 920 35 991 31 951 29 34
960 44 922 44 993 37 953 37 16
958 46 920 45 989 41 950 40 12
955 95 917 95 989 93 947 92 15
960 100 921 97 993 97 952 97 16
958 103 918 102 991 101 949 100 15
959 139 921 137 991 139 951 138 26
960 149 923 148 993 149 953 148 18
959 155 920 155 991 155 950 155 25
957 168 919 168 989 169 949 169 17
959 187 922 187 991 189 952 187 24
959 183 922 183 991 185 952 185 16
957 198 920 198 989 201 949 201 22
945 257 879 257 991 267 919 267 260
942 262 875 262 989 273 916 273 330
944 286 877 286 991 299 917 299 60
942 288 875 288 989 301 915 301 71
943 295 881 294 993 309 919 309 102
941 306 873 306 989 321 912 321 67
943 308 876 308 993 323 918 322 37
944 320 878 320 993 337 918 337 21
963 33 925 33 995 27 956 25 28
964 103 924 103 997 101 955 101 15
962 113 923 112 995 111 953 110 15
963 117 925 116 997 115 956 115 21
966 125 927 124 999 123 957 123 31
964 126 925 125 997 125 956 124 25
964 134 923 135 997 133 956 132 21
964 145 927 144 997 145 958 144 16
962 153 923 153 995 153 954 152 20
966 173 926 174 999 175 957 176 13
964 181 925 181 997 183 956 183 21
966 193 927 193 999 197 958 196 14
948 237 881 237 995 245 924 245 45
949 247 883 246 997 255 921 255 73
952 255 887 255 997 265 929 265 272
954 259 890 259 999 269 931 269 488
948 270 881 270 995 281 921 281 229
951 272 884 271 999 285 925 284 210
947 277 880 277 995 289 921 289 127
951 329 884 329 999 347 924 347 62
948 331 881 331 995 349 922 349 63
949 336 879 337 995 355 922 355 61
969 81 927 79 1003 77 962 76 16
972 116 937 118 1005 115 965 114 36
971 140 931 139 1005 139 963 138 16
968 156 929 156 1001 157 959 156 17
969 160 929 159 1003 161 961 161 24
971 174 930 175 1005 175 963 175 29
967 184 927 185 1001 185 959 185 28
967 198 927 199 1001 201 959 200 19
953 247 888 246 1001 255 927 255 153
954 293 888 293 1005 307 929 307 52
958 315 891 314 1005 331 936 330 28
953 335 885 335 1001 353 926 353 67
977 53 938 52 1011 47 970 47 16
973 134 933 132 1009 133 965 132 22
974 133 934 132 1007 131 964 130 19
976 167 936 167 1009 169 966 169 12
960 249 893 252 1009 259 935 261 216
960 256 895 257 1007 267 935 266 381
958 263 891 263 1007 273 933 275 350
962 271 895 271 1011 283 937 283 298
960 275 893 275 1009 287 935 288 158
961 293 893 293 1011 307 937 307 65
963 300 893 301 1011 315 936 315 48
958 331 890 332 1007 349 932 349 64
957 337 890 337 1007 355 932 355 64
980 45 943 44 1015 39 974 39 44
983 70 945 71 1017 67 979 65 58
978 88 938 88 1013 85 970 83 14
978 92 939 91 1015 89 971 89 11
980 124 939 124 1015 123 973 122 24
982 158 941 159 1017 159 978 159 27
978 169 938 169 1013 171 971 170 12
982 200 941 200 1017 203 973 203 20
965 260 900 260 1013 271 941 271 331
966 268 899 268 1015 279 941 279 178
968 269 901 269 1017 281 943 281 175
965 277 901 277 1015 289 943 289 107
968 275 903 275 1017 287 945 287 102
966 295 898 295 1017 309 941 309 186
961 297 893 297 1013 311 938 311 58
963 319 893 319 1015 335 940 335 54
987 87 946 84 1023 81 980 82 23
982 88 942 87 1019 83 974 84 24
987 100 946 99 1023 97 980 96 17
983 113 944 114 1019 111 976 110 20
983 171 944 169 1019 173 976 172 10
984 181 943 180 1019 183 975 182 13
986 187 945 187 1021 189 978 188 14
983 192 942 191 1019 195 975 195 10
987 195 946 196 1023 199 979 198 13
973 251 915 251 1023 261 957 260 129
969 254 903 254 1019 263 953 263 152
967 301 899 301 1019 315 944 315 157
990 91 949 90 1027 87 983 86 17
993 99 949 101 1029 97 983 98 16
993 108 951 107 1029 105 985 105 14
990 150 949 150 1027 151 983 150 17
991 156 949 156 1027 157 984 156 14
992 175 951 175 1029 177 984 176 16
991 195 950 195 1027 197 983 197 13
989 199 948 199 1025 203 981 203 13
989 209 948 209 1025 213 981 213 11
993 231 952 231 1029 237 986 237 22
977 243 915 242 1029 251 954 250 80
977 260 910 260 1027 271 954 271 108
975 264 908 264 1025 275 951 275 112
975 271 908 272 1025 283 951 283 73
978 275 912 276 1029 287 955 288 77
975 291 907 292 1027 305 956 303 47
995 62 955 61 1031 57 989 56 34
998 66 957 66 1033 61 993 62 35
997 85 956 84 1035 81 990 80 21
996 104 955 103 1033 101 989 100 15
994 171 953 171 1031 173 987 173 10
997 173 957 173 1035 175 991 175 16
998 179 956 179 1035 181 989 181 11
995 182 953 182 1031 185 987 184 21
995 209 953 209 1031 213 987 213 12
997 218 956 219 1035 223 990 223 14
999 220 956 219 1035 225 991 225 11
994 222 953 221 1031 227 987 226 16
998 226 957 226 1035 231 991 231 10
984 253 918 253 1035 263 962 263 29
980 266 914 267 1031 281 958 282 116
982 286 916 285 1033 299 959 299 36
981 295 915 295 1033 309 961 307 42
982 305 913 306 1033 321 957 323 30
1000 77 958 77 1037 73 993 72 16
1000 160 959 159 1037 161 993 160 12
1004 198 962 198 1041 201 996 202 17
998 205 958 202 1037 207 992 207 13
1003 205 960 204 1041 209 996 209 13
1001 209 959 209 1039 213 993 213 12
1003 210 961 210 1041 215 996 214 16
999 233 957 233 1037 239 995 241 18
986 241 919 241 1037 249 963 249 27
988 243 923 242 1041 251 967 251 19
987 269 921 270 1039 281 966 282 30
985 279 918 280 1037 291 963 292 31
986 288 919 288 1037 301 964 301 36
1010 28 975 31 1043 23 1007 22 133
1011 37 973 39 1045 31 1005 33 129
1007 209 966 208 1045 213 1002 211 12
991 250 925 250 1043 259 970 258 18
994 268 928 267 1045 279 973 279 34
995 282 930 282 1047 295 974 296 52
1011 43 973 43 1049 35 1009 37 95
1011 60 969 60 1049 53 1005 54 14
1010 87 967 87 1049 83 1004 82 11
1014 100 975 103 1053 97 1008 96 24
1014 106 971 105 1053 103 1009 103 18
1010 169 968 169 1049 171 1003 171 10
1010 178 966 179 1049 181 1002 180 13
1013 215 971 214 1053 219 1007 219 16
1015 224 972 224 1053 229 1008 229 12
1014 242 972 242 1053 249 1008 248 14
999 254 935 256 1051 265 980 266 22
999 255 936 257 1053 267 981 267 28
997 258 931 259 1049 269 976 268 28
997 271 929 272 1049 283 978 283 38
1001 275 935 275 1053 287 981 287 34
1003 280 935 281 1053 293 977 293 56
1001 285 935 285 1049 299 983 298 33
1005 290 940 290 1053 305 983 305 32
1017 59 977 57 1055 53 1013 51 24
1021 93 978 93 1059 91 1014 90 14
1016 112 973 112 1055 111 1009 110 21
1016 200 972 199 1055 203 1008 203 15
1019 228 976 228 1059 233 1012 233 12
1017 228 975 227 1057 233 1011 233 15
1006 328 939 325 1059 345 985 344 20
1006 331 939 332 1059 349 986 349 25
1004 332 936 333 1057 351 982 352 27
1025 171 980 171 1065 173 1018 172 11
1022 194 977 194 1063 197 1015 196 11
1022 200 979 199 1063 203 1016 203 13
1025 237 981 235 1065 243 1019 241 12
1023 238 977 240 1061 245 1014 245 10
1021 248 977 245 1061 255 1015 253 16
1025 270 981 269 1065 279 1017 279 20
1020 276 976 276 1065 285 1013 285 23
1031 55 989 54 1071 49 1027 47 23
1030 80 987 79 1071 75 1025 74 25
1029 128 986 128 1071 127 1019 128 32
1029 167 984 167 1071 169 1023 168 13
1028 196 983 196 1071 199 1021 199 18
1029 213 984 212 1071 217 1022 216 13
1029 226 984 226 1071 231 1023 231 17
1026 250 982 250 1067 257 1020 257 15
1027 256 983 256 1067 263 1019 263 8
1029 267 987 268 1071 275 1022 275 7
1026 280 982 280 1067 289 1020 289 17
1027 288 983 287 1069 297 1020 298 16
1036 79 994 79 1077 75 1032 74 18
1034 153 992 153 1077 155 1033 153 24
1035 162 989 163 1077 163 1029 162 15
1032 198 987 197 1075 201 1026 201 11
1035 200 989 201 1077 205 1029 204 15
1033 216 988 215 1075 221 1027 220 16
1031 233 987 233 1073 241 1024 239 13
1032 263 987 263 1073 271 1024 271 11
1034 261 990 260 1075 269 1028 268 12
1041 90 998 89 1083 87 1037 85 18
1040 99 996 99 1083 95 1037 94 24
1039 183 993 183 1083 185 1034 185 11
1039 199 993 199 1081 203 1033 202 11
1037 236 992 236 1079 243 1031 242 10
1041 240 996 240 1083 247 1035 247 11
1041 259 996 260 1081 267 1033 267 12
1037 265 990 267 1079 273 1031 272 9
1042 283 992 283 1083 295 1035 293 14
1042 169 996 169 1085 171 1036 171 14
1046 188 1000 187 1089 191 1040 190 11
1045 258 1000 258 1089 265 1042 264 11
1045 265 999 264 1087 273 1038 273 13
1044 289 997 289 1087 299 1037 300 11
1048 89 1005 88 1091 85 1045 84 13
1046 146 1002 144 1091 145 1040 147 10
1048 155 1003 154 1093 155 1043 155 12
1047 162 1003 161 1091 163 1045 162 16
1047 170 1001 170 1091 171 1042 171 11
1047 178 1001 178 1091 181 1042 181 11
1053 184 1006 185 1095 187 1047 188 15
1049 224 1001 224 1093 231 1043 232 11
1046 229 1000 229 1091 237 1040 235 7
1048 256 1004 253 1091 263 1044 261 15
1050 270 1000 272 1093 281 1045 279 16
1047 300 996 298 1091 311 1041 311 12
1055 98 1011 98 1101 95 1054 95 12
1054 127 1008 127 1099 125 1049 126 17
1054 136 1009 135 1099 135 1050 135 15
1053 146 1007 147 1097 147 1047 147 15
1053 145 1009 143 1099 145 1050 143 16
1052 163 1006 164 1097 165 1047 164 17
1057 160 1010 159 1101 161 1052 160 21
1054 190 1007 190 1099 193 1049 193 9
1056 212 1009 212 1101 217 1050 217 14
1055 216 1009 215 1101 221 1049 221 13
1057 219 1009 219 1101 225 1053 224 12
1053 224 1006 224 1099 231 1047 230 6
1054 230 1006 231 1099 237 1048 236 8
1053 232 1007 232 1097 239 1046 239 16
1056 237 1009 237 1101 243 1049 244 12
1051 242 1005 242 1097 249 1047 249 13
1054 248 1010 247 1101 255 1049 255 13
1053 268 1006 268 1097 277 1047 278 13
1051 275 1007 273 1099 283 1049 282 17
1054 300 1004 298 1099 311 1051 309 9
1061 27 1017 25 1103 19 1055 17 69
1063 79 1019 78 1107 75 1059 73 16
1061 177 1015 177 1107 179 1056 179 13
1059 178 1012 178 1103 181 1054 181 11
1058 186 1012 187 1103 189 1054 190 9
1063 193 1017 194 1107 199 1058 198 7
1061 213 1014 212 1107 217 1056 217 9
1061 219 1014 219 1107 225 1056 225 11
1058 224 1010 224 1103 229 1052 229 8
1057 278 1010 277 1103 287 1052 287 11
1059 291 1010 292 1105 301 1053 301 15
1061 309 1015 310 1105 321 1057 323 10
1068 35 1026 34 1113 27 1066 26 19
1066 83 1020 85 1111 79 1061 81 13
1065 90 1017 92 1109 87 1061 87 11
1065 107 1019 107 1111 105 1061 107 9
1063 157 1018 158 1109 159 1061 160 14
1067 217 1020 218 1113 223 1062 223 9
1067 260 1019 260 1113 267 1062 268 16
1063 274 1015 274 1109 283 1059 284 14
1064 279 1017 277 1111 289 1058 289 11
1066 301 1017 301 1113 313 1059 314 7
1074 30 1030 29 1117 23 1071 22 36
1072 48 1027 46 1115 41 1069 40 21
1068 83 1024 81 1115 77 1067 76 16
1069 123 1023 122 1115 121 1065 120 14
1070 132 1027 132 1115 131 1069 132 58
1072 157 1024 156 1117 157 1067 156 16
1068 167 1021 166 1115 169 1064 168 9
1070 180 1023 180 1117 183 1066 183 9
1069 204 1023 205 1117 209 1067 209 9
1070 214 1024 215 1117 219 1067 219 12
1070 224 1023 223 1119 231 1067 231 8
1068 223 1020 224 1115 229 1063 229 13
1068 229 1020 229 1115 235 1062 236 7
1071 256 1023 256 1117 265 1066 265 18
1072 270 1023 270 1119 279 1066 277 14
1067 315 1017 316 1115 329 1057 330 14
1076 81 1029 79 1123 77 1073 75 15
1079 115 1035 113 1125 113 1077 112 22
1074 164 1027 163 1123 165 1071 165 13
1075 187 1031 189 1123 193 1073 193 14
1073 217 1026 217 1121 223 1070 222 9
1076 221 1026 221 1123 229 1069 227 7
1075 261 1027 260 1121 269 1070 269 17
1077 262 1029 261 1125 271 1073 271 19
1075 279 1026 279 1123 289 1069 287 11
1076 294 1027 295 1125 307 1071 306 9
1072 299 1024 299 1121 311 1065 310 14
1081 46 1037 46 1127 39 1080 38 22
1079 165 1031 165 1127 167 1075 166 18
1082 183 1033 183 1129 187 1077 187 6
1081 183 1032 182 1129 185 1075 185 10
1080 204 1034 206 1129 209 1076 208 7
1083 223 1035 221 1131 229 1080 229 10
1083 231 1032 230 1131 237 1078 237 14
1081 241 1033 241 1129 249 1077 249 14
1081 238 1037 236 1131 245 1079 245 12
1081 250 1035 249 1131 257 1079 258 16
1079 275 1031 277 1127 285 1075 285 11
1081 292 1029 291 1129 303 1075 302 12
1082 322 1031 322 1129 333 1069 333 11
1079 321 1025 321 1129 337 1076 336 10
1087 119 1038 118 1135 117 1084 116 21
1086 197 1039 197 1135 201 1083 201 9
1087 227 1038 227 1137 233 1084 233 9
1085 257 1037 258 1137 267 1081 265 27
1084 301 1034 301 1133 313 1080 314 10
1085 311 1034 311 1137 325 1081 325 9
1090 117 1042 117 1139 115 1088 114 26
1090 173 1044 173 1141 175 1090 174 7
1095 175 1046 176 1143 179 1093 177 7
1093 201 1043 200 1141 205 1089 204 13
1091 206 1044 207 1141 211 1088 210 13
1090 217 1043 215 1139 223 1087 222 10
1091 252 1044 253 1143 261 1087 260 14
1092 279 1041 279 1143 289 1085 290 16
1093 309 1040 309 1143 323 1088 323 12
1100 91 1051 92 1149 89 1098 87 14
1099 113 1050 113 1149 111 1097 110 17
1097 173 1049 173 1149 179 1097 179 15
1099 182 1051 182 1149 185 1097 184 12
1095 242 1046 242 1145 249 1092 249 9
1099 238 1049 238 1149 245 1097 245 9
1098 249 1049 249 1147 257 1093 255 9
1091 251 1043 252 1145 261 1093 262 16
1093 270 1043 272 1145 281 1089 281 10
1095 276 1043 276 1147 287 1091 286 9
1099 300 1044 298 1149 313 1091 311 8
1095 306 1044 306 1147 319 1092 319 13
1098 310 1045 312 1149 325 1094 325 8
1106 64 1059 62 1155 57 1105 56 18
1103 83 1056 83 1153 79 1101 79 17
1102 99 1053 99 1153 95 1101 93 20
1102 178 1054 178 1153 181 1102 180 10
1097 200 1051 198 1151 203 1097 204 16
1102 202 1053 202 1153 207 1101 205 12
1106 213 1058 212 1155 219 1101 220 9
1100 212 1052 211 1151 217 1098 217 12
1103 226 1054 224 1155 231 1101 231 13
1100 229 1051 225 1151 233 1098 233 11
1100 231 1051 230 1151 237 1098 237 10
1103 234 1054 234 1153 241 1100 241 8
1101 280 1047 277 1151 289 1099 291 12
1103 299 1048 298 1155 311 1098 311 12
1098 322 1047 319 1153 337 1096 338 12
1105 85 1059 85 1157 81 1106 80 18
1106 94 1058 93 1157 91 1105 89 11
1108 102 1059 101 1159 99 1107 99 14
1106 107 1058 106 1157 103 1103 105 13
1108 165 1056 167 1159 169 1106 167 23
1108 174 1057 175 1161 177 1105 177 21
1104 182 1055 182 1157 185 1102 185 16
1107 191 1058 191 1159 195 1107 194 13
1110 195 1060 195 1161 199 1109 198 11
1107 211 1054 214 1157 217 1103 218 15
1110 220 1059 220 1161 225 1108 225 15
1107 227 1057 227 1159 233 1106 233 28
1110 230 1060 230 1161 237 1107 236 11
1107 250 1057 251 1157 259 1104 259 8
1105 264 1055 264 1157 273 1102 273 11
1102 267 1049 267 1157 277 1101 277 11
1103 283 1051 283 1157 297 1100 297 9
1111 39 1067 38 1163 31 1114 30 19
1112 114 1062 114 1165 111 1111 111 19
1115 110 1066 109 1167 107 1115 106 18
1113 136 1062 136 1165 135 1108 136 27
1111 189 1064 190 1163 193 1110 191 11
1109 217 1055 219 1163 221 1109 219 19
1114 219 1065 218 1167 225 1113 224 14
1113 222 1064 223 1165 229 1112 229 14
1113 224 1063 224 1167 231 1111 230 11
1116 245 1068 247 1165 255 1117 255 20
1114 251 1065 251 1165 259 1113 259 11
1112 267 1059 267 1165 277 1109 277 14
1111 284 1058 284 1167 295 1109 296 11
1110 280 1056 279 1165 293 1107 292 17
1109 292 1058 291 1165 303 1107 302 14
1110 321 1057 321 1165 335 1103 335 8
1119 35 1073 33 1169 27 1118 26 14
1118 185 1066 185 1169 189 1115 190 10
1118 221 1069 221 1171 227 1118 227 19
1115 265 1061 265 1169 275 1113 275 15
1118 271 1065 271 1173 281 1116 281 13
1114 313 1060 313 1171 329 1111 328 7
1125 73 1074 72 1179 67 1125 66 32
1123 85 1075 85 1175 83 1119 85 19
1121 99 1071 98 1175 95 1122 94 10
1124 194 1075 194 1177 197 1123 198 9
1124 207 1074 207 1177 211 1124 211 9
1121 205 1072 205 1175 209 1122 209 5
1122 219 1074 219 1175 225 1122 225 11
1120 224 1071 225 1175 231 1120 231 8
1124 245 1074 245 1179 253 1124 253 8
1126 253 1075 253 1179 261 1125 261 10
1121 276 1069 277 1179 289 1119 290 18
1121 303 1066 303 1177 317 1118 317 9
1118 316 1063 317 1175 331 1115 332 8
1129 111 1079 111 1183 109 1129 108 15
1125 194 1077 195 1181 199 1127 199 9
1129 199 1081 198 1185 203 1131 203 16
1128 199 1079 199 1183 205 1128 204 12
1129 225 1081 224 1183 231 1128 230 6
1123 227 1075 228 1181 235 1124 233 14
1127 253 1075 253 1183 265 1128 266 16
1123 283 1069 283 1181 295 1121 295 15
1123 308 1068 308 1181 321 1122 319 8
1135 41 1085 40 1189 33 1135 32 19
1135 185 1086 183 1189 189 1136 187 20
1132 203 1082 203 1187 207 1133 206 9
1136 200 1085 200 1191 205 1137 204 11
1133 227 1083 226 1189 233 1133 231 10
1134 234 1086 234 1191 243 1138 242 7
1134 247 1084 246 1189 255 1134 253 14
1133 245 1083 245 1187 253 1133 253 9
1133 296 1077 296 1191 311 1131 311 13
1138 73 1089 72 1195 67 1142 66 12
1139 188 1087 191 1195 191 1139 193 23
1142 215 1092 215 1197 221 1143 220 14
1136 278 1079 280 1195 291 1134 291 11
1136 286 1080 286 1195 297 1135 298 12
1138 288 1082 287 1197 299 1137 300 11
1133 287 1078 286 1193 301 1133 302 14
1133 287 1077 287 1195 303 1134 303 10
1135 321 1077 322 1195 337 1135 335 10
1131 327 1076 326 1193 343 1132 344 6
1133 331 1075 331 1193 349 1129 347 10
1143 76 1092 74 1201 69 1145 68 8
1143 142 1093 141 1203 143 1146 142 11
1141 152 1092 151 1199 151 1144 151 20
1146 156 1098 155 1203 157 1148 156 30
1145 199 1093 197 1201 203 1145 202 14
1142 228 1092 228 1199 235 1144 234 10
1146 247 1095 247 1203 255 1146 255 13
1141 280 1084 279 1201 291 1137 289 13
1140 276 1084 275 1201 287 1140 287 14
1151 71 1100 69 1209 65 1154 64 8
1149 91 1099 91 1207 87 1152 86 14
1150 98 1099 99 1207 95 1152 94 12
1151 147 1099 147 1209 147 1154 146 14
1149 160 1098 160 1207 161 1152 160 44
1149 194 1098 193 1207 199 1152 198 16
1152 221 1100 220 1209 227 1157 228 18
1147 244 1098 245 1205 253 1151 251 11
1147 273 1091 274 1207 285 1145 285 15
1145 290 1089 291 1205 303 1146 304 13
1147 297 1090 297 1209 311 1145 311 10
1143 302 1088 303 1205 315 1143 316 13
1145 302 1089 304 1207 317 1146 317 11
1139 324 1084 326 1205 343 1139 343 17
1143 335 1087 336 1207 353 1138 352 12
1155 73 1104 72 1213 67 1159 66 13
1153 97 1102 95 1211 93 1155 92 13
1155 111 1105 111 1211 109 1157 108 11
1154 157 1101 158 1211 159 1157 157 19
1153 192 1103 192 1211 197 1156 195 13
1158 204 1105 206 1215 209 1160 209 14
1157 212 1105 211 1215 217 1159 217 12
1151 213 1099 211 1211 217 1153 218 13
1153 243 1105 243 1211 251 1159 252 8
1149 293 1091 294 1211 307 1149 307 10
1147 319 1089 320 1211 335 1148 335 12
1163 168 1111 168 1221 169 1165 169 14
1163 175 1113 176 1221 177 1165 176 13
1160 211 1108 211 1219 217 1162 216 12
1163 233 1113 233 1221 241 1167 241 12
1165 243 1112 243 1221 251 1170 251 12
1160 250 1110 250 1217 259 1163 259 14
1159 251 1109 251 1219 259 1164 259 14
1161 255 1112 255 1219 265 1164 265 17
1158 303 1099 302 1221 317 1157 316 12
1155 339 1098 339 1221 357 1157 358 8
1166 144 1113 144 1225 145 1169 144 12
1168 149 1116 149 1227 151 1172 151 38
1164 184 1112 184 1225 187 1167 187 9
1167 213 1114 213 1227 219 1171 218 41
1167 225 1116 225 1225 233 1170 232 10
1169 232 1117 231 1225 239 1171 240 7
1166 253 1114 254 1223 263 1166 264 15
1161 310 1100 309 1225 325 1163 326 11
1161 316 1104 317 1227 333 1162 333 41
1163 316 1101 315 1225 331 1161 331 11
1160 320 1102 320 1225 337 1161 336 18
