116 229 64 228 75 237 19 236 77
115 226 64 226 73 233 17 232 81
116 237 66 237 75 247 20 248 75
115 244 63 244 73 253 16 253 72
118 312 66 313 75 325 18 324 98
118 321 66 320 75 337 18 336 135
120 184 68 184 79 189 20 189 24
121 273 69 273 77 283 23 284 78
120 290 70 289 79 303 23 302 55
121 325 69 324 79 341 22 340 117
129 166 79 166 87 169 34 169 64
129 172 77 172 87 175 33 175 46
126 179 73 179 83 183 26 183 38
129 183 77 183 87 187 33 187 37
126 206 75 206 85 213 31 213 51
126 215 75 215 85 221 31 221 103
126 233 76 231 85 239 29 239 107
128 242 77 242 87 251 31 251 102
127 263 76 264 85 273 30 274 72
131 176 80 175 89 181 33 180 44
131 189 80 190 89 193 36 193 33
134 210 85 213 93 217 38 216 54
129 243 79 243 89 253 33 252 157
130 323 77 323 89 339 29 339 331
131 320 80 319 91 335 36 334 209
133 62 81 63 95 57 39 57 20
136 118 85 115 97 117 42 117 20
134 181 84 181 95 185 39 185 39
133 187 83 187 95 191 40 191 24
139 237 88 237 97 247 44 247 46
137 267 87 266 97 277 43 276 53
140 32 90 34 101 25 47 26 67
140 60 93 61 103 55 47 55 16
141 98 92 98 103 95 51 95 26
144 172 94 172 105 175 49 175 50
143 236 93 236 103 245 51 244 45
143 246 94 245 103 255 49 255 75
149 42 99 42 111 35 58 36 74
146 107 98 107 109 105 58 105 47
146 157 93 155 109 159 62 157 63
146 209 96 208 107 215 54 215 27
146 240 95 240 107 249 52 247 70
149 316 99 316 109 331 56 330 89
149 92 102 92 113 89 62 90 29
150 101 101 101 113 99 61 99 109
149 130 103 131 115 131 64 131 13
152 187 103 187 115 191 59 191 62
153 210 106 210 117 217 65 217 47
154 274 106 273 117 285 64 285 197
152 307 104 308 115 323 63 322 88
157 191 109 190 121 195 69 194 106
159 191 111 190 123 195 72 194 46
158 211 108 211 121 219 71 217 45
154 216 108 216 119 223 66 222 52
159 237 111 237 123 245 72 245 38
156 278 108 277 119 289 67 288 106
160 276 112 275 123 287 72 286 132
156 302 108 301 119 315 67 314 184
156 306 108 306 119 321 67 320 73
157 317 109 316 119 331 67 330 119
164 41 117 43 129 35 78 36 66
161 63 114 61 129 59 76 57 22
161 127 113 127 127 127 76 127 38
162 161 116 162 127 163 82 164 89
161 172 113 172 125 175 73 175 185
161 179 112 179 125 183 73 183 142
161 185 113 185 125 189 74 189 84
163 246 115 246 127 255 76 255 36
163 254 115 253 127 263 76 263 41
168 28 122 30 133 21 81 21 102
165 138 120 139 131 139 79 139 18
167 150 124 150 135 151 88 151 31
166 159 122 157 133 161 85 162 83
165 168 121 168 131 171 79 171 182
166 183 119 183 131 187 81 187 145
166 187 119 187 131 191 81 191 99
168 191 121 191 133 195 83 195 96
168 220 120 217 133 225 82 223 53
170 241 123 241 135 249 83 249 54
169 311 122 310 133 325 81 324 96
170 338 119 336 133 355 72 355 44
170 71 123 71 137 67 87 68 28
173 68 128 69 141 65 93 66 16
173 113 127 114 139 109 90 110 46
173 125 128 125 141 125 90 125 17
170 132 125 133 137 133 89 133 21
170 134 125 135 137 135 91 136 24
174 172 127 172 139 175 89 175 159
172 179 125 179 139 183 89 183 143
172 185 126 185 137 189 88 189 99
175 250 128 249 141 259 91 260 42
170 282 123 282 137 293 88 292 40
171 293 125 292 137 305 88 304 17
176 305 128 305 139 319 89 318 34
175 48 126 48 143 43 87 42 134
175 93 131 94 143 91 95 92 44
176 144 130 144 143 145 94 145 28
175 155 132 152 143 155 96 155 45
177 160 133 161 145 163 98 163 63
179 210 133 208 145 215 97 215 99
176 236 129 235 143 243 96 243 57
175 273 131 272 143 283 95 282 35
184 325 133 324 147 341 90 340 33
182 40 135 39 149 33 100 34 61
181 73 138 74 149 69 101 69 88
181 155 137 156 149 157 102 157 39
183 172 140 172 153 175 104 175 121
183 190 138 190 151 195 102 195 72
182 239 136 239 149 247 101 247 71
183 293 138 293 151 305 103 304 26
180 301 135 300 149 313 99 312 17
182 304 138 303 153 315 102 315 28
185 307 137 307 149 321 94 320 26
187 69 142 71 155 67 108 68 53
186 87 142 88 155 85 108 85 100
186 97 142 97 155 95 108 95 64
186 136 142 136 155 137 108 137 59
188 145 144 146 157 147 110 147 112
188 168 144 168 157 171 110 170 79
188 177 144 177 155 181 109 181 70
187 195 142 195 155 203 107 203 83
190 207 146 208 159 213 111 213 142
187 202 142 202 155 209 107 210 100
187 267 140 267 155 277 100 278 76
190 288 145 287 159 299 111 297 34
196 84 152 85 165 81 117 82 140
196 172 151 172 165 175 117 175 110
196 179 151 179 165 183 117 183 66
194 203 150 203 163 211 116 211 127
192 237 149 237 161 245 113 244 71
192 269 147 269 161 279 114 278 42
192 291 147 291 161 303 113 303 36
193 299 149 299 163 311 114 310 26
190 305 144 305 161 317 113 316 37
200 56 149 55 169 51 114 50 270
201 66 157 67 171 61 124 62 79
202 177 158 177 171 181 124 181 69
197 187 154 187 167 191 120 191 83
200 237 157 237 169 245 122 245 87
201 257 158 258 171 267 125 268 28
198 273 154 273 167 283 120 281 27
196 303 152 302 167 315 119 314 49
204 319 153 318 169 333 117 332 44
205 54 161 55 175 49 129 50 112
203 76 159 77 173 73 126 74 89
205 79 161 78 175 77 128 77 132
205 107 161 106 175 105 128 105 54
206 118 163 119 177 119 130 119 25
203 157 160 159 173 157 127 158 91
203 163 159 164 173 167 126 169 56
207 170 163 170 177 173 131 173 82
206 179 163 179 177 183 132 183 75
203 181 159 181 173 185 125 185 155
203 199 160 199 175 207 129 207 130
203 225 159 226 173 233 125 233 53
206 241 162 241 175 249 130 249 44
201 293 159 293 173 305 123 304 42
205 310 157 309 173 323 128 323 78
210 59 167 60 181 55 136 56 81
210 71 167 71 181 67 135 68 96
212 77 169 77 183 73 137 73 89
212 87 169 85 183 83 137 81 86
208 111 165 111 179 109 132 109 47
212 127 170 127 183 127 137 127 24
211 169 169 170 183 173 138 173 85
207 189 165 190 179 195 133 195 106
209 223 167 223 181 231 136 231 45
213 239 167 239 181 247 133 247 45
208 266 166 266 179 275 133 274 41
212 289 169 289 183 301 136 301 20
212 299 167 299 183 311 137 310 29
217 130 173 128 189 131 144 131 27
215 149 173 149 187 151 142 151 49
216 187 174 187 189 193 145 194 94
215 223 173 223 187 231 141 229 41
218 88 176 90 191 87 146 88 91
222 121 179 119 195 121 150 120 77
222 149 181 149 195 151 152 152 26
219 209 177 210 191 215 147 214 123
220 226 179 226 193 233 149 232 33
221 301 173 302 191 313 144 313 43
218 305 173 305 191 317 140 317 41
226 62 184 62 199 57 154 56 66
226 105 185 105 199 103 155 104 95
226 113 185 113 199 111 155 111 110
226 156 185 157 199 159 154 157 44
226 170 185 170 199 173 155 173 85
226 207 185 207 199 213 155 212 69
224 228 183 228 197 235 153 235 42
226 237 184 237 199 245 155 243 16
230 317 182 316 199 331 147 330 27
233 183 192 182 207 187 164 187 139
233 201 193 203 207 207 164 207 52
230 232 188 232 203 239 159 239 24
233 281 193 280 207 291 164 291 46
233 285 192 285 207 295 164 293 28
228 292 188 292 203 303 160 302 37
239 40 198 41 213 33 169 33 35
237 71 196 71 211 67 169 68 83
236 171 196 171 211 175 169 176 61
235 225 195 224 209 231 166 230 39
237 262 197 261 211 271 169 269 38
239 260 198 260 213 269 170 268 41
238 277 198 277 213 287 170 287 23
243 93 204 93 219 91 178 91 76
243 125 203 125 217 127 175 125 32
242 173 202 171 217 175 175 174 86
244 176 205 176 219 179 177 179 84
243 189 204 189 219 193 177 193 88
241 198 202 198 217 203 175 203 57
244 227 206 226 219 233 177 233 26
241 242 202 241 217 249 174 249 48
244 275 204 275 219 285 176 284 19
244 290 203 290 219 301 175 300 69
249 307 205 306 219 319 180 319 37
249 317 198 317 219 331 165 333 28
248 111 208 109 223 107 180 105 39
248 172 209 171 223 173 182 173 53
246 185 206 185 221 189 180 189 82
246 215 206 215 221 221 179 221 27
249 223 210 223 225 229 184 229 35
243 231 207 230 221 237 179 237 36
249 242 210 241 225 249 183 249 30
250 253 210 253 225 261 183 261 25
247 260 207 260 223 269 180 269 17
248 281 207 280 223 291 179 291 21
246 285 205 284 221 295 177 294 48
246 296 205 296 221 307 177 306 54
251 104 213 105 227 103 185 103 53
251 118 212 118 227 117 186 117 37
255 121 216 122 231 123 190 124 20
255 123 216 125 231 125 190 125 28
250 150 212 152 227 153 186 153 26
254 148 216 149 231 151 190 150 38
250 153 211 153 227 155 187 156 28
254 185 216 185 231 189 191 189 73
251 193 212 193 227 197 186 197 79
254 199 216 197 231 203 185 201 101
254 218 216 217 231 223 190 223 38
255 245 215 245 231 253 188 253 32
252 249 213 249 229 257 187 257 22
253 255 213 255 229 263 186 263 11
255 268 216 268 231 277 188 276 6
252 272 211 271 227 281 184 281 9
255 287 215 286 231 297 187 297 33
251 296 213 296 227 307 183 306 43
256 85 218 86 233 83 192 83 166
260 97 223 97 237 95 196 95 106
260 100 219 100 235 99 194 99 137
258 114 220 113 235 113 195 112 30
258 127 220 127 235 127 195 126 24
256 132 218 133 233 133 192 133 35
258 138 220 139 235 139 195 138 23
256 141 218 142 233 143 192 143 34
258 146 219 145 235 147 194 147 25
260 144 222 144 237 145 196 145 37
260 149 222 150 237 151 197 151 33
256 155 218 156 233 159 192 157 27
258 174 220 174 235 177 195 177 50
256 187 218 187 233 191 193 191 62
260 197 222 196 237 201 197 201 38
260 207 221 209 237 213 197 213 32
256 206 218 206 233 211 193 211 36
260 233 222 233 237 239 197 240 50
256 240 218 240 233 247 193 246 38
258 255 219 255 235 263 192 263 12
256 279 216 280 233 291 188 289 35
259 288 219 288 235 299 191 298 29
268 336 216 336 237 353 188 354 86
265 55 228 56 243 51 203 51 103
261 60 224 61 239 57 199 57 137
261 79 223 79 239 77 197 75 97
265 117 223 116 243 117 202 117 54
264 166 226 167 241 169 201 169 27
265 172 228 172 243 175 203 175 29
263 185 225 185 241 189 201 189 42
265 204 228 204 243 209 203 209 31
265 215 227 215 243 221 203 221 41
263 223 225 222 241 229 200 228 42
262 253 223 252 239 261 197 260 14
265 255 225 255 241 263 199 262 12
264 264 224 264 241 273 198 272 14
260 264 223 262 239 271 197 270 17
263 268 221 268 239 277 195 276 12
270 305 222 305 243 317 195 317 31
268 309 220 308 239 321 191 320 20
270 316 223 315 243 329 193 328 30
270 40 231 40 247 35 208 36 263
268 60 229 58 245 55 205 55 113
269 80 232 81 247 77 208 78 127
267 113 228 112 245 113 205 114 23
267 133 229 133 247 133 207 133 13
267 144 229 144 245 145 204 145 12
271 147 233 147 249 149 209 149 10
269 151 231 151 247 153 207 153 16
267 163 229 164 245 165 205 165 20
271 167 234 166 249 169 209 170 15
269 200 231 200 247 205 207 205 31
267 204 230 204 245 209 205 209 79
268 211 231 211 247 217 208 217 46
267 210 230 210 245 215 204 214 50
266 219 229 219 245 225 205 225 53
268 229 232 229 247 235 208 235 51
270 259 230 258 247 267 204 267 10
268 281 227 281 245 291 202 291 15
273 290 233 290 249 301 204 301 24
277 322 228 322 249 337 196 336 31
272 41 235 42 251 37 212 38 312
275 97 236 98 253 95 212 96 67
273 112 235 112 251 111 212 111 20
272 128 235 129 251 129 211 129 10
277 125 239 125 255 125 216 125 10
276 136 239 136 255 137 215 137 18
275 146 237 146 253 147 213 147 14
274 151 237 151 253 153 213 153 16
275 157 237 157 253 159 213 159 15
273 161 232 161 251 163 211 163 42
275 163 238 163 255 165 215 165 20
273 172 235 172 251 175 211 175 30
275 230 241 233 255 235 219 237 39
275 236 240 236 255 243 219 243 80
271 243 235 243 251 251 213 252 44
276 257 237 257 253 265 210 264 21
278 259 239 258 255 267 213 267 18
274 262 233 261 251 271 208 270 11
277 266 237 266 255 275 212 275 12
277 281 238 280 255 291 213 290 19
277 294 235 294 251 305 210 304 52
278 301 235 301 253 313 209 312 28
275 307 231 307 251 319 204 319 38
277 310 230 310 251 323 203 322 32
278 316 233 315 251 329 201 328 37
279 321 230 321 253 335 201 334 41
283 331 232 331 255 347 200 346 27
279 25 244 26 259 21 223 21 175
277 33 242 33 257 29 221 30 402
280 85 242 85 257 83 219 83 73
282 95 244 95 261 93 220 93 34
280 134 245 134 261 135 219 134 14
279 138 241 138 257 139 218 139 32
277 202 242 202 257 207 221 208 37
277 221 242 218 257 225 221 225 33
279 245 245 247 259 253 223 255 60
281 283 241 283 259 293 217 292 16
280 309 238 308 257 321 210 320 27
283 305 240 305 259 317 213 316 30
283 45 247 46 263 41 225 42 385
286 92 250 93 267 91 229 91 45
285 104 248 105 265 103 225 103 52
281 132 247 132 263 133 229 131 23
286 229 252 232 267 231 231 231 54
286 258 248 259 265 267 223 267 52
285 265 245 264 263 273 221 272 41
288 287 249 287 267 297 226 296 42
291 307 250 307 267 319 219 318 40
292 321 243 320 265 335 213 334 27
290 53 253 53 269 49 233 50 199
292 73 257 74 273 71 236 72 197
293 171 258 172 273 175 237 176 49
291 188 257 188 273 191 237 191 29
292 194 258 193 273 197 237 196 68
291 209 258 208 273 213 238 212 39
291 214 258 214 273 219 237 219 43
292 232 257 234 273 239 237 239 56
290 262 251 262 269 271 227 271 58
291 301 250 301 269 313 223 312 38
295 318 250 317 271 331 221 330 28
297 46 264 48 279 43 243 44 210
296 50 262 51 277 47 240 47 317
297 52 264 53 279 49 242 49 237
297 102 261 103 277 101 235 101 74
298 113 264 114 279 113 248 114 43
296 141 262 140 277 143 242 141 18
294 158 260 159 275 161 240 161 9
296 176 262 176 277 179 241 179 30
297 179 264 179 279 183 244 183 14
293 186 259 186 275 189 239 190 19
298 189 264 189 279 193 243 193 18
297 209 264 208 279 213 243 213 30
296 212 262 212 277 217 241 217 32
298 214 264 214 279 219 244 219 33
293 218 260 218 275 223 239 223 46
295 227 262 229 277 235 241 235 19
297 244 264 245 279 251 243 250 42
294 249 260 250 275 257 239 259 56
300 49 265 49 281 45 245 46 229
303 82 269 79 285 77 250 78 72
304 129 269 128 285 129 250 129 17
299 128 265 128 281 129 245 129 17
304 141 269 143 285 145 248 144 12
300 147 266 147 281 149 246 149 9
301 155 267 155 283 157 247 157 10
299 162 265 162 281 165 245 165 13
299 164 265 164 281 167 245 167 10
299 174 266 174 281 177 245 176 41
303 216 269 216 285 221 249 221 26
299 221 266 222 281 227 246 227 17
299 222 266 223 281 229 245 227 14
299 248 266 248 281 255 245 254 24
303 256 269 255 285 263 250 262 21
299 263 266 264 281 271 245 270 50
301 265 267 265 283 273 247 272 36
306 303 263 303 285 315 240 315 20
303 300 261 299 281 311 231 313 39
306 308 262 308 283 321 236 320 23
306 323 258 322 281 337 230 336 24
307 77 273 76 289 73 254 74 70
309 82 275 80 291 77 256 78 63
308 107 271 107 291 109 251 108 133
306 152 272 152 287 153 252 154 14
305 178 271 178 287 181 251 181 24
305 197 271 197 287 201 251 201 31
305 202 271 202 287 207 251 207 42
306 214 273 214 289 219 254 219 49
305 219 271 220 287 225 251 225 24
309 250 275 250 291 257 256 257 27
306 262 273 261 289 269 253 268 19
309 271 275 271 291 279 256 279 20
310 291 273 290 291 301 250 300 21
307 299 261 300 287 309 241 310 26
317 104 278 104 297 103 256 103 229
312 121 279 121 295 121 261 122 110
314 140 281 140 297 141 262 141 54
314 147 281 148 297 149 262 149 57
312 161 279 161 295 163 260 163 40
312 166 279 167 295 169 260 169 44
310 175 277 174 293 177 258 177 45
312 187 279 188 295 191 260 191 54
310 193 277 193 293 197 258 197 36
315 201 281 202 297 207 262 207 64
311 205 277 205 293 209 258 209 46
312 218 279 220 295 225 260 225 62
312 242 279 242 295 249 259 249 18
310 246 277 246 293 253 258 252 9
311 257 276 257 293 265 257 264 25
311 271 277 271 293 279 258 279 25
311 276 279 276 295 285 259 285 20
313 282 277 282 295 291 255 291 27
314 287 277 287 297 299 257 298 22
316 312 271 312 293 325 245 325 28
316 318 265 320 293 331 243 331 23
318 117 285 117 301 117 267 117 94
318 136 285 136 301 137 266 137 76
317 145 283 146 299 147 264 147 77
318 142 285 142 301 143 266 143 109
317 152 283 151 299 153 264 153 99
316 214 283 214 299 219 264 218 108
316 229 283 229 299 235 264 235 43
318 237 285 237 301 243 266 243 33
318 252 285 252 301 259 266 259 18
316 257 283 257 299 265 264 264 12
315 265 282 265 299 273 262 272 11
317 301 277 299 299 311 255 310 28
325 330 275 329 301 345 247 344 28
324 335 272 336 299 353 242 351 43
328 340 273 340 303 357 244 356 37
326 104 287 104 309 103 268 103 171
321 121 290 121 305 121 272 121 148
322 157 292 161 307 161 275 162 129
324 163 293 163 309 167 277 167 167
323 168 292 168 307 171 275 171 148
322 208 291 208 307 213 275 212 114
322 211 289 212 305 217 272 217 111
325 257 292 258 309 265 274 265 11
322 262 288 261 305 269 270 269 14
331 306 283 307 307 319 260 318 15
331 310 286 310 309 323 261 323 15
332 316 287 315 309 329 258 329 14
330 320 283 320 309 335 256 333 18
333 326 284 326 309 341 257 340 29
327 99 288 99 313 99 273 99 95
330 115 300 115 315 115 283 115 290
328 120 297 122 313 121 281 121 171
326 144 296 146 311 147 279 148 135
326 150 296 151 311 153 279 154 185
328 169 297 169 313 171 281 170 174
328 170 297 171 313 173 281 172 195
328 214 297 214 313 219 281 218 292
330 259 297 259 313 267 279 266 14
329 271 295 271 313 279 277 279 14
327 287 290 287 311 297 269 296 29
334 295 294 295 315 305 274 305 31
335 313 289 313 311 327 264 326 18
337 335 284 335 313 351 256 350 68
339 340 286 340 315 357 257 356 72
331 105 294 105 317 105 279 105 328
336 117 306 117 321 117 290 117 138
335 144 305 145 321 147 289 147 170
332 147 302 147 317 149 285 148 246
336 152 306 152 321 155 290 154 190
335 169 306 167 321 169 290 167 133
333 178 303 178 319 181 287 181 256
336 182 306 182 321 185 290 185 219
332 186 301 185 317 189 285 189 123
336 218 308 218 321 223 291 223 186
335 248 302 248 319 255 284 255 15
335 252 301 252 319 259 283 259 16
335 269 302 269 319 277 285 276 23
335 286 297 285 317 295 278 295 46
336 291 297 291 317 301 277 301 27
339 305 297 305 319 317 275 316 33
341 321 293 321 319 335 269 334 26
342 333 290 333 319 349 263 348 45
343 337 291 336 319 353 263 352 43
338 99 308 100 323 99 292 99 264
337 105 307 107 323 105 292 107 331
338 113 306 113 323 113 290 113 271
339 143 310 144 325 145 294 145 289
337 152 307 152 323 153 291 153 262
340 161 313 161 327 163 299 163 258
340 170 310 170 325 173 294 173 282
338 172 308 172 323 175 292 175 205
338 199 307 196 323 201 291 199 66
341 212 312 209 327 217 296 217 100
341 231 311 231 327 237 296 237 222
340 284 302 283 323 293 284 292 38
343 311 299 311 323 323 275 323 29
347 335 295 335 323 351 266 351 48
347 340 294 340 323 357 265 357 39
348 109 315 110 333 109 297 109 299
345 140 315 140 329 141 298 141 148
346 160 319 161 333 163 305 163 341
344 168 318 169 331 171 304 171 238
345 214 315 214 331 219 299 218 115
344 262 311 261 329 269 294 269 36
344 269 311 269 329 277 294 277 46
345 275 312 275 329 283 285 285 58
347 284 311 284 329 293 292 293 61
348 293 308 293 331 303 288 303 51
356 335 304 335 333 351 278 350 48
348 99 318 99 335 99 305 99 162
352 105 323 105 339 105 309 105 115
348 105 315 104 335 105 305 105 224
354 119 323 119 339 119 307 119 204
348 135 322 138 337 139 308 139 117
349 143 323 144 337 145 309 145 237
348 147 321 147 335 149 307 149 182
352 161 325 162 339 165 311 166 131
351 229 322 229 339 237 308 235 209
348 233 320 234 335 239 305 239 194
350 243 320 244 337 251 306 252 244
354 248 322 246 339 253 307 252 177
353 291 313 291 335 301 293 301 48
355 297 315 296 337 307 295 307 93
354 307 311 307 335 319 288 318 76
353 311 310 310 335 323 288 322 46
359 334 308 333 337 349 281 349 46
361 28 329 26 345 23 317 24 105
356 101 323 100 343 101 313 101 113
352 125 327 126 341 127 312 127 74
355 137 328 135 343 139 315 139 60
355 145 329 145 343 147 315 147 102
353 141 326 141 341 143 313 143 148
357 149 331 151 345 151 317 151 100
357 151 331 153 345 155 317 153 100
355 227 327 227 343 235 312 233 172
357 235 329 235 343 241 314 241 191
355 241 325 241 341 247 312 247 198
358 239 332 238 345 245 316 245 178
363 293 321 292 345 303 301 302 45
365 320 317 320 343 335 291 335 26
362 103 333 103 349 103 320 103 134
359 143 332 144 347 145 319 145 195
361 148 335 151 349 151 321 149 82
361 165 335 169 349 169 321 167 177
359 172 333 172 347 175 319 175 216
365 264 335 264 351 271 320 271 189
363 298 324 298 347 309 306 309 78
371 317 322 318 351 331 300 331 36
369 345 317 345 349 361 291 361 26
369 28 341 28 357 25 328 25 215
363 104 338 105 353 105 325 105 128
370 262 340 262 357 269 327 269 112
371 268 339 268 357 275 324 275 111
371 277 338 277 357 285 322 285 31
369 275 336 275 355 283 319 283 39
365 280 334 281 353 289 315 288 28
373 325 324 325 353 339 301 339 34
375 336 326 335 355 351 300 351 32
374 337 323 337 353 353 298 353 37
375 342 323 343 353 359 297 359 28
371 24 343 24 359 21 330 21 107
375 260 346 260 363 267 333 267 136
374 266 344 266 361 273 330 273 144
374 281 337 280 359 289 324 289 26
375 307 333 307 359 319 315 319 83
379 316 334 316 361 329 312 329 85
378 343 327 343 359 359 302 358 18
381 256 353 256 369 263 339 263 142
384 309 340 309 367 321 321 320 68
384 260 355 260 371 267 341 267 106
384 261 355 261 373 267 343 267 63
383 271 352 271 371 279 339 279 104
387 286 352 285 373 295 335 294 36
388 290 350 289 373 299 333 299 41
389 306 347 305 373 317 328 316 81
390 311 346 311 373 323 326 323 61
396 302 356 301 381 313 337 313 82
395 309 352 309 379 321 333 321 87
395 257 368 257 385 263 353 264 39
398 275 365 275 385 283 350 283 12
401 287 364 288 387 297 348 297 40
402 304 360 304 387 315 342 315 63
402 209 379 210 393 213 369 213 175
398 237 375 236 389 243 365 242 209
406 277 372 277 393 285 357 285 16
404 273 371 273 391 281 358 280 26
408 287 372 287 393 297 358 296 93
405 290 369 289 391 299 352 299 41
408 300 367 300 393 311 350 311 80
407 308 364 310 391 321 346 321 38
408 272 375 272 395 279 363 279 43
411 279 377 279 399 287 364 287 33
412 304 371 304 397 315 353 315 68
412 311 370 311 397 323 354 322 34
415 55 391 54 405 53 382 53 77
411 57 387 56 401 55 379 56 64
410 126 387 125 401 127 378 127 155
410 180 388 180 401 183 378 183 38
414 176 389 176 405 179 386 179 60
413 184 392 185 405 187 380 187 81
415 253 382 253 403 259 369 259 222
413 292 375 291 401 301 360 301 43
416 289 379 289 403 299 365 298 28
415 310 373 310 401 321 358 320 39
418 313 375 313 403 325 358 325 32
417 51 393 50 407 49 384 49 50
421 119 399 119 409 119 387 119 161
417 124 397 124 409 125 388 125 158
418 130 398 130 407 131 385 131 134
421 273 388 271 409 279 375 279 27
420 275 388 275 409 283 375 283 42
418 277 386 277 407 285 373 285 30
422 299 383 299 409 309 367 309 38
425 122 404 122 417 123 396 123 116
421 124 401 124 413 125 392 125 179
426 126 405 127 417 129 396 129 112
425 176 405 176 417 179 396 179 90
426 235 393 235 415 241 380 241 227
428 241 395 241 417 247 383 247 136
425 260 392 260 415 267 380 267 72
430 281 395 281 417 289 382 289 45
433 226 403 227 423 231 389 231 74
432 222 399 222 421 227 386 227 225
433 264 402 264 423 271 390 271 22
433 271 402 270 423 277 390 277 59
429 285 395 284 419 293 381 293 37
436 194 405 194 427 197 393 197 528
439 237 404 235 429 243 390 243 45
439 266 412 265 429 273 396 273 26
435 268 404 268 425 275 392 275 21
436 292 402 291 425 301 386 301 59
436 298 400 297 425 307 385 307 34
442 216 412 216 433 221 401 221 41
440 275 409 275 431 283 397 282 23
445 281 412 281 435 289 400 289 31
448 192 422 192 439 195 411 195 264
450 195 421 196 441 199 410 200 244
450 203 420 203 441 207 409 207 133
450 216 421 216 441 221 411 221 59
447 229 414 230 437 235 402 235 45
447 235 414 235 437 241 402 241 36
452 253 419 251 441 259 408 257 25
447 279 415 278 437 287 403 286 74
447 284 414 284 437 293 402 293 47
451 306 411 306 439 317 397 317 103
451 35 433 36 445 37 426 36 92
454 83 436 83 447 83 427 82 35
451 177 433 176 445 179 426 179 57
454 186 432 186 447 189 425 189 197
454 218 424 218 445 223 411 223 94
453 241 423 241 445 247 412 247 38
452 258 423 258 443 265 411 265 19
455 262 421 262 445 269 410 269 24
454 278 422 278 445 287 411 287 20
454 299 416 299 443 309 401 309 71
454 23 438 25 449 23 430 23 62
459 32 443 33 453 31 435 31 186
455 42 437 41 449 41 431 41 234
458 75 437 73 451 75 433 75 29
456 79 438 79 449 79 431 79 40
455 133 437 133 449 135 431 135 147
459 130 438 129 451 131 433 131 46
459 137 439 138 453 139 432 140 223
458 191 429 192 449 195 417 196 225
462 195 433 196 453 199 423 199 221
459 201 431 201 451 205 421 205 207
462 205 433 205 453 209 423 208 274
460 220 425 219 451 225 414 223 64
460 237 430 237 451 243 420 243 64
458 283 426 283 449 291 414 291 33
460 281 428 281 451 289 418 289 27
462 299 426 299 453 309 417 309 85
460 302 421 302 449 313 406 313 58
459 308 419 308 449 319 406 319 94
461 41 445 41 455 41 438 41 193
461 176 442 177 455 179 439 179 53
464 217 433 216 455 221 422 220 64
464 224 431 224 455 229 420 229 60
464 227 433 228 455 233 422 233 57
464 232 431 232 455 237 420 237 63
468 233 435 233 459 239 424 239 57
463 237 431 237 455 243 420 243 62
471 191 446 192 465 195 433 195 374
469 199 439 199 461 203 429 203 375
473 212 439 212 465 217 428 216 103
473 216 441 216 461 221 428 221 60
469 253 439 252 461 261 429 261 20
475 279 440 279 465 287 427 285 20
470 283 437 283 461 291 426 291 22
475 288 444 288 465 297 431 296 53
473 181 457 182 469 185 452 185 236
475 199 443 199 467 203 433 203 426
480 230 447 230 471 235 436 235 52
476 233 443 233 467 239 432 239 54
480 237 447 237 471 243 436 243 47
477 247 445 247 467 253 435 253 51
477 258 444 258 469 265 431 265 17
480 295 445 296 471 305 431 305 61
478 303 438 303 469 313 425 313 93
480 301 440 301 471 311 429 311 96
481 308 439 308 471 319 426 319 119
480 64 465 64 475 65 460 65 213
478 71 463 71 473 73 457 74 135
482 111 467 111 477 113 462 113 104
480 115 465 115 475 117 460 117 72
477 175 463 176 473 179 457 179 82
482 234 449 233 473 241 438 241 38
483 248 452 248 475 255 440 255 16
483 308 441 308 473 319 428 319 86
488 315 443 315 477 327 430 327 43
485 311 442 311 475 323 429 323 66
487 17 475 17 483 17 471 17 475
487 42 476 42 483 43 471 43 378
487 48 476 48 483 49 471 49 306
484 68 469 68 479 69 464 69 138
485 64 474 64 481 65 469 65 203
484 74 469 74 479 75 464 75 168
488 70 476 70 483 71 471 71 224
487 83 476 84 483 85 471 85 223
485 109 474 110 481 111 469 111 76
485 115 472 116 481 117 469 117 46
484 170 473 170 481 173 470 173 29
483 176 472 176 479 179 467 179 82
491 199 459 201 483 203 450 205 298
488 222 459 222 481 227 449 227 34
491 243 457 243 483 249 448 249 28
489 241 457 241 483 247 448 247 33
488 260 455 260 479 267 445 267 11
490 345 442 343 479 361 424 359 18
491 19 480 19 487 19 476 19 494
490 27 475 28 487 29 471 29 311
489 44 478 45 485 45 474 45 364
490 55 478 55 487 57 476 57 149
493 212 459 212 485 217 449 217 30
495 234 461 236 487 241 452 241 54
493 247 460 247 485 253 450 253 40
494 293 457 293 489 303 451 303 96
495 301 456 300 487 311 445 311 69
493 309 452 309 485 321 440 321 87
495 315 451 315 485 327 439 327 57
497 41 485 41 493 41 481 41 350
502 74 494 74 495 75 485 75 118
495 88 483 87 491 89 477 89 43
501 186 469 186 493 189 461 189 131
501 216 468 216 493 221 459 221 81
499 218 466 218 491 223 457 223 56
499 225 466 225 491 231 456 231 64
501 237 467 237 493 243 458 243 120
500 247 468 247 493 253 458 253 51
501 281 467 281 495 289 459 289 47
501 290 468 291 491 299 454 299 99
501 297 466 297 491 307 450 307 194
501 17 490 17 497 17 485 17 266
501 48 490 49 497 49 485 48 141
505 58 493 58 501 59 489 59 222
505 68 493 68 501 69 489 69 137
505 235 472 235 497 241 463 241 82
506 248 473 247 499 253 464 253 69
508 279 475 279 501 287 466 287 57
503 288 471 288 499 297 462 297 102
509 288 475 288 501 297 464 297 77
507 292 471 292 499 301 462 301 79
507 303 467 303 499 313 457 313 62
507 320 461 320 497 333 448 333 51
511 316 469 317 501 329 461 330 146
511 21 502 21 507 23 498 22 210
507 27 496 26 503 27 492 27 437
511 58 500 59 507 59 497 61 157
511 64 499 64 507 65 495 65 167
511 79 500 79 507 81 496 80 123
511 88 499 87 507 89 495 89 93
507 90 493 90 505 91 493 91 122
510 186 477 186 505 189 476 189 209
514 241 481 241 507 247 473 247 65
511 259 479 260 505 267 471 267 100
511 265 479 266 505 273 471 273 53
513 277 482 277 507 285 473 285 40
515 308 471 307 507 319 461 319 113
517 36 506 36 513 37 503 37 284
517 43 506 42 513 43 503 43 297
517 58 506 58 513 59 503 57 203
514 75 503 75 511 77 499 76 207
517 90 506 90 513 91 502 91 135
513 97 502 96 509 95 498 97 97
517 111 506 112 513 115 502 115 25
517 113 506 113 513 117 502 115 66
517 122 506 121 513 123 502 123 61
517 123 506 124 513 125 502 124 27
515 237 484 237 509 243 476 243 63
518 234 486 233 511 239 478 239 114
517 272 486 272 511 279 478 279 101
516 279 484 279 509 287 476 287 51
517 285 483 285 509 293 473 293 99
519 293 481 292 509 305 470 303 126
519 301 480 301 511 311 469 311 75
519 318 475 318 511 331 465 331 84
520 327 473 327 513 341 461 341 59
517 327 469 327 509 341 458 341 39
521 27 510 26 517 27 506 27 200
519 33 507 31 515 33 503 31 111
520 38 510 38 517 39 507 39 395
522 44 513 44 519 45 509 45 194
520 73 509 73 517 75 505 74 229
522 97 513 97 519 99 509 99 150
519 93 508 93 515 95 504 95 186
522 121 512 121 519 123 509 123 40
523 215 495 216 517 219 487 220 118
521 241 490 242 515 247 482 248 75
521 249 491 248 515 255 483 256 59
523 279 490 279 517 287 483 287 93
525 306 483 306 515 317 471 317 84
523 323 476 323 515 337 464 337 57
523 337 475 335 517 351 461 352 36
526 42 517 42 523 43 513 43 319
528 54 520 54 525 55 516 55 249
526 71 515 72 523 73 511 72 284
524 78 513 78 521 79 510 79 289
527 92 517 91 525 95 515 94 234
526 101 517 101 523 103 513 103 157
528 121 519 121 525 123 515 123 18
528 127 519 127 525 129 515 129 10
524 174 515 174 521 177 512 177 46
528 211 501 210 523 215 494 214 185
528 242 501 242 523 247 495 247 76
526 259 499 259 521 265 493 265 52
529 270 499 270 521 277 491 277 85
527 276 497 276 521 283 489 283 86
530 302 491 302 523 313 480 313 153
529 322 484 322 521 335 471 335 104
534 56 526 56 531 57 522 57 231
532 60 524 60 529 61 520 61 262
534 64 526 63 531 65 522 65 243
534 68 526 68 531 69 523 69 293
533 90 523 89 531 93 520 91 268
530 95 521 95 527 97 518 97 162
534 226 508 227 529 231 502 231 88
536 228 510 229 531 233 504 233 101
532 232 505 232 527 237 499 237 81
532 253 506 254 527 259 499 259 34
532 261 505 261 527 267 499 267 38
533 270 504 270 527 277 495 276 78
533 276 502 276 527 283 495 283 138
534 283 500 283 529 291 493 291 71
536 297 499 297 527 307 487 307 72
536 317 491 317 529 329 480 329 90
537 328 490 327 529 341 478 341 45
540 68 532 67 537 69 529 69 249
538 69 530 69 535 71 527 71 225
540 73 532 74 537 75 529 75 184
540 101 532 101 537 103 529 103 274
541 213 519 213 537 217 514 217 233
539 211 516 212 535 215 511 216 154
538 217 514 217 533 221 508 221 153
540 223 513 221 535 227 510 227 81
541 229 518 228 537 233 513 233 199
541 254 518 254 537 259 512 259 24
540 290 504 290 535 299 497 299 81
542 310 499 310 535 321 489 321 92
542 315 496 315 533 327 486 327 79
537 311 494 311 535 323 485 323 85
547 97 538 96 543 97 536 99 290
542 101 537 105 539 103 531 103 187
545 100 538 101 543 103 535 103 150
544 123 537 127 541 127 533 127 296
544 136 537 139 541 139 535 141 381
546 140 539 138 543 143 536 141 232
544 156 537 155 541 159 535 158 426
543 186 537 186 541 189 534 189 430
545 188 539 188 543 191 536 191 377
542 191 534 192 539 195 531 195 548
545 203 523 202 541 207 519 206 420
543 217 521 218 539 221 515 222 214
543 225 520 225 539 229 515 229 193
547 228 524 231 543 233 519 233 227
545 231 522 231 541 235 517 235 239
543 238 522 238 539 243 518 242 206
547 240 527 240 543 245 522 245 127
548 267 519 266 543 273 513 273 33
542 263 516 263 539 269 511 269 39
544 273 514 273 543 281 511 281 42
541 286 507 286 539 295 502 295 186
548 294 511 294 543 303 503 303 94
546 320 499 320 539 333 489 333 70
550 317 505 317 543 329 495 329 46
550 323 503 323 543 337 493 337 65
551 110 543 111 547 113 541 112 407
548 121 540 122 545 123 537 123 203
551 127 548 126 549 129 545 129 203
549 180 545 181 547 183 542 183 433
553 210 532 209 549 213 528 213 298
551 206 530 205 547 209 525 209 394
549 213 529 215 545 217 524 218 229
551 230 530 232 547 235 526 233 151
553 242 532 243 549 247 528 247 180
549 263 519 263 545 269 513 269 27
553 263 525 263 547 269 516 269 23
555 302 515 302 549 313 506 313 54
553 313 509 313 547 325 500 325 49
551 330 505 331 545 345 489 344 42
555 114 552 114 553 117 550 117 184
553 133 550 133 551 135 548 135 194
556 133 552 133 553 135 550 135 133
553 139 550 138 551 141 547 141 155
553 148 550 149 551 151 547 151 263
555 157 552 156 553 159 549 159 151
553 155 550 154 551 157 547 157 163
553 160 550 161 551 163 547 163 139
555 186 548 186 553 189 546 188 459
558 192 551 192 555 195 547 195 325
556 194 547 194 553 197 544 196 404
560 218 548 218 555 223 542 223 317
557 237 537 236 553 241 532 241 171
560 280 527 280 555 287 519 287 68
561 287 525 287 555 295 519 295 65
558 304 516 304 553 315 510 315 88
559 313 514 313 553 325 506 325 38
564 107 561 107 561 109 558 109 67
559 113 556 113 557 115 554 115 102
563 114 560 115 561 117 558 117 79
563 130 560 131 561 133 558 134 158
561 129 558 129 559 131 555 131 114
559 132 556 133 557 135 554 135 114
563 148 559 148 561 151 558 151 202
559 158 556 159 557 161 554 162 47
563 162 560 163 561 165 557 165 53
559 160 556 160 557 163 553 162 43
559 167 556 166 557 169 553 169 59
560 200 552 200 557 203 549 203 343
563 227 544 228 557 231 540 231 219
564 269 531 269 559 275 533 274 49
565 281 532 281 561 289 526 289 57
563 294 526 294 559 303 519 303 58
565 320 519 320 561 333 511 333 37
568 332 521 332 561 347 509 347 39
569 109 566 110 567 111 564 111 75
565 113 562 113 563 115 560 115 100
565 121 562 121 563 123 560 123 120
567 119 564 119 565 121 562 121 76
565 126 562 127 563 129 560 129 52
567 141 564 140 565 143 561 145 60
567 156 563 156 565 159 561 159 100
565 152 562 152 563 155 559 155 143
565 160 562 161 563 163 559 162 102
567 167 564 166 565 169 561 169 67
566 184 557 185 563 187 555 187 398
568 192 559 192 565 195 556 195 314
569 198 560 198 567 201 558 201 372
569 204 561 204 567 207 558 207 139
565 208 552 211 563 211 553 211 313
568 212 557 212 565 215 554 215 140
570 216 559 216 567 219 555 219 84
567 213 554 214 563 217 552 217 181
567 219 554 219 565 223 551 223 108
568 225 554 225 565 229 550 229 92
568 238 549 238 565 243 545 242 52
567 244 551 245 563 249 541 249 95
570 270 537 270 567 277 533 277 56
571 276 540 276 567 283 534 283 42
569 281 536 281 565 289 530 289 46
567 287 535 287 563 295 529 295 91
567 327 518 327 563 341 510 341 38
573 117 570 117 571 119 568 119 80
571 135 568 135 569 137 565 137 63
573 143 570 142 571 145 567 145 157
571 154 568 154 569 157 566 157 123
571 172 567 172 569 175 565 174 106
573 198 566 198 571 201 563 201 201
573 194 565 194 571 197 562 197 335
573 208 564 208 571 211 561 211 210
571 235 555 234 569 239 549 239 53
571 258 548 256 571 263 544 261 15
577 268 547 269 573 275 542 275 40
577 277 545 277 573 285 540 285 48
576 276 545 276 573 283 540 283 36
577 299 535 299 573 309 531 309 44
577 315 532 315 573 327 524 327 66
575 339 525 340 571 355 514 355 28
577 109 574 109 575 111 572 111 58
581 118 578 118 579 121 576 121 93
577 133 574 133 575 135 572 135 76
579 135 576 135 577 137 574 137 144
577 145 574 144 575 147 572 147 193
577 149 573 148 575 151 571 151 43
579 151 576 150 577 153 573 153 41
581 157 578 156 579 159 575 159 37
579 186 571 186 577 189 568 189 265
577 198 569 198 575 201 566 201 433
579 206 574 206 577 209 567 209 190
577 223 563 223 575 227 560 227 50
581 233 563 233 579 237 560 237 41
579 240 559 240 577 245 556 245 46
579 247 557 246 577 251 554 251 36
578 257 552 257 575 265 545 263 15
578 263 551 263 575 269 546 269 19
580 266 551 267 577 273 547 273 26
582 264 554 264 579 271 550 270 15
579 295 539 295 579 305 537 305 50
582 310 537 309 575 321 528 321 40
583 317 537 317 579 329 530 329 47
583 329 534 329 579 343 526 343 41
587 119 584 118 585 121 582 121 72
583 127 580 126 581 129 578 129 144
583 125 580 125 581 127 578 127 97
585 137 582 136 583 139 580 138 180
583 139 579 139 581 141 577 141 65
583 145 580 145 581 147 578 147 60
585 146 581 146 583 149 579 148 46
587 151 583 151 585 153 581 153 249
587 157 583 156 585 159 581 159 157
585 155 581 155 583 157 579 157 49
583 176 575 176 581 179 574 179 148
585 180 578 180 583 183 575 183 145
587 185 580 184 585 187 577 187 128
587 202 579 202 585 205 577 205 91
584 212 573 212 581 215 570 215 86
585 221 568 222 581 225 566 225 41
584 227 567 228 581 231 563 232 31
583 237 564 238 581 241 560 242 44
587 235 570 235 585 239 567 239 48
585 244 564 245 583 249 561 249 44
587 252 564 252 585 257 560 257 22
587 261 560 262 585 267 565 267 18
586 259 559 259 583 265 556 265 13
587 265 559 265 583 275 552 275 22
589 308 546 308 585 319 540 319 33
585 311 542 311 581 323 535 323 37
580 334 529 334 581 351 524 350 46
585 341 535 341 583 357 525 357 23
591 121 587 121 589 123 585 123 74
593 125 589 125 591 127 587 127 74
591 132 588 134 589 135 585 135 70
589 131 586 130 587 133 583 133 84
593 143 589 142 591 145 587 145 56
591 146 587 146 589 149 585 148 49
591 154 587 155 589 157 585 158 61
591 158 587 159 589 161 585 161 50
593 169 589 168 591 171 587 171 65
591 180 584 180 589 183 582 183 184
589 190 581 191 587 193 579 193 227
589 210 575 210 587 213 574 213 98
591 216 580 215 589 219 576 219 65
589 215 579 215 587 219 575 219 61
592 257 565 257 589 263 559 263 13
592 275 561 276 589 283 553 282 29
590 283 557 283 589 291 553 291 50
593 318 547 318 591 331 542 331 71
591 322 545 322 589 335 538 335 68
591 326 542 326 587 339 535 339 49
592 332 541 332 591 347 534 346 36
595 117 592 117 593 119 589 119 73
597 121 593 121 595 123 591 123 140
595 129 587 130 593 131 589 130 189
597 139 593 138 595 141 591 141 72
599 135 595 135 597 137 593 137 279
597 141 593 140 595 143 591 143 58
597 153 593 153 595 155 591 156 288
599 161 595 160 597 163 593 163 74
595 174 591 175 593 177 589 177 100
599 184 594 184 597 187 592 187 167
595 192 590 192 593 195 588 195 193
599 194 594 195 597 197 592 197 142
595 220 581 220 593 223 579 223 36
597 218 583 218 595 221 581 221 54
599 223 586 223 595 227 579 227 31
601 259 573 259 595 265 569 264 17
595 277 561 277 595 285 558 285 32
598 286 562 286 595 295 558 295 41
599 290 563 291 597 299 557 299 60
599 306 557 306 597 317 552 317 49
597 334 547 335 595 349 539 349 87
603 111 601 110 601 113 599 112 87
601 129 597 129 599 131 595 131 63
601 137 597 137 599 139 595 139 75
601 145 598 144 599 147 595 147 229
605 147 601 146 603 149 599 149 177
605 158 601 158 603 161 599 161 64
603 163 600 163 601 165 597 165 56
601 174 593 173 599 177 592 175 92
603 194 598 194 603 197 598 197 72
605 202 596 202 603 205 594 205 66
605 206 593 206 601 209 591 209 94
602 227 585 227 599 231 581 231 27
603 238 583 238 601 243 580 242 42
603 244 581 244 603 249 580 249 32
604 270 574 270 601 277 570 277 37
600 292 563 292 599 301 560 301 48
609 121 605 121 607 123 603 123 114
607 127 603 127 605 129 601 129 70
610 161 606 161 607 163 603 163 77
607 165 603 165 605 167 601 167 64
609 167 605 167 607 169 603 169 66
610 184 606 185 609 187 604 187 196
609 184 603 184 607 187 602 187 132
611 216 599 216 609 219 597 219 58
607 214 595 214 605 217 593 217 32
607 217 593 217 605 221 591 221 32
607 223 593 223 605 227 589 227 35
608 234 589 233 605 237 586 237 31
612 240 591 240 607 245 585 245 43
611 257 585 259 609 263 589 264 18
607 261 579 261 605 267 578 266 10
611 272 580 272 609 279 576 279 51
605 303 563 303 605 313 557 313 24
610 306 569 306 609 317 564 317 58
608 320 561 320 607 333 556 333 116
617 99 611 101 615 101 611 101 78
615 101 612 100 613 103 610 102 74
617 117 613 117 615 119 611 119 103
613 125 609 125 611 127 607 127 65
617 151 613 150 615 153 611 153 47
615 147 611 147 613 149 609 149 58
615 155 611 155 613 157 609 157 47
615 162 611 162 613 165 609 165 56
615 174 611 174 613 177 609 176 181
616 198 609 198 615 201 608 201 109
616 204 608 204 615 207 605 207 61
613 212 601 212 611 215 599 215 95
615 214 603 214 613 217 601 217 35
613 231 595 231 611 235 593 235 28
619 233 598 233 615 237 596 237 30
618 247 598 247 611 251 589 251 25
615 264 586 263 613 271 585 270 14
613 283 579 283 611 291 575 291 37
613 290 578 291 611 299 573 299 30
616 310 573 310 615 321 569 321 53
614 314 570 314 613 327 564 327 44
614 331 565 331 611 345 557 345 56
614 338 562 338 613 353 557 353 39
623 85 620 85 621 87 617 87 17
621 103 617 103 619 105 615 105 103
620 133 616 133 619 135 614 135 252
623 137 619 137 621 139 617 139 57
619 145 615 145 617 147 613 147 47
623 149 619 149 621 151 617 151 51
619 149 615 148 617 151 613 151 39
619 155 615 155 617 157 613 158 46
623 162 619 162 621 165 617 164 43
619 165 615 164 617 167 613 167 74
623 174 619 174 621 177 617 177 199
619 171 615 171 617 173 613 173 90
621 184 615 184 619 187 613 187 276
619 193 613 192 617 195 611 195 116
622 214 611 214 621 217 609 217 38
621 227 605 227 619 231 602 231 42
627 242 609 243 621 247 599 247 24
619 274 588 274 617 281 584 281 22
622 279 589 279 621 287 587 287 39
619 299 578 299 617 309 573 308 56
618 308 579 309 617 319 573 319 48
621 317 576 317 621 329 573 329 58
629 85 625 85 627 87 623 86 20
629 90 625 91 627 93 623 93 120
625 113 621 113 623 115 619 115 84
625 125 621 125 623 127 618 127 240
626 131 622 131 625 133 620 133 62
628 131 623 131 627 133 622 133 205
627 140 623 141 625 143 621 143 68
629 145 625 145 627 147 623 147 190
625 157 621 157 623 159 619 159 48
629 159 624 158 627 161 623 161 61
627 170 623 171 625 173 621 174 114
627 179 621 178 625 181 619 181 251
626 188 619 188 625 189 617 190 295
629 185 621 185 627 187 620 187 402
629 190 622 190 627 193 620 193 155
626 200 619 200 625 203 617 203 244
628 210 618 210 627 213 617 213 81
624 223 609 223 623 227 607 227 51
627 223 611 223 625 227 609 227 52
625 260 598 260 623 265 596 265 11
626 268 596 268 623 275 590 275 16
628 315 583 315 627 327 579 327 31
628 320 583 320 627 333 578 333 49
625 329 576 329 625 343 571 343 106
631 165 627 164 629 167 625 166 75
633 178 626 177 631 181 624 180 200
634 215 622 216 633 219 620 219 116
635 225 618 225 633 229 616 229 83
634 231 618 232 633 235 616 235 40
631 248 605 248 631 253 607 253 42
631 283 597 283 631 291 595 291 21
629 287 595 287 629 295 592 295 31
634 331 583 331 633 345 579 345 39
632 345 577 345 631 361 573 362 26
639 113 634 114 637 115 632 116 134
641 157 635 157 639 159 634 159 106
641 169 636 168 639 171 634 171 117
639 179 631 178 637 181 629 181 212
641 182 633 183 639 185 631 185 166
639 189 631 188 637 191 629 191 123
637 196 629 196 635 199 628 198 117
638 202 629 202 637 205 628 205 143
640 206 631 206 639 209 629 209 143
640 214 629 214 639 217 627 217 141
638 223 623 223 637 227 622 227 107
641 226 624 225 639 229 624 229 98
639 237 621 235 639 241 617 241 50
640 262 612 262 639 269 610 268 7
640 266 608 267 639 273 609 273 13
636 263 607 262 635 269 597 270 10
635 285 602 285 635 293 599 293 20
637 341 584 341 639 357 582 357 26
645 109 641 107 643 111 639 109 184
645 121 640 121 643 123 638 123 235
643 123 638 123 641 125 636 125 109
645 131 640 131 643 133 638 133 98
647 135 642 135 645 137 640 136 115
645 139 640 138 643 141 638 140 217
643 152 637 152 641 155 636 154 87
645 159 639 158 643 161 637 160 97
643 173 637 172 641 175 636 175 177
643 177 637 176 641 179 635 179 254
647 188 639 188 645 191 637 191 217
642 204 634 204 641 207 633 207 147
643 223 628 222 641 225 626 225 94
646 218 632 218 645 221 633 221 149
645 239 626 238 641 243 623 243 58
644 287 612 287 645 295 608 295 16
640 293 605 293 643 303 601 303 37
643 309 601 310 645 321 599 321 61
640 315 600 315 641 327 595 327 53
643 325 595 325 643 339 592 339 25
641 341 587 341 643 357 586 357 27
643 338 591 338 643 353 587 353 31
651 109 647 107 649 111 645 109 509
650 127 646 127 649 129 644 129 112
651 129 646 129 649 131 644 131 141
653 139 649 140 651 141 647 142 253
649 141 644 141 647 143 642 143 179
651 145 645 145 649 147 643 147 152
649 157 644 157 647 159 642 159 72
651 159 645 158 649 161 644 161 195
653 171 647 170 651 173 646 173 179
648 181 641 180 647 183 639 183 153
651 235 637 236 651 239 633 239 43
647 235 629 235 647 239 628 239 41
648 261 619 263 647 269 618 269 13
651 272 619 272 651 279 618 279 21
648 268 617 268 649 275 618 275 8
647 301 606 301 647 311 604 311 41
646 322 602 319 647 335 597 335 22
648 327 600 327 649 341 597 341 24
649 334 597 334 649 349 594 349 28
649 340 596 340 649 355 593 355 30
659 71 654 71 657 73 652 73 49
657 69 652 69 655 71 650 71 87
659 83 655 83 657 85 653 85 138
659 127 654 127 657 129 652 129 113
655 149 649 149 653 151 647 151 190
655 167 649 167 653 169 647 169 66
655 173 649 173 653 175 647 175 276
654 182 647 182 653 185 646 185 198
654 189 645 188 653 191 643 191 245
658 192 648 192 657 195 647 195 296
654 256 625 258 653 263 634 262 34
657 276 624 277 657 283 623 284 9
653 276 620 276 653 283 618 283 14
651 298 612 298 655 309 613 309 29
653 303 611 303 653 313 609 313 48
654 312 610 312 655 323 608 323 73
663 69 658 69 661 71 657 71 104
663 75 658 75 661 77 656 77 56
663 102 658 104 661 105 656 106 167
665 111 660 111 663 113 658 113 289
662 133 658 132 661 135 656 135 176
660 142 655 143 659 145 654 145 207
665 145 659 145 663 147 658 147 275
661 147 655 147 659 149 653 149 131
662 161 657 163 661 165 655 163 76
661 164 655 164 659 167 653 167 74
660 171 655 170 659 173 653 173 376
665 173 659 173 663 175 658 175 182
661 179 655 179 663 181 653 182 379
662 187 653 186 661 189 651 189 282
661 183 659 182 663 185 653 185 287
659 231 641 231 659 235 641 235 62
663 237 644 237 663 241 645 241 42
661 286 627 287 663 295 627 294 17
659 320 612 321 659 333 609 333 39
657 329 608 329 661 343 608 343 17
666 79 662 79 665 81 661 81 151
667 115 663 114 665 117 661 116 200
671 127 665 127 669 129 664 129 150
667 138 662 139 665 141 660 141 246
670 144 666 145 669 147 664 147 120
669 157 663 157 667 159 661 159 68
666 160 661 161 665 163 659 162 68
670 164 665 165 669 167 663 166 50
666 168 661 168 665 171 659 170 68
668 200 651 200 667 203 650 203 328
670 208 654 208 669 211 652 211 246
665 209 649 208 665 213 648 212 225
666 223 650 223 665 227 648 227 91
669 223 653 223 669 227 652 227 63
667 227 652 228 667 231 650 230 131
667 243 646 242 667 247 646 247 42
667 246 645 246 667 251 644 251 45
663 302 623 302 667 313 621 312 40
665 315 620 315 669 327 621 327 38
667 316 624 317 667 327 619 327 70
666 342 613 341 667 359 609 359 10
677 85 672 84 675 87 670 86 108
675 87 670 86 673 89 668 88 97
675 99 669 99 673 101 668 100 113
675 105 669 105 673 107 668 107 176
677 121 671 121 675 123 669 123 94
673 125 668 124 671 127 666 127 242
675 136 669 137 673 139 668 139 203
673 141 667 141 671 143 666 143 133
673 156 667 157 671 159 666 158 51
672 167 667 167 671 169 665 168 69
674 175 669 175 673 177 667 177 141
673 191 656 191 673 193 656 193 255
675 197 659 196 675 199 658 199 463
675 216 657 216 675 219 656 219 124
672 226 655 226 671 229 654 229 109
675 231 657 231 675 235 656 234 50
676 274 644 273 675 279 645 280 9
671 311 625 310 675 323 626 322 53
679 89 674 89 677 91 673 89 105
683 93 677 93 681 95 675 95 104
681 125 675 125 679 127 674 126 100
683 123 677 123 681 125 676 124 153
682 137 677 137 681 139 675 138 176
678 139 673 139 677 141 672 141 299
682 162 677 161 681 163 676 163 120
679 177 673 176 677 179 672 179 263
683 181 673 181 681 183 671 183 431
679 200 661 201 679 203 660 204 199
681 210 663 210 681 213 662 213 138
679 206 662 205 679 209 661 209 370
681 221 663 221 681 225 662 225 72
681 227 663 228 681 231 662 231 80
679 233 661 233 679 237 660 237 47
679 239 660 239 679 243 659 243 55
677 237 657 237 677 241 657 241 46
680 267 652 266 681 273 649 273 8
678 271 648 271 679 277 648 277 8
680 272 650 273 681 279 650 279 11
677 336 625 336 681 351 625 351 10
685 63 680 63 683 65 679 65 46
689 77 683 77 687 79 681 79 140
685 77 676 81 683 79 679 77 172
683 77 679 75 683 77 678 76 102
687 96 681 99 685 99 680 97 110
689 93 683 93 687 95 681 95 153
685 119 679 119 683 121 677 121 63
687 119 681 119 685 121 679 121 110
688 123 683 123 687 125 681 124 165
688 139 683 139 687 141 682 141 86
684 136 679 136 683 137 678 136 88
687 141 681 141 685 143 680 143 141
688 155 683 155 687 157 682 157 85
686 153 681 153 685 155 680 155 189
687 190 669 190 687 193 669 193 343
685 200 667 200 685 203 666 203 269
683 210 665 210 683 213 664 213 254
687 214 669 214 687 217 668 217 137
683 218 665 218 683 221 664 221 91
687 221 668 221 687 225 667 225 49
687 227 669 227 687 231 668 231 48
686 254 662 254 687 259 663 259 80
683 310 640 310 685 321 640 321 29
679 313 636 314 683 325 636 325 38
694 104 689 103 693 105 687 105 98
692 121 687 121 691 123 685 123 70
692 131 687 129 691 131 685 132 78
690 145 685 145 689 147 683 147 125
692 141 687 141 691 143 685 143 134
692 152 687 153 691 155 685 154 122
692 161 687 159 691 161 685 163 115
692 175 686 174 691 177 685 176 125
691 204 672 204 691 207 672 207 189
693 208 674 208 693 211 674 211 178
693 210 674 210 693 213 674 213 200
691 232 673 233 691 237 672 237 48
692 237 673 237 693 241 673 241 43
691 243 670 243 691 247 671 247 46
691 272 660 272 691 279 661 278 9
687 324 639 324 691 337 641 337 20
700 90 695 89 699 91 693 91 157
699 107 693 107 697 109 691 109 90
698 108 692 108 699 107 693 107 412
696 121 691 121 695 123 689 123 95
700 121 694 121 699 123 693 123 121
700 129 694 129 699 131 693 131 181
696 147 691 149 695 151 689 149 275
700 148 695 149 699 151 693 150 145
698 150 693 151 697 153 691 152 391
696 165 691 164 695 167 689 166 71
696 173 690 171 695 175 689 173 73
697 202 678 202 697 205 678 205 166
697 235 678 235 697 239 678 239 55
697 239 680 239 699 243 679 243 87
691 341 635 339 697 357 639 357 13
695 338 643 338 699 353 643 353 14
706 89 701 86 705 89 699 90 112
702 113 697 113 701 115 696 115 229
706 149 701 149 705 151 699 151 286
702 165 696 165 701 167 694 167 70
704 172 697 172 703 175 695 175 77
704 185 685 185 703 187 694 187 152
700 216 682 216 701 219 682 219 141
704 220 685 220 705 223 686 223 118
701 222 682 221 701 225 682 225 88
704 223 685 224 705 227 686 227 97
700 245 680 246 701 249 680 249 57
697 254 673 254 703 259 678 259 69
701 321 655 321 705 333 659 334 18
709 77 703 79 707 81 701 82 120
712 94 706 95 711 95 705 96 388
707 113 703 113 707 115 701 114 128
708 139 703 139 707 141 701 141 97
712 135 707 135 711 137 705 137 93
708 157 702 157 707 159 701 159 157
712 163 705 163 711 165 705 166 206
708 171 701 170 707 173 700 173 104
712 175 704 174 711 177 704 177 185
710 191 693 191 711 193 693 193 240
705 198 687 198 707 201 687 201 251
708 206 689 206 709 209 690 208 175
710 212 691 212 711 215 692 215 157
708 216 689 216 709 219 689 219 158
711 221 691 222 711 225 692 225 193
706 235 687 235 707 239 688 239 89
705 250 683 250 707 255 683 255 63
716 46 711 45 715 47 709 47 146
718 88 713 87 717 89 711 89 119
717 96 712 95 715 99 709 99 142
718 103 713 103 717 105 711 104 322
715 99 709 99 713 101 707 101 141
717 114 711 113 715 115 709 115 153
714 139 708 139 713 141 707 141 70
716 196 697 196 717 199 698 199 155
714 210 695 210 715 213 696 213 195
714 216 695 216 715 219 696 219 141
714 227 694 227 713 231 695 231 233
715 248 694 249 717 253 695 253 111
710 278 679 278 713 285 681 286 11
711 280 679 280 715 287 680 287 11
712 308 670 308 717 319 672 319 9
708 318 662 318 715 331 666 331 12
720 43 714 43 719 45 713 44 104
723 46 717 45 721 47 716 47 71
724 88 718 88 723 89 717 89 286
724 123 719 123 723 125 717 125 247
722 135 717 135 721 137 715 137 73
721 153 717 152 721 155 716 154 169
723 183 706 183 723 185 705 185 189
721 188 704 188 723 191 705 191 184
722 206 703 207 723 209 704 209 216
722 219 703 220 723 223 704 223 173
720 224 701 224 721 227 702 227 107
721 233 703 233 723 237 704 237 120
720 237 700 237 721 241 701 241 260
717 256 692 256 719 261 694 261 102
720 266 688 266 721 273 695 275 22
718 271 689 270 721 277 691 277 10
713 331 663 331 719 345 665 345 26
727 74 723 74 725 75 721 75 108
728 75 723 75 727 77 721 76 120
727 83 721 83 725 85 720 84 117
726 128 721 127 725 129 719 129 92
728 125 723 125 727 127 721 127 155
728 139 723 139 727 141 721 141 101
728 151 722 151 727 153 721 153 114
728 159 722 159 727 161 721 161 360
728 169 722 168 727 171 721 170 267
726 198 707 198 727 201 708 201 211
726 204 708 204 727 207 708 207 125
726 216 707 215 727 219 708 219 149
724 229 706 229 725 233 707 233 208
724 239 704 239 725 243 704 243 243
721 320 673 320 727 333 679 333 19
733 72 728 72 731 73 727 73 72
732 86 726 86 731 87 725 87 333
734 127 728 127 733 129 726 129 149
736 135 729 135 735 137 728 137 145
732 141 726 141 731 143 725 143 88
734 149 728 149 733 151 727 151 72
732 153 726 152 731 155 725 154 109
734 161 727 162 733 163 726 164 112
732 169 726 168 731 171 725 170 182
733 233 715 233 735 237 716 237 121
728 242 707 242 731 247 709 247 241
729 258 705 258 731 263 706 263 117
726 290 690 287 731 297 694 297 9
721 331 673 331 731 345 676 345 86
742 89 737 89 741 91 735 90 151
738 117 731 117 737 119 731 118 181
740 147 733 148 739 149 732 149 113
740 157 733 157 739 159 732 159 106
738 155 731 155 737 157 730 157 179
740 166 733 168 739 169 732 168 175
737 181 728 181 737 183 728 183 124
739 183 731 183 739 185 731 186 83
738 206 727 207 739 209 727 210 85
736 216 718 215 737 219 718 218 58
737 243 716 243 739 247 717 247 158
738 248 715 248 741 253 716 252 164
734 272 705 272 739 279 707 279 10
737 274 712 276 741 281 715 281 13
733 323 685 322 739 335 688 337 13
729 329 681 329 737 343 684 343 42
731 342 679 342 739 357 682 357 90
746 52 741 49 745 53 740 53 144
749 64 742 62 747 65 740 63 147
745 101 739 100 743 103 737 102 231
744 117 737 117 743 119 736 119 167
744 155 737 155 743 157 736 157 110
747 181 738 181 747 183 738 183 56
744 206 732 207 745 209 732 209 32
746 216 733 216 747 219 734 219 32
747 227 730 225 747 229 731 230 101
741 239 721 239 743 243 723 243 158
736 271 710 271 743 277 710 275 15
736 339 683 339 745 355 689 355 64
734 343 682 344 743 359 685 359 57
753 45 749 45 753 47 745 45 359
750 48 745 47 749 49 744 48 114
750 59 745 59 749 61 743 60 251
751 80 746 79 751 81 745 80 200
754 85 747 88 753 87 746 89 204
752 91 745 92 751 93 744 93 205
753 106 747 105 753 107 745 107 86
753 151 746 151 753 153 746 153 86
752 155 744 155 751 157 744 157 68
752 166 744 167 751 169 744 168 159
750 169 742 169 749 171 742 170 82
749 175 739 175 749 177 739 177 151
751 179 742 179 751 181 742 181 63
748 190 735 190 749 193 735 193 71
750 212 737 212 751 215 737 215 24
751 218 737 218 753 221 738 221 24
743 341 691 341 751 357 695 357 74
756 123 748 125 755 127 748 126 146
758 130 751 131 757 131 750 132 140
757 149 749 149 757 151 749 151 42
756 159 748 156 755 159 748 161 47
758 161 750 161 757 163 750 162 130
754 183 742 183 755 185 742 185 67
756 214 741 214 757 217 742 217 22
755 220 741 220 757 223 742 223 17
753 235 734 235 755 239 736 239 66
763 60 757 59 761 61 756 61 227
762 90 755 89 761 91 754 90 121
762 113 754 113 761 115 754 114 101
766 124 758 123 765 125 758 125 167
764 129 756 129 763 131 756 131 177
761 151 754 151 761 153 753 153 50
763 155 756 155 763 157 756 157 56
761 163 754 163 761 165 753 165 146
763 161 756 161 763 163 755 163 118
761 173 754 173 761 175 754 175 90
763 173 756 173 763 175 756 175 92
762 192 748 192 763 195 749 195 13
762 211 747 211 763 215 748 214 11
758 229 742 230 761 233 744 233 25
762 237 743 237 765 241 745 241 66
760 241 740 241 763 245 742 245 73
762 252 738 253 765 257 740 257 117
759 258 733 258 763 263 737 263 147
756 287 721 287 763 295 725 295 17
771 128 764 127 771 129 763 129 99
765 204 751 203 767 207 752 206 11
768 201 753 201 769 205 754 204 11
768 218 752 218 769 221 753 221 13
761 278 732 279 767 285 734 285 59
761 274 733 275 767 281 736 281 59
761 286 727 285 767 293 732 293 38
777 65 768 66 775 67 769 66 149
774 72 766 71 773 73 765 72 216
777 90 770 89 777 91 771 89 132
773 165 766 165 773 167 765 166 208
772 179 759 179 773 181 759 181 133
775 202 759 202 777 205 759 205 12
772 237 754 237 775 241 756 241 53
772 241 752 241 775 245 754 245 74
781 143 774 141 781 143 774 141 86
779 165 772 165 779 167 772 167 242
781 170 772 170 781 173 772 172 165
780 193 765 193 781 195 768 193 21
775 233 755 232 779 237 757 236 55
780 239 761 239 783 243 763 243 88
780 245 757 244 783 249 761 249 76
778 260 753 260 783 265 756 265 110
777 264 749 263 781 269 753 269 134
777 280 745 280 783 287 749 287 92
774 291 739 291 781 299 743 299 38
771 296 734 296 779 305 739 305 51
773 321 724 320 779 333 731 333 11
788 100 778 100 789 101 779 101 93
788 147 779 146 789 149 780 148 151
785 149 777 148 785 151 777 150 215
787 192 774 193 789 195 775 194 16
789 211 769 212 789 215 773 214 7
786 218 769 218 789 221 771 221 9
779 260 753 260 785 265 759 265 120
779 265 752 265 785 271 756 271 92
782 278 749 277 789 285 756 285 92
778 289 743 289 785 297 748 297 65
782 287 749 288 789 295 753 295 63
777 292 740 292 785 301 745 300 60
782 291 747 291 789 299 752 299 58
779 298 740 299 785 307 747 307 41
780 296 745 297 789 305 751 305 61
776 343 724 343 789 359 731 358 9
792 71 784 71 791 73 783 73 268
790 105 781 104 791 105 781 105 191
793 101 783 102 793 103 783 103 104
793 111 783 115 793 115 784 113 261
793 126 783 125 793 127 783 127 158
793 149 783 149 793 151 784 150 118
791 168 782 169 791 171 782 171 181
791 208 773 208 793 211 775 211 14
792 218 775 217 795 221 776 219 22
791 224 775 223 795 227 777 226 14
790 226 773 226 793 229 775 229 11
793 229 777 229 795 233 777 233 32
791 234 774 234 795 237 773 237 75
787 251 763 250 791 255 767 255 91
790 247 768 247 793 251 770 251 102
787 255 763 255 795 261 770 261 126
791 252 767 252 795 257 770 257 119
789 269 760 269 795 275 764 275 60
789 275 757 275 793 281 760 281 54
800 61 792 61 799 63 789 65 113
796 134 784 133 797 135 788 135 90
801 147 790 147 801 149 791 148 86
796 175 787 173 797 177 787 176 157
798 206 781 206 801 209 783 209 24
793 211 776 212 797 215 778 215 17
794 243 773 243 797 247 775 247 104
791 299 755 301 799 307 761 307 64
809 37 799 39 807 39 797 41 75
809 43 798 46 807 45 797 47 75
805 76 792 79 805 77 795 77 179
803 94 793 93 803 95 794 94 149
804 103 795 99 805 103 795 101 75
804 126 795 125 805 127 794 127 46
804 149 794 149 805 151 795 150 208
806 147 796 147 807 149 797 148 98
801 191 789 191 803 193 790 193 13
805 195 791 195 807 197 792 197 53
804 224 783 223 807 227 787 227 28
797 250 774 250 803 255 779 255 193
813 84 801 84 813 85 802 84 97
810 167 795 165 813 169 795 169 257
808 206 787 206 811 209 790 209 58
807 212 791 215 811 215 790 215 41
809 223 787 225 813 227 791 227 19
808 229 787 230 811 233 790 233 26
817 60 807 60 817 61 807 60 69
815 78 803 78 815 79 804 78 102
816 110 805 109 817 111 806 110 136
818 116 807 116 819 117 808 117 139
814 112 803 115 815 113 804 112 190
816 118 805 118 817 119 806 118 120
811 210 791 210 815 213 794 213 54
810 231 790 231 815 235 794 235 19
815 239 796 239 819 243 799 243 59
814 249 791 249 817 253 793 253 93
812 247 785 246 815 251 792 251 92
811 262 785 262 817 267 790 267 164
810 262 783 262 815 267 788 267 182
822 79 810 78 823 79 810 78 121
824 92 813 92 825 93 814 92 220
821 135 810 135 823 135 811 134 68
821 202 800 201 825 205 804 204 106
819 262 793 262 825 267 798 267 177
830 92 818 92 831 93 819 93 155
828 94 817 94 829 95 817 95 134
829 112 818 112 831 113 819 113 120
827 120 816 120 829 121 817 121 88
827 139 816 141 829 143 817 143 87
828 143 816 143 829 145 817 144 109
826 186 809 186 829 189 816 187 29
824 206 803 206 829 209 807 209 76
826 224 804 223 831 227 808 226 27
823 231 801 231 827 235 805 235 7
822 239 799 238 827 243 806 241 19
826 237 803 236 831 241 808 242 8
826 243 804 243 831 247 809 247 51
824 262 798 262 831 267 804 267 299
833 25 826 24 833 25 826 24 241
832 53 822 52 833 53 822 53 105
836 81 823 80 837 81 825 81 183
833 87 822 86 835 87 823 86 102
836 91 824 90 837 91 825 91 122
834 98 822 97 835 99 823 98 203
831 133 820 133 833 137 821 137 64
832 200 811 200 837 203 815 203 63
828 231 806 231 833 235 810 235 11
829 246 807 247 835 251 812 251 211
843 18 836 18 843 19 835 18 148
839 25 832 23 839 23 832 22 138
840 39 829 39 841 39 829 38 211
842 45 830 44 843 45 831 44 215
840 51 829 50 841 51 830 50 228
840 68 828 67 841 69 829 68 210
842 137 829 138 843 139 831 139 40
834 198 815 197 839 201 818 200 82
836 204 814 204 841 207 819 207 78
834 206 812 206 839 209 816 209 156
833 214 811 214 839 217 815 217 76
837 262 811 260 843 267 817 267 852
847 27 837 26 847 27 835 27 418
848 132 835 131 849 133 836 132 26
845 137 833 137 847 139 836 139 45
846 148 828 148 849 149 831 149 79
842 150 825 149 845 151 827 151 138
845 157 828 157 849 159 831 158 72
843 169 827 168 847 171 829 170 40
840 185 824 189 845 191 827 191 30
839 210 816 210 845 213 821 213 90
843 208 821 208 849 211 826 211 123
841 214 818 214 847 217 823 217 100
842 228 818 228 849 231 825 230 37
841 231 817 231 847 235 822 233 51
829 344 771 344 847 361 784 361 65
827 342 769 342 845 359 782 359 56
852 31 841 30 853 31 841 30 294
850 95 837 94 851 95 838 94 86
850 124 838 123 851 125 839 125 20
848 145 831 145 851 147 833 147 82
851 152 833 151 855 153 837 153 54
847 157 830 157 851 159 833 158 94
847 161 829 162 851 163 833 163 61
849 192 832 192 853 195 835 194 68
849 198 827 198 855 201 832 201 82
845 216 822 217 851 219 827 220 64
847 222 823 222 853 225 828 225 51
857 25 843 25 857 25 843 25 357
861 29 846 29 861 29 846 29 157
856 107 843 111 857 109 846 109 83
860 142 841 142 861 143 838 144 92
855 149 838 149 859 151 841 150 64
851 196 829 196 857 199 833 199 65
855 210 831 210 861 213 836 212 115
850 216 827 216 857 219 832 219 91
841 346 780 349 861 363 794 361 48
839 341 777 340 859 359 792 358 71
862 23 853 22 863 23 849 23 142
866 33 853 33 867 33 855 32 163
863 125 851 125 865 127 853 126 58
861 130 849 129 863 131 850 131 18
864 132 853 131 867 133 855 132 42
862 134 851 133 865 135 853 134 42
863 140 851 139 865 141 853 140 60
859 164 841 164 863 165 845 165 76
859 200 836 200 865 203 842 202 116
858 214 834 214 865 217 840 217 67
855 254 835 253 863 259 845 261 457
870 31 853 33 871 31 857 31 245
872 80 859 80 873 81 861 80 232
867 135 855 136 869 137 857 137 62
869 141 857 141 871 143 860 142 125
865 148 849 148 869 149 853 149 158
865 159 848 159 871 159 852 160 141
865 197 847 195 869 199 851 201 156
862 216 837 215 869 219 844 219 132
872 40 857 40 875 39 860 38 246
874 36 859 35 877 35 862 34 285
875 83 863 82 877 83 865 82 231
873 89 861 88 875 89 863 88 298
873 129 860 129 875 129 862 130 160
873 160 853 160 877 161 857 162 205
874 171 859 169 879 173 867 173 152
870 189 853 189 877 193 857 191 159
868 208 845 208 875 211 851 211 119
880 80 865 80 883 81 868 80 261
882 114 867 114 885 115 870 117 335
881 181 866 181 885 183 870 182 106
879 187 862 184 883 187 867 187 205
873 212 849 212 881 215 855 215 111
877 223 852 223 885 227 859 227 100
886 113 871 112 889 113 874 111 128
886 146 867 146 891 147 881 146 300
883 156 869 156 887 157 872 157 162
886 162 869 162 891 163 874 161 198
886 167 869 166 891 169 873 169 191
883 214 858 214 891 217 865 217 96
892 84 875 85 895 85 880 83 80
890 150 873 149 895 151 878 151 184
892 154 875 153 897 155 880 154 161
888 164 870 163 893 165 875 165 176
892 168 876 167 897 169 879 169 102
889 216 864 216 897 219 871 219 83
885 221 859 221 893 225 867 225 98
887 218 862 218 895 221 869 221 91
889 220 864 220 897 223 871 223 101
896 117 881 118 901 119 885 119 46
895 156 877 155 899 157 882 157 140
905 45 889 44 907 45 890 44 99
905 81 890 79 909 81 893 80 55
903 132 884 132 907 133 890 133 154
904 171 887 171 909 173 891 172 194
898 209 874 210 907 213 881 213 75
900 214 875 214 909 217 883 217 98
896 219 870 219 905 223 879 223 127
905 127 886 125 913 127 895 125 93
910 138 891 137 915 139 897 138 132
910 154 893 153 915 155 898 155 173
906 158 890 157 911 159 894 159 233
904 216 879 216 913 219 887 219 117
917 55 901 55 921 55 905 54 104
912 81 896 80 917 81 900 80 72
912 142 892 142 919 143 898 143 128
922 40 904 39 927 39 909 38 89
922 46 905 45 927 45 909 44 73
918 81 902 79 923 81 906 80 88
919 88 902 87 925 87 907 87 59
922 83 905 82 927 83 909 83 106
919 124 898 124 925 125 905 124 195
919 126 903 127 925 127 907 127 89
920 132 903 131 925 133 908 132 124
921 144 897 143 927 145 904 144 121
916 142 899 142 923 143 906 143 86
925 152 903 152 933 153 907 152 251
923 193 904 191 929 195 911 196 168
929 25 911 24 935 23 916 22 94
939 25 923 23 945 23 926 22 85
936 156 913 156 945 157 921 157 218
933 199 910 199 943 201 918 200 125
931 208 907 208 941 211 916 211 107
945 60 926 60 951 59 931 58 91
943 93 920 97 949 93 929 91 142
942 109 921 107 951 107 928 105 170
938 146 915 146 947 147 923 147 147
941 185 917 185 951 187 926 186 77
939 192 915 192 951 195 924 193 70
951 25 931 25 957 23 936 23 46
945 98 922 97 953 97 930 96 112
949 121 927 120 957 119 934 119 111
944 133 921 132 953 133 929 132 192
949 130 926 130 957 131 934 130 147
946 152 923 151 955 153 931 152 172
948 158 926 157 957 159 934 158 257
944 156 921 155 953 157 929 156 145
947 169 924 169 957 171 932 170 116
943 172 920 171 953 173 928 173 122
947 198 922 198 957 201 931 201 70
945 206 920 205 955 209 929 208 109
955 44 936 44 961 43 942 42 40
954 56 935 55 961 55 941 54 38
953 135 930 134 961 135 938 134 132
951 138 928 137 961 139 937 138 146
950 146 926 146 959 147 935 147 111
953 170 928 169 963 171 937 170 138
949 173 925 173 959 175 934 175 127
953 175 928 175 963 177 937 177 135
952 204 928 204 963 207 937 207 159
960 20 940 19 967 17 947 16 58
959 133 937 133 967 133 945 134 142
957 166 932 165 967 167 941 166 156
957 195 932 194 967 197 942 196 99
959 199 933 197 969 201 943 200 99
964 179 940 179 975 181 949 181 150
960 183 936 183 971 185 945 185 123
960 196 935 195 971 199 945 198 136
967 131 945 130 977 131 953 130 149
966 141 942 140 977 141 952 140 140
968 152 944 152 979 153 954 153 138
966 166 942 165 977 167 951 167 189
970 181 945 180 981 183 955 182 213
970 192 945 193 981 195 955 194 163
972 140 948 140 983 141 957 140 133
976 137 951 136 987 137 961 136 130
974 163 950 161 985 165 960 163 155
975 191 949 191 985 193 960 193 163
978 135 954 133 989 135 963 134 113
978 142 954 142 989 143 964 142 143
980 158 955 158 991 159 965 159 115
985 117 962 119 995 117 971 117 145
988 150 964 150 999 151 974 151 134
988 152 964 151 999 153 974 152 199
986 170 960 168 997 171 972 171 163
996 53 976 51 1005 51 984 49 132
992 51 972 48 1001 47 980 45 83
995 104 971 105 1005 103 982 102 130
991 138 968 138 1003 139 978 138 149
994 175 961 177 1005 177 981 175 143
1000 51 979 50 1009 49 987 48 179
998 133 973 132 1009 133 983 132 160
996 143 972 142 1007 143 982 142 108
1013 118 990 116 1021 117 998 118 504
1069 51 1021 49 1101 43 1047 42 14
1073 38 1022 36 1105 29 1051 29 11
1071 42 1021 41 1103 33 1049 31 11
1073 92 1021 94 1105 87 1052 85 14
1071 94 1022 93 1103 89 1050 88 19
1074 103 1026 101 1105 99 1051 99 13
1073 154 1028 157 1107 155 1055 157 16
1069 166 1025 167 1103 167 1053 166 25
1070 183 1024 182 1103 183 1050 185 18
1074 189 1027 188 1105 191 1055 190 24
1079 53 1031 55 1111 45 1062 47 34
1078 122 1028 122 1109 121 1057 120 11
1085 138 1033 140 1117 137 1065 136 30
1086 170 1039 169 1119 171 1067 171 18
1085 187 1037 187 1117 189 1067 189 11
1087 52 1037 51 1121 43 1066 42 16
1089 71 1037 71 1121 65 1068 64 18
1090 178 1041 178 1123 179 1070 179 14
1090 187 1041 187 1125 189 1075 189 8
1096 105 1044 105 1131 101 1076 100 11
1097 65 1046 63 1133 57 1077 56 13
1101 83 1049 82 1137 77 1082 76 17
1102 181 1052 181 1135 183 1083 181 14
1104 184 1055 184 1137 187 1085 186 11
1106 36 1055 35 1141 27 1086 26 13
1105 103 1052 102 1141 99 1083 100 10
1107 188 1059 187 1141 191 1086 192 14
1109 104 1058 102 1147 99 1091 98 15
1108 107 1056 106 1145 103 1089 102 15
1110 109 1058 109 1147 105 1091 104 14
1114 105 1061 104 1151 101 1094 100 17
1128 83 1072 81 1167 77 1109 75 8
1126 88 1071 88 1163 83 1107 81 11
1126 203 1076 202 1165 207 1109 205 25
1132 41 1079 40 1171 31 1114 30 14
1134 69 1079 69 1173 63 1115 61 14
1140 59 1086 56 1179 49 1124 47 22
1136 179 1083 180 1175 181 1119 180 15
1140 181 1087 181 1179 183 1119 185 13
1140 193 1086 191 1181 195 1123 194 12
1142 190 1090 187 1183 191 1125 190 13
1147 71 1093 70 1189 63 1130 62 9
1144 120 1091 120 1187 117 1128 116 16
1145 190 1094 191 1187 193 1131 195 12
1154 90 1097 90 1197 83 1135 83 16
1152 160 1097 159 1197 159 1135 159 17
1152 202 1098 201 1195 205 1136 205 11
1153 209 1100 209 1197 213 1138 213 13
1154 69 1099 68 1199 61 1138 60 16
1159 161 1103 160 1203 161 1141 161 16
1159 167 1102 166 1203 167 1143 167 16
1158 185 1104 184 1201 187 1143 186 10
1164 150 1108 149 1209 149 1147 149 14
1162 163 1106 162 1207 163 1147 161 15
1163 177 1108 179 1207 181 1147 181 14
1160 208 1105 207 1205 211 1145 211 13
1169 195 1114 196 1215 199 1154 198 9
1174 146 1115 146 1221 145 1159 144 11
1172 163 1114 163 1219 163 1155 163 8
1173 215 1116 215 1217 219 1154 217 19
1176 167 1119 166 1223 167 1161 166 15
1176 188 1121 188 1223 191 1162 193 17
1176 200 1119 200 1223 203 1162 203 12
