120 183 70 182 71 181 15 179 20
122 191 73 191 75 191 21 189 25
122 219 73 219 75 223 22 221 17
121 225 72 225 73 227 19 226 15
128 138 79 137 81 131 27 131 7
129 152 80 152 81 147 29 145 6
129 163 79 164 81 159 27 160 11
124 175 76 176 77 173 23 173 9
126 185 75 185 79 183 25 183 34
126 196 77 196 79 195 25 194 22
128 201 80 201 81 201 28 201 14
128 211 80 210 81 211 28 211 18
126 226 77 226 79 227 25 227 17
124 248 75 248 77 251 23 251 28
124 277 75 276 77 283 23 282 19
126 284 76 284 79 291 25 291 21
127 296 79 294 81 303 27 302 25
126 306 77 306 81 317 27 315 22
133 143 83 143 85 139 31 139 6
133 150 83 149 85 143 33 145 12
130 158 81 158 83 153 29 153 15
133 165 83 167 85 163 30 163 11
131 174 81 175 83 173 30 172 18
132 184 83 185 85 183 31 183 15
130 207 81 207 83 207 29 208 16
130 215 81 215 83 217 30 216 18
129 240 81 239 83 243 30 242 26
130 244 80 243 83 247 28 247 21
131 285 82 283 85 291 31 290 19
129 281 80 280 83 287 30 287 24
132 333 83 332 87 345 30 344 28
139 137 90 137 93 131 38 132 8
139 140 92 142 93 135 39 135 9
136 227 85 227 89 229 37 228 19
141 240 90 241 93 245 39 244 20
138 244 89 243 93 247 40 245 15
139 264 91 263 93 269 40 268 16
143 81 94 81 97 69 39 71 13
141 127 95 129 97 123 39 124 13
143 133 94 133 97 127 43 125 6
145 148 95 148 99 143 45 143 15
141 190 93 189 97 187 42 187 17
144 198 96 200 99 199 45 200 18
143 209 93 209 97 209 44 209 21
141 218 91 218 95 219 42 219 17
144 222 95 221 97 223 43 223 24
145 226 94 225 99 227 46 227 21
144 253 95 252 99 257 45 256 21
140 279 91 278 95 285 42 284 17
144 297 95 296 99 305 47 304 11
139 298 89 297 95 307 41 305 14
145 123 97 123 101 115 46 115 12
147 147 97 146 101 141 49 142 18
150 178 100 178 105 175 51 175 19
150 231 102 231 105 233 52 232 17
145 239 97 238 101 241 48 241 19
147 260 98 260 103 265 49 264 12
145 271 96 271 101 277 48 276 12
149 279 100 278 105 285 50 284 13
145 286 95 286 101 293 47 292 12
149 296 100 296 105 305 51 304 7
147 316 99 316 103 327 50 326 24
153 155 105 155 109 151 55 150 17
153 169 104 169 109 165 57 165 19
153 176 105 176 109 173 58 174 30
155 195 107 195 111 193 59 193 29
154 204 106 204 111 203 59 203 29
154 222 106 222 111 223 60 224 28
151 273 102 273 107 279 55 278 10
153 281 105 280 109 287 56 287 10
156 301 104 301 111 309 57 307 8
160 125 112 127 117 119 65 119 29
160 133 112 133 117 125 64 126 26
157 135 109 136 113 129 61 128 26
158 137 111 138 115 131 63 131 21
155 153 109 151 113 145 64 146 30
160 153 113 154 117 149 65 150 22
156 166 108 163 113 161 62 159 20
157 171 109 171 113 167 60 167 25
156 183 109 183 113 181 61 181 32
156 196 109 197 113 195 60 194 39
160 194 112 194 117 193 65 194 31
156 229 108 231 113 233 61 232 20
159 235 112 234 117 237 65 236 24
156 239 108 238 113 241 62 241 22
158 248 110 248 115 251 64 250 27
159 273 111 273 117 279 64 279 11
155 284 106 284 113 291 61 290 7
158 306 109 306 115 315 62 314 11
158 310 110 309 117 319 62 318 12
158 316 111 314 115 325 61 323 14
163 90 117 90 121 79 72 80 85
162 110 114 110 119 101 67 101 50
166 112 118 112 123 103 71 103 32
162 136 114 135 119 129 67 130 23
164 248 116 247 121 251 68 250 28
161 257 115 256 119 261 69 259 20
163 255 116 255 121 259 69 260 30
164 267 117 266 123 271 71 270 21
165 281 119 280 123 287 71 286 22
166 295 118 294 123 303 69 301 10
168 344 117 343 121 359 58 357 16
169 121 121 120 127 111 79 110 34
171 173 123 174 129 171 71 169 23
172 209 123 208 129 209 87 209 9
170 284 120 284 127 291 74 290 15
170 282 121 282 129 289 78 290 7
173 88 123 88 131 77 80 78 99
175 202 129 203 133 203 83 202 17
177 213 127 211 135 213 88 213 13
174 277 125 277 133 283 81 282 14
176 296 127 295 135 303 82 303 13
172 298 123 297 131 305 78 304 10
178 89 136 90 141 79 94 80 68
176 191 132 192 139 193 90 191 20
175 257 130 257 137 261 87 261 37
179 273 130 273 137 279 85 278 17
180 299 131 299 139 307 87 306 13
180 302 131 302 139 311 88 309 11
181 312 133 311 141 321 88 320 11
181 128 138 130 143 121 98 120 32
184 136 140 134 147 129 101 129 49
182 232 136 231 145 233 99 233 58
180 240 135 240 143 243 97 242 58
185 248 140 247 147 249 101 248 71
182 252 137 252 147 257 99 256 73
184 270 136 270 143 277 93 275 9
185 301 135 299 145 309 94 308 13
183 305 135 304 143 313 91 312 16
187 320 137 319 147 329 95 328 22
187 131 143 131 151 125 104 127 48
189 165 146 165 153 161 107 161 144
186 169 142 169 149 165 104 165 115
186 167 142 167 149 163 103 163 123
188 232 146 232 153 233 107 232 119
189 250 145 250 153 253 107 252 101
191 272 143 271 151 277 99 276 12
192 299 144 298 153 307 102 306 12
193 102 150 102 157 93 113 91 69
194 117 150 115 157 107 112 108 88
191 133 149 135 155 129 109 129 63
193 167 150 167 157 163 111 162 104
196 183 152 182 159 179 115 179 251
191 189 147 188 155 187 109 185 149
190 219 147 218 155 221 108 221 72
194 230 152 230 159 231 114 231 90
193 255 148 255 155 259 106 259 105
198 286 149 285 159 293 106 292 10
201 91 158 92 165 81 121 82 221
198 97 156 96 163 87 119 87 134
199 111 157 112 165 105 120 103 150
199 236 155 235 163 237 118 237 98
200 278 154 277 163 283 111 282 11
199 290 151 290 161 297 110 296 12
203 183 162 183 169 181 124 181 157
203 189 161 189 169 187 124 187 160
203 232 161 231 169 233 124 233 88
206 291 161 289 169 297 119 296 14
205 299 156 298 167 307 113 307 7
205 305 157 305 167 313 117 312 23
211 72 170 73 177 61 133 62 243
211 91 170 92 177 81 133 82 259
209 94 168 94 175 83 130 84 270
211 132 169 132 177 125 133 125 192
210 174 169 174 177 171 133 171 237
207 185 165 185 173 183 129 183 302
209 192 171 191 177 189 133 189 180
206 234 167 234 173 235 129 235 105
211 267 166 267 175 271 126 270 100
209 270 163 270 173 275 122 275 52
214 281 165 281 175 287 125 286 22
209 296 159 293 173 303 121 302 12
210 303 164 305 175 311 123 313 17
212 314 166 313 175 323 125 322 22
214 133 173 134 181 127 137 127 231
212 172 171 172 179 169 135 169 181
212 219 172 219 181 219 139 219 125
215 223 175 222 183 225 141 227 152
215 232 175 232 183 233 139 232 167
215 269 169 268 179 273 130 272 99
217 291 171 290 181 297 131 296 29
219 321 169 320 181 331 129 330 26
220 326 170 325 181 337 129 336 17
219 101 179 102 185 93 142 93 120
218 133 179 133 189 127 147 127 194
218 137 179 137 187 131 146 131 321
219 228 178 228 187 229 145 229 144
220 241 180 241 189 243 146 243 141
220 258 180 258 189 261 146 259 135
224 285 178 285 189 291 140 290 57
224 291 178 291 189 301 140 302 85
223 302 178 302 189 309 141 309 60
227 111 188 111 195 103 153 103 25
221 129 184 130 191 123 149 123 199
221 221 182 220 191 221 149 221 166
223 244 184 245 193 247 150 246 224
226 280 183 280 193 285 151 287 87
229 304 184 303 195 311 146 310 54
227 308 181 308 193 315 144 314 47
227 120 189 121 197 113 155 113 37
226 163 190 164 197 159 158 159 230
228 167 193 167 201 163 162 163 202
229 185 193 185 197 183 151 183 122
229 240 190 242 199 243 158 242 111
236 323 187 322 199 333 145 333 26
235 328 185 328 199 339 145 338 26
235 110 198 111 207 103 168 103 13
230 158 195 157 203 153 164 153 230
235 249 197 251 205 251 167 253 72
234 257 194 256 205 259 165 258 120
237 284 197 284 207 289 166 288 85
235 301 191 300 203 307 158 306 72
241 325 191 324 205 335 151 334 28
233 79 189 78 211 71 169 71 113
243 97 205 97 209 87 168 87 119
242 128 205 128 213 121 175 122 121
237 126 200 126 209 119 168 119 95
240 139 205 139 213 133 175 135 174
234 165 201 163 209 159 171 159 161
240 167 204 167 213 163 175 163 190
236 169 201 169 209 165 172 165 143
238 172 201 172 211 169 171 169 293
240 186 205 185 213 183 171 183 135
241 253 203 254 213 257 174 256 176
242 296 202 295 213 301 171 300 126
237 75 197 75 215 67 169 66 85
240 81 199 81 217 73 176 73 77
243 91 204 91 217 83 176 83 117
249 109 208 109 219 101 181 101 105
246 140 210 141 219 135 181 135 204
244 161 208 162 217 159 179 159 185
242 163 206 163 215 159 178 159 200
242 169 206 169 215 165 177 165 202
242 184 205 184 215 181 175 181 311
241 190 208 189 215 187 176 187 113
245 253 206 253 219 255 181 254 123
245 259 210 258 219 261 181 260 227
244 278 207 277 217 281 178 280 129
243 283 204 283 215 287 176 286 109
250 299 207 299 219 305 177 304 97
244 83 204 83 221 75 181 75 83
251 118 216 118 225 111 187 111 48
248 133 211 133 221 127 183 127 219
251 137 216 137 225 131 187 131 193
249 143 214 143 223 137 185 137 75
247 167 212 167 221 163 183 163 254
248 263 211 262 221 265 182 265 169
251 261 215 260 225 263 186 263 170
251 298 212 297 223 303 181 302 110
250 311 207 313 221 321 175 319 40
249 79 210 79 227 71 186 71 114
259 90 221 92 231 83 194 83 317
258 105 222 105 231 99 194 97 75
255 135 220 135 229 129 192 129 106
257 139 222 143 231 135 194 137 71
253 147 218 151 227 143 189 141 53
253 158 217 156 227 153 189 151 67
255 175 219 174 229 171 192 172 246
253 186 218 185 227 183 189 183 159
260 301 218 301 231 307 187 306 92
266 328 216 328 231 339 177 338 17
269 347 222 348 231 361 181 362 28
261 88 225 88 235 79 197 80 195
261 299 220 299 233 305 188 305 109
262 304 220 304 233 311 188 310 83
267 313 223 313 237 321 189 320 46
264 84 227 84 239 75 200 75 178
265 186 230 186 241 183 204 183 110
271 301 230 301 243 307 200 306 46
269 319 225 319 239 327 189 326 25
276 328 227 328 243 339 191 337 13
277 334 227 333 243 345 187 345 14
270 182 235 182 245 179 208 179 172
269 188 234 188 245 185 208 185 125
272 292 231 292 245 297 201 297 195
275 290 236 290 249 295 209 294 227
279 293 242 292 255 297 212 297 108
279 289 240 289 255 293 213 293 99
296 317 249 316 267 325 218 325 18
297 322 246 323 263 333 213 331 10
296 327 249 327 265 337 212 336 22
313 253 266 249 285 253 233 253 98
311 319 264 319 283 327 234 327 57
309 317 262 317 281 325 231 325 27
315 327 266 326 285 337 233 336 34
317 257 270 256 289 259 237 259 121
321 252 273 252 293 255 241 255 112
323 248 275 248 295 251 243 251 187
323 265 275 264 295 269 243 268 98
326 262 279 263 299 265 247 266 51
329 273 283 275 303 279 251 280 17
329 277 280 275 301 281 249 279 16
328 282 278 283 301 289 247 290 12
326 331 276 330 299 341 245 340 47
330 249 284 248 305 251 255 250 49
333 251 290 251 309 253 263 252 34
332 327 286 327 307 337 251 336 38
332 333 282 332 305 343 251 342 65
333 338 281 337 305 349 249 348 48
340 197 295 196 315 195 264 195 161
335 229 291 228 311 229 264 228 96
337 232 292 231 313 233 265 232 25
337 244 290 244 311 247 258 246 26
339 242 291 242 313 245 267 247 26
337 275 293 278 311 283 263 283 15
337 281 291 281 313 287 265 287 9
339 311 295 310 315 317 268 315 20
339 325 291 324 311 333 262 333 67
338 333 288 332 311 343 257 342 41
341 331 292 331 315 341 261 341 43
341 336 291 336 315 347 260 346 45
338 106 310 106 321 99 291 99 193
336 112 308 113 319 105 289 105 96
338 118 310 117 321 111 291 111 117
334 180 306 180 317 177 287 177 86
342 201 295 201 317 199 266 199 213
345 208 300 209 321 207 273 207 298
344 290 295 289 319 297 268 298 10
344 326 296 325 319 335 267 334 29
351 206 305 209 327 205 278 207 238
351 208 306 209 327 207 279 207 235
348 237 305 237 325 239 278 238 11
349 281 307 281 323 287 278 287 10
350 305 303 306 323 313 275 312 23
352 326 303 326 327 335 276 334 27
351 337 302 336 325 347 271 345 59
349 352 295 352 325 363 263 364 107
343 105 314 105 329 99 297 98 176
344 105 316 105 331 99 299 98 154
346 111 319 111 333 105 305 105 314
347 121 321 121 333 115 303 115 102
354 242 313 241 333 243 290 243 19
354 268 306 268 329 273 275 272 21
354 278 305 278 331 283 282 282 9
358 302 309 301 333 309 282 309 18
356 307 309 310 333 315 280 316 16
354 335 306 334 329 345 276 344 26
350 107 319 106 337 101 305 100 136
351 113 328 114 337 107 310 107 140
360 228 320 228 339 229 296 229 70
359 237 318 237 337 239 293 239 39
361 258 313 258 337 261 285 261 52
360 259 311 259 335 263 283 263 44
360 267 315 267 339 271 293 271 44
357 113 331 113 343 107 317 107 318
361 118 337 117 345 113 319 113 108
366 230 325 230 345 231 302 231 41
367 258 319 258 343 261 291 261 52
365 260 317 259 341 263 289 263 42
361 111 334 111 347 105 321 105 83
363 180 338 180 349 177 323 177 149
363 184 338 184 349 181 323 181 140
366 201 326 201 349 199 307 199 367
371 243 325 243 349 245 296 245 51
373 258 325 258 349 261 297 261 76
375 272 327 272 351 277 299 277 35
373 294 329 294 349 301 305 301 19
368 300 321 300 347 307 296 307 17
370 300 327 300 349 307 296 307 18
377 234 336 234 357 235 314 235 43
381 247 332 247 357 249 305 249 47
378 250 330 250 355 253 303 253 58
380 258 332 257 357 261 305 261 60
380 265 332 265 357 269 304 269 56
373 296 333 296 353 303 303 302 19
375 294 338 294 357 301 311 301 23
374 300 337 300 357 307 313 307 26
375 170 352 171 363 167 338 165 60
375 179 352 180 363 177 338 175 157
376 186 352 186 363 183 339 183 315
375 190 352 190 363 187 338 187 246
372 189 348 188 359 185 333 186 229
378 229 340 230 361 231 317 230 44
381 267 333 267 363 271 307 270 87
385 265 337 265 363 269 311 269 53
384 277 336 277 363 281 316 281 29
385 328 340 327 363 337 313 336 12
377 173 354 173 365 169 340 167 110
382 170 358 171 369 167 345 165 90
382 183 358 182 369 179 345 177 168
379 188 356 188 367 185 344 186 232
386 250 339 250 365 253 313 253 69
384 272 333 272 365 277 312 277 56
389 277 347 277 369 281 328 282 48
389 332 342 331 367 341 317 340 12
391 215 348 213 375 213 326 213 198
391 236 349 236 371 237 328 237 32
392 232 349 230 373 233 329 232 19
389 241 350 241 371 243 328 243 24
393 261 345 261 371 265 319 265 47
396 260 349 258 375 263 323 263 47
387 269 341 269 371 273 320 273 66
396 265 348 265 375 269 323 269 67
391 197 361 198 379 195 341 196 334
398 267 350 267 377 271 325 271 38
399 328 351 327 379 337 326 337 15
402 344 351 343 381 355 327 354 44
398 178 377 178 387 175 364 174 67
397 184 376 184 387 181 364 181 159
396 191 369 192 383 189 354 190 209
397 197 369 198 383 195 353 196 369
407 241 360 241 387 243 339 242 18
402 61 381 61 391 53 368 53 74
400 65 380 66 389 57 368 58 59
404 67 381 66 393 59 370 59 71
402 127 381 127 391 121 369 121 148
400 125 379 125 389 119 367 119 227
402 178 381 175 391 175 370 175 56
400 182 379 182 389 179 367 179 99
414 283 364 283 391 289 337 289 27
412 335 361 334 393 345 336 344 29
408 59 385 58 397 51 373 50 72
408 123 387 123 395 117 374 117 218
408 128 389 128 399 123 379 123 165
403 134 383 134 395 129 371 129 151
413 251 370 253 395 255 342 253 35
419 274 371 274 399 279 348 278 32
415 271 365 270 397 275 343 274 34
414 300 364 301 395 307 343 307 18
417 345 364 346 397 357 339 358 75
412 133 395 131 403 127 382 128 155
411 132 392 132 401 127 380 128 252
415 179 395 178 405 175 386 175 50
415 184 396 184 405 181 386 181 141
423 213 377 213 405 213 353 212 135
423 245 378 245 405 247 354 247 29
418 249 375 248 403 251 351 251 36
423 267 376 265 405 269 353 269 31
424 276 376 276 405 281 353 280 33
429 240 382 240 411 241 360 241 50
430 263 382 263 411 267 359 267 39
426 259 378 259 407 263 355 263 42
427 267 380 267 409 271 357 271 35
428 333 380 332 411 343 358 343 44
434 230 388 232 417 233 366 232 83
435 240 388 240 417 241 366 241 60
435 254 388 254 417 257 366 257 49
434 262 388 261 417 265 366 265 72
431 260 384 260 413 263 361 263 46
431 263 384 263 413 267 361 267 75
433 274 385 274 415 279 363 279 103
435 276 387 276 417 281 365 281 37
431 280 384 280 413 285 362 285 66
431 303 383 303 413 311 359 311 9
430 28 412 28 421 19 400 18 121
437 226 390 226 419 225 369 226 101
439 250 391 251 421 253 370 252 48
440 254 393 254 423 257 372 257 76
439 273 391 272 421 277 369 277 86
439 274 392 274 421 279 370 279 111
442 240 396 239 425 241 377 242 98
445 244 401 245 429 245 381 247 106
442 254 395 253 425 257 374 257 54
442 260 395 260 425 263 374 263 44
442 265 395 265 425 269 374 269 85
445 330 395 329 429 339 377 338 63
444 40 426 40 435 33 417 33 451
441 36 424 36 433 29 414 29 388
439 42 422 42 431 35 413 36 369
443 48 429 48 435 41 416 41 372
444 58 426 58 435 51 417 51 138
443 65 426 65 435 59 417 59 124
443 97 429 97 435 91 422 91 376
439 99 424 99 431 93 416 93 272
439 102 429 103 433 97 419 97 227
439 104 422 104 431 99 413 99 154
443 108 426 108 435 103 417 103 202
439 110 422 110 431 105 413 105 78
441 135 428 136 435 131 420 130 256
440 137 423 137 431 133 413 133 172
442 141 429 142 435 137 422 137 251
439 146 427 146 433 141 420 141 205
439 144 422 144 431 139 413 139 230
438 173 422 172 431 169 412 169 111
439 179 422 179 431 175 413 175 78
452 192 420 193 433 189 411 189 238
447 196 411 196 431 193 391 193 242
451 286 405 286 435 291 386 290 67
449 291 403 290 433 297 383 297 35
451 295 405 295 435 301 385 301 57
449 299 402 301 433 305 383 307 106
451 306 405 306 435 313 387 313 125
449 314 403 315 433 321 383 321 67
450 323 405 323 435 331 387 330 52
451 328 404 328 435 337 384 337 58
446 327 399 326 431 335 381 335 58
446 36 433 36 439 29 426 29 403
448 81 435 81 441 75 428 76 277
446 77 433 77 439 71 426 71 443
443 113 431 112 437 107 421 107 104
446 171 433 171 439 167 427 167 164
455 196 421 199 437 193 417 193 299
454 220 423 219 441 219 409 219 266
454 255 409 255 437 257 388 256 51
456 256 412 255 441 257 393 258 48
452 262 407 261 437 265 388 264 40
456 286 411 286 441 291 393 291 51
454 303 409 303 439 309 391 309 90
453 299 407 299 437 305 388 305 83
456 312 411 314 441 319 393 320 101
452 316 407 316 437 323 388 323 67
454 323 409 323 439 331 391 330 48
453 328 407 328 439 337 387 336 45
457 334 408 334 441 343 388 343 74
455 342 404 341 437 353 382 352 53
452 46 439 46 445 39 432 39 208
454 50 441 50 447 43 434 43 109
452 52 439 52 445 45 432 45 182
452 75 439 74 445 69 432 69 204
450 104 437 104 443 99 431 99 105
450 110 437 110 443 105 431 105 81
450 173 438 173 443 169 432 169 52
449 179 437 179 443 175 431 175 47
458 224 427 223 445 223 413 222 216
458 270 414 269 443 273 396 272 52
462 281 418 280 447 283 400 283 40
461 293 420 292 447 297 403 297 70
458 299 414 300 443 305 395 305 76
459 321 413 322 443 329 394 329 82
456 32 443 32 449 25 436 25 162
458 46 445 46 451 39 438 39 167
458 51 445 52 451 45 438 45 156
458 54 445 54 451 47 438 47 77
460 72 450 73 451 65 444 64 73
455 81 443 81 449 75 435 75 77
462 236 434 236 449 237 420 236 221
464 241 434 242 453 241 421 242 272
464 245 432 245 453 245 425 247 179
464 291 424 291 451 295 408 295 43
465 296 424 296 451 301 406 302 79
466 325 420 325 449 333 403 332 63
467 337 417 336 451 347 397 347 51
463 46 451 46 457 39 444 39 105
462 48 449 48 455 41 442 41 96
464 52 451 52 457 45 444 45 100
464 58 452 58 457 51 444 51 66
463 65 452 66 455 59 439 59 53
465 73 449 73 457 67 445 65 38
466 228 433 229 455 227 418 228 304
470 262 429 263 457 265 416 265 47
471 267 433 265 459 269 415 270 49
468 269 426 270 457 271 414 271 52
468 307 428 309 457 315 415 315 44
468 315 426 315 455 321 408 321 48
472 332 427 331 457 341 402 341 98
471 33 459 35 465 27 452 27 106
472 50 459 50 465 43 452 43 95
476 208 446 207 465 205 435 205 209
474 265 433 265 463 267 420 267 57
472 271 433 271 461 273 419 273 38
475 271 435 271 463 273 423 272 38
475 284 437 284 463 287 425 286 17
475 330 427 330 461 339 409 339 73
481 342 431 341 463 353 407 353 138
477 28 465 27 471 21 459 22 106
477 37 466 40 471 31 458 31 241
476 45 462 43 469 37 456 37 112
473 58 456 58 467 51 449 51 113
477 62 464 62 471 55 457 55 55
473 67 462 66 467 59 454 59 38
475 76 463 75 471 69 457 69 110
475 77 461 77 469 71 451 71 184
480 211 448 213 469 211 436 210 109
482 224 446 224 471 223 431 223 71
480 228 444 227 469 227 430 227 107
478 253 443 252 467 253 429 253 63
480 250 445 251 469 251 431 252 52
480 267 444 267 469 269 431 268 41
480 281 444 281 469 283 431 283 24
482 289 445 287 471 293 433 293 21
485 297 447 297 471 301 430 301 17
479 311 441 311 469 317 424 317 40
481 24 469 24 475 17 463 17 172
481 50 469 50 475 43 462 43 118
479 54 466 54 473 47 460 47 122
483 65 471 66 477 59 465 60 69
483 75 471 74 477 69 464 69 67
479 81 466 81 473 75 460 76 76
483 77 470 77 477 71 464 71 70
483 83 470 83 477 77 464 77 90
487 213 456 213 477 211 444 211 127
485 215 453 215 475 213 442 213 93
487 220 455 220 477 219 444 219 84
484 241 449 241 473 239 435 237 67
488 245 454 246 477 245 440 245 45
488 252 452 252 477 253 440 252 42
484 265 448 265 473 267 435 267 47
483 294 446 294 473 297 434 297 14
485 292 451 291 475 295 437 295 20
486 300 448 300 475 305 435 305 20
488 26 478 27 483 19 474 20 353
489 34 477 33 483 27 471 27 227
485 34 473 33 479 27 467 27 187
488 31 478 32 483 25 472 25 384
489 42 477 43 483 35 471 36 238
487 85 475 85 481 79 469 79 105
488 89 477 89 483 83 471 84 150
487 109 475 109 481 105 469 103 70
487 119 474 117 481 113 469 113 88
488 145 476 146 483 141 470 143 101
487 150 475 150 481 145 469 147 49
487 171 474 172 481 169 469 167 78
488 177 477 177 483 173 471 173 99
487 181 474 183 481 177 469 177 143
487 179 474 179 481 175 469 175 112
488 194 459 194 479 191 448 191 177
490 215 460 215 481 213 448 213 191
489 224 457 225 479 223 446 223 78
490 243 459 243 481 243 448 243 59
491 239 456 239 479 239 447 239 62
493 245 461 245 483 245 449 245 53
491 256 458 257 481 257 447 257 49
489 276 455 274 479 277 442 278 28
493 303 454 303 481 307 440 307 22
496 339 446 339 481 349 428 349 64
495 69 482 69 489 63 476 63 136
494 81 483 81 487 73 477 75 294
490 86 479 87 485 81 473 81 127
494 92 483 92 489 87 478 87 192
492 112 481 112 487 107 476 107 128
494 118 483 118 489 113 478 113 84
491 141 479 141 485 137 473 136 141
491 171 481 171 489 169 473 167 60
497 196 470 196 489 193 460 193 341
494 237 463 238 485 237 452 236 44
497 279 465 279 487 281 453 281 20
500 298 461 298 489 303 451 302 15
502 305 460 304 489 309 447 309 23
498 311 457 311 487 317 443 317 30
499 317 457 317 485 323 441 324 60
499 322 453 322 487 329 447 330 60
501 337 452 337 489 347 433 347 46
499 32 488 32 493 25 482 25 265
498 47 488 47 493 41 483 41 183
500 55 491 57 495 49 485 49 246
499 74 487 73 493 67 481 67 280
498 98 488 98 493 93 482 94 107
495 125 485 125 491 121 479 120 60
497 149 485 151 493 145 481 147 28
493 171 483 171 491 169 479 167 47
499 172 491 173 495 169 484 168 20
498 177 488 177 493 173 483 173 23
503 219 477 219 495 217 471 219 199
503 240 473 240 495 239 463 239 65
499 247 469 247 491 247 459 247 82
500 253 469 252 491 253 459 252 61
503 251 473 250 495 251 463 251 95
499 263 469 260 491 261 459 261 56
500 258 469 259 491 259 459 258 54
499 267 469 268 491 269 459 269 26
499 272 468 274 491 275 460 275 38
501 278 471 278 493 279 460 279 14
507 297 469 295 495 301 455 301 16
501 304 465 304 493 309 451 308 18
505 301 465 300 495 305 454 305 13
503 332 455 332 491 341 438 340 68
506 53 497 54 501 47 492 48 288
501 87 491 87 497 83 486 82 244
502 96 492 96 497 91 487 91 253
506 103 496 102 501 97 491 97 116
501 117 492 118 497 113 485 111 44
501 119 492 120 497 115 486 114 54
502 126 492 126 497 121 486 122 39
506 217 479 219 499 215 469 215 267
505 229 481 227 497 227 472 225 133
507 232 479 233 499 231 472 230 98
507 249 477 248 499 249 467 247 164
506 268 475 269 497 269 465 269 25
508 285 474 284 499 287 462 286 8
508 296 469 297 499 301 459 299 10
512 304 474 304 501 309 457 310 14
509 330 461 330 497 339 445 339 71
510 49 500 49 505 43 496 43 138
510 59 501 59 505 53 496 53 237
508 61 499 61 503 55 494 55 377
512 65 503 64 507 59 498 59 222
507 85 498 87 503 81 492 80 315
509 211 483 211 503 211 476 211 384
516 63 507 62 511 57 503 57 286
516 69 507 69 511 63 503 63 169
516 83 507 84 511 77 502 78 330
516 90 506 90 511 85 501 85 283
518 101 509 100 513 95 506 97 186
517 116 509 115 513 111 505 112 246
520 215 494 215 513 213 486 213 239
520 221 495 221 513 219 487 220 351
518 217 492 217 511 215 484 215 244
516 254 490 253 509 253 482 253 140
520 324 476 323 511 331 462 331 66
523 328 476 329 513 337 463 336 71
524 353 474 353 509 363 458 361 71
523 140 519 139 519 135 516 136 512
523 143 519 143 519 139 515 139 441
521 151 514 153 517 147 509 145 187
521 184 515 185 517 181 512 180 383
521 193 514 193 517 189 510 189 228
523 202 514 202 517 199 508 199 289
524 212 497 211 517 209 488 208 264
522 259 497 259 515 259 489 259 97
528 309 486 309 519 315 477 315 37
523 311 482 311 515 317 472 317 34
526 327 479 327 517 335 466 335 56
528 101 517 97 523 95 515 95 173
525 106 517 105 521 101 513 101 166
525 133 521 133 521 129 517 131 349
526 135 523 135 523 131 520 131 234
524 181 520 181 521 177 516 177 310
528 183 523 183 525 179 520 179 381
527 193 521 193 523 189 517 189 587
529 189 520 188 525 185 517 184 348
528 205 521 204 525 201 516 201 193
529 230 516 229 525 227 510 227 264
528 243 515 241 521 241 505 240 142
533 320 489 320 523 327 475 327 43
530 331 483 330 521 339 469 339 64
533 333 485 332 523 343 469 343 54
534 123 531 123 531 119 527 119 147
530 131 527 131 527 127 523 127 196
534 133 531 133 531 129 528 129 133
534 129 531 129 531 125 527 125 123
534 135 531 135 531 131 527 131 103
532 141 529 141 529 137 525 137 166
530 149 527 149 527 145 523 145 164
532 157 529 157 529 153 525 153 223
530 159 527 159 527 155 523 155 152
534 159 531 159 531 155 527 155 46
532 163 529 163 529 159 525 159 189
530 181 526 181 527 177 523 177 291
533 191 524 190 529 187 520 187 414
533 199 524 198 529 195 520 194 234
535 197 526 196 531 193 522 192 274
535 212 524 212 531 209 520 209 229
537 233 520 233 531 231 513 231 128
536 237 519 237 529 235 510 235 104
534 253 511 253 529 253 504 253 36
534 252 509 249 529 251 504 251 33
538 263 511 263 531 263 502 263 40
535 263 507 263 527 263 498 263 90
533 309 491 309 527 315 482 315 16
537 325 491 325 529 333 477 333 71
536 115 533 115 533 111 530 111 156
538 163 535 163 535 159 531 159 47
536 169 533 169 533 165 529 165 45
536 181 532 181 533 177 529 177 217
537 204 528 204 533 201 524 200 156
537 202 528 202 533 199 524 198 228
541 214 530 214 537 211 525 211 183
541 220 529 220 537 217 524 217 230
540 235 523 235 535 233 517 233 127
543 252 519 252 537 251 514 251 34
540 301 502 301 533 305 492 305 22
540 310 505 310 533 315 497 317 37
544 107 540 107 541 103 537 102 101
544 113 541 113 541 109 538 109 103
542 117 539 117 539 113 535 112 87
546 119 543 119 543 115 540 115 131
542 131 539 132 539 127 535 126 52
546 144 543 142 543 139 539 139 61
546 155 543 155 543 151 540 150 77
546 163 543 163 543 159 539 158 66
546 169 542 169 543 165 539 165 91
546 181 539 180 543 177 536 176 225
543 189 534 189 539 185 530 185 307
547 195 537 195 543 191 534 191 200
544 197 535 197 541 193 531 193 186
543 210 534 210 541 207 531 207 128
547 224 533 224 543 221 530 221 165
547 249 523 247 539 249 516 249 26
544 254 521 254 539 253 515 253 38
545 289 509 289 539 293 503 291 15
549 299 513 297 543 303 502 303 15
551 304 513 304 543 309 502 309 16
546 311 504 311 539 317 494 317 21
544 107 541 107 545 103 542 102 217
548 121 545 122 545 117 541 116 67
550 137 547 137 547 133 543 133 100
552 143 549 143 549 139 545 139 83
552 157 548 157 549 153 545 153 68
550 163 547 163 547 159 543 159 38
549 199 540 199 545 195 536 195 411
551 207 540 206 547 203 538 203 159
551 212 541 212 547 209 536 209 157
549 222 537 222 545 219 532 219 116
553 230 538 230 549 227 532 227 38
553 235 535 233 549 233 530 233 43
553 259 529 259 549 259 522 259 44
553 265 527 265 549 265 519 265 38
553 277 522 278 547 279 514 279 18
552 274 522 274 547 275 515 274 14
553 313 510 313 545 321 497 323 24
558 115 556 115 555 111 552 111 201
557 128 553 127 553 123 550 123 105
558 129 555 129 555 125 552 125 90
556 136 553 135 553 131 549 131 101
556 151 553 151 553 147 549 147 77
558 147 555 147 555 143 552 143 150
556 169 552 169 553 165 549 165 112
559 193 549 193 555 189 545 189 170
557 191 547 191 553 187 544 187 174
555 195 545 195 551 191 542 191 262
557 197 547 196 553 193 544 193 240
554 203 545 203 551 199 542 199 106
559 210 549 211 555 207 545 207 100
558 281 526 281 553 283 518 283 9
556 281 525 281 551 283 517 282 18
558 291 520 295 551 297 514 298 16
563 325 513 324 555 333 505 333 22
559 330 515 331 551 339 505 340 47
563 331 515 331 553 339 501 339 41
564 349 519 350 555 361 509 362 59
562 121 559 121 559 117 556 117 101
562 127 559 127 559 123 556 123 97
562 133 559 133 559 129 556 129 78
560 137 557 137 557 133 554 133 117
563 141 559 141 559 137 555 137 108
564 147 561 147 561 143 558 143 87
560 161 556 161 557 157 553 157 68
562 181 555 181 559 177 551 177 133
562 185 554 185 559 181 550 181 145
563 191 553 191 559 187 549 187 202
564 208 555 208 561 205 552 205 86
560 218 548 218 557 215 544 215 73
563 230 547 230 559 227 543 227 30
560 232 546 231 557 229 540 229 34
561 243 541 243 557 241 536 241 30
563 265 536 265 559 265 533 265 26
562 288 528 289 557 291 521 291 13
564 285 529 285 559 287 521 287 16
568 309 529 309 561 315 516 315 12
563 305 521 305 557 311 507 309 13
566 116 563 116 563 111 560 111 176
570 113 567 113 567 109 564 108 122
570 120 567 119 567 115 563 115 116
568 133 564 133 565 129 561 128 129
566 139 563 139 563 135 559 135 132
570 135 566 135 567 131 563 131 148
566 149 562 149 563 145 559 145 95
568 153 564 153 565 149 561 149 202
566 157 562 157 563 153 559 153 142
570 155 565 155 567 151 563 151 186
570 165 566 164 567 161 563 160 222
568 183 560 182 565 179 557 179 92
570 191 563 190 567 187 559 187 242
566 189 558 189 563 185 555 185 208
568 205 561 204 565 201 557 201 101
566 218 554 218 563 215 549 215 82
566 224 554 223 563 221 550 220 35
571 239 552 239 567 237 547 237 46
572 257 543 260 567 259 537 259 26
572 313 529 314 567 319 520 319 13
569 326 522 325 563 335 510 335 28
569 341 520 337 563 351 507 350 52
572 124 569 123 569 119 565 119 128
576 139 572 139 573 135 569 135 129
574 145 570 145 571 141 567 141 112
572 151 568 151 569 147 565 147 196
576 197 571 197 573 193 568 193 148
573 201 569 201 571 197 564 197 112
572 230 557 230 569 227 553 227 21
577 233 559 233 573 231 554 231 52
578 315 534 314 573 321 527 320 12
582 113 578 114 579 109 576 108 108
580 121 576 121 577 117 573 117 187
582 126 578 125 579 121 575 121 188
582 129 578 130 579 125 575 125 230
578 141 574 141 575 137 571 137 103
582 145 578 145 579 141 575 141 156
578 155 574 155 575 151 571 151 294
582 165 578 165 579 161 575 161 161
578 176 574 175 575 171 571 171 74
582 193 576 193 579 189 573 189 138
580 189 575 189 577 185 572 185 145
578 197 573 197 575 193 570 193 150
581 203 572 203 577 199 571 199 82
579 209 573 208 577 205 568 205 49
579 220 566 220 575 217 559 217 40
579 239 562 239 575 237 558 236 30
582 259 554 259 575 259 548 259 25
581 265 553 265 577 265 548 265 31
582 311 539 311 579 317 531 317 13
581 328 534 328 577 337 524 337 45
582 334 533 334 577 343 523 343 34
587 115 583 115 583 111 579 111 115
584 134 582 131 583 127 579 127 235
586 161 582 161 583 157 579 157 243
588 167 584 167 585 163 581 163 205
587 199 580 199 583 195 578 195 54
583 207 574 207 581 203 571 203 49
588 220 575 220 585 217 571 217 42
586 239 567 239 583 237 563 237 23
584 245 565 244 581 243 560 243 24
590 247 566 246 585 245 559 245 30
585 261 559 261 581 261 554 261 23
585 274 553 273 581 275 548 275 16
585 308 544 308 581 313 534 313 11
585 324 539 324 583 333 532 333 26
587 347 538 348 581 359 528 360 46
590 121 586 121 587 117 583 117 423
590 163 586 163 587 159 583 159 205
590 169 585 169 587 165 583 165 154
593 178 589 177 589 175 584 175 198
594 185 588 185 591 181 585 181 80
590 187 584 187 587 183 581 183 95
592 189 586 189 589 185 583 185 117
590 193 584 193 587 189 581 189 75
590 195 584 195 587 191 581 191 100
594 207 585 207 591 203 581 203 65
592 222 578 222 589 219 575 219 48
592 218 579 218 589 215 576 215 50
593 229 575 230 589 227 571 227 41
592 243 572 243 589 241 568 241 18
593 254 570 252 589 253 566 251 27
591 252 568 252 587 251 564 249 19
594 261 569 261 591 261 563 261 27
594 267 566 267 591 267 563 267 27
592 300 556 298 587 305 554 303 19
594 314 555 313 589 321 541 321 27
594 323 547 323 589 331 542 331 28
597 100 592 102 593 97 589 97 120
600 106 596 106 597 101 593 101 146
597 120 593 120 593 117 589 117 161
596 129 592 129 593 125 589 125 133
595 139 592 139 593 135 589 135 148
596 149 591 149 593 145 588 145 130
600 147 596 147 597 143 593 143 127
600 151 596 151 597 147 593 147 108
598 153 594 153 595 149 591 149 135
595 157 592 157 593 153 588 153 157
600 157 596 158 597 153 593 153 282
596 165 592 165 593 161 589 161 289
600 167 596 167 597 163 593 163 275
596 171 592 171 593 167 589 167 98
600 177 596 176 597 173 593 172 96
600 183 594 183 597 179 591 179 198
596 187 590 187 593 183 587 183 182
596 199 590 199 593 195 587 195 73
600 195 593 195 597 191 591 191 161
595 216 584 216 593 213 581 213 40
597 226 588 228 593 223 585 222 62
598 235 580 235 595 233 577 233 21
597 246 575 247 593 245 571 245 20
597 256 573 256 593 255 566 255 30
599 267 573 267 597 267 568 267 26
601 316 557 316 597 323 549 323 21
597 339 551 339 593 349 542 349 58
606 85 602 86 603 81 599 80 123
606 94 602 94 603 89 599 89 268
601 105 598 104 599 99 595 99 156
603 111 598 113 601 105 598 103 140
606 114 602 114 603 109 599 109 119
604 117 600 118 601 113 597 113 126
606 140 602 139 603 135 599 135 105
603 135 598 135 599 131 594 131 163
604 179 599 179 601 175 596 175 173
602 189 596 189 599 185 593 185 158
606 197 597 197 603 193 595 193 308
604 220 591 220 601 217 588 217 28
606 313 561 313 601 319 555 320 22
600 335 550 335 599 345 544 345 67
604 335 553 335 601 345 547 345 53
613 86 608 86 609 81 606 81 166
612 96 608 95 609 91 606 90 250
612 102 607 102 609 97 604 97 280
610 128 609 127 609 123 604 123 104
610 133 605 133 605 129 599 129 76
611 133 606 133 607 129 602 129 125
612 138 607 137 609 133 604 133 97
608 167 603 167 605 163 601 165 125
608 175 603 175 605 171 601 171 142
612 187 604 187 609 183 601 183 215
610 183 604 183 607 179 601 179 214
608 191 600 191 605 187 597 187 443
612 189 604 189 609 185 601 185 147
610 195 602 195 607 191 599 191 166
610 203 602 203 607 199 599 199 215
609 216 595 216 605 213 595 213 73
610 225 593 227 605 225 589 225 39
611 230 596 231 609 229 592 228 73
606 235 589 235 605 233 589 233 30
612 245 593 245 609 243 587 243 26
607 313 564 313 605 319 557 319 14
612 316 570 316 609 323 562 323 16
612 328 569 329 609 337 555 337 30
610 340 560 341 607 351 551 351 40
618 112 613 112 615 107 610 107 242
616 135 611 135 613 131 608 131 114
616 199 608 199 613 195 605 195 108
613 269 586 269 611 269 582 269 30
615 272 586 273 613 273 582 273 16
618 271 588 271 615 271 583 271 68
618 316 573 316 615 323 568 323 15
614 322 567 322 611 329 558 329 30
617 334 566 333 615 343 561 343 38
620 108 615 107 617 103 612 103 298
624 136 619 136 621 131 616 131 189
622 159 616 159 619 155 613 155 74
620 164 614 163 617 159 611 159 55
624 171 618 171 621 167 615 167 48
624 185 616 185 621 181 613 181 99
620 183 611 184 617 179 609 179 160
622 193 614 193 619 189 611 189 91
620 201 612 200 617 197 609 197 79
622 207 613 207 619 203 611 203 85
622 215 611 215 619 211 608 211 80
623 222 610 222 621 219 607 219 108
621 220 608 220 619 217 605 217 106
619 223 605 224 617 221 603 221 105
621 239 602 239 619 237 599 237 89
623 235 605 235 621 233 603 233 101
620 237 600 237 617 235 597 235 74
619 243 601 244 617 241 598 242 46
620 265 592 265 617 265 588 265 29
623 263 598 262 621 263 593 263 25
618 276 588 277 617 277 585 278 16
623 330 574 330 621 339 568 339 29
624 336 571 335 621 345 568 345 38
627 132 623 131 625 127 620 127 290
630 136 625 135 627 131 623 131 139
626 156 620 155 623 151 617 151 92
630 164 624 163 627 159 621 158 49
626 177 620 177 623 173 617 173 172
629 181 621 181 627 177 617 177 369
628 189 619 189 625 185 617 185 137
626 205 618 205 623 201 615 201 98
626 213 615 213 623 209 612 209 94
625 230 609 230 623 227 606 227 105
625 237 607 237 623 235 605 235 70
626 255 603 256 625 255 601 255 32
624 269 596 269 623 269 592 269 24
626 312 581 312 623 317 578 317 14
628 315 584 315 627 321 579 321 13
634 116 629 116 631 111 626 111 197
634 130 629 129 631 125 626 125 217
632 144 626 143 629 139 624 139 173
631 159 626 159 629 155 623 155 56
636 162 629 161 633 157 627 157 67
631 193 623 193 629 189 620 189 235
630 222 619 222 629 219 614 219 103
633 226 619 226 631 223 615 223 90
633 243 613 243 631 241 609 240 50
632 247 610 247 629 245 607 245 58
635 249 613 249 633 247 611 247 43
630 298 589 298 631 301 580 299 12
627 319 585 319 629 325 579 325 11
640 68 635 68 637 63 632 63 139
640 80 635 80 637 75 632 75 262
642 82 637 81 639 77 634 76 164
638 113 634 112 635 109 630 109 273
642 129 637 129 639 125 634 125 204
641 152 635 154 639 149 633 150 103
638 156 632 156 635 151 629 151 157
638 171 632 171 635 167 629 167 65
637 175 632 175 635 171 629 171 77
637 187 629 187 635 183 627 183 217
641 199 630 199 639 195 628 195 223
643 245 623 245 639 243 616 243 44
639 249 617 249 637 247 615 247 25
636 265 608 265 635 265 605 265 30
636 269 607 269 637 269 608 269 31
640 297 602 297 639 301 599 301 18
635 302 597 301 635 305 593 305 11
636 313 594 313 637 319 589 319 11
646 68 641 68 643 63 638 62 141
644 76 640 76 641 71 637 71 152
644 110 639 109 641 105 636 105 305
647 132 643 131 645 127 640 127 218
645 137 640 136 643 131 638 131 232
645 142 640 142 643 139 637 137 140
648 146 642 145 645 141 639 140 244
646 150 640 149 643 145 637 145 105
645 165 639 165 643 161 637 161 64
645 170 640 169 643 165 637 165 56
647 175 642 175 645 171 639 171 68
645 179 640 179 643 175 637 175 208
643 183 634 183 641 179 635 179 187
645 187 641 186 643 183 637 182 297
647 191 636 191 645 187 634 187 267
645 197 634 197 643 193 632 193 238
645 201 634 201 643 197 631 197 247
647 205 635 205 645 201 633 201 234
644 230 630 230 643 227 628 227 67
648 266 619 265 645 265 615 265 25
646 271 619 271 645 271 616 271 32
641 306 602 306 643 311 600 311 12
644 320 599 320 645 327 595 327 17
652 108 647 107 649 103 644 103 297
653 115 647 115 649 111 643 111 224
651 139 646 139 649 133 644 133 163
649 161 643 161 647 157 641 157 165
653 160 648 159 651 155 645 155 50
649 173 644 173 647 169 641 169 138
648 245 627 245 647 243 623 243 28
651 251 629 251 649 249 622 248 37
648 260 625 260 647 259 620 259 31
659 100 654 100 657 95 651 97 137
657 126 652 126 655 121 649 121 250
659 139 654 138 657 133 652 131 193
658 142 652 142 655 137 650 137 121
656 147 650 147 653 143 648 143 87
655 156 649 155 653 151 647 151 55
657 160 653 157 655 155 649 155 42
657 171 652 171 655 167 649 167 43
657 189 646 189 655 185 644 185 272
658 216 639 216 657 213 637 213 144
658 226 639 226 657 223 638 222 108
658 234 639 233 657 231 637 231 49
654 236 635 235 653 233 634 233 59
658 239 639 240 657 237 638 237 49
656 247 633 246 655 245 632 245 36
653 267 623 265 653 267 619 266 30
658 273 629 273 657 273 627 273 26
652 298 614 299 653 303 612 303 9
653 323 609 323 655 329 604 330 12
663 89 658 88 661 83 655 83 126
661 96 655 96 659 91 653 91 207
661 142 656 142 659 137 653 137 226
665 156 659 157 663 151 657 152 34
665 164 660 166 663 161 657 159 112
665 177 659 177 663 173 657 173 84
660 203 642 203 659 199 640 199 457
662 218 643 218 661 215 641 215 164
662 262 637 262 661 261 633 259 42
661 269 634 269 661 269 632 269 33
659 274 632 275 661 275 629 275 23
661 283 630 283 663 285 637 285 22
670 62 665 62 667 57 662 57 124
668 92 662 92 665 87 659 87 89
671 99 666 95 669 91 663 93 141
671 120 665 120 669 115 663 115 249
669 127 664 128 667 123 661 121 93
669 138 664 137 667 133 661 133 66
667 137 662 137 665 133 660 131 116
671 142 666 141 669 137 663 137 107
671 156 666 155 669 151 663 151 38
669 160 664 159 667 155 661 156 51
667 174 662 173 665 169 659 169 126
671 178 665 178 669 173 663 173 123
667 183 652 182 665 179 649 177 371
667 187 656 187 665 183 654 183 343
668 193 647 194 667 189 646 190 296
669 189 658 189 667 185 655 184 464
670 199 650 199 669 195 648 196 583
668 201 649 200 667 197 647 197 591
670 214 649 214 669 211 647 213 284
668 218 647 221 667 215 645 217 240
668 226 646 226 667 223 645 223 156
667 247 646 247 667 245 644 244 55
671 253 648 253 669 251 646 251 46
675 86 670 83 673 79 667 79 462
674 92 668 92 671 87 665 87 171
677 94 672 94 675 89 669 89 154
676 99 670 99 673 95 667 95 116
677 122 671 122 675 117 669 117 105
677 142 671 142 675 137 669 137 105
673 157 668 157 671 153 665 153 42
677 155 671 154 675 151 669 151 64
677 162 671 162 675 157 669 156 41
675 168 669 167 673 163 667 163 30
673 175 667 175 671 171 665 171 74
677 172 671 171 675 167 669 166 31
677 181 670 182 675 177 668 177 143
675 220 653 220 675 217 652 217 172
672 230 650 230 671 227 648 227 131
673 240 652 241 673 239 650 238 43
674 243 652 244 673 243 650 243 40
672 249 650 248 671 247 648 247 45
673 254 650 254 673 253 649 253 44
669 314 627 313 671 321 627 319 15
683 82 677 82 681 77 675 77 106
683 99 677 99 681 93 675 93 123
683 108 677 108 681 103 675 102 321
683 167 677 167 681 163 675 162 42
681 179 674 180 679 175 672 176 91
680 195 658 194 679 191 657 190 272
679 205 658 203 679 201 656 202 216
678 207 656 208 677 205 655 204 301
677 220 655 220 677 217 654 217 237
681 224 659 224 681 221 657 221 138
677 227 655 227 677 225 654 225 129
679 229 657 230 679 227 656 227 126
681 275 651 275 681 275 651 275 30
681 303 636 305 681 309 637 308 11
679 310 638 310 681 315 638 315 13
689 61 683 61 687 55 681 55 70
685 75 679 77 683 69 677 69 102
689 80 684 77 687 73 681 74 112
689 95 683 95 687 89 681 88 93
684 107 678 107 683 101 677 100 254
687 122 681 122 685 117 679 117 141
689 140 683 140 687 135 681 135 115
687 149 681 149 685 145 679 144 113
689 152 683 151 687 147 681 147 134
689 167 683 167 687 163 680 163 44
689 175 679 178 685 173 678 172 148
685 187 667 187 683 183 666 183 202
685 216 663 216 685 213 662 213 154
686 228 664 228 685 225 661 225 107
683 235 660 235 683 233 660 233 52
683 241 661 241 683 239 660 239 38
685 247 661 247 685 247 662 245 43
684 271 656 271 685 271 655 271 40
685 277 655 277 685 277 655 277 26
682 304 644 305 687 309 643 309 14
681 309 640 308 683 313 640 313 12
684 311 643 311 687 315 643 315 10
695 125 689 125 693 121 687 119 130
691 150 685 149 689 145 683 145 80
693 154 687 154 691 149 685 149 76
693 199 671 198 693 195 671 195 98
691 210 670 210 693 207 670 207 89
689 214 667 214 689 211 666 211 277
689 218 667 218 689 215 666 215 123
689 255 666 255 689 253 665 253 100
688 260 664 260 689 259 664 259 80
690 266 664 266 691 265 664 265 58
688 273 659 273 689 273 659 273 56
701 43 696 42 699 37 694 36 66
699 51 691 51 697 45 691 43 79
697 53 692 52 695 47 689 47 95
699 63 694 62 697 57 691 57 291
697 59 691 59 695 53 689 53 114
701 91 695 90 699 85 693 85 191
697 118 687 117 695 113 688 113 282
699 122 693 122 697 117 691 117 212
699 136 693 136 697 131 691 130 131
698 176 691 175 697 171 689 171 80
699 187 689 187 697 183 687 183 105
698 224 677 224 699 221 675 221 139
698 233 676 233 699 231 676 231 82
696 237 674 237 697 235 671 235 104
699 241 677 241 699 239 678 239 108
695 250 672 250 695 249 671 249 55
692 256 669 256 697 255 673 255 121
692 277 664 277 695 277 664 277 30
705 58 700 58 703 53 697 52 111
705 86 699 86 703 81 697 81 129
703 96 697 96 701 91 695 90 143
707 104 701 104 705 99 699 99 176
704 122 698 122 703 117 696 117 218
704 232 682 232 705 229 682 229 171
704 235 682 235 705 233 681 233 133
701 273 673 273 703 273 673 273 36
701 277 671 277 701 277 671 277 33
709 43 703 42 707 37 701 37 72
711 49 705 48 709 43 703 42 83
713 128 707 128 711 123 705 123 194
709 132 703 132 707 131 701 130 249
706 206 684 206 707 203 684 203 209
708 210 686 210 709 207 686 207 163
706 212 684 212 707 209 684 209 150
706 218 684 218 707 215 684 215 122
708 228 686 227 709 225 686 225 138
709 233 686 233 709 231 685 231 114
706 251 683 250 707 249 684 249 100
709 260 685 260 711 259 686 259 91
709 267 682 268 711 267 683 267 67
705 297 668 298 709 301 670 303 9
714 81 709 80 713 75 706 75 114
715 94 709 94 713 89 707 88 149
716 145 710 145 715 141 708 141 203
719 156 712 155 717 151 710 151 238
716 187 695 187 717 183 696 183 189
716 195 695 195 717 191 696 191 127
715 210 693 210 715 207 692 207 204
712 214 690 214 713 211 691 211 155
712 222 689 222 713 219 690 219 143
716 225 694 225 717 223 694 222 187
715 245 693 245 717 243 693 243 90
713 258 690 258 715 257 691 257 106
714 275 685 275 715 275 683 275 37
713 279 683 279 713 279 682 279 27
721 57 715 56 719 51 713 51 103
725 59 720 57 723 53 718 52 80
725 145 718 145 723 141 716 141 125
721 171 701 173 719 167 700 169 525
718 205 696 204 719 201 697 201 145
722 235 699 235 723 233 700 233 65
722 247 700 247 723 245 700 245 120
720 257 694 255 721 255 695 254 175
731 33 725 33 729 27 723 27 50
728 43 723 44 727 39 721 38 79
727 69 722 68 725 63 719 62 95
729 70 723 70 727 65 721 64 78
727 118 720 118 725 113 718 113 253
728 160 722 159 727 155 720 155 125
728 170 722 170 727 165 720 164 181
723 189 703 189 725 185 703 185 147
724 195 702 195 725 191 703 191 126
725 210 703 210 727 207 704 207 231
725 238 701 237 725 235 702 235 129
728 235 705 235 729 233 706 233 85
725 243 704 243 727 241 705 241 65
724 247 701 246 725 245 702 245 121
725 266 699 266 727 265 700 265 171
723 270 696 270 725 269 697 269 110
725 281 694 281 725 281 693 281 71
722 289 685 290 727 293 693 291 22
737 33 731 32 735 27 730 27 54
733 47 727 48 731 43 725 43 101
733 55 727 54 731 49 725 49 356
734 60 729 60 733 55 727 54 136
733 61 727 60 731 55 725 54 212
731 107 725 106 731 101 725 100 315
737 132 729 132 735 127 727 127 100
732 138 725 138 731 133 723 133 71
733 154 725 153 731 149 723 149 105
732 158 725 158 731 153 724 153 123
736 181 725 181 735 177 727 175 169
729 207 707 206 731 203 708 203 111
729 212 707 212 731 209 708 209 105
731 228 709 228 733 225 710 225 89
730 241 708 241 731 239 709 239 70
733 253 710 253 735 251 711 251 146
731 270 705 271 733 269 705 269 183
732 275 703 275 735 275 705 275 133
728 277 699 276 731 277 696 277 170
743 43 739 42 741 37 736 36 76
739 45 734 44 737 39 732 38 330
739 55 733 54 737 49 731 48 283
743 61 737 60 741 55 735 54 198
741 61 735 59 739 55 734 55 198
741 73 735 72 739 67 733 66 199
742 77 735 76 741 71 735 70 214
740 81 734 80 739 75 732 75 217
742 87 735 87 741 79 734 78 209
740 91 733 91 739 85 732 85 219
743 110 735 110 741 105 732 105 78
742 158 735 159 741 153 733 153 63
738 154 730 153 737 149 729 149 54
742 170 734 168 741 165 733 165 49
740 172 732 171 739 167 731 167 83
739 216 723 216 741 213 723 212 100
737 228 715 228 739 227 716 226 63
737 249 716 249 739 247 716 247 164
739 276 710 276 741 275 711 275 215
731 315 689 317 737 321 694 319 10
747 45 740 44 745 39 739 38 208
749 51 739 53 747 45 742 43 504
747 51 741 50 745 45 739 44 105
749 69 743 68 747 63 741 62 211
746 90 739 89 745 83 738 82 141
746 152 738 152 747 147 738 147 59
744 174 736 174 743 169 735 169 113
743 189 729 188 743 185 729 184 63
746 200 732 199 747 195 732 194 19
746 205 732 205 747 201 732 200 17
745 219 730 218 745 215 730 215 34
743 249 723 249 745 247 721 247 67
744 262 718 262 747 261 719 261 164
740 282 709 282 745 283 713 283 89
741 294 705 293 745 295 711 295 27
751 59 745 58 749 53 743 52 117
753 67 747 66 751 61 745 60 226
752 89 745 88 751 83 743 82 131
753 97 744 97 753 91 744 91 116
752 113 744 112 751 107 743 107 111
752 123 744 126 751 119 743 117 118
754 128 746 128 753 123 745 122 174
754 158 746 158 753 153 745 153 80
752 176 743 176 751 171 743 171 68
751 200 736 200 751 197 736 196 13
752 206 738 205 751 203 738 201 17
749 220 734 221 749 217 734 217 40
750 255 727 255 753 253 729 253 89
744 278 713 277 749 279 718 279 156
743 284 712 284 749 285 716 285 155
747 301 709 301 751 305 710 305 14
760 64 752 64 757 59 751 57 131
755 101 746 101 755 95 746 95 109
758 205 741 207 759 201 742 202 18
754 227 736 226 755 223 738 223 15
758 225 741 224 759 221 742 221 20
753 257 729 257 757 255 731 256 89
751 277 721 277 755 277 724 277 174
750 305 716 305 757 309 721 307 8
766 63 759 63 765 57 759 55 215
766 107 758 106 765 101 757 101 232
762 129 754 128 761 123 753 123 168
765 167 758 168 765 163 757 163 128
762 199 747 199 763 195 747 195 14
759 210 743 211 761 207 744 208 15
761 209 745 209 763 205 745 205 11
761 230 744 230 763 227 746 227 13
763 242 742 243 765 239 744 240 17
756 269 727 269 761 269 729 268 142
757 276 725 273 763 277 731 277 260
759 287 727 288 765 289 731 289 132
768 97 758 96 767 91 757 91 124
771 95 763 94 771 89 762 88 84
770 141 762 141 769 139 761 137 329
772 168 763 167 771 163 763 162 142
765 197 750 197 767 193 751 193 23
767 217 749 217 769 213 750 213 9
767 244 744 242 769 241 747 241 29
764 251 742 251 767 249 742 249 54
768 257 744 257 771 255 747 255 64
767 268 738 267 771 267 742 267 78
767 271 737 271 769 271 741 270 180
774 73 766 73 773 67 765 67 191
774 107 765 107 773 101 764 101 248
776 141 767 145 775 137 766 139 133
773 181 759 182 773 177 763 179 201
772 197 758 197 773 193 759 192 18
770 240 750 240 773 237 751 236 12
773 253 751 253 775 251 751 251 44
771 278 740 278 777 279 744 279 81
768 293 734 293 775 295 739 295 47
780 65 773 64 779 59 772 58 294
783 97 772 97 783 91 771 91 123
781 99 772 98 781 93 772 92 73
780 128 769 128 779 123 769 123 348
784 130 771 131 783 125 774 124 382
781 178 771 177 781 173 771 173 116
775 288 741 288 781 289 745 289 84
789 99 778 99 789 93 778 93 67
787 101 776 101 787 95 777 94 89
785 148 774 148 785 143 774 143 194
789 150 779 150 789 145 778 145 65
785 176 775 175 785 171 775 171 106
785 197 771 197 787 193 772 193 24
783 201 769 201 785 197 768 195 16
784 209 766 207 789 205 769 204 13
784 253 762 253 787 251 763 251 56
784 260 759 260 789 259 762 259 56
783 267 753 267 787 267 757 267 68
783 269 755 269 789 269 759 269 57
781 278 752 278 787 279 754 279 110
779 296 744 297 787 299 749 299 50
794 88 783 87 795 81 781 82 70
792 89 780 89 791 83 781 82 98
791 137 780 137 791 131 780 129 69
793 184 781 183 795 179 779 179 102
791 186 776 186 793 181 779 180 101
789 193 775 193 791 189 776 189 39
789 199 775 198 791 195 776 194 19
791 203 775 201 793 199 774 199 14
792 211 773 210 793 209 772 209 16
787 248 764 247 791 245 768 245 33
786 260 761 260 791 259 765 259 49
787 258 763 258 793 257 768 257 71
787 271 759 271 793 271 763 271 57
785 295 749 295 793 297 755 297 50
787 306 750 307 795 309 754 309 31
786 311 746 311 795 315 753 315 26
782 309 744 310 791 313 750 314 19
799 34 794 32 799 27 792 26 95
800 92 789 91 801 85 789 85 65
797 105 786 105 797 99 786 99 73
798 114 788 111 799 107 788 107 122
800 119 790 117 801 113 790 112 75
800 169 790 172 801 167 790 166 116
799 180 788 180 799 175 788 175 138
797 199 784 197 799 195 780 193 13
796 221 776 221 801 219 777 218 5
797 228 776 228 801 225 779 224 4
797 257 773 257 801 255 775 255 60
793 279 762 279 799 279 762 280 95
793 280 762 280 801 281 767 281 81
791 286 759 286 799 287 765 287 114
789 293 755 292 797 295 759 293 70
790 298 753 298 799 301 760 301 63
792 304 751 302 801 307 760 307 42
803 36 798 34 803 29 796 28 122
807 57 797 56 807 51 797 49 110
805 97 793 99 805 93 794 91 123
804 121 794 120 805 115 794 114 77
803 150 792 150 803 145 792 145 92
804 186 788 185 805 181 789 180 69
805 193 791 193 807 189 790 191 36
804 211 783 210 807 207 785 206 9
803 218 779 219 807 215 785 215 7
799 288 765 288 807 289 771 290 107
796 295 760 295 803 297 765 297 60
796 302 758 302 805 305 764 305 46
795 307 757 308 805 311 764 311 56
797 315 756 314 807 319 763 319 48
795 318 752 318 805 323 759 323 31
808 92 797 91 809 85 797 85 115
808 115 797 113 809 109 797 109 65
805 197 790 197 809 191 791 193 21
808 203 791 202 809 199 789 199 15
806 207 787 207 809 203 789 203 14
809 225 789 227 813 223 792 224 12
804 242 783 242 809 239 787 239 22
803 260 779 260 809 259 783 259 79
806 281 775 281 813 281 780 281 86
805 286 772 286 813 287 779 287 97
818 70 805 70 819 63 807 62 91
815 65 804 65 815 59 804 58 114
816 72 804 71 817 65 805 64 106
816 111 804 110 817 105 805 104 78
818 108 806 105 819 101 807 101 102
819 144 806 144 819 139 807 139 76
816 152 799 155 817 147 799 149 285
813 156 800 155 815 151 802 151 105
819 163 804 161 819 155 805 155 203
816 201 797 201 817 197 800 196 13
811 214 791 214 815 211 794 210 7
809 262 783 262 815 261 787 261 69
811 266 784 266 817 265 789 265 69
806 282 775 282 815 283 781 283 116
807 308 767 308 819 313 775 312 69
809 315 766 314 819 319 775 319 47
804 318 762 318 815 323 769 323 41
821 32 813 31 821 25 813 23 159
824 48 813 48 825 41 813 41 91
825 59 814 58 825 53 814 51 135
824 105 812 106 825 101 813 100 120
820 113 808 113 821 107 809 106 67
816 169 801 170 821 163 799 165 179
815 275 785 275 823 275 792 275 84
817 277 787 276 825 277 793 277 84
812 295 776 295 821 297 783 297 60
828 86 815 85 829 79 817 78 138
828 109 816 108 829 103 817 102 114
825 143 812 142 827 137 812 137 102
824 147 814 146 827 141 813 141 74
827 151 818 150 829 145 817 145 254
820 282 788 282 829 283 795 283 87
822 288 789 288 831 289 797 289 93
818 300 781 300 829 303 789 303 31
834 36 821 36 835 29 823 28 111
833 80 821 80 835 73 821 72 112
833 109 821 109 835 103 822 103 80
831 143 819 142 833 137 820 137 89
836 157 823 156 837 151 824 151 111
831 217 806 217 837 213 811 214 26
831 222 806 222 837 219 811 218 27
831 245 807 245 837 243 811 242 12
827 249 803 249 833 247 808 247 15
829 251 805 251 835 249 810 249 15
824 265 797 265 833 265 804 265 44
825 271 796 271 833 271 803 271 75
829 281 797 280 837 281 804 281 99
828 286 795 286 837 287 802 287 84
827 293 792 293 837 295 797 293 46
841 31 829 30 843 23 830 22 166
841 84 828 83 843 77 829 76 68
839 94 826 93 841 87 828 86 79
841 98 828 98 843 91 830 89 69
837 109 824 111 839 105 826 103 49
837 135 824 137 839 129 826 128 60
833 185 816 186 839 181 820 181 28
837 213 813 214 843 213 817 213 38
832 220 808 220 839 217 813 217 34
835 224 810 224 841 221 815 221 22
847 35 835 34 849 27 836 26 114
842 58 830 55 845 49 831 49 127
845 61 832 59 847 53 833 53 107
844 162 819 163 849 157 828 157 81
842 214 817 213 849 211 822 209 47
842 220 817 221 849 217 823 217 54
838 244 815 242 845 241 821 240 7
835 269 807 269 845 269 814 269 55
838 273 808 273 847 273 816 273 71
842 270 811 269 849 269 817 269 123
840 275 810 275 849 275 818 275 83
851 41 839 40 853 33 840 32 236
850 56 834 57 851 49 839 47 95
851 76 838 76 853 69 840 68 115
851 103 837 105 853 99 839 99 19
848 139 830 139 851 133 831 134 101
846 163 827 162 851 157 830 157 40
849 175 828 175 853 171 832 169 20
848 214 823 214 855 211 829 211 54
846 245 820 245 853 243 826 242 15
847 258 823 258 855 257 827 256 7
840 299 803 299 851 301 812 300 21
840 305 802 305 855 309 813 309 10
857 25 845 24 859 17 846 16 136
856 101 844 101 859 95 845 94 44
858 126 843 125 861 121 847 120 13
853 130 841 130 857 125 840 125 21
855 133 843 132 859 127 846 126 14
856 136 841 136 859 131 845 130 33
852 151 831 151 857 145 836 145 60
856 161 835 160 861 155 840 155 48
855 162 834 163 859 157 839 157 57
851 214 825 214 859 211 832 211 77
851 220 825 221 859 217 832 217 41
849 246 823 247 857 245 830 243 6
849 249 823 248 857 247 829 247 11
852 257 827 256 861 255 834 254 10
854 261 827 261 861 259 833 259 13
851 282 819 282 861 283 828 283 99
845 284 815 284 857 285 823 285 116
845 289 811 289 861 291 825 291 80
850 286 818 286 861 287 826 287 128
846 290 813 290 857 291 822 291 78
847 293 812 293 859 295 820 295 52
848 298 812 299 861 301 822 299 31
848 311 809 311 861 315 820 315 9
843 313 802 312 857 317 812 317 15
843 336 816 335 861 345 831 344 149
861 92 848 92 863 85 850 85 90
860 120 847 119 863 113 848 113 8
862 123 848 124 863 119 849 118 13
863 146 842 146 865 141 844 141 58
861 171 840 170 867 165 845 165 43
859 192 838 192 865 187 843 188 12
857 214 832 214 865 211 838 211 68
859 222 832 222 867 219 839 219 71
857 240 830 239 865 237 837 237 18
855 241 828 241 863 239 835 239 14
859 242 831 240 867 239 838 239 11
857 253 830 253 865 251 836 251 11
856 258 829 258 863 257 835 257 11
857 275 827 275 867 275 835 275 81
857 279 825 279 867 279 830 278 96
857 284 823 284 867 285 833 285 128
849 339 821 338 865 347 832 345 138
870 121 857 121 873 115 860 114 14
868 128 855 127 871 121 857 121 16
871 133 857 133 873 127 859 127 19
865 151 845 151 871 145 850 145 69
860 255 833 255 869 255 840 255 8
864 268 837 268 873 267 844 267 70
859 275 829 275 869 275 836 275 81
859 303 821 304 873 307 831 306 15
876 114 863 113 879 107 866 106 108
872 123 859 123 875 117 862 116 8
875 134 861 135 877 129 866 127 33
872 131 860 130 875 125 861 124 13
875 171 852 169 879 165 858 164 62
868 166 847 164 875 161 852 159 55
867 209 843 207 875 205 847 205 61
870 214 843 214 879 211 850 211 65
870 226 842 226 879 223 849 222 59
866 232 838 232 875 229 845 228 33
870 232 842 233 879 229 849 229 31
867 274 838 275 879 275 847 275 78
882 97 869 94 885 87 872 85 315
878 99 865 99 881 93 867 91 190
878 120 865 119 881 113 867 113 51
882 145 869 144 885 139 871 138 118
879 178 868 178 885 173 874 173 86
874 209 848 209 883 205 855 205 80
875 216 848 216 885 213 856 212 71
872 228 843 228 881 225 851 225 55
874 253 849 253 883 251 858 251 17
875 270 845 269 885 269 855 269 32
873 277 842 277 883 277 850 277 88
871 281 839 281 881 281 848 281 92
870 292 837 292 885 293 846 293 113
868 299 831 299 881 301 842 301 35
867 313 826 313 883 317 839 317 13
863 335 836 336 881 343 851 345 93
886 29 870 29 891 19 874 20 319
888 112 874 111 891 105 878 104 474
886 137 870 137 889 131 876 130 83
878 210 851 209 887 207 858 205 106
879 220 851 220 889 217 859 217 89
879 226 850 226 889 223 859 223 84
879 283 847 283 891 283 857 283 105
890 36 873 35 895 27 877 26 325
894 106 878 106 897 99 883 98 584
883 222 855 222 893 219 863 219 76
884 235 854 235 895 233 863 233 25
879 247 851 247 893 247 861 247 4
885 279 853 279 895 279 861 279 74
883 284 850 284 895 285 861 285 99
884 290 850 290 897 291 861 291 82
882 302 846 303 897 305 857 305 14
877 312 835 313 893 317 848 317 12
898 30 882 30 903 21 886 20 335
896 140 879 139 901 135 884 134 90
896 143 879 142 901 137 884 136 103
888 208 860 208 899 205 869 204 99
890 220 861 222 901 217 870 217 71
889 227 859 226 899 223 868 223 87
890 237 859 237 901 235 869 235 36
887 304 849 304 903 307 861 307 21
884 307 845 307 903 311 857 310 14
900 45 883 48 905 37 887 39 167
904 107 887 107 909 101 892 100 188
904 115 887 115 909 111 892 112 171
904 140 887 140 909 135 892 133 107
904 155 887 156 909 149 892 150 159
902 161 882 161 909 155 887 154 146
899 168 877 168 905 163 881 164 126
903 189 879 189 909 185 885 183 125
898 212 870 212 909 209 880 209 138
895 227 865 227 907 225 875 225 76
893 230 863 230 905 227 873 227 48
897 239 866 239 909 237 876 237 27
893 258 862 259 905 259 872 259 9
896 279 865 279 907 279 872 279 78
908 110 891 110 913 103 895 103 128
904 164 880 164 911 159 883 157 157
908 186 888 186 915 181 894 181 79
904 192 882 191 911 187 887 186 131
908 190 888 190 915 185 893 185 103
903 229 873 229 915 227 882 227 80
902 236 870 236 915 235 882 235 39
915 137 892 137 921 131 903 129 159
912 151 892 151 919 145 898 144 102
912 157 891 156 919 151 897 150 126
910 161 889 160 917 155 896 155 128
908 228 877 227 921 225 888 225 85
903 269 872 268 919 269 883 269 21
908 271 874 269 921 271 886 270 28
909 281 873 280 919 281 885 281 73
901 304 862 304 917 307 875 307 17
916 153 896 153 923 147 902 147 100
920 163 898 165 927 159 905 159 107
918 162 896 164 925 157 903 159 141
916 167 894 166 923 161 901 161 96
918 168 896 168 925 163 903 162 86
910 226 879 226 923 223 890 223 89
914 233 882 233 927 231 893 231 42
910 237 878 237 923 235 890 235 60
912 241 880 242 925 239 891 239 33
913 250 881 251 927 249 893 249 36
913 268 880 267 927 267 893 267 17
913 272 881 273 927 273 893 273 29
913 288 879 288 927 289 891 289 111
908 286 875 286 923 287 887 287 150
911 314 869 314 927 317 881 316 15
928 35 908 35 931 27 912 26 133
923 71 905 72 929 65 910 63 57
922 153 902 152 929 147 908 146 84
919 230 888 229 933 227 899 227 46
917 237 885 237 931 235 897 235 31
915 239 883 239 929 237 895 237 37
920 245 887 245 933 243 899 243 34
919 241 887 241 933 239 899 239 36
917 248 885 249 931 247 897 247 67
919 250 887 250 933 249 899 249 42
917 252 884 252 931 251 897 251 41
915 258 880 256 929 257 895 257 54
915 265 883 265 929 265 895 265 22
917 270 884 269 931 269 897 269 24
919 273 886 273 933 273 898 273 29
917 281 882 280 929 281 895 281 111
919 294 881 294 933 295 895 295 97
929 140 913 138 937 133 919 132 73
924 212 892 210 937 207 904 207 102
921 215 891 214 935 211 902 210 89
925 220 894 220 939 217 906 217 65
922 224 890 223 935 221 903 221 74
925 237 892 237 939 235 905 235 31
921 243 889 243 935 241 901 241 131
923 260 890 260 937 259 903 259 60
921 258 888 258 935 257 901 257 58
921 264 889 264 935 263 900 263 42
934 33 915 32 941 23 921 22 78
934 70 916 69 941 61 922 60 65
937 151 917 150 945 145 924 144 73
937 159 918 158 945 153 924 152 92
935 176 915 176 943 171 922 170 82
938 181 917 180 945 175 925 175 114
927 239 894 239 941 237 907 237 72
929 235 896 235 943 233 909 233 62
930 245 897 244 945 243 911 243 55
929 247 896 247 943 245 909 245 46
926 256 894 256 941 255 906 255 57
928 258 896 258 943 257 908 257 61
930 267 897 267 945 267 910 267 52
928 277 895 277 943 277 908 277 68
928 280 896 281 943 281 908 281 117
927 288 893 288 943 289 907 289 127
941 153 921 153 949 147 928 146 107
939 149 918 148 947 143 925 142 60
943 180 922 179 951 175 930 174 204
933 220 904 217 947 217 920 217 137
934 241 902 240 949 239 914 239 52
936 241 903 241 951 239 916 239 52
932 249 900 248 947 247 912 247 69
936 247 903 247 951 245 916 245 73
935 266 901 265 949 265 914 265 65
932 269 899 269 947 269 912 269 54
949 31 930 30 957 21 934 21 89
949 39 930 38 957 29 937 28 92
947 147 927 147 957 141 934 140 79
945 151 925 151 953 145 932 144 114
945 199 925 199 953 197 932 195 89
938 237 905 237 953 235 919 235 42
942 235 909 235 957 233 923 233 31
942 241 909 241 957 239 922 239 38
942 262 909 262 957 261 922 261 79
938 266 905 266 953 265 918 265 65
938 273 904 273 953 273 918 273 64
940 275 906 275 955 275 920 275 89
940 281 907 281 955 281 920 281 123
942 292 905 292 957 293 921 293 175
955 72 934 72 963 63 942 62 47
955 163 933 162 963 157 941 157 340
952 200 932 199 961 197 940 196 134
945 233 913 233 961 231 927 231 33
948 230 914 229 963 227 929 227 38
945 239 912 239 961 237 926 237 54
947 235 915 235 963 233 928 233 62
943 243 910 243 959 241 924 241 50
947 254 914 254 963 253 928 253 72
947 269 914 270 963 269 928 269 54
945 273 912 273 961 273 926 273 76
957 35 936 39 965 27 944 26 69
958 179 937 183 967 177 945 179 318
949 231 916 231 965 229 931 229 32
951 250 918 250 967 249 932 249 50
953 247 920 246 969 245 934 245 113
951 258 918 258 967 257 932 257 105
949 277 916 277 965 277 930 277 130
949 279 916 279 965 279 930 279 123
948 284 915 284 965 285 930 285 153
950 295 917 296 969 297 931 297 174
967 125 940 124 975 115 947 114 173
964 152 940 151 975 145 947 144 155
962 161 940 160 971 155 949 157 282
957 222 925 222 973 219 939 219 62
959 237 925 237 975 235 940 235 69
958 245 925 245 975 243 940 243 45
956 248 923 248 973 247 938 247 46
956 273 924 273 973 273 938 273 61
958 269 925 269 975 269 940 269 68
958 284 925 284 975 285 940 285 217
957 290 924 290 975 291 939 291 164
967 200 946 199 977 195 955 193 101
962 228 929 227 979 225 944 225 60
961 224 929 224 977 221 943 221 56
964 243 931 243 981 241 946 241 49
963 268 929 268 979 267 944 267 74
960 277 927 277 977 277 942 277 89
964 282 931 282 981 283 946 283 195
964 286 930 286 981 287 946 287 193
957 313 916 313 979 317 934 317 7
959 313 917 313 981 317 935 317 5
976 128 946 128 985 119 963 120 195
974 138 953 139 983 131 961 131 61
969 230 935 229 985 227 951 227 48
966 247 933 246 983 245 948 245 48
966 252 933 252 983 251 948 251 71
966 271 933 271 983 271 948 271 77
970 277 937 277 987 277 952 277 93
970 275 937 275 987 275 952 275 77
968 290 934 290 985 291 949 291 182
967 296 933 296 983 297 946 297 156
974 260 940 259 991 259 956 259 93
972 286 938 286 989 287 954 287 145
965 295 930 295 989 297 952 297 143
985 47 963 46 995 37 972 36 17
992 155 968 155 997 149 979 148 177
980 234 947 233 997 231 962 231 41
979 239 947 239 997 237 962 237 62
978 237 945 237 995 235 960 235 42
981 260 948 260 999 259 964 259 143
981 271 948 271 999 271 964 271 80
981 269 948 269 999 269 964 269 98
977 282 944 283 995 283 960 283 152
977 301 938 301 997 303 957 304 78
977 302 940 303 999 305 958 305 37
992 45 970 43 1003 35 980 34 13
994 116 965 113 1005 107 974 106 54
986 228 953 227 1003 225 969 224 47
983 239 950 239 1001 237 966 237 35
985 245 952 245 1003 243 968 243 46
985 256 952 256 1003 255 968 255 64
987 254 954 254 1005 253 970 253 85
985 275 952 275 1003 275 967 275 60
985 279 952 279 1003 279 968 279 68
982 297 945 297 1005 299 967 299 110
996 40 973 39 1007 29 984 27 15
998 128 969 127 1009 121 979 120 54
993 181 964 180 1007 175 977 175 93
990 204 959 201 1009 199 977 199 97
989 215 960 215 1009 213 975 212 96
993 239 960 239 1011 237 976 237 60
990 245 957 245 1009 243 974 243 34
993 249 960 248 1011 247 976 247 39
990 274 956 273 1007 273 972 273 78
991 281 958 281 1009 281 974 281 98
989 286 955 286 1007 287 972 287 145
1003 29 980 28 1015 17 991 16 23
999 89 970 85 1013 77 983 76 33
1001 172 973 175 1017 167 985 165 140
999 228 966 228 1017 225 983 225 53
997 238 964 237 1015 235 980 235 45
994 269 961 269 1013 269 978 269 79
994 277 961 277 1013 277 978 277 63
996 275 963 275 1015 275 980 275 84
996 286 963 287 1015 287 980 287 147
1007 40 984 39 1019 29 995 27 15
1006 81 978 78 1021 69 990 67 42
1004 83 976 81 1019 73 990 72 33
1004 93 976 93 1019 83 990 83 41
1007 117 978 115 1023 109 993 108 59
1003 119 974 119 1019 111 989 110 77
1005 143 976 142 1021 135 991 136 74
1003 139 975 137 1019 131 990 130 65
1004 205 975 206 1021 201 989 202 78
1001 222 968 221 1019 219 984 218 52
1003 224 970 223 1021 221 986 220 49
1001 230 968 230 1019 227 985 227 51
1002 256 969 256 1021 255 986 255 67
1004 253 971 252 1023 251 988 251 74
1000 268 967 268 1019 267 984 267 60
1004 270 971 269 1023 269 988 269 64
1004 277 970 277 1023 277 988 277 56
1000 281 967 281 1019 281 984 281 93
1012 137 983 135 1029 129 998 128 101
1008 165 978 165 1025 159 993 159 98
1011 163 981 163 1029 157 997 157 94
1011 205 980 205 1029 201 997 201 61
1010 214 979 214 1029 211 995 210 75
1008 249 975 249 1027 247 992 247 47
1010 262 976 262 1029 261 994 261 72
1008 260 974 260 1027 259 992 259 89
1008 264 974 264 1027 263 992 263 94
1008 273 975 273 1027 273 992 273 77
1010 272 976 271 1029 271 994 271 64
1010 277 976 277 1029 277 993 277 56
1008 285 974 285 1027 285 992 285 129
1016 138 985 138 1033 131 1001 130 73
1015 162 987 161 1033 155 1002 154 60
1016 167 985 167 1033 161 1001 160 58
1017 186 985 185 1035 181 1002 181 63
1017 188 985 188 1035 183 1002 183 47
1013 190 982 189 1031 185 998 185 45
1015 210 983 210 1033 207 1000 206 62
1014 213 983 213 1033 211 999 209 49
1012 239 979 239 1031 237 996 237 39
1015 245 982 245 1035 243 1000 243 38
1016 251 982 250 1035 249 1000 249 50
1010 248 977 248 1031 247 996 247 68
1015 256 982 256 1035 255 1000 255 91
1013 258 980 258 1033 257 998 257 80
1013 266 980 266 1033 265 997 265 65
1016 269 982 269 1035 269 1000 269 62
1013 275 980 275 1033 275 998 275 110
1011 290 978 290 1031 291 996 291 148
1009 295 974 295 1035 297 998 297 158
1013 301 975 301 1035 303 996 303 127
1025 131 995 131 1039 123 1008 122 157
1020 146 990 146 1037 139 1006 138 121
1021 163 990 163 1039 157 1007 156 70
1019 197 989 197 1037 193 1005 192 47
1019 226 986 226 1039 223 1004 222 35
1018 224 984 224 1037 221 1003 221 40
1019 232 986 231 1039 229 1004 229 34
1018 241 984 241 1037 239 1002 239 53
1019 247 986 247 1039 245 1004 245 37
1019 260 986 260 1039 259 1004 259 57
1021 264 988 264 1041 263 1006 263 100
1017 281 984 281 1037 281 1002 281 77
1018 303 980 303 1041 305 1001 305 116
1028 148 995 148 1047 141 1011 141 107
1024 173 993 172 1043 167 1010 166 96
1024 179 993 178 1043 173 1010 172 72
1025 188 993 188 1043 183 1010 183 82
1029 204 999 204 1047 199 1016 199 100
1028 214 994 214 1047 211 1013 210 68
1024 219 991 218 1043 215 1009 215 46
1023 222 990 222 1043 219 1009 219 72
1023 235 990 236 1043 233 1008 233 55
1025 256 992 256 1045 255 1010 255 48
1023 254 990 254 1043 253 1008 253 67
1025 264 992 264 1045 263 1010 263 65
1027 273 994 273 1047 273 1012 273 72
1025 283 991 283 1045 283 1009 283 124
1027 287 993 286 1047 287 1012 287 142
1024 292 991 292 1045 293 1009 293 153
1031 161 999 161 1049 155 1016 155 83
1030 167 999 167 1049 161 1016 160 115
1032 173 1001 172 1051 167 1018 167 92
1031 226 998 226 1051 223 1016 223 41
1033 238 1000 238 1053 235 1018 235 45
1028 243 995 243 1049 241 1014 241 53
1028 250 995 250 1049 249 1014 249 98
1031 263 999 264 1053 263 1018 263 97
1033 272 1000 272 1053 271 1018 271 56
1029 279 995 279 1049 279 1014 279 73
1031 281 997 281 1051 281 1016 281 46
1029 289 996 289 1049 289 1014 289 122
1032 292 998 292 1053 293 1018 293 143
1040 39 1015 37 1055 27 1028 27 54
1040 160 1010 159 1059 153 1027 153 86
1040 163 1008 163 1059 157 1026 156 95
1036 188 1004 188 1055 183 1022 183 144
1038 217 1006 215 1057 213 1024 213 76
1036 239 1002 239 1057 237 1021 237 80
1034 243 1001 243 1055 241 1020 241 43
1038 256 1005 256 1059 255 1024 255 53
1036 252 1002 252 1057 251 1021 251 60
1034 260 1001 260 1055 259 1020 259 66
1038 266 1005 266 1059 265 1024 265 78
1038 277 1004 276 1059 277 1024 277 68
1038 296 1006 296 1059 297 1023 297 164
1034 299 999 299 1057 301 1020 301 133
1035 305 997 305 1059 307 1019 307 94
1046 37 1021 36 1061 25 1035 24 47
1049 78 1020 76 1065 67 1034 65 47
1046 97 1017 96 1063 87 1034 86 70
1045 139 1014 138 1065 131 1032 130 79
1046 171 1015 170 1065 165 1032 164 107
1044 167 1013 166 1063 161 1030 161 93
1042 173 1010 172 1061 167 1028 166 105
1041 220 1008 220 1061 217 1027 217 55
1041 228 1008 228 1061 225 1026 224 64
1042 234 1007 233 1063 231 1026 230 83
1043 235 1011 235 1065 233 1030 233 44
1042 243 1009 243 1063 241 1028 241 39
1044 247 1011 247 1065 245 1030 245 42
1040 251 1006 250 1061 249 1026 249 51
1044 262 1011 262 1065 261 1030 261 69
1040 272 1006 271 1061 271 1025 271 72
1040 281 1006 281 1061 281 1026 281 56
1042 287 1009 287 1063 287 1028 287 71
1037 307 1000 307 1061 309 1024 310 69
1035 318 998 319 1063 323 1018 324 15
1052 96 1023 95 1069 87 1039 86 95
1051 129 1020 128 1071 121 1038 120 120
1049 167 1018 166 1069 161 1036 160 88
1051 175 1019 174 1071 169 1037 168 99
1049 173 1018 172 1069 167 1036 166 90
1047 184 1016 184 1067 179 1034 179 113
1051 198 1021 198 1071 193 1038 193 102
1047 199 1016 199 1067 195 1034 194 116
1049 202 1018 202 1069 197 1036 197 99
1050 214 1020 214 1069 211 1038 210 66
1048 245 1015 245 1069 243 1034 243 43
1047 258 1014 258 1069 257 1034 257 57
1048 277 1014 277 1069 277 1034 277 65
1048 281 1015 281 1069 281 1034 281 73
1050 283 1016 283 1071 283 1036 283 95
1048 287 1014 287 1069 287 1034 287 103
1053 303 1017 303 1069 303 1030 303 115
1045 307 1007 307 1069 309 1029 309 83
1061 35 1033 34 1077 23 1046 23 78
1056 152 1025 152 1077 145 1044 144 77
1057 177 1026 176 1077 171 1044 170 90
1056 188 1025 188 1075 183 1043 182 131
1053 185 1022 184 1073 179 1040 179 84
1054 200 1023 200 1073 195 1041 195 93
1057 211 1025 210 1077 207 1042 206 91
1052 223 1019 223 1073 219 1039 219 94
1052 236 1018 235 1073 233 1038 233 44
1054 249 1020 248 1075 247 1039 246 43
1052 255 1018 254 1073 253 1038 253 93
1053 270 1020 270 1075 269 1040 269 65
1055 270 1022 270 1077 269 1042 269 107
1051 279 1018 279 1073 279 1038 279 83
1051 275 1018 275 1073 275 1038 275 63
1053 295 1021 295 1073 295 1038 295 168
1066 33 1037 33 1083 21 1052 21 66
1063 29 1037 28 1079 17 1051 16 53
1059 127 1028 126 1079 119 1046 118 134
1061 136 1031 135 1081 127 1049 127 159
1059 148 1030 149 1079 141 1049 142 127
1060 150 1029 149 1081 143 1048 142 92
1059 163 1030 163 1079 157 1047 156 78
1063 171 1032 170 1083 165 1051 165 90
1063 177 1032 176 1083 171 1051 170 60
1061 179 1030 178 1081 173 1049 172 83
1060 184 1025 185 1079 179 1045 178 222
1063 187 1033 186 1083 181 1051 181 63
1059 190 1029 190 1079 185 1048 185 63
1059 205 1028 205 1079 201 1047 200 92
1059 234 1027 233 1081 231 1046 231 88
1057 247 1024 247 1079 245 1044 245 65
1059 260 1026 260 1081 259 1046 259 69
1057 268 1024 268 1079 267 1044 267 63
1061 270 1028 270 1083 269 1048 269 55
1057 277 1025 278 1079 277 1044 277 71
1061 279 1028 279 1083 279 1048 279 55
1057 285 1024 285 1079 285 1044 285 105
1061 287 1028 287 1083 287 1048 287 64
1061 294 1028 295 1083 295 1048 295 185
1073 31 1042 31 1089 19 1057 19 63
1071 38 1039 39 1085 27 1053 27 33
1070 37 1041 37 1087 25 1055 25 65
1066 80 1035 78 1087 69 1054 68 65
1067 162 1035 161 1087 155 1054 154 104
1067 209 1036 210 1089 205 1054 205 125
1064 213 1033 213 1085 209 1052 209 129
1063 251 1030 251 1085 249 1050 249 75
1065 279 1032 279 1087 279 1052 279 44
1063 296 1031 297 1085 297 1051 297 117
1079 29 1051 28 1095 17 1063 17 76
1072 102 1041 102 1093 93 1060 92 81
1073 103 1042 102 1095 93 1062 93 96
1070 99 1039 98 1091 89 1058 88 81
1074 162 1046 162 1093 155 1060 154 171
1071 165 1041 165 1091 159 1059 158 76
1069 205 1037 205 1091 201 1057 201 99
1073 203 1041 202 1095 199 1061 198 92
1073 210 1042 211 1095 205 1062 205 131
1068 258 1035 258 1091 257 1056 257 65
1071 270 1038 270 1093 269 1058 269 68
1072 275 1039 275 1095 275 1060 275 81
1069 276 1035 275 1091 275 1056 275 75
1070 277 1038 278 1093 277 1058 277 65
1069 285 1035 285 1091 285 1055 285 49
1073 293 1041 293 1095 293 1061 293 64
1071 305 1035 305 1095 307 1057 307 115
1077 69 1046 67 1099 57 1066 56 22
1076 64 1042 65 1097 53 1062 54 19
1080 192 1049 191 1101 187 1069 186 90
1079 251 1045 251 1101 249 1067 249 154
1076 266 1043 266 1099 265 1064 265 125
1076 281 1042 281 1099 281 1064 281 71
1068 310 1033 311 1097 313 1056 313 83
1082 69 1049 70 1103 59 1070 57 22
1085 100 1055 99 1107 91 1075 90 120
1084 187 1053 186 1103 181 1073 181 81
1086 198 1055 197 1107 193 1075 193 119
1083 200 1051 199 1103 195 1072 195 109
1074 234 1032 233 1105 231 1059 232 109
1077 229 1034 228 1107 227 1065 229 110
1083 277 1052 278 1107 277 1072 277 215
1081 297 1049 296 1103 297 1069 297 141
1077 307 1040 307 1103 309 1067 310 108
1092 38 1067 39 1109 29 1072 27 23
1092 89 1062 88 1113 79 1082 78 59
1092 97 1062 96 1113 87 1082 86 72
1088 99 1059 98 1109 89 1078 88 67
1093 137 1066 135 1111 129 1083 128 138
1091 175 1059 175 1113 169 1080 168 130
1078 240 1038 240 1111 239 1066 239 154
1086 285 1053 284 1109 285 1075 285 139
1090 292 1058 293 1113 293 1079 293 85
1087 297 1055 297 1109 297 1075 297 107
1096 89 1066 89 1117 79 1086 78 64
1098 99 1068 98 1119 89 1088 88 146
1093 158 1060 157 1115 151 1081 150 167
1095 173 1063 173 1117 167 1084 167 134
1097 175 1065 175 1119 169 1086 169 206
1096 300 1064 301 1119 301 1085 301 112
1090 308 1055 309 1117 311 1078 311 102
1090 314 1053 315 1119 317 1077 317 140
1101 184 1068 184 1123 179 1090 178 117
1099 285 1066 285 1123 285 1087 286 116
1102 297 1070 297 1125 297 1091 297 141
1100 299 1068 299 1123 299 1089 299 70
1103 302 1073 302 1125 303 1091 303 124
1106 101 1079 99 1127 91 1097 90 87
1107 98 1081 97 1129 89 1099 88 70
1110 163 1079 162 1131 157 1099 156 89
1105 162 1073 163 1127 155 1095 155 105
1114 86 1085 86 1135 77 1105 76 10
1113 90 1085 92 1133 83 1103 83 28
1113 150 1078 152 1135 143 1103 142 134
1113 165 1086 167 1135 159 1103 159 100
1112 297 1079 297 1135 297 1101 297 163
1122 144 1092 144 1145 137 1113 137 88
1140 98 1110 99 1163 89 1132 89 7
1143 126 1109 126 1165 119 1133 118 36
1147 67 1116 65 1171 55 1140 54 10
1150 94 1117 93 1175 83 1141 85 6
1163 172 1121 171 1201 165 1155 164 64
1163 203 1120 203 1201 199 1155 199 28
