161 265 95 263 105 281 23 281 19
175 307 96 306 105 333 23 332 78
170 239 99 238 109 251 28 250 133
181 229 110 227 121 239 40 237 186
182 237 109 236 121 249 38 249 226
190 310 111 310 121 337 25 336 80
192 321 110 321 123 349 27 348 111
196 324 114 324 127 353 31 352 83
194 224 122 225 135 237 53 237 203
193 248 120 248 133 263 50 263 208
201 301 121 301 133 325 39 325 74
197 222 125 222 139 233 57 233 166
195 232 123 231 137 243 55 243 192
205 317 123 317 137 347 42 345 133
208 222 136 222 151 233 68 233 168
206 231 134 231 149 243 66 242 250
218 265 154 265 169 283 98 282 36
223 291 163 291 177 311 103 311 25
231 284 168 284 183 305 110 305 30
235 270 172 271 189 289 114 289 38
238 285 173 286 191 307 118 306 21
246 273 180 273 201 293 126 293 35
250 270 183 270 203 289 130 291 41
237 184 199 184 211 189 171 189 128
236 190 199 190 211 195 171 194 203
240 197 200 196 213 203 170 203 197
243 89 206 89 219 87 180 87 112
241 87 204 87 217 85 177 85 127
239 95 202 95 215 91 175 89 184
241 100 204 100 217 99 177 99 121
240 188 203 188 215 193 176 193 143
271 295 190 295 217 319 123 318 33
272 300 190 300 217 325 122 324 16
247 98 212 98 223 97 184 97 169
253 87 216 87 229 85 190 85 53
282 297 201 297 229 321 134 321 23
256 101 221 101 237 101 200 101 66
257 93 222 93 241 93 204 93 50
259 89 224 89 243 89 206 89 41
260 107 225 107 241 107 204 107 35
261 89 226 89 245 89 207 89 41
265 95 231 95 249 95 209 94 113
262 95 227 95 245 95 209 95 52
264 103 230 103 245 103 208 103 70
293 224 215 224 245 235 156 235 31
293 230 219 229 249 241 160 241 14
299 323 218 323 249 351 156 350 91
271 101 239 102 253 101 219 101 133
270 109 236 109 251 109 213 109 108
298 227 223 228 253 239 164 239 19
303 275 224 275 255 295 163 295 73
300 319 220 319 251 347 158 346 79
275 93 242 93 259 93 223 93 209
279 99 246 100 261 99 227 99 55
304 270 225 269 257 291 165 289 45
280 104 248 104 263 103 229 103 53
285 186 253 186 267 191 233 191 113
310 282 231 282 263 303 171 303 57
313 281 235 280 267 301 176 301 57
314 290 235 289 267 311 176 311 51
311 312 231 311 263 337 171 337 68
310 327 231 326 263 355 170 354 77
315 313 236 312 269 339 177 337 86
317 324 238 323 271 351 179 350 62
297 185 267 187 281 191 249 193 107
306 182 277 182 291 187 259 186 141
310 174 281 176 295 179 264 179 93
341 121 314 117 329 119 301 118 151
343 123 316 123 331 125 303 125 154
341 182 315 182 329 187 301 187 100
341 188 315 188 329 193 301 193 112
350 40 324 40 337 37 311 38 120
351 127 325 127 339 129 312 129 201
345 184 319 184 337 189 313 189 190
345 179 317 179 337 185 311 183 139
350 113 329 114 341 115 315 115 126
354 113 329 113 345 115 319 115 110
354 119 330 119 345 121 320 121 78
358 115 334 115 349 117 324 117 110
357 177 331 177 347 183 321 181 63
362 117 338 117 353 119 328 119 54
363 122 339 123 353 125 329 124 49
365 122 340 124 353 127 329 127 273
366 180 343 180 357 185 334 185 54
367 186 343 186 357 191 333 191 97
382 206 347 206 369 213 330 213 206
380 210 343 211 365 217 325 218 305
392 173 371 175 385 179 362 179 28
398 214 361 214 385 219 345 217 192
399 218 362 218 385 225 345 225 217
399 41 379 39 393 41 372 40 318
397 45 377 48 391 49 370 49 108
399 49 379 49 393 51 372 51 323
399 45 379 47 393 47 372 48 147
399 97 380 96 393 99 371 99 182
399 102 379 102 393 105 372 105 79
400 135 379 136 393 139 372 139 126
400 142 379 141 393 145 372 145 102
398 169 378 168 391 173 370 172 47
399 175 380 174 393 179 372 179 77
400 181 380 181 393 185 372 185 53
402 195 377 194 391 201 367 200 128
401 28 381 28 395 29 373 29 212
403 34 385 34 397 35 375 35 203
404 44 383 44 397 45 376 45 124
403 52 383 52 397 53 376 53 164
404 65 389 65 399 67 384 67 499
401 64 383 63 395 67 377 65 576
401 77 387 77 397 79 382 79 505
403 82 389 84 399 85 384 85 350
403 100 383 100 397 103 376 103 158
404 137 383 137 397 141 376 141 98
404 176 383 176 397 181 376 181 73
408 194 383 194 395 201 371 199 212
407 30 392 30 403 31 388 31 217
405 72 391 73 401 75 386 75 358
405 75 391 75 401 77 386 77 425
407 80 393 81 403 83 388 83 345
409 82 395 83 405 85 390 85 382
405 91 391 91 401 93 386 93 203
409 104 393 105 401 107 380 107 140
408 133 394 133 403 137 385 137 124
413 17 398 18 409 19 394 19 384
415 22 400 22 411 23 396 23 190
413 32 398 32 409 33 394 33 156
411 38 398 38 409 39 394 39 328
415 67 401 67 411 69 396 69 110
413 89 399 89 409 91 394 90 264
415 93 401 93 411 95 396 94 206
413 137 399 137 409 141 394 141 83
411 141 397 141 407 145 392 145 208
413 139 399 139 409 143 394 143 293
415 144 401 146 411 149 396 147 155
411 144 397 147 407 149 392 148 91
411 171 397 172 407 177 392 176 60
413 180 397 180 407 185 393 185 148
422 237 382 237 409 247 365 247 40
423 244 382 244 409 253 365 253 31
421 30 406 30 417 31 402 31 142
421 28 406 28 417 29 402 29 93
419 48 405 48 415 49 400 49 57
421 55 406 55 417 57 402 57 135
421 63 406 62 417 65 402 65 49
422 97 408 97 417 99 403 99 61
421 102 407 102 417 105 403 105 55
417 136 403 135 413 139 399 139 222
419 143 405 139 415 145 401 143 146
419 172 405 173 415 177 400 177 47
419 176 405 176 415 181 400 181 152
427 288 385 289 415 303 367 301 32
426 16 412 16 423 17 408 17 97
423 18 408 18 419 19 404 19 127
425 36 410 36 421 37 406 37 78
427 38 412 38 423 39 408 39 119
423 38 408 38 419 39 404 39 143
427 52 411 52 421 53 408 53 44
427 59 412 59 423 61 410 62 60
423 65 408 65 419 67 404 67 56
433 286 389 285 419 299 375 299 39
430 20 416 20 427 21 412 21 141
441 199 402 199 429 205 396 205 184
440 290 397 289 427 303 380 303 19
443 312 399 311 429 327 384 328 13
436 42 422 42 433 43 418 43 152
447 236 406 237 435 245 392 246 94
447 268 405 267 435 279 389 277 39
442 20 428 21 439 21 424 20 115
444 16 430 17 441 17 427 19 164
440 26 426 26 437 27 422 27 119
444 36 430 36 441 37 426 37 74
442 34 428 34 439 35 424 35 109
437 67 421 67 437 69 413 69 19
452 248 411 248 441 257 397 257 71
452 278 410 277 441 287 397 285 49
452 291 410 291 441 305 396 304 32
452 298 411 299 441 313 395 311 25
452 313 409 313 437 329 390 329 13
450 22 436 23 447 23 432 23 119
448 34 434 34 445 35 430 35 140
449 40 435 40 445 41 426 41 192
451 48 438 48 447 49 435 49 80
450 65 433 65 447 67 432 67 87
454 271 413 271 443 283 398 283 47
458 276 417 275 447 287 403 287 50
454 280 412 280 443 291 398 289 45
458 299 417 297 447 313 402 311 34
458 311 417 311 445 327 401 326 13
454 40 440 40 451 41 436 41 184
456 52 443 53 453 53 438 53 119
454 61 440 61 451 63 437 62 51
452 65 437 65 449 67 434 67 107
454 69 440 69 451 71 436 71 111
463 272 424 271 453 283 411 282 73
461 273 422 274 451 285 409 284 50
464 317 418 317 451 335 401 333 12
460 61 446 61 457 63 443 63 98
462 65 448 65 459 67 445 66 116
458 67 444 67 455 69 440 68 189
460 73 446 73 457 75 443 75 239
462 75 448 75 459 77 445 77 239
462 110 448 109 459 113 445 112 147
462 171 448 171 459 177 445 179 98
458 192 444 192 455 197 441 198 288
462 196 448 195 459 201 445 201 324
465 21 452 21 463 23 450 23 348
468 54 453 53 465 55 451 56 223
466 73 451 72 463 75 449 75 196
464 106 451 105 461 109 447 109 273
467 110 455 110 465 113 452 113 192
465 113 451 112 461 115 448 115 253
467 141 455 141 465 145 452 144 110
464 139 450 139 461 143 447 143 245
464 145 450 145 461 149 447 149 247
464 171 451 171 461 177 447 175 221
464 191 451 195 461 197 447 197 233
468 17 459 17 467 19 458 19 410
469 37 457 37 467 39 455 39 222
473 39 461 36 471 39 459 38 264
471 33 459 33 469 35 457 35 248
472 57 457 57 469 59 454 59 128
471 82 459 82 469 85 456 85 207
473 86 461 86 471 89 459 89 140
471 106 459 106 469 109 455 108 84
473 114 461 114 471 117 459 117 54
471 112 459 112 469 115 456 115 125
469 139 457 139 467 143 453 142 85
469 145 456 146 467 149 453 150 89
469 173 455 172 467 177 453 177 58
480 329 431 326 467 345 414 343 9
476 24 465 25 475 27 464 28 135
474 22 463 23 473 25 461 25 171
476 32 466 33 475 35 464 34 227
480 68 465 65 477 69 449 71 579
475 82 463 82 473 85 460 84 117
479 90 467 91 477 93 465 94 290
477 92 465 92 475 95 463 96 121
479 118 467 117 477 121 466 121 96
476 121 465 121 475 125 462 124 29
479 147 468 147 477 151 465 151 36
475 149 463 148 473 153 461 153 46
479 176 468 176 477 181 466 181 23
482 222 449 222 475 229 440 229 215
482 227 449 227 475 235 440 235 243
483 231 452 231 477 239 443 238 352
484 252 451 252 477 261 442 261 138
482 267 449 270 475 279 440 281 121
484 275 451 274 477 285 443 286 166
481 45 462 43 479 47 460 45 837
484 100 473 101 483 103 472 104 94
482 114 469 113 479 117 468 117 66
483 143 472 143 481 147 471 147 23
479 142 470 143 479 147 467 146 30
481 149 470 149 479 153 467 154 39
482 187 470 185 479 193 468 191 18
485 192 474 189 483 197 472 195 24
481 193 471 195 479 199 468 199 8
484 216 470 215 481 221 469 221 202
486 224 452 224 479 231 443 231 197
488 257 455 255 481 265 447 265 186
490 269 457 269 483 281 449 279 194
490 274 457 275 483 285 449 285 177
490 280 458 280 483 291 449 291 67
486 282 453 282 479 293 446 292 73
490 32 476 32 485 35 474 36 353
487 41 475 40 485 43 475 43 328
490 50 481 50 489 53 480 52 237
490 58 481 58 489 61 480 61 248
486 96 476 96 485 99 474 99 148
490 99 480 100 489 103 478 104 159
491 125 479 123 489 129 477 131 30
487 189 476 185 485 193 474 191 17
487 193 476 194 485 199 474 200 16
494 56 485 56 493 59 484 59 274
494 78 481 75 493 81 482 81 169
495 102 485 102 493 105 483 105 119
498 233 481 232 495 239 477 239 195
495 244 475 244 491 251 470 251 265
498 54 489 54 497 57 488 57 226
500 60 491 60 499 63 490 63 176
498 62 489 62 497 65 488 65 263
500 86 490 86 499 89 488 88 122
499 93 490 93 499 97 490 97 339
502 190 494 190 501 195 493 194 236
502 196 493 194 501 201 492 199 185
502 229 487 228 499 235 483 235 106
501 235 484 235 499 241 481 241 141
504 84 495 85 503 87 492 86 101
506 109 496 110 505 113 493 111 355
506 150 501 150 505 153 501 155 571
504 185 495 187 503 191 494 191 275
506 194 498 194 505 199 496 198 255
507 212 495 211 505 217 496 217 117
507 215 495 215 505 221 493 220 91
505 239 488 238 503 245 484 245 81
507 239 489 239 505 245 487 245 131
510 244 490 244 507 251 486 251 143
507 253 484 255 503 261 481 263 58
509 263 483 263 505 271 477 272 17
509 120 506 121 509 125 506 125 288
511 139 507 139 511 143 507 143 300
513 172 510 172 513 177 510 176 142
510 177 505 175 509 181 503 179 226
513 180 509 180 513 185 509 185 275
513 188 507 188 513 193 507 193 400
511 223 496 223 509 229 494 229 93
514 246 493 246 511 253 489 253 72
517 340 466 340 513 357 457 356 11
518 93 511 93 517 97 509 97 123
519 131 515 131 519 135 515 135 40
519 127 515 126 519 131 511 132 168
515 135 512 135 515 139 511 139 158
517 141 513 140 517 145 513 145 99
519 159 515 158 519 163 515 163 43
517 184 511 184 517 189 511 189 413
518 200 507 200 517 205 506 205 250
521 221 507 221 519 227 503 228 106
517 242 493 243 515 249 494 249 231
520 240 500 240 517 247 496 247 125
520 246 499 246 517 253 496 253 71
519 250 497 250 517 257 493 256 63
525 107 521 106 525 111 522 111 102
525 113 522 113 525 117 522 117 136
523 121 519 120 523 125 519 125 32
523 135 519 134 523 139 519 139 30
523 133 519 132 523 137 519 137 36
525 143 521 142 525 147 521 147 44
523 141 519 140 523 145 519 145 39
523 160 519 160 523 165 519 165 65
521 156 517 156 521 161 517 161 83
521 163 517 162 521 167 517 167 20
525 180 520 179 525 185 520 184 324
522 208 512 207 521 213 511 213 274
522 204 512 204 521 209 511 209 211
522 215 511 215 521 221 509 221 213
527 217 514 217 525 223 512 223 131
525 225 509 226 523 231 508 231 138
523 269 496 269 523 279 491 279 24
526 315 482 317 521 333 473 332 14
530 325 481 325 523 343 469 343 13
531 105 530 104 531 109 527 109 54
531 115 527 114 531 119 527 119 50
531 131 527 130 531 135 527 135 117
529 129 525 128 529 133 525 133 83
531 137 527 136 531 141 527 141 29
528 148 525 148 529 153 525 153 40
527 162 523 162 527 167 523 167 23
528 190 518 190 527 195 517 195 207
532 198 521 198 531 203 520 203 258
532 204 522 204 531 209 521 209 255
530 229 515 229 529 235 512 235 74
530 248 507 248 527 255 504 255 34
534 246 514 245 531 253 508 253 22
531 253 508 253 529 261 505 260 35
531 282 498 282 527 293 493 293 52
539 330 489 328 531 347 478 347 11
535 121 531 120 535 125 531 125 40
537 125 533 124 537 129 533 129 29
533 127 529 126 533 131 529 131 26
535 142 531 142 535 147 531 147 33
533 146 529 146 533 151 529 151 33
535 154 531 154 535 159 531 159 25
537 158 533 158 537 163 533 163 29
535 162 531 162 535 167 531 167 32
535 168 531 168 535 173 531 173 33
535 180 529 180 535 185 530 184 173
534 196 524 196 533 201 522 201 234
536 200 526 200 535 205 525 205 502
536 210 527 210 535 215 525 215 176
536 217 526 216 537 221 525 221 162
534 227 521 227 533 233 519 233 59
541 248 517 247 537 255 514 255 41
537 244 513 245 535 251 513 251 22
539 266 513 266 537 275 507 275 29
539 107 536 106 539 111 536 111 56
540 105 539 104 541 109 538 109 57
539 129 535 128 539 133 535 133 32
543 131 539 130 543 135 539 135 36
543 143 539 143 543 147 539 147 29
541 156 537 156 541 161 537 161 27
541 162 537 162 541 167 537 167 24
543 170 539 170 543 175 539 175 36
542 196 532 196 541 201 531 201 250
544 192 533 192 543 197 532 197 219
544 198 534 198 543 203 533 203 253
542 204 531 204 541 209 530 209 223
545 214 533 214 543 219 532 219 140
541 227 527 227 541 233 525 233 30
544 240 524 240 541 247 522 247 34
545 257 521 256 543 265 517 265 30
546 260 519 261 543 269 516 269 23
544 264 517 264 541 273 513 273 19
540 84 538 83 547 87 540 85 12
543 95 543 96 549 99 547 100 42
547 106 544 106 547 111 544 111 73
545 125 541 125 545 129 541 129 38
547 129 543 128 547 133 544 133 124
549 184 540 184 549 189 539 189 226
549 180 541 180 549 185 540 185 179
546 194 535 194 545 199 535 199 321
549 192 539 192 549 197 539 197 198
550 197 539 198 549 203 539 202 209
548 244 528 242 547 251 526 251 38
543 277 514 277 545 289 511 287 46
546 283 513 283 545 295 508 295 18
551 282 518 281 549 293 514 292 43
545 289 514 289 545 301 509 301 20
553 287 519 287 549 299 512 299 13
550 83 548 82 553 87 549 85 14
553 111 549 110 553 115 550 115 75
555 114 552 114 555 119 552 119 131
551 119 547 118 551 123 548 123 80
554 125 549 124 553 129 550 129 50
555 127 549 125 555 131 552 131 119
551 160 547 160 551 165 547 165 89
553 190 544 190 553 195 544 195 234
553 210 543 210 553 215 543 215 101
555 223 537 223 553 229 536 229 48
552 229 536 229 551 235 535 235 23
553 253 530 253 551 261 526 261 39
555 83 557 81 559 87 554 85 12
561 111 557 110 561 115 558 115 58
559 117 555 116 559 121 555 121 120
560 121 557 120 561 125 557 125 66
559 130 555 130 559 135 555 135 49
561 134 557 134 561 139 557 139 122
561 148 557 148 561 153 557 153 71
559 153 554 152 559 157 554 157 84
561 155 556 154 561 159 556 159 72
557 157 552 156 557 161 552 161 62
561 164 556 165 561 169 556 170 161
560 236 542 236 559 243 539 243 23
562 257 538 257 561 265 535 264 9
561 282 530 282 561 293 525 293 42
565 117 561 117 565 121 561 121 69
562 125 559 124 563 129 559 129 190
566 137 563 136 567 141 563 141 70
561 139 560 138 563 143 558 143 53
565 144 561 144 565 149 561 149 105
567 192 561 192 567 197 561 197 99
566 202 558 202 567 207 557 206 98
567 225 548 225 563 231 547 231 28
565 221 549 221 563 227 549 227 15
572 111 569 110 573 115 569 115 60
569 118 565 118 569 123 565 123 87
568 125 564 125 569 131 565 131 182
569 141 565 141 569 145 565 145 184
573 144 569 144 573 149 569 149 246
573 163 569 163 573 167 569 167 111
573 174 569 172 573 179 563 180 324
571 178 566 178 571 183 566 183 103
571 188 565 188 571 193 565 193 79
573 194 567 194 573 199 567 199 116
569 198 563 198 569 203 563 203 63
573 240 556 241 573 247 553 247 30
569 250 547 249 569 257 539 257 22
572 251 549 251 571 259 547 259 21
570 289 537 289 571 301 533 301 23
569 93 569 92 575 97 565 97 32
577 119 571 118 575 123 572 123 113
575 123 570 122 577 127 571 127 509
577 146 572 146 577 151 573 151 195
577 161 573 160 577 165 573 165 255
579 165 574 164 579 169 574 169 86
575 200 569 200 575 205 569 205 107
575 210 564 210 575 215 564 215 47
577 212 567 211 577 217 566 217 71
579 219 563 219 577 225 563 225 36
577 225 562 225 577 231 561 231 23
579 231 561 230 577 237 561 237 33
575 250 553 249 575 257 549 257 19
576 259 550 259 577 267 550 267 16
578 278 546 278 577 289 543 289 23
581 280 547 280 579 293 544 291 19
580 87 575 87 583 91 577 91 57
581 106 577 106 581 111 577 111 181
585 122 580 123 585 127 582 125 209
584 154 580 154 585 159 580 158 100
582 162 578 162 583 167 579 167 325
582 168 578 168 583 173 579 173 222
585 178 580 177 585 183 580 183 150
585 184 579 184 585 189 579 189 116
583 188 577 188 583 193 577 193 107
581 186 575 186 581 191 575 191 123
581 194 575 194 581 199 575 199 105
585 208 575 207 585 213 574 213 61
582 219 566 219 581 225 564 225 35
583 223 568 223 583 229 568 229 28
582 227 565 227 581 233 565 233 22
581 236 562 237 581 243 561 243 20
584 242 563 242 583 249 561 249 19
584 252 558 252 585 261 560 260 20
585 259 559 259 585 267 558 267 13
582 255 557 254 581 263 555 263 14
581 271 551 271 581 281 551 280 13
581 285 548 285 581 297 541 296 18
585 291 548 291 583 303 546 303 14
582 291 547 291 581 303 544 303 9
588 97 584 97 589 101 585 101 106
588 97 584 97 587 103 582 104 121
587 118 582 119 587 123 582 124 124
591 120 587 120 591 125 587 125 249
589 126 585 125 589 131 585 130 160
587 126 583 126 587 131 583 130 97
585 136 581 136 587 141 583 141 106
588 147 584 146 589 151 584 151 152
591 145 586 144 591 149 586 149 225
589 153 585 152 589 157 585 157 343
590 155 586 154 591 159 586 159 99
586 156 582 156 587 161 582 161 92
590 166 586 166 591 171 586 171 136
586 168 581 168 587 173 582 173 88
591 206 582 206 591 211 581 211 85
590 212 580 211 591 217 580 217 37
587 225 572 225 587 231 571 231 21
589 250 567 250 591 257 566 257 14
591 270 561 269 591 279 560 278 14
587 287 553 287 587 299 550 299 17
595 54 587 53 595 55 577 57 13
596 81 592 81 597 85 593 85 40
594 89 591 89 595 93 591 93 77
594 108 590 107 595 111 590 112 138
597 110 592 111 597 115 592 116 107
593 108 588 109 593 113 588 114 157
595 114 590 115 595 119 591 119 88
594 132 588 132 593 137 588 137 71
593 137 588 139 593 143 588 143 60
593 150 588 150 593 155 588 155 211
597 196 589 196 597 201 589 201 257
596 219 582 219 597 225 582 225 31
595 223 579 223 595 229 580 229 29
596 243 576 243 597 251 574 251 26
595 253 571 253 595 261 570 261 11
591 250 567 250 593 257 569 257 14
591 257 568 256 593 265 561 266 16
597 258 573 258 597 267 570 267 11
595 275 563 274 595 285 561 286 13
594 277 562 281 595 291 560 293 10
594 287 558 287 593 299 555 299 11
597 331 546 331 597 351 541 351 12
593 331 542 330 595 349 537 347 7
595 335 541 333 595 355 540 355 10
600 79 598 79 601 83 598 83 36
598 85 594 87 599 89 595 89 60
602 91 599 90 603 95 599 95 71
602 98 598 97 603 101 598 101 107
601 125 596 125 603 129 598 129 82
598 123 589 123 599 127 594 127 138
598 131 596 130 601 135 595 135 69
599 134 594 134 599 139 594 139 92
603 146 598 146 603 151 598 151 209
601 152 596 152 601 157 596 157 89
602 160 598 160 603 165 598 165 86
601 174 596 174 601 179 596 179 142
601 182 594 182 601 187 593 187 171
601 190 591 190 601 195 592 196 584
602 188 594 188 603 193 594 193 304
603 194 594 194 603 199 595 199 265
599 200 591 200 599 205 591 205 138
601 204 592 204 601 209 593 209 126
601 234 578 235 601 241 577 242 39
601 238 583 238 603 245 583 245 34
599 275 566 279 599 289 565 289 13
601 293 566 293 599 305 561 305 20
603 293 565 293 601 305 562 305 14
600 335 550 335 601 355 545 355 9
605 101 602 103 607 107 602 107 198
604 135 600 134 605 139 600 139 91
606 133 602 132 607 137 602 137 112
608 141 603 141 609 145 604 144 79
604 186 596 186 605 191 597 191 402
608 194 600 194 609 199 600 199 220
605 202 596 202 605 207 597 207 157
608 200 600 200 609 205 600 205 182
606 219 593 219 607 225 592 225 40
606 215 595 215 607 221 596 221 54
606 227 590 227 607 233 590 233 52
605 237 583 240 607 245 587 244 48
607 289 571 289 607 301 569 301 17
608 301 568 301 609 315 566 315 22
605 300 566 299 607 313 564 313 34
606 305 566 305 607 319 562 320 20
615 90 610 90 615 95 610 95 236
609 99 605 100 611 105 607 106 266
613 105 607 104 613 109 608 109 299
614 110 609 109 615 113 610 112 238
613 127 607 127 615 131 608 131 136
614 143 609 142 615 147 609 147 112
614 156 608 156 615 161 609 161 31
612 160 606 160 613 165 607 165 81
614 172 608 172 615 177 609 177 88
612 182 603 183 613 187 604 187 126
614 194 606 194 615 199 606 199 161
612 202 604 201 613 207 604 207 119
611 212 600 211 611 217 599 217 86
614 223 599 223 615 229 600 229 56
612 247 589 247 613 255 589 255 50
614 249 591 250 615 257 591 257 60
613 295 577 295 611 307 573 307 26
610 305 571 305 611 319 568 319 19
612 305 571 305 613 319 570 319 21
618 119 613 119 619 123 614 122 121
618 129 613 128 619 133 614 133 172
616 133 611 133 617 137 612 136 172
618 136 613 136 619 141 614 140 163
620 158 614 158 621 163 615 163 53
616 160 610 160 617 165 611 165 40
618 174 612 174 619 179 613 179 78
620 188 611 188 621 193 612 193 176
620 202 612 202 621 207 612 207 144
616 208 607 208 617 213 607 213 120
618 206 609 206 619 211 609 211 81
616 214 605 214 617 219 605 219 79
621 212 609 211 621 217 610 217 82
616 217 604 217 617 223 605 223 69
618 234 599 234 619 241 600 241 68
618 244 597 243 619 251 597 250 86
616 282 583 282 617 293 581 293 24
615 290 579 290 617 303 578 303 19
620 293 583 292 621 305 583 305 27
625 105 619 107 625 111 620 110 212
626 113 621 112 627 117 622 117 195
622 133 617 132 623 137 618 137 182
626 141 620 140 627 145 622 145 213
622 160 616 160 623 165 617 165 106
624 156 618 156 625 161 619 161 62
626 170 620 170 627 175 621 175 67
626 192 617 192 627 197 617 197 233
622 196 614 196 623 201 614 201 182
622 237 603 236 623 243 604 243 75
625 280 592 280 627 291 592 291 19
629 65 625 63 631 67 625 68 100
628 80 623 79 629 83 624 83 226
628 109 623 109 629 113 624 113 233
628 115 623 114 629 119 624 119 221
631 129 628 128 633 133 628 133 370
630 152 624 152 631 157 625 157 85
630 156 624 156 631 161 625 161 84
628 158 622 158 629 163 623 163 134
630 168 624 168 631 173 625 173 73
628 172 622 172 629 177 623 177 96
628 182 620 182 629 187 620 187 199
633 257 607 257 633 265 607 265 24
628 254 605 255 631 263 606 261 22
631 267 606 267 629 273 605 274 32
629 261 603 260 631 269 603 269 19
634 65 629 65 635 69 630 69 132
636 63 631 63 637 67 632 67 118
638 75 633 75 639 79 634 79 107
634 77 629 77 635 81 630 80 172
636 95 631 95 637 99 632 98 150
638 100 633 99 639 103 634 102 156
636 105 631 105 637 109 632 109 292
636 111 631 110 637 115 632 114 266
634 127 629 126 635 131 630 131 267
638 140 632 139 639 145 633 145 227
634 150 628 151 635 155 628 153 104
636 158 629 157 637 163 630 163 96
638 167 632 165 639 171 632 172 69
638 170 632 170 639 175 633 175 135
634 182 625 182 635 187 626 187 233
638 200 625 200 639 205 626 205 221
637 248 614 247 639 255 615 255 30
643 263 618 263 639 271 611 271 28
629 279 599 278 635 289 599 289 29
633 289 595 288 635 301 602 301 33
642 71 638 71 643 75 638 75 76
640 107 635 106 641 111 636 110 314
644 111 639 110 645 115 640 114 238
640 119 635 118 641 123 636 123 182
640 129 635 128 641 133 636 132 158
642 137 637 136 643 141 638 139 188
640 142 635 143 641 147 635 147 166
640 148 634 148 641 153 635 153 230
640 162 634 162 641 167 634 166 139
642 174 636 174 643 179 637 179 158
641 202 629 201 643 207 630 207 277
640 198 627 198 641 203 628 203 242
643 266 618 268 641 275 611 274 25
640 275 610 275 645 285 611 285 9
643 279 611 279 645 289 611 289 18
650 77 641 77 647 81 646 81 309
650 101 644 101 651 105 645 105 117
648 164 642 164 649 169 643 169 60
646 172 640 172 647 177 641 177 97
644 229 623 228 647 235 629 235 54
651 259 624 258 649 267 623 267 15
648 275 618 275 651 285 618 285 15
642 294 608 295 647 307 607 307 20
652 79 645 78 653 83 648 81 95
656 89 650 89 657 93 651 93 105
652 93 646 92 653 97 647 96 129
652 91 646 91 653 95 647 95 78
656 103 650 102 657 107 651 107 80
656 117 651 116 657 121 653 120 90
654 128 648 126 655 131 649 129 138
654 135 648 135 655 139 649 139 131
654 158 648 158 655 163 649 162 58
652 170 646 170 653 175 647 175 95
653 190 641 190 655 195 642 195 255
648 250 621 249 653 257 626 257 31
653 259 623 257 655 267 626 265 30
656 265 630 265 655 273 627 273 18
650 271 623 271 655 283 624 281 21
649 296 612 296 653 309 613 309 18
658 53 652 54 659 57 654 57 80
658 71 653 70 659 75 654 74 294
662 100 656 99 663 105 657 104 73
660 107 653 107 661 111 654 111 64
662 119 656 118 663 123 657 123 103
658 121 652 120 659 125 653 125 101
660 137 654 136 661 141 655 141 167
660 151 654 152 661 157 655 156 61
658 159 652 158 659 163 653 164 71
660 163 654 163 661 167 655 167 55
662 170 656 170 663 175 657 175 73
658 178 652 178 659 183 653 183 128
656 224 634 225 659 231 636 232 81
658 221 636 221 661 227 637 227 164
660 241 638 241 663 249 639 250 47
658 281 626 280 661 289 628 291 15
664 53 660 53 665 57 660 56 88
666 89 660 89 667 95 661 93 266
668 119 662 118 669 123 663 123 116
666 115 659 115 667 119 660 119 71
668 136 662 136 669 141 663 141 97
664 132 658 133 665 137 659 137 108
666 139 660 138 667 143 661 143 106
668 155 662 154 669 159 663 159 114
666 152 660 152 667 157 661 157 85
666 174 660 174 667 179 661 179 106
667 182 653 181 669 187 659 187 328
665 190 653 190 667 195 655 195 611
665 186 653 186 667 191 655 191 261
663 206 644 206 665 211 645 212 513
662 224 639 224 665 231 641 230 179
662 277 632 276 667 287 634 287 20
661 294 624 294 667 307 628 307 15
674 67 668 67 675 71 669 71 156
674 85 667 85 675 89 668 89 317
672 117 665 117 673 121 667 120 104
670 143 663 143 671 147 665 147 222
672 138 665 138 673 143 666 143 139
670 164 664 166 671 169 665 168 91
672 169 666 168 673 173 667 173 64
672 200 648 200 675 205 650 206 344
671 216 647 216 675 223 649 223 260
669 221 643 223 673 227 646 229 203
671 266 643 266 675 275 647 275 45
669 275 638 274 673 285 641 285 34
669 280 639 279 673 291 641 290 26
670 296 633 296 675 309 635 309 19
665 299 627 299 673 313 632 313 18
680 81 673 81 681 85 675 84 300
678 101 671 101 679 105 672 105 222
676 147 670 149 677 149 671 151 308
680 149 673 148 681 153 675 153 333
678 165 671 164 679 169 672 169 60
675 218 650 218 679 225 652 225 256
677 230 650 230 681 237 653 237 129
673 232 646 231 677 239 649 239 155
677 250 650 250 681 257 653 259 56
677 256 650 256 681 265 653 264 35
677 262 650 262 681 271 653 271 43
676 268 648 268 681 277 651 277 62
673 280 641 281 677 291 644 291 19
672 277 641 277 677 287 644 287 35
675 279 646 278 681 289 648 289 30
673 296 635 296 677 309 636 309 23
682 55 677 53 683 59 675 61 171
682 107 675 107 683 111 677 111 75
685 113 679 112 687 117 681 116 174
682 117 675 117 683 121 676 121 81
684 127 677 126 685 131 679 131 156
684 135 677 134 685 139 679 139 326
682 147 675 145 683 151 677 151 142
686 148 679 148 687 153 681 152 285
682 154 675 154 683 159 676 159 84
683 165 676 165 685 169 678 169 83
683 174 675 173 685 179 676 178 89
685 180 677 180 687 185 679 185 185
682 224 655 224 687 231 658 231 186
681 226 653 226 685 233 657 233 225
680 271 651 271 685 281 654 281 34
675 317 638 314 683 333 641 333 11
692 43 685 43 693 47 688 46 148
689 69 682 72 691 71 685 69 127
692 81 685 81 693 85 687 84 229
692 113 686 112 693 117 686 117 169
689 129 683 129 691 133 684 133 171
692 137 685 136 693 141 687 141 114
689 139 683 138 691 143 684 143 104
689 175 682 173 691 179 683 178 64
686 210 659 210 691 215 663 214 294
684 213 658 212 689 219 661 219 418
686 237 659 238 691 245 662 245 70
686 245 658 245 691 253 662 253 34
697 37 691 37 699 41 693 40 175
693 40 687 41 695 45 689 45 184
697 43 691 43 699 47 693 46 123
693 55 687 55 695 57 689 56 146
693 85 687 85 695 89 689 88 187
694 113 687 113 695 117 688 117 201
694 117 687 117 695 121 689 121 157
696 213 667 212 699 219 672 219 168
690 220 662 220 695 227 666 227 135
690 232 663 231 695 239 666 239 68
693 233 666 233 699 241 670 241 141
690 245 663 245 695 253 666 253 28
689 251 662 251 695 259 665 259 12
693 262 669 262 699 271 670 271 46
692 268 665 268 697 277 668 277 30
689 270 660 270 695 281 665 282 32
693 282 661 282 699 293 665 293 34
690 284 657 284 695 295 659 295 23
692 293 656 292 699 305 660 305 35
692 307 651 307 699 321 655 320 15
702 48 695 47 703 51 697 51 100
703 73 697 73 705 77 699 76 159
699 95 693 95 701 99 695 99 166
701 117 695 116 703 121 696 120 231
703 115 697 114 705 119 698 118 343
701 129 695 127 703 131 696 133 268
699 145 693 144 701 149 694 149 200
699 154 693 154 701 159 694 158 116
697 198 673 197 705 203 677 203 108
698 218 670 218 703 225 674 225 88
698 224 670 224 703 231 674 231 108
698 243 670 243 703 251 674 251 44
700 270 670 269 705 279 675 279 37
699 280 667 280 705 291 671 291 63
697 289 663 289 703 301 667 301 38
695 294 660 294 703 307 664 307 49
697 302 657 302 701 315 659 315 46
705 33 699 33 707 37 700 36 137
706 39 699 39 707 43 701 42 100
710 75 703 75 711 79 705 78 236
707 95 701 95 709 99 703 99 299
709 98 703 98 711 103 704 101 390
707 119 700 119 709 123 702 122 372
707 154 700 153 709 159 702 158 339
707 168 700 169 709 173 703 173 263
702 199 675 199 707 205 679 203 89
703 269 678 270 709 279 679 279 94
703 277 676 277 709 287 681 287 81
699 303 662 304 707 317 665 317 56
714 45 707 45 715 49 709 48 65
715 58 709 57 717 61 711 60 42
712 59 705 59 713 63 707 62 56
715 61 709 61 717 65 711 64 110
714 77 707 77 715 81 709 80 207
712 73 706 72 713 77 707 76 171
711 87 705 87 713 91 707 92 175
714 97 707 96 715 101 709 100 410
714 132 709 132 717 137 711 135 214
711 133 705 133 713 137 707 136 198
713 141 706 141 715 145 708 145 211
714 152 707 152 717 157 710 158 235
714 162 708 162 717 167 709 167 291
707 224 681 224 713 231 684 231 94
712 235 684 235 717 243 687 243 53
711 241 683 241 717 249 688 249 60
709 247 681 247 717 255 687 255 35
705 247 677 247 713 255 683 255 51
711 270 684 269 717 279 687 279 44
709 282 678 281 717 293 681 292 35
707 301 668 301 715 315 673 315 24
704 305 665 305 713 319 671 319 18
717 49 711 49 719 53 713 52 73
721 52 715 51 723 55 717 54 102
717 207 689 207 723 213 694 213 80
716 235 687 235 721 243 692 243 128
713 253 686 252 719 261 692 261 78
714 279 683 279 721 289 687 289 29
724 25 719 23 727 27 719 29 42
725 42 719 41 727 47 721 46 59
725 63 719 62 727 67 721 66 98
723 61 717 60 725 65 719 64 69
723 67 717 67 725 71 719 70 74
723 71 717 70 725 75 719 74 116
727 81 721 80 729 85 722 84 210
727 87 721 86 729 91 723 90 81
727 113 720 112 729 117 722 116 103
723 111 716 110 725 115 718 114 266
727 124 719 126 729 129 721 129 103
723 141 716 139 725 145 718 144 76
727 155 720 154 729 159 722 159 64
721 205 694 206 727 211 699 212 58
719 209 691 208 725 215 696 215 54
718 213 689 212 725 219 695 219 75
722 220 695 220 729 227 700 227 159
722 235 694 235 729 243 700 243 80
721 239 692 239 727 247 697 247 150
722 243 694 243 729 251 699 251 77
716 324 677 322 725 341 685 340 18
731 23 725 23 733 27 727 26 49
733 43 727 43 735 47 729 46 93
731 53 726 53 733 57 727 56 102
729 99 720 99 731 103 722 103 76
731 111 723 111 733 115 725 115 50
733 131 725 131 735 135 727 135 26
731 153 723 152 733 157 725 157 48
733 159 725 159 735 163 727 163 77
729 167 722 166 731 171 724 171 130
728 228 700 228 735 235 706 235 185
727 277 697 277 735 287 703 287 106
727 288 693 288 735 299 698 299 28
726 291 691 291 735 303 698 303 30
723 299 686 299 733 313 693 313 17
721 305 682 305 731 319 693 320 35
740 33 735 32 741 37 734 36 67
735 45 729 45 737 49 731 48 127
735 49 729 49 737 53 731 52 121
737 98 730 97 741 101 734 100 49
737 148 728 148 739 153 730 152 42
733 186 709 186 737 191 713 191 242
732 226 704 225 739 233 709 233 121
730 233 702 233 737 241 708 241 90
734 237 706 237 741 245 712 245 76
729 251 705 250 737 259 707 259 48
730 256 702 256 737 265 708 265 89
734 260 706 260 741 269 711 269 76
734 270 705 270 741 279 711 279 147
730 267 702 267 737 277 707 277 92
733 275 701 273 741 285 707 283 100
732 279 701 279 739 289 706 289 59
727 301 691 301 737 315 695 315 16
743 35 737 35 745 39 738 38 70
745 42 739 41 747 45 741 44 169
743 42 737 41 745 45 739 44 96
743 55 737 54 745 59 739 58 159
740 68 733 67 743 71 734 71 196
741 75 733 74 743 79 735 78 107
743 83 735 83 745 87 737 87 66
742 154 734 156 745 159 736 158 38
742 166 734 166 745 171 736 171 45
741 168 732 168 743 173 735 172 59
742 176 731 176 745 181 735 180 99
741 188 715 188 747 193 720 193 134
736 192 709 191 743 197 715 197 226
740 194 714 194 747 199 719 199 114
736 236 708 235 743 243 714 243 84
739 237 712 236 747 245 718 244 52
738 238 710 238 745 247 716 246 35
738 272 707 271 745 281 714 281 127
734 276 704 276 743 287 711 287 110
735 293 700 293 745 305 706 305 37
736 307 696 307 745 321 701 321 15
737 303 702 304 747 317 704 317 19
747 49 740 48 749 53 741 51 136
748 64 739 64 751 67 745 65 126
746 118 738 118 749 123 740 122 104
746 148 738 148 749 153 740 152 51
748 147 738 147 751 151 741 151 46
750 168 742 165 753 171 744 169 57
745 212 717 212 753 219 724 219 157
741 218 714 218 749 225 720 225 202
743 241 715 241 751 249 722 248 44
745 237 718 236 753 245 724 244 91
743 254 718 254 751 263 724 263 67
742 260 714 260 749 269 720 269 66
756 101 748 101 759 105 750 104 107
752 149 743 148 755 153 746 153 64
754 153 746 152 757 157 748 157 57
754 156 745 156 757 161 748 161 69
756 160 747 160 759 165 750 165 70
754 194 737 193 759 199 742 199 69
747 245 719 245 755 253 725 253 97
747 243 719 243 755 251 726 251 41
752 260 722 260 759 269 730 269 106
749 291 714 291 759 303 722 303 74
745 294 709 294 755 307 716 307 75
745 300 706 300 755 313 714 313 37
751 305 711 305 759 319 716 319 24
749 309 709 309 757 323 713 323 16
762 58 754 57 765 61 755 61 194
755 185 739 184 761 189 745 188 86
760 195 743 195 765 201 748 199 18
758 198 741 197 763 203 746 202 41
755 213 727 212 763 219 735 219 97
755 220 728 220 763 227 734 227 93
755 243 727 243 763 251 734 251 44
755 257 730 253 765 263 735 262 61
754 266 725 266 763 275 731 275 159
756 273 723 272 765 283 732 283 97
753 274 721 274 763 285 729 285 184
768 52 761 51 771 55 764 54 227
766 107 757 108 769 113 760 111 169
762 200 746 197 767 205 749 207 10
763 203 747 201 769 209 752 208 29
762 208 745 207 767 213 750 213 103
758 237 731 237 767 247 738 247 23
763 240 735 239 771 247 743 245 23
758 247 731 247 767 255 739 254 23
758 246 731 245 767 253 738 253 17
763 251 736 252 771 261 743 259 48
759 260 732 260 767 269 739 269 85
764 266 736 266 771 275 741 275 112
758 268 728 268 767 277 736 277 122
758 312 717 312 771 327 726 327 35
772 161 763 160 775 165 766 165 206
768 228 750 228 775 235 756 235 30
765 281 731 281 777 293 741 293 218
765 302 726 301 777 315 735 314 84
778 66 770 64 781 69 773 67 194
776 62 767 61 779 65 770 65 179
775 90 765 89 779 93 769 92 124
779 92 769 93 783 95 773 95 163
776 162 767 162 779 167 770 167 267
776 198 758 197 781 203 765 203 29
774 205 756 204 781 211 761 211 15
773 227 753 226 779 233 758 232 13
772 232 753 232 779 239 759 239 13
774 244 753 244 781 251 757 251 12
772 258 745 258 783 267 755 267 65
771 262 741 261 781 271 751 271 41
770 280 735 279 781 291 745 291 155
768 278 735 278 779 289 744 289 146
773 292 736 292 783 303 744 303 201
767 296 730 296 779 309 739 309 139
769 298 734 300 781 311 742 312 133
781 97 766 96 785 101 769 99 343
783 104 770 101 787 107 773 105 403
785 119 774 119 789 123 778 123 300
785 144 775 144 789 149 779 148 172
779 196 762 195 785 201 767 201 14
779 202 761 205 785 207 770 205 15
778 209 758 208 785 215 764 214 16
778 234 759 234 785 241 765 241 17
778 263 748 263 789 273 760 273 34
774 276 740 276 785 287 751 287 123
789 92 778 91 793 95 782 94 94
791 115 780 115 795 119 784 118 137
791 121 779 121 795 125 783 125 114
789 147 779 146 793 151 782 151 214
787 151 776 152 791 155 779 157 309
785 190 769 189 791 195 773 195 35
788 198 771 197 795 203 777 203 11
784 212 762 211 791 217 769 218 8
784 224 763 224 791 231 769 230 16
785 263 753 263 795 273 765 273 34
781 268 749 267 791 277 760 277 39
783 276 750 276 795 287 760 287 85
781 285 745 285 793 297 755 297 180
779 312 737 312 793 327 748 327 105
795 55 787 53 799 57 790 56 170
797 97 785 99 801 103 789 103 47
795 112 784 113 799 115 788 116 86
797 115 785 115 801 119 789 118 41
796 129 785 128 801 133 789 131 10
795 159 784 161 799 163 788 165 59
796 174 785 174 801 179 790 179 108
792 248 770 248 801 255 777 254 6
788 270 757 269 799 279 767 279 37
786 269 756 269 797 279 765 279 52
789 282 755 282 801 293 765 293 74
784 309 745 310 801 325 757 325 106
799 64 791 61 803 67 791 67 63
799 117 787 117 803 121 791 121 34
801 147 789 148 805 153 793 153 45
798 179 781 179 803 183 787 184 151
798 192 782 191 805 197 788 196 19
790 285 754 285 803 297 765 297 122
808 112 796 111 813 115 801 114 52
808 141 796 140 813 145 801 144 45
806 146 794 146 811 151 799 153 47
808 161 796 162 813 167 801 169 65
801 249 778 249 811 257 787 257 5
797 271 765 271 809 281 778 281 45
799 285 764 285 813 297 775 297 55
794 301 754 301 809 315 766 315 234
794 307 752 306 809 321 763 319 163
794 324 748 323 811 341 761 341 54
813 114 801 113 819 117 807 116 59
812 143 800 142 817 147 805 146 59
812 166 800 166 817 171 805 170 68
809 203 786 203 817 209 793 209 16
805 232 782 231 815 239 791 237 4
809 235 786 235 819 243 794 242 7
806 280 772 280 819 291 783 291 53
799 281 765 281 815 293 779 293 71
804 284 770 283 819 295 781 295 35
799 299 760 299 815 313 772 313 107
820 41 809 40 825 43 813 42 91
815 67 802 66 821 69 806 69 35
817 112 805 111 823 115 811 114 99
818 145 806 144 823 149 811 149 55
820 145 808 144 825 149 813 149 57
813 203 794 202 821 209 801 207 14
817 208 792 209 825 215 800 215 8
811 273 778 272 823 283 790 283 39
807 276 775 276 821 287 785 287 43
807 324 760 323 825 341 776 341 38
824 31 812 30 829 33 817 32 135
824 94 811 93 829 97 816 96 75
821 121 809 121 827 125 814 123 14
819 180 803 180 827 185 812 186 95
812 287 776 286 827 299 788 298 30
813 296 774 296 829 309 787 309 48
811 319 766 319 829 335 781 335 96
829 83 816 82 835 85 821 85 61
829 98 816 98 835 103 821 101 40
831 104 818 103 837 107 823 107 48
826 164 811 164 833 169 817 169 107
826 176 809 176 833 181 815 180 143
828 180 811 180 835 185 818 185 50
820 213 793 214 833 219 804 220 14
821 267 791 267 833 277 802 277 27
822 271 791 271 835 281 803 281 31
823 276 791 276 837 287 802 287 36
816 304 775 304 833 319 788 319 62
814 313 771 313 833 329 786 329 77
817 317 772 317 835 333 787 333 51
837 31 825 31 843 35 830 33 85
833 67 821 65 839 69 826 68 50
833 137 820 136 839 141 826 140 60
837 139 825 138 843 143 831 142 140
832 200 810 202 841 207 816 205 7
828 207 806 206 839 213 815 212 13
831 230 806 230 843 237 817 236 9
832 257 806 256 843 265 816 265 20
827 273 796 273 841 283 808 283 48
829 278 796 278 843 289 808 289 75
842 23 829 22 847 25 834 24 50
842 61 827 61 849 63 833 62 44
839 63 825 62 845 65 831 64 45
843 70 829 70 849 73 835 72 131
843 86 829 89 849 89 835 91 59
843 133 828 133 849 137 831 137 90
839 168 826 167 845 173 829 175 131
836 180 821 180 845 185 828 185 59
837 233 811 232 849 241 822 240 9
837 251 811 251 849 259 821 259 9
834 260 807 260 845 269 815 268 32
829 289 791 288 845 301 812 303 87
828 290 791 290 845 303 805 303 74
832 294 794 294 849 307 808 307 49
828 296 789 295 845 309 804 309 42
831 297 792 297 849 311 807 311 36
827 299 788 299 845 313 802 313 61
827 303 787 303 845 317 801 317 47
849 47 832 47 855 49 841 47 91
846 59 832 59 853 61 837 60 50
846 69 832 68 853 71 838 71 68
846 75 832 74 853 77 838 77 64
845 137 829 137 851 141 835 141 114
847 180 831 177 855 185 837 185 43
843 232 818 232 855 239 829 239 8
834 290 796 290 851 303 811 303 63
834 296 796 296 851 309 810 309 53
833 309 791 309 853 325 807 325 38
831 313 791 314 851 329 804 329 39
850 79 836 77 857 81 842 81 61
850 102 835 102 857 105 842 105 66
852 139 837 141 859 143 844 142 92
845 217 820 216 857 223 830 223 13
850 226 825 226 861 231 836 232 8
843 282 810 282 859 293 823 293 52
841 315 797 315 861 331 813 331 42
858 17 843 17 863 19 849 18 64
860 22 847 21 867 23 853 22 133
856 79 841 78 863 81 848 80 31
860 76 845 75 867 77 852 76 29
856 95 841 95 863 101 848 103 35
860 118 845 119 867 123 852 121 25
856 121 841 123 863 127 848 126 30
858 120 843 121 865 125 850 123 51
854 198 833 197 863 203 843 204 15
853 208 832 207 863 213 842 213 7
852 212 833 213 863 219 842 219 16
855 209 834 209 865 215 844 215 9
855 215 835 214 865 221 843 221 15
848 278 814 278 863 289 828 289 38
843 306 802 307 863 321 818 321 44
845 302 804 302 865 317 821 317 63
847 304 806 304 867 319 823 319 59
844 311 801 311 865 327 818 327 41
864 39 848 39 871 41 856 39 148
862 50 847 49 869 51 853 50 205
863 133 848 132 871 137 856 136 35
859 207 840 207 869 213 848 213 10
850 317 806 317 871 333 822 333 36
852 313 808 313 873 329 826 329 86
867 61 852 60 875 63 859 62 68
870 56 857 57 879 59 862 57 113
870 91 855 91 877 95 863 94 15
869 116 855 115 877 119 861 119 16
867 126 854 125 875 131 859 129 16
871 133 855 133 879 137 864 136 38
866 203 850 199 875 207 860 205 20
867 209 847 209 877 215 857 215 13
869 217 849 217 879 223 858 222 29
861 285 825 285 879 297 841 297 30
853 313 810 313 875 329 827 329 36
874 78 857 76 881 79 869 77 96
873 91 859 90 883 93 867 92 26
874 120 857 119 881 123 864 123 20
875 127 857 125 881 131 866 130 21
875 200 856 200 885 205 865 203 17
875 212 854 212 885 219 864 218 33
874 209 854 209 885 215 864 215 25
870 236 836 235 881 243 851 244 12
873 246 843 247 883 255 854 254 15
871 254 840 253 885 263 855 262 13
862 281 827 281 881 293 845 293 69
867 283 832 283 885 295 848 295 35
866 289 831 289 885 301 847 301 29
861 295 823 296 881 309 839 309 50
861 301 820 301 881 315 837 315 38
861 313 817 313 883 329 836 329 32
861 318 817 318 883 335 835 335 45
878 93 861 94 887 95 870 94 15
882 113 869 114 889 115 871 114 19
879 116 863 115 887 119 872 119 8
877 147 851 147 891 151 864 150 54
873 167 851 164 887 171 851 172 38
873 251 843 250 889 259 857 259 16
870 265 839 264 887 275 856 275 9
870 269 840 269 889 279 855 280 12
872 283 838 283 891 295 854 295 25
867 311 823 311 889 327 842 327 54
866 317 822 317 889 333 840 333 35
885 71 871 71 893 73 877 72 43
888 80 874 80 897 83 881 82 84
889 118 874 118 897 121 881 121 18
889 131 873 131 897 135 882 134 52
880 147 853 147 893 151 867 150 50
883 165 861 164 895 167 871 169 38
882 187 858 186 895 191 870 192 18
880 222 849 221 897 229 864 229 34
880 227 847 225 897 235 864 235 30
877 249 847 250 893 257 861 258 13
879 256 848 256 895 265 863 265 14
880 276 845 276 897 287 861 287 26
877 290 839 290 897 303 857 303 37
874 299 834 299 895 313 852 313 34
870 313 827 313 893 329 845 329 50
873 320 826 319 893 335 844 335 36
891 116 876 115 899 119 883 119 14
886 148 861 147 899 151 873 150 52
885 197 858 200 901 207 874 206 23
885 229 854 229 903 237 869 237 28
884 273 852 272 901 283 868 283 15
878 306 837 306 901 321 856 321 40
874 329 825 329 901 349 847 349 40
900 59 885 63 909 63 893 65 135
896 130 882 129 905 133 889 133 47
888 221 856 221 905 229 871 228 39
889 227 857 227 907 235 873 235 19
888 269 855 268 905 279 871 278 10
889 274 854 273 907 285 872 284 11
892 271 859 270 909 281 877 281 9
885 277 851 279 905 289 871 291 30
882 308 840 308 905 323 859 323 43
880 333 829 333 907 353 852 353 12
903 55 888 54 911 57 895 56 278
907 57 891 56 915 59 900 58 162
907 65 891 64 915 67 900 66 201
907 75 891 77 915 79 900 77 216
902 88 888 88 911 91 896 90 269
902 94 888 94 911 97 896 96 240
902 121 887 120 911 125 897 124 29
902 164 875 163 915 167 888 167 48
899 178 874 175 913 183 887 182 35
889 311 845 311 913 327 866 327 59
911 61 896 60 919 63 904 62 209
913 96 898 95 921 99 906 98 283
912 147 894 146 919 151 901 150 89
906 166 882 166 921 171 896 173 46
898 225 866 225 917 233 883 233 44
902 239 869 239 921 247 885 247 19
899 241 866 241 919 251 882 249 12
899 247 866 246 917 255 883 255 7
898 251 865 251 917 261 882 260 9
897 276 865 276 917 287 882 287 10
895 296 855 295 917 309 875 309 105
896 309 853 309 921 325 874 325 42
895 320 849 320 921 337 871 337 52
892 323 845 323 919 341 867 341 52
914 57 898 56 927 59 909 58 372
903 276 870 276 923 287 888 287 8
902 297 863 297 927 311 884 311 51
898 303 859 304 925 319 878 318 67
902 308 860 308 927 323 881 323 114
893 315 851 316 923 333 874 333 84
896 322 852 322 927 339 875 339 72
920 67 905 66 929 69 914 68 338
917 173 892 172 929 177 903 177 43
913 177 889 177 929 183 902 182 34
913 214 881 213 933 221 898 221 48
909 217 876 217 929 225 894 224 41
909 225 876 225 929 233 893 233 36
909 233 875 234 929 241 893 242 34
912 268 879 268 933 279 897 278 17
903 311 860 311 929 327 882 327 62
902 320 857 320 929 337 880 337 56
929 61 911 60 939 63 921 62 307
919 178 893 178 937 181 907 183 39
915 212 882 212 935 219 900 219 53
915 218 881 218 935 225 900 225 61
916 252 882 252 937 261 900 261 8
917 254 885 257 939 265 901 264 12
916 283 881 283 937 295 900 295 12
909 304 863 301 937 319 891 319 83
912 311 869 311 939 327 892 327 69
913 308 871 308 939 323 893 323 65
907 316 862 316 935 333 885 333 58
909 320 863 320 937 337 886 337 49
929 47 910 43 941 47 921 45 209
933 55 914 55 945 57 925 56 313
933 89 914 87 945 91 925 90 399
925 188 899 187 941 193 913 192 31
920 210 888 210 941 217 907 217 51
919 230 888 231 941 239 903 238 82
920 235 884 234 941 243 903 243 24
920 250 886 251 941 259 904 259 12
919 266 884 266 941 277 903 277 11
924 281 889 281 945 293 908 293 16
922 285 887 285 945 297 906 297 13
916 296 876 296 943 311 897 310 39
928 227 893 227 951 235 913 235 31
927 230 890 228 949 237 911 237 37
926 234 890 234 949 243 911 243 29
926 242 889 241 949 251 910 251 24
925 262 888 262 947 273 909 273 9
924 299 881 298 949 313 907 314 41
920 296 882 297 947 311 901 311 41
922 303 881 303 947 317 902 317 51
942 90 923 89 955 91 934 91 108
940 153 914 153 953 159 925 159 148
940 159 917 157 957 163 930 164 126
934 210 899 210 957 217 919 217 83
934 223 899 223 957 231 919 231 45
931 245 894 245 953 253 914 253 20
931 280 895 280 953 291 915 292 12
932 287 895 286 955 299 916 299 9
929 290 891 291 955 305 917 306 31
929 300 888 300 957 315 912 315 56
946 145 919 145 963 149 936 148 94
947 155 922 153 963 159 937 157 105
946 166 921 165 963 171 936 171 101
944 183 920 181 961 187 934 188 81
946 195 921 196 963 201 936 201 80
940 219 905 219 963 227 931 228 109
939 238 902 238 961 245 922 245 61
936 239 899 239 961 249 920 247 32
935 255 898 256 959 267 919 266 8
936 285 901 284 961 297 923 295 10
935 302 894 302 963 317 918 317 68
934 315 890 314 963 331 915 331 95
933 320 887 320 963 337 912 337 36
929 329 879 328 959 347 906 347 19
950 142 924 141 967 145 940 144 106
950 159 923 159 967 163 940 162 93
952 167 926 166 969 171 942 170 114
951 197 925 196 969 203 942 203 63
942 240 904 240 967 249 926 249 44
943 253 906 254 969 265 928 265 15
937 325 890 325 969 343 917 343 25
937 332 889 331 967 351 908 349 33
961 117 939 117 975 119 953 118 36
958 130 931 130 975 133 948 132 101
957 138 932 137 973 141 947 140 89
954 150 928 149 971 153 944 153 100
956 155 930 155 973 159 946 158 67
954 163 928 162 971 167 944 167 68
955 167 930 167 973 171 946 171 81
955 176 929 176 973 181 945 181 88
955 193 929 192 973 199 946 199 99
954 199 929 199 971 205 944 205 79
947 223 912 221 973 231 933 229 82
947 234 910 234 973 243 933 243 63
948 277 908 278 973 291 931 291 14
949 286 912 284 975 299 933 298 10
942 318 897 318 973 335 923 335 65
963 17 941 17 977 19 955 17 104
966 55 945 54 981 55 958 54 31
964 111 943 110 979 113 957 112 58
965 117 943 119 979 119 957 119 64
964 138 940 138 981 141 956 141 101
962 150 936 149 979 153 952 152 91
964 146 937 144 979 149 957 151 87
959 165 933 164 977 169 949 168 60
964 194 937 193 981 199 954 199 54
959 192 933 191 977 197 950 197 43
961 197 935 197 979 203 952 203 50
954 231 917 231 981 239 940 239 41
952 247 912 247 979 257 937 257 27
951 255 910 252 979 265 932 263 16
948 314 903 314 979 331 930 331 72
948 325 901 325 981 343 929 343 25
948 339 896 339 979 357 923 357 9
975 112 951 112 987 115 966 114 55
968 136 945 135 985 139 961 138 94
966 140 941 139 983 143 957 142 87
958 229 920 229 985 237 943 238 40
958 236 919 236 985 245 943 245 57
957 247 917 247 985 257 942 257 21
950 303 903 302 983 319 937 319 35
955 309 912 309 987 325 940 325 51
951 309 907 309 985 325 938 325 95
955 314 910 314 987 331 937 331 114
974 58 951 57 991 57 964 58 37
976 142 951 141 993 145 968 145 62
975 159 948 159 993 163 963 164 79
962 225 924 224 989 233 948 232 66
965 243 925 243 993 253 950 253 33
956 314 911 314 989 331 940 331 91
957 338 908 339 989 357 933 357 16
961 345 907 345 991 363 933 363 9
978 107 954 106 995 109 967 109 41
977 138 954 137 995 141 970 140 61
976 155 950 155 995 159 967 159 109
972 210 935 209 999 217 959 216 74
968 245 928 245 997 255 954 255 17
967 269 927 270 997 281 953 281 9
963 311 919 311 999 327 951 327 113
966 318 919 318 999 335 948 335 56
965 325 917 325 999 343 944 343 32
984 103 961 104 1001 107 973 108 31
984 123 960 122 1005 125 979 124 64
984 138 959 137 1001 141 975 140 50
983 148 959 147 1001 151 976 151 77
976 208 938 207 1003 215 963 214 72
975 249 933 248 1005 259 960 259 19
973 250 931 250 1003 261 958 261 22
974 253 932 252 1003 263 958 262 23
971 273 929 271 1001 285 959 284 10
974 291 930 291 1003 305 957 304 11
972 301 929 302 1003 317 959 315 16
970 307 927 307 1003 323 956 323 24
969 321 922 321 1003 339 950 339 46
969 336 917 336 1001 355 946 355 13
991 52 967 51 1009 51 983 51 29
992 97 961 98 1009 101 987 99 51
992 109 965 109 1009 111 981 111 43
991 105 964 105 1007 107 980 107 21
994 109 967 109 1011 111 983 111 33
989 159 964 157 1007 163 981 162 71
991 163 967 163 1009 167 984 167 107
978 225 938 224 1007 233 964 233 53
978 234 937 234 1009 243 964 243 93
981 243 939 243 1011 253 966 253 35
978 251 937 250 1009 261 964 261 23
977 257 935 258 1007 269 962 267 15
979 269 937 268 1009 281 965 280 9
975 321 926 321 1007 339 953 339 75
977 334 926 334 1009 353 953 354 20
999 103 971 103 1017 105 986 105 42
995 120 963 120 1013 123 982 122 57
996 125 967 124 1017 127 987 126 49
991 127 964 126 1013 129 982 129 55
995 142 970 141 1013 145 987 144 90
999 159 974 158 1017 163 991 162 164
995 163 971 163 1013 167 988 167 107
993 209 967 210 1013 217 989 217 67
984 243 943 243 1015 253 970 253 25
985 250 945 251 1017 261 971 261 35
986 247 943 246 1017 257 972 257 17
985 287 943 289 1017 301 970 301 14
984 300 944 301 1017 315 971 315 12
981 303 936 303 1013 319 963 320 20
979 321 930 321 1013 339 962 339 65
975 339 924 340 1015 361 958 362 10
1002 138 978 137 1021 141 996 140 79
1004 163 979 161 1023 167 997 167 149
1000 201 975 202 1019 209 993 207 71
1002 210 978 211 1021 217 995 216 107
991 228 950 228 1021 237 978 235 82
987 249 945 249 1019 259 973 259 19
988 318 942 318 1023 335 972 335 82
987 321 939 321 1023 339 971 339 69
1004 134 979 133 1025 137 997 136 42
1008 185 983 185 1027 191 1001 190 212
1006 188 981 187 1025 193 999 192 96
995 230 954 230 1027 239 982 239 61
993 234 952 233 1025 243 980 243 62
994 238 954 237 1027 247 982 247 76
995 314 947 313 1025 329 976 329 165
1002 221 964 219 1035 227 994 229 126
1001 222 962 220 1033 229 989 229 105
1003 228 961 228 1035 237 990 237 77
1001 236 958 235 1033 245 988 245 58
999 248 956 248 1033 259 986 259 36
998 294 956 295 1033 309 986 309 8
995 314 950 314 1031 331 981 331 86
995 318 949 318 1031 335 980 335 79
1020 152 994 153 1041 155 1015 156 226
1019 183 993 183 1041 191 1013 189 136
1007 239 964 239 1041 249 994 249 66
1003 235 961 235 1037 245 991 245 57
1003 245 960 244 1037 255 990 255 49
1006 252 963 252 1041 263 994 263 35
1005 278 961 280 1041 293 991 293 15
1006 307 962 307 1041 325 990 325 39
1002 323 953 322 1039 341 987 341 66
1000 328 950 328 1039 347 984 347 47
1024 140 998 139 1047 143 1018 142 93
1026 188 1000 187 1047 193 1020 193 94
1022 201 994 200 1043 207 1016 207 103
1011 298 965 299 1047 313 999 314 39
1002 337 950 336 1043 357 986 357 19
1001 341 949 341 1045 363 985 363 15
1032 75 1007 79 1053 77 1026 78 26
1024 138 997 137 1051 141 1021 140 80
1027 147 1005 145 1049 151 1022 149 201
1029 176 1004 175 1049 181 1023 180 196
1028 199 1001 199 1049 205 1020 203 110
1015 224 973 224 1049 233 1004 232 105
1018 242 974 241 1053 251 1006 252 61
1015 244 971 244 1051 255 1003 255 44
1015 250 971 250 1051 261 1003 261 54
1013 255 969 256 1049 267 1001 267 35
1014 278 970 277 1051 291 1002 291 29
1009 330 958 330 1049 349 993 349 34
1036 205 1005 205 1059 211 1030 211 97
1034 213 1006 212 1059 217 1030 217 107
1025 221 984 220 1059 229 1015 229 119
1021 239 978 239 1057 249 1010 249 42
1020 235 976 235 1055 245 1008 245 82
1019 241 976 241 1055 251 1007 251 48
1019 252 975 252 1055 263 1007 263 75
1022 265 977 265 1059 277 1010 277 44
1018 267 973 267 1055 279 1006 279 30
1019 270 974 270 1057 283 1008 283 58
1023 301 977 301 1059 317 1011 318 43
1020 310 975 310 1059 327 1009 327 62
1038 121 1006 121 1063 123 1030 122 54
1040 125 1007 125 1065 127 1037 126 44
1035 131 1003 131 1063 133 1029 133 26
1040 189 1014 189 1063 195 1035 195 64
1026 228 985 228 1061 237 1016 237 75
1027 234 983 233 1063 243 1016 243 61
1026 241 983 241 1063 251 1015 251 59
1024 261 979 261 1061 273 1011 272 71
1027 268 982 268 1065 281 1016 281 62
1025 281 980 281 1063 295 1014 295 51
1023 294 978 294 1061 309 1011 309 25
1027 299 981 299 1065 315 1015 315 19
1022 321 974 321 1061 339 1009 339 74
1022 326 973 326 1063 345 1009 345 75
1021 332 972 332 1063 351 1007 351 50
1048 115 1023 115 1071 117 1043 116 36
1043 118 1015 118 1067 119 1035 119 76
1042 124 1012 123 1067 125 1035 125 31
1044 184 1018 185 1067 191 1039 190 53
1046 194 1018 193 1069 199 1040 198 49
1030 237 986 237 1067 247 1019 247 52
1033 235 990 235 1071 245 1023 245 54
1029 255 984 255 1067 267 1018 267 60
1031 274 986 274 1069 287 1020 287 51
1030 278 985 278 1067 291 1017 291 28
1029 284 982 285 1067 299 1017 298 25
1026 324 977 324 1067 343 1014 343 85
1051 128 1021 128 1077 131 1045 130 23
1034 223 993 224 1073 233 1026 233 81
1039 248 994 248 1077 259 1028 259 91
1037 253 992 253 1077 265 1028 265 59
1038 263 993 263 1077 275 1028 275 62
1038 268 992 268 1077 281 1027 281 91
1036 275 990 275 1075 289 1025 289 57
1034 279 988 279 1073 293 1023 293 37
1037 301 991 301 1077 317 1027 317 57
1046 221 1003 220 1083 229 1036 228 63
1044 225 999 223 1081 233 1035 233 78
1042 230 999 230 1079 239 1032 239 53
1041 246 995 246 1079 257 1029 257 68
1044 250 999 250 1083 261 1034 261 50
1040 252 995 252 1079 263 1030 263 65
1042 259 997 259 1081 271 1032 271 54
1043 275 998 276 1083 289 1033 289 52
1043 281 997 280 1083 295 1033 295 42
1039 285 993 285 1079 299 1028 299 46
1043 292 997 292 1083 307 1033 307 56
1043 308 998 309 1083 325 1033 325 72
1043 312 997 312 1083 329 1033 329 56
1040 326 991 326 1083 345 1028 345 89
1037 324 986 324 1079 343 1025 343 105
1036 330 987 330 1079 349 1027 350 39
1059 125 1028 123 1085 127 1055 126 24
1051 217 1006 219 1089 225 1041 227 103
1047 226 1003 226 1085 235 1038 235 72
1051 228 1007 228 1089 237 1042 237 72
1050 237 1005 236 1089 247 1041 246 45
1049 235 1004 235 1087 245 1039 245 47
1045 255 1000 255 1085 267 1036 267 63
1047 259 1002 259 1087 271 1037 271 68
1045 263 999 263 1085 275 1036 275 52
1047 268 1001 268 1087 281 1037 281 71
1047 272 1001 272 1087 285 1037 285 89
1047 279 1001 279 1087 293 1037 293 57
1047 285 1001 285 1087 299 1037 299 121
1048 292 1002 292 1089 307 1039 308 72
1045 297 999 298 1085 313 1035 313 34
1049 318 1002 318 1089 335 1037 335 106
1063 121 1036 121 1093 123 1061 122 31
1065 130 1036 129 1091 133 1059 132 58
1064 137 1034 136 1093 139 1061 138 53
1067 144 1039 143 1093 147 1063 146 85
1055 218 1009 221 1093 227 1046 226 78
1051 248 1006 248 1091 259 1042 259 55
1051 261 1005 261 1091 273 1042 273 29
1054 270 1008 270 1095 283 1045 283 56
1051 278 1005 277 1091 291 1041 291 76
1053 275 1007 275 1093 289 1043 289 62
1052 281 1006 281 1093 295 1043 295 58
1052 298 1006 298 1093 313 1043 313 48
1050 300 1004 300 1091 315 1041 315 57
1052 303 1006 303 1093 319 1043 319 67
1053 314 1007 314 1093 331 1043 331 97
1053 321 1004 321 1095 339 1041 339 91
1069 134 1045 135 1097 137 1067 137 114
1058 246 1013 246 1099 257 1050 257 61
1058 255 1012 255 1099 267 1049 267 43
1058 268 1012 268 1099 281 1049 281 56
1056 274 1010 274 1097 287 1047 287 75
1060 285 1014 285 1101 299 1052 300 143
1059 293 1013 293 1101 309 1050 308 123
1059 303 1013 303 1101 319 1050 319 56
1080 144 1050 143 1107 147 1076 147 126
1065 208 1017 207 1103 215 1055 214 164
1066 230 1020 230 1107 239 1058 239 52
1064 239 1019 239 1105 249 1056 249 50
1066 235 1021 235 1107 245 1058 245 49
1062 242 1017 242 1103 253 1054 253 63
1063 253 1018 253 1105 265 1055 265 60
1062 257 1017 257 1103 269 1054 269 51
1061 276 1015 275 1103 289 1053 289 47
1065 281 1019 281 1107 295 1057 295 46
1065 299 1018 299 1107 315 1056 315 85
1063 305 1017 305 1105 321 1055 321 78
1062 306 1016 306 1103 323 1053 323 62
1064 320 1016 320 1105 337 1053 337 104
1072 226 1029 226 1113 235 1067 235 57
1067 262 1022 262 1111 275 1060 275 49
1070 266 1024 266 1113 279 1063 279 66
1069 272 1022 272 1111 285 1060 285 54
1069 283 1022 283 1111 297 1060 297 47
1068 295 1022 296 1111 311 1060 311 65
1075 244 1029 244 1117 255 1068 255 54
1073 254 1026 253 1115 265 1066 265 39
1074 259 1028 259 1117 271 1067 271 36
1076 275 1030 275 1119 289 1069 289 69
1074 292 1027 290 1117 307 1066 306 61
1072 297 1026 298 1115 313 1065 313 59
1072 305 1026 305 1115 321 1064 321 90
1071 306 1025 306 1115 323 1064 323 91
1077 316 1030 316 1119 333 1067 333 243
1075 312 1029 312 1119 329 1065 329 224
1091 85 1059 85 1123 85 1088 83 25
1089 133 1061 131 1121 133 1088 132 46
1083 231 1037 231 1125 241 1076 241 46
1081 266 1035 266 1125 279 1075 279 81
1079 264 1033 264 1123 277 1073 277 57
1080 274 1033 274 1123 287 1073 287 45
1078 277 1031 277 1121 291 1071 291 66
1081 275 1034 275 1125 289 1074 289 42
1080 283 1033 282 1123 297 1073 297 54
1080 281 1033 281 1123 295 1072 295 47
1078 287 1032 287 1121 301 1071 302 80
1077 305 1031 305 1121 321 1071 321 71
1086 235 1041 235 1129 245 1080 245 55
1086 253 1040 253 1129 265 1079 265 27
1084 252 1035 249 1127 263 1078 263 29
1083 259 1037 259 1127 271 1077 271 29
1084 286 1038 286 1129 301 1078 301 38
1083 292 1037 292 1127 307 1077 308 49
1085 296 1038 296 1129 311 1078 311 42
1085 305 1039 305 1129 321 1079 321 63
1085 321 1038 321 1131 339 1079 339 136
1091 220 1042 223 1133 229 1080 228 144
1091 231 1045 231 1133 241 1085 240 65
1090 237 1044 236 1133 247 1084 247 57
1090 241 1045 241 1133 253 1084 252 56
1093 247 1047 247 1137 257 1087 257 63
1089 257 1043 257 1133 269 1083 269 27
1093 262 1046 262 1137 275 1087 275 52
1091 279 1044 279 1135 293 1084 293 26
1091 294 1045 294 1135 309 1086 310 84
1092 314 1046 314 1137 331 1087 331 81
1088 317 1043 318 1133 335 1082 335 98
1091 319 1047 320 1137 337 1085 337 110
1099 228 1055 227 1141 237 1095 236 92
1098 232 1053 231 1141 241 1093 241 42
1098 235 1053 235 1141 245 1093 245 58
1098 257 1052 257 1143 269 1093 269 41
1094 270 1048 270 1139 283 1089 283 65
1098 281 1052 281 1143 295 1093 295 48
1096 288 1050 288 1141 303 1091 303 67
1096 294 1050 294 1141 309 1091 309 91
1094 299 1048 299 1139 315 1089 316 53
1098 303 1052 303 1143 319 1093 320 62
1096 312 1049 312 1141 329 1090 329 77
1094 316 1048 316 1139 333 1089 334 87
1098 314 1051 314 1143 331 1092 331 80
1089 333 1037 333 1139 353 1079 353 66
1102 259 1056 259 1147 271 1097 271 32
1104 263 1058 263 1149 275 1099 275 28
1099 275 1054 275 1145 289 1095 289 88
1099 284 1054 287 1145 299 1094 299 71
1101 286 1055 287 1147 301 1097 302 63
1100 298 1053 297 1145 313 1095 313 35
1098 328 1047 328 1147 347 1093 348 184
1097 333 1047 333 1147 353 1089 354 74
1109 224 1065 224 1153 233 1105 233 88
1108 228 1067 227 1151 237 1104 237 82
1109 234 1064 233 1153 243 1105 243 45
1107 237 1062 237 1151 247 1102 247 51
1108 250 1063 250 1153 261 1104 261 42
1109 255 1064 255 1155 267 1106 267 53
1109 266 1063 266 1155 279 1105 279 38
1107 270 1061 270 1153 283 1103 283 59
1107 283 1061 283 1153 297 1103 297 116
1109 285 1062 284 1155 299 1105 299 105
1109 292 1062 292 1155 307 1105 308 54
1105 299 1059 299 1151 315 1101 315 43
1105 310 1059 310 1151 327 1101 327 59
1108 307 1062 307 1155 323 1104 323 62
1108 314 1062 314 1155 331 1105 332 57
1118 172 1079 172 1157 177 1116 177 39
1114 244 1068 244 1159 255 1110 255 60
1114 249 1070 250 1161 261 1112 261 45
1112 252 1066 252 1157 263 1108 263 43
1113 264 1069 265 1161 277 1111 277 75
1111 268 1065 268 1157 281 1107 281 44
1113 279 1066 279 1159 293 1109 293 45
1111 288 1064 288 1157 303 1107 303 44
1115 286 1071 285 1161 301 1111 301 152
1114 292 1068 292 1161 307 1111 307 63
1126 128 1089 128 1165 129 1124 129 54
1128 132 1089 132 1167 133 1126 132 58
1128 139 1089 138 1167 141 1126 140 46
1123 197 1081 196 1165 203 1121 203 24
1120 211 1074 212 1163 219 1116 219 63
1123 209 1081 209 1167 217 1121 217 51
1120 231 1076 231 1165 241 1117 241 58
1121 237 1077 237 1167 247 1118 247 36
1117 239 1073 239 1163 249 1114 249 42
1119 246 1074 246 1165 257 1116 257 76
1118 251 1073 251 1165 263 1116 263 49
1118 257 1072 257 1165 269 1115 269 54
1116 268 1070 267 1163 281 1113 281 71
1118 275 1072 275 1165 289 1115 289 69
1116 279 1070 279 1163 293 1113 293 84
1120 292 1074 292 1167 307 1117 308 90
1116 296 1070 296 1163 311 1112 311 66
1118 303 1071 303 1165 319 1114 319 63
1120 317 1072 317 1167 335 1115 335 80
1116 321 1070 322 1163 339 1113 340 96
1117 323 1071 323 1165 341 1116 342 103
1112 333 1063 334 1163 353 1109 354 54
1134 139 1096 139 1173 141 1132 140 55
1126 202 1084 202 1169 209 1124 209 41
1127 223 1083 222 1173 231 1125 231 50
1127 220 1084 220 1171 229 1124 229 39
1124 234 1080 234 1169 243 1121 243 33
1122 279 1075 279 1169 293 1119 293 70
1122 307 1075 307 1169 323 1118 323 87
1139 109 1100 108 1179 109 1137 108 108
1133 112 1093 111 1175 113 1131 111 111
1135 119 1097 118 1175 119 1134 118 73
1138 131 1100 130 1179 133 1137 132 53
1137 135 1099 134 1175 137 1135 136 66
1137 146 1097 146 1179 149 1136 148 54
1132 211 1089 211 1175 219 1129 219 56
1130 219 1088 218 1175 227 1129 227 56
1129 227 1089 228 1177 237 1131 237 54
1131 244 1086 244 1179 255 1130 255 51
1129 251 1084 252 1177 263 1127 263 28
1131 253 1085 253 1179 265 1129 265 53
1131 260 1085 261 1179 273 1129 273 59
1127 257 1082 256 1175 269 1125 269 35
1130 266 1085 266 1179 279 1128 279 43
1131 281 1085 281 1179 295 1129 295 32
1130 288 1084 288 1179 303 1129 303 52
1129 296 1082 295 1177 311 1126 311 76
1131 298 1085 298 1179 313 1127 312 47
1131 305 1085 304 1179 321 1130 322 51
1127 329 1079 330 1179 349 1126 350 96
1140 111 1103 110 1181 111 1140 110 98
1141 119 1102 117 1181 119 1140 118 67
1141 124 1102 124 1181 125 1139 125 65
1143 133 1104 132 1183 135 1142 134 48
1146 139 1107 139 1185 141 1145 140 53
1144 145 1100 143 1185 147 1143 146 59
1138 158 1097 157 1181 161 1137 160 37
1138 210 1094 207 1183 217 1136 217 43
1136 228 1092 227 1183 237 1135 237 56
1137 243 1092 243 1185 253 1136 253 44
1137 248 1092 248 1185 259 1136 259 63
1137 252 1090 251 1185 263 1135 263 65
1136 262 1090 262 1185 275 1135 275 44
1133 268 1087 268 1181 281 1131 281 50
1133 274 1087 274 1181 287 1131 287 61
1132 284 1086 285 1181 299 1131 300 40
1135 318 1088 318 1183 335 1134 336 67
1135 326 1088 327 1185 345 1133 346 140
1135 323 1088 323 1185 341 1133 341 188
1146 143 1106 142 1187 145 1146 144 55
1145 183 1104 181 1191 187 1146 187 58
1146 187 1104 187 1191 193 1146 193 38
1145 192 1103 190 1189 201 1144 201 73
1143 212 1102 213 1189 219 1143 218 65
1142 228 1098 228 1189 237 1141 237 55
1139 231 1095 231 1187 241 1138 240 28
1143 235 1099 235 1191 245 1143 245 30
1141 241 1096 240 1189 251 1140 251 37
1139 244 1094 244 1187 255 1138 255 67
1140 255 1094 255 1189 267 1139 267 34
1138 266 1092 266 1187 279 1137 279 39
1142 274 1095 273 1191 287 1141 287 72
1140 277 1093 277 1189 291 1138 291 44
1139 281 1092 281 1187 295 1137 295 56
1141 290 1095 290 1191 305 1141 306 47
1140 301 1094 301 1189 317 1138 317 57
1137 308 1092 309 1187 325 1136 325 88
1140 319 1093 319 1189 337 1138 337 55
1137 323 1090 323 1187 341 1135 341 106
1137 331 1085 331 1189 351 1135 352 87
1152 147 1111 146 1197 149 1153 148 48
1150 173 1108 172 1195 177 1149 177 41
1147 176 1106 176 1193 181 1147 180 51
1150 178 1108 178 1195 183 1150 183 72
1148 189 1106 188 1193 195 1148 194 32
1149 198 1107 198 1195 205 1150 205 51
1147 202 1103 201 1193 209 1148 209 60
1147 208 1104 209 1193 215 1147 215 65
1145 231 1101 231 1193 241 1145 241 34
1149 239 1104 238 1197 249 1149 248 57
1145 242 1100 242 1193 253 1145 253 46
1147 254 1102 253 1197 265 1147 265 39
1146 255 1099 255 1195 267 1145 267 36
1143 264 1098 264 1193 277 1143 277 50
1145 271 1100 272 1195 285 1145 285 42
1145 277 1099 278 1195 291 1145 291 36
1147 283 1101 283 1197 297 1146 297 40
1147 295 1101 295 1197 311 1147 311 105
1147 303 1101 303 1197 319 1147 319 31
1143 306 1098 307 1193 323 1143 324 39
1147 312 1102 312 1197 329 1147 329 106
1162 73 1127 73 1203 73 1162 72 65
1156 150 1115 149 1201 153 1156 152 67
1154 152 1112 152 1199 155 1153 155 65
1153 226 1109 225 1201 235 1153 234 34
1154 250 1107 249 1203 261 1153 261 31
1153 255 1108 255 1203 267 1153 267 39
1150 257 1104 257 1199 269 1150 269 27
1151 259 1106 259 1201 271 1152 271 41
1153 274 1107 274 1203 287 1153 287 65
1153 279 1106 279 1203 293 1152 293 55
1148 286 1102 287 1199 301 1148 302 56
1149 299 1103 299 1199 315 1149 315 74
1149 295 1102 295 1199 311 1148 311 43
1146 330 1097 330 1199 349 1146 350 139
1161 161 1119 160 1207 165 1162 164 89
1161 167 1119 166 1207 171 1161 170 55
1160 178 1117 177 1207 183 1161 182 59
1163 184 1120 184 1209 189 1163 189 57
1159 237 1115 236 1209 247 1160 247 25
1159 241 1113 240 1209 251 1160 251 26
1158 244 1112 244 1209 255 1159 255 48
1155 246 1111 247 1205 257 1155 257 39
1156 266 1111 266 1207 279 1157 279 43
1157 272 1111 272 1207 285 1157 285 71
1158 277 1112 277 1209 291 1159 291 77
1156 282 1110 283 1207 297 1157 297 111
1156 294 1110 294 1207 309 1156 309 74
1159 323 1113 323 1209 341 1157 341 92
1169 109 1129 108 1215 109 1170 108 88
1168 111 1127 110 1213 111 1168 110 72
1169 136 1127 136 1215 137 1170 137 54
1162 217 1119 218 1215 225 1163 225 82
1163 242 1117 242 1213 253 1164 253 38
1162 246 1116 246 1213 257 1163 257 35
1163 253 1117 253 1215 265 1164 265 39
1162 275 1116 275 1213 289 1163 289 31
1162 281 1115 281 1213 295 1163 295 139
1159 284 1114 285 1211 299 1160 299 63
1164 298 1118 298 1215 313 1165 314 51
1162 303 1116 303 1213 319 1163 320 47
1169 173 1126 172 1217 177 1171 176 61
1171 169 1128 168 1219 173 1172 172 57
1170 199 1127 200 1217 205 1171 205 73
1167 211 1125 210 1217 219 1169 218 58
1167 240 1122 240 1219 251 1169 251 43
1167 273 1121 273 1219 287 1169 287 28
1165 292 1119 292 1217 307 1167 307 95
1169 290 1122 290 1221 305 1171 305 51
1165 299 1119 299 1217 315 1166 315 37
1177 134 1137 133 1225 135 1181 135 75
1180 147 1138 146 1227 149 1182 148 94
1175 165 1129 164 1223 169 1177 168 70
1178 169 1135 168 1227 173 1181 173 96
1177 180 1134 179 1225 185 1180 184 109
1176 228 1130 227 1227 237 1178 237 78
1171 226 1127 225 1223 235 1174 235 52
1172 229 1126 229 1223 239 1174 239 54
1173 231 1128 231 1225 241 1176 241 50
1175 253 1129 253 1227 265 1177 265 45
1170 271 1124 271 1223 285 1171 284 28
1174 277 1128 277 1227 291 1177 291 46
1174 284 1131 286 1227 299 1176 299 54
1174 288 1128 289 1227 303 1177 304 53
1173 301 1127 301 1225 317 1175 317 53
1178 317 1132 315 1227 335 1177 335 92
