169 288 97 288 107 309 18 309 29
177 306 103 307 113 331 23 333 22
178 312 104 312 115 337 24 338 18
182 304 110 304 119 329 30 328 30
190 289 114 289 127 311 36 313 42
191 309 116 309 131 335 39 335 35
208 308 131 308 147 333 49 332 26
213 89 173 92 187 85 145 87 169
214 193 175 193 187 195 145 195 109
219 87 180 87 193 81 151 81 124
219 98 179 97 193 93 151 93 141
217 100 177 99 191 95 149 95 102
217 189 181 188 193 191 153 190 95
223 97 183 97 199 93 158 93 255
224 103 186 103 201 99 160 99 50
226 99 188 99 203 95 162 95 122
232 91 195 91 213 87 173 87 56
235 101 197 101 211 97 171 97 153
233 105 194 105 209 101 168 101 28
235 197 199 197 213 199 173 199 152
237 93 200 93 217 89 178 89 47
239 107 202 107 215 103 176 103 39
239 185 201 185 217 189 161 187 60
241 93 204 93 221 89 182 89 53
245 103 208 103 221 99 182 99 102
244 99 205 98 223 95 186 95 122
249 95 213 95 229 91 190 91 113
252 109 215 109 227 105 188 105 135
252 91 216 91 233 87 195 87 53
255 97 220 97 235 93 198 93 106
253 101 219 101 233 97 197 97 148
258 93 223 93 239 89 201 89 106
261 99 227 99 243 95 207 95 80
261 105 231 102 243 101 206 102 197
265 191 232 190 247 193 211 193 95
261 195 227 195 245 197 207 197 134
287 190 256 191 271 193 237 192 151
295 179 264 180 279 179 246 178 93
295 191 264 191 279 193 246 193 334
333 35 305 35 321 29 292 29 115
331 39 303 39 319 33 291 34 132
330 115 303 114 319 113 290 113 106
328 118 301 121 317 119 288 117 161
329 186 302 186 317 189 288 189 34
329 193 302 193 317 195 288 195 62
339 38 308 36 329 33 300 33 197
344 115 318 115 331 113 304 113 184
339 129 313 129 333 129 306 129 149
345 181 321 181 339 185 309 183 37
354 120 329 120 345 119 319 119 138
354 126 330 125 345 125 319 125 133
354 46 330 47 347 43 322 44 160
356 191 332 191 347 193 322 193 65
369 219 329 221 353 225 310 227 158
383 221 343 221 369 225 326 226 230
387 214 347 214 373 219 330 219 168
389 216 349 216 375 221 333 221 193
387 224 348 224 373 229 330 230 205
387 175 366 175 381 177 358 177 42
383 177 363 180 377 179 354 177 60
392 228 355 228 379 233 337 233 214
400 343 343 343 379 363 316 362 18
392 43 371 42 387 41 365 41 309
392 46 371 46 387 45 365 45 109
392 47 371 48 387 47 365 47 119
392 57 371 57 387 57 365 57 152
392 91 373 93 387 93 370 93 397
390 172 368 171 383 173 361 172 64
393 179 372 179 387 181 365 181 41
393 185 372 185 387 187 365 187 47
390 202 366 201 383 205 356 205 128
401 247 352 247 383 255 331 255 19
403 251 356 250 387 259 336 259 33
396 25 375 25 391 23 369 23 115
394 29 373 29 389 27 367 27 132
396 36 374 34 391 33 369 34 162
396 44 375 44 391 43 369 43 107
396 54 375 53 391 53 369 53 137
394 56 373 56 389 55 367 55 289
396 75 379 75 391 75 376 75 626
397 103 375 103 391 103 369 103 158
395 138 373 138 389 139 367 139 186
397 142 376 142 391 143 369 143 133
395 144 374 144 389 145 367 145 166
397 181 376 181 391 183 369 183 70
405 247 358 247 389 255 338 255 14
406 263 360 263 393 273 341 272 36
408 333 353 333 389 351 328 350 29
401 48 384 48 395 47 373 47 295
400 68 385 68 397 67 382 67 332
400 76 385 76 397 75 382 75 425
398 80 383 80 395 79 380 79 505
402 83 387 83 399 83 384 83 345
402 93 387 93 399 93 384 93 194
401 136 386 135 399 137 384 136 150
410 247 365 247 395 255 347 255 15
410 253 365 253 395 261 347 261 18
416 268 369 269 399 279 351 278 20
414 343 359 345 395 361 336 359 16
407 35 392 35 405 33 390 33 118
403 31 389 31 401 29 380 29 219
407 33 392 33 405 31 389 31 149
409 45 394 45 401 43 387 43 126
404 60 393 60 403 59 385 59 178
406 66 391 66 403 65 388 65 200
404 86 389 85 401 85 386 85 382
408 91 393 91 405 91 390 91 224
406 146 391 146 403 147 388 147 194
408 151 393 148 405 151 390 150 170
405 175 391 175 403 179 388 178 60
408 177 393 176 405 179 390 179 96
419 219 374 219 405 225 356 225 62
419 243 372 243 405 253 354 251 22
413 263 363 266 401 275 352 275 25
416 302 369 301 401 315 349 313 22
409 17 394 17 407 17 392 16 158
411 23 396 23 409 21 394 21 228
413 48 398 48 411 47 397 47 59
413 103 399 103 411 103 396 103 57
412 138 397 138 409 139 394 139 212
410 142 395 142 407 143 392 143 182
410 144 395 143 407 145 392 145 247
413 181 398 181 411 183 396 183 111
414 177 399 177 411 179 396 179 72
407 185 393 185 407 187 383 187 130
423 247 377 247 409 255 358 255 19
423 251 377 251 409 259 359 259 18
424 272 373 273 409 283 360 281 18
425 294 377 293 409 305 353 303 18
422 306 376 306 407 319 353 318 11
419 19 404 19 417 17 402 17 223
417 29 403 28 415 27 400 27 168
417 31 403 31 415 29 400 29 153
417 40 402 40 415 39 400 39 166
418 58 403 58 415 57 400 57 62
419 67 404 67 417 67 402 67 112
417 63 403 66 415 65 400 65 101
418 101 403 101 415 101 400 101 171
417 107 403 107 415 107 400 107 151
418 179 404 179 415 181 401 181 52
417 185 403 185 415 187 400 187 58
430 233 386 231 417 239 369 237 106
429 275 382 274 415 285 364 285 30
430 280 382 280 415 291 364 291 25
427 282 375 282 413 293 363 292 21
429 301 382 300 415 313 363 314 25
425 19 410 19 423 17 408 17 246
425 26 410 26 423 25 408 25 69
421 36 406 36 419 35 404 35 60
422 41 407 41 423 39 408 39 112
423 40 408 40 421 39 406 39 119
431 224 388 224 419 229 372 229 170
435 295 387 295 421 307 371 307 25
432 325 391 324 423 339 371 339 17
427 21 412 21 425 19 410 19 138
431 31 417 31 429 29 414 29 64
431 48 413 48 425 47 411 47 55
438 248 396 249 427 257 382 257 94
437 253 394 252 425 261 379 261 75
439 274 394 273 427 283 378 283 46
441 304 396 304 429 317 380 317 32
440 323 396 323 429 337 382 336 13
437 27 422 27 435 25 420 25 76
433 36 418 36 431 35 416 35 43
433 44 418 44 431 43 416 43 144
435 55 416 54 433 53 415 53 37
435 67 416 67 433 67 419 67 113
443 284 398 284 431 295 383 294 72
446 287 402 288 435 299 387 299 58
445 292 400 291 433 303 384 301 66
447 297 402 297 435 309 387 309 41
445 306 400 306 433 319 384 319 33
441 20 426 19 439 17 424 17 84
439 21 424 21 437 19 422 19 108
438 34 423 34 437 33 422 33 78
441 36 425 36 439 35 424 35 51
450 285 407 285 439 295 392 295 60
444 34 429 34 443 33 428 33 102
444 40 425 40 443 39 428 39 182
446 67 432 67 445 67 430 67 64
449 67 434 67 447 67 432 67 144
455 272 413 272 445 281 399 281 41
453 284 411 283 443 293 397 293 52
454 23 440 22 453 23 439 22 276
450 40 436 40 449 39 434 39 88
455 55 440 54 453 53 438 53 77
454 67 440 68 453 67 438 67 269
450 72 436 72 449 71 434 71 80
455 159 440 160 453 161 438 163 64
455 198 440 196 453 201 438 201 162
461 241 425 240 453 247 414 246 226
461 265 421 266 451 275 408 275 34
458 19 445 19 457 17 443 16 270
455 56 442 58 455 57 440 56 67
456 64 442 63 455 63 440 63 109
458 68 444 68 457 67 443 66 110
457 76 442 75 455 75 441 75 163
463 269 424 269 455 277 413 276 33
466 292 431 292 459 301 422 301 55
464 22 451 22 463 21 450 21 266
466 56 451 55 465 55 450 54 144
462 75 448 75 461 75 447 75 327
466 112 454 113 465 113 452 113 192
463 115 450 115 461 115 449 116 253
464 145 451 145 463 147 449 147 90
462 144 449 143 461 145 447 144 245
464 181 451 180 463 183 449 183 193
462 185 449 185 461 187 447 187 223
467 210 455 207 465 213 449 215 164
472 233 436 233 465 239 426 239 301
470 29 458 28 469 27 457 27 327
469 36 457 35 469 35 457 35 197
468 58 453 58 467 57 452 57 132
468 85 455 85 467 85 454 85 181
470 89 459 90 469 89 458 90 145
469 109 453 107 467 109 454 109 66
471 117 459 117 471 117 458 117 101
468 143 455 143 467 145 455 145 76
469 149 457 147 467 151 454 151 78
469 179 457 179 467 181 455 181 85
468 185 456 185 467 187 454 187 84
476 230 440 230 469 235 431 235 228
476 235 440 235 469 241 431 241 261
477 262 443 261 471 269 434 269 129
476 269 441 270 469 279 432 279 125
474 26 463 27 475 27 462 25 115
474 27 461 25 473 25 461 25 144
475 35 464 35 475 35 464 34 201
477 39 466 39 477 39 467 39 531
473 84 460 83 473 85 459 83 215
477 92 466 92 477 93 465 93 106
473 90 461 90 473 91 461 91 119
475 94 464 95 475 95 463 96 104
478 120 466 120 477 121 466 121 88
475 125 462 124 473 125 463 126 54
476 151 464 151 475 153 463 153 42
474 153 462 154 473 155 461 155 46
475 178 463 178 473 181 461 181 32
478 183 466 183 477 185 466 185 45
474 185 462 185 473 187 461 187 41
480 232 444 232 473 237 435 238 186
481 271 447 271 475 279 439 279 154
483 281 449 279 477 289 441 287 95
481 292 447 291 475 301 439 301 123
480 293 446 293 473 303 438 302 60
481 39 471 39 481 39 471 39 238
479 47 468 47 479 47 468 47 323
479 96 468 96 479 97 468 97 163
481 119 470 119 479 119 468 119 60
479 124 468 124 479 125 468 125 63
481 147 470 147 481 149 470 148 25
479 147 468 147 479 149 467 148 30
480 153 468 154 479 155 467 156 39
480 179 469 179 479 181 468 181 42
479 185 468 185 479 187 468 187 34
480 192 468 191 479 195 468 194 22
483 196 472 195 483 199 472 197 13
479 198 468 198 479 201 468 202 13
483 224 471 223 483 227 470 226 112
487 35 473 33 485 35 472 33 157
485 43 474 43 485 43 474 43 310
489 41 478 41 489 41 478 41 70
487 57 476 56 487 57 477 57 248
489 52 479 53 489 53 479 53 335
487 54 477 54 487 55 477 55 232
485 98 474 98 485 99 474 99 109
489 102 478 102 489 103 478 103 113
489 128 477 131 489 129 477 127 20
489 155 477 155 489 157 477 159 27
485 192 475 192 485 195 474 193 16
485 198 475 200 485 201 474 202 14
488 227 474 227 487 231 473 231 79
490 252 469 252 487 257 466 257 163
492 45 481 44 491 43 482 45 74
493 106 484 107 493 107 483 107 189
494 239 477 238 493 243 475 243 67
499 283 466 285 495 293 462 292 35
502 291 463 291 495 301 456 301 24
495 291 460 291 491 301 453 300 19
499 297 460 297 491 307 451 307 23
496 56 487 56 497 57 488 57 182
495 100 487 102 497 103 488 103 233
501 202 492 200 501 203 492 202 115
499 224 486 224 499 227 486 227 60
500 235 484 235 499 239 482 239 85
502 245 483 245 501 249 482 249 108
500 241 482 241 499 245 481 245 93
503 246 483 247 501 251 481 251 111
504 286 471 286 499 295 465 294 58
504 88 493 87 503 87 491 85 82
504 96 493 94 503 95 495 97 161
504 185 499 184 505 187 501 187 381
506 198 498 197 507 201 499 200 257
503 194 494 194 503 197 494 197 236
503 203 494 202 503 205 494 204 137
505 216 495 216 505 219 495 219 100
503 222 491 221 503 225 490 225 91
505 226 492 225 505 229 491 229 120
505 252 484 252 503 257 481 257 141
506 270 478 270 503 277 475 277 17
510 274 482 273 507 281 474 282 18
506 275 477 275 503 283 472 282 14
508 103 499 103 509 105 499 103 227
508 125 505 125 509 127 506 127 348
512 133 508 132 513 135 510 135 206
512 143 507 143 513 145 509 145 289
512 147 508 146 513 149 509 149 158
512 151 509 151 513 153 510 153 210
510 149 506 148 511 151 507 151 332
508 180 503 179 509 183 503 183 257
512 192 506 192 513 195 507 195 315
509 212 497 211 513 215 501 215 251
514 231 499 231 513 235 499 234 99
510 254 489 254 509 259 485 259 93
517 265 489 264 513 271 488 271 20
512 278 483 276 509 285 472 287 24
515 285 480 284 509 293 475 292 33
517 97 509 97 517 99 513 99 232
516 139 512 139 517 141 513 141 139
516 188 510 188 517 191 511 191 413
517 198 507 198 517 201 507 200 292
519 222 507 221 519 225 506 225 145
519 246 498 246 517 251 496 251 101
519 252 498 252 517 257 495 257 61
517 257 493 256 515 263 491 262 70
523 279 491 279 519 287 487 286 16
521 290 486 289 517 299 481 299 27
524 119 521 119 525 121 522 121 189
521 124 518 125 523 127 519 127 78
520 131 512 132 521 133 517 133 168
522 133 518 133 523 135 519 135 33
519 135 516 134 521 137 517 137 35
521 139 517 138 523 141 519 141 75
524 137 520 137 525 139 521 139 41
520 153 516 153 521 155 517 155 58
519 163 516 162 521 165 517 165 39
521 161 518 160 523 163 519 163 39
524 165 520 164 525 167 521 167 33
522 167 518 167 523 169 519 169 28
521 198 510 199 521 201 511 200 236
521 210 510 210 521 213 511 212 180
521 212 510 212 521 215 511 214 250
520 226 506 226 521 229 507 229 118
524 224 512 223 525 227 512 227 169
525 241 508 241 523 245 506 245 89
524 265 500 265 523 271 497 271 24
525 111 522 111 527 113 524 113 84
529 133 526 133 531 135 527 135 83
529 139 526 139 531 141 527 141 34
529 154 525 154 531 157 527 157 107
528 167 524 166 529 169 525 169 28
527 196 516 196 527 199 517 198 194
531 202 520 202 531 205 520 205 306
529 214 519 214 529 217 519 217 158
534 253 511 253 531 259 507 259 24
529 261 504 261 527 267 501 267 29
534 270 505 271 531 279 503 278 23
534 299 519 299 531 309 516 309 44
532 109 528 109 533 111 532 111 57
531 118 528 119 533 121 529 121 41
533 117 530 117 535 119 532 119 105
533 125 529 124 535 127 531 127 91
535 123 532 123 537 125 533 125 35
534 131 529 130 535 133 531 133 38
532 135 528 135 533 137 529 137 111
533 150 529 150 535 153 531 153 37
535 147 532 145 537 149 533 149 33
536 158 532 158 537 161 533 161 29
535 166 531 166 537 169 533 169 28
531 170 527 170 533 173 529 173 77
533 184 529 184 535 187 530 186 199
536 198 526 198 537 201 526 201 231
534 206 525 206 535 209 525 209 453
532 208 522 208 533 211 522 211 300
536 214 527 214 537 217 527 217 216
536 220 524 220 537 223 525 223 205
535 229 521 229 535 233 521 233 60
533 231 519 231 533 235 518 235 133
535 256 513 255 535 261 510 261 26
534 252 513 251 533 257 510 256 22
537 276 507 276 535 283 504 283 33
541 109 538 109 543 111 540 111 51
537 111 534 111 539 113 536 113 83
542 147 538 147 543 149 539 149 112
538 158 533 159 539 161 535 161 91
541 160 537 160 543 163 539 163 33
542 166 538 166 543 169 539 169 19
540 180 536 180 541 183 537 183 163
542 196 532 196 543 199 532 199 187
540 202 530 202 541 205 531 205 254
542 202 532 202 543 205 533 205 252
540 208 530 208 541 211 530 211 245
542 246 523 246 541 251 521 251 34
544 265 519 264 543 271 517 270 27
544 268 515 270 543 275 518 273 30
540 274 512 274 539 281 509 281 19
547 111 545 110 549 113 546 113 58
547 132 544 133 549 135 546 135 122
545 145 542 144 547 147 543 147 37
547 151 544 150 549 153 545 153 33
544 177 539 175 545 179 541 179 63
543 190 534 190 545 193 536 193 314
548 198 538 198 549 201 539 201 266
546 200 536 200 547 203 537 203 322
548 204 538 204 549 207 538 207 221
544 218 533 218 545 221 535 221 139
545 238 527 238 545 243 529 242 22
549 249 528 251 549 257 523 256 26
546 259 521 259 545 265 519 265 26
553 115 549 114 555 117 552 117 77
551 122 548 123 553 125 550 125 78
554 131 550 131 555 133 552 133 101
553 129 550 128 555 131 552 131 53
553 137 550 136 555 139 552 139 39
551 140 547 140 553 143 549 142 174
551 165 547 164 553 167 548 167 101
549 184 541 184 551 187 542 187 133
550 190 541 190 551 193 542 193 263
554 194 545 194 555 197 546 196 143
550 214 540 214 551 217 541 217 113
552 216 542 216 553 219 543 219 78
553 229 537 229 553 233 535 233 29
553 235 537 235 553 239 536 239 23
559 100 556 98 561 101 559 100 15
557 119 554 118 559 121 556 121 169
559 121 556 120 561 123 558 122 120
555 152 551 152 557 155 553 155 61
560 157 555 157 561 159 556 159 158
558 161 552 160 559 163 555 163 142
557 179 553 178 559 181 554 181 104
556 198 546 198 557 201 548 200 275
556 231 541 231 557 235 540 235 20
558 243 539 242 559 247 539 247 18
557 251 537 249 557 257 537 255 25
561 257 538 257 561 263 537 263 15
557 259 533 259 557 265 531 265 26
563 57 553 57 563 57 555 56 12
561 115 558 115 563 117 560 117 57
565 120 561 120 567 123 563 123 69
561 125 557 124 563 127 559 127 68
563 129 559 129 565 131 561 131 200
561 139 557 138 563 141 559 141 40
562 143 561 142 565 145 560 145 39
565 149 561 148 567 151 563 151 49
561 153 557 152 563 155 559 155 63
561 170 556 171 563 171 558 172 160
567 207 557 206 565 209 559 209 112
564 227 550 227 565 231 550 231 17
561 227 548 227 563 231 548 231 21
563 231 545 231 567 235 547 235 35
562 265 537 264 563 271 535 271 11
567 270 540 270 567 277 537 276 11
569 123 565 122 571 125 567 125 73
567 131 563 130 569 133 565 133 188
569 144 565 144 571 147 567 147 75
569 157 565 157 571 161 567 161 242
570 194 564 194 571 197 565 197 132
567 196 562 196 569 199 563 199 96
567 202 562 202 569 205 563 205 98
569 208 559 208 569 211 561 211 102
567 216 558 215 569 219 559 219 51
572 220 561 220 573 223 562 223 50
572 248 552 248 573 253 553 253 20
572 252 552 251 573 257 549 256 15
569 259 544 259 569 265 544 264 18
573 85 568 86 575 87 566 87 10
576 96 569 97 575 99 574 100 27
573 115 570 114 575 117 571 117 36
577 117 574 116 579 119 575 119 55
577 123 571 122 577 125 573 125 83
577 127 571 126 579 129 575 129 519
573 133 569 132 575 135 571 134 268
575 150 571 150 577 153 573 153 182
573 149 569 149 575 151 571 151 101
575 164 571 164 577 167 573 167 215
573 168 569 168 575 171 571 171 226
573 183 569 182 575 185 570 185 70
573 198 567 198 575 201 569 201 93
575 204 570 204 577 207 572 207 86
574 214 563 214 577 217 564 217 66
577 218 566 218 579 221 568 221 47
576 231 561 231 577 235 561 235 23
576 237 557 236 577 241 560 241 32
576 257 553 257 577 263 552 263 23
575 266 547 266 575 273 548 273 19
583 91 575 91 583 93 577 93 38
581 111 577 111 583 113 579 113 47
583 121 579 120 585 123 581 123 63
583 166 578 166 585 169 581 169 275
580 171 574 170 581 173 576 173 209
583 172 578 172 585 175 581 175 198
581 192 575 192 583 195 577 195 179
584 219 572 219 585 223 572 223 112
583 225 567 225 583 229 567 229 33
580 233 563 233 581 237 565 237 42
582 229 567 229 583 233 568 233 42
583 249 561 249 583 255 561 255 19
584 257 560 257 585 263 560 263 14
584 267 557 267 585 273 557 273 15
579 262 555 262 581 269 555 269 13
585 81 581 81 587 85 580 83 37
589 101 583 103 591 103 587 103 29
585 105 581 105 589 105 585 105 35
585 127 581 126 587 129 584 127 61
587 123 582 124 589 125 586 123 80
589 131 585 130 591 133 587 132 164
587 131 583 130 589 133 585 132 81
586 147 580 146 587 149 583 149 92
589 156 585 156 591 159 587 159 91
587 160 582 160 589 163 584 162 89
587 168 583 168 589 171 585 171 113
587 175 583 174 589 177 583 177 178
587 182 581 183 589 185 583 185 160
585 190 579 190 587 193 581 193 177
587 204 581 204 589 207 582 207 116
589 216 578 215 591 219 580 219 64
586 219 574 219 587 223 575 223 40
585 227 570 227 587 231 572 231 114
589 257 564 257 589 263 569 262 18
587 260 561 261 587 267 561 267 11
595 93 591 93 597 95 593 95 54
594 111 588 114 595 115 590 116 60
595 111 590 112 597 113 592 114 65
595 119 591 118 597 121 593 121 66
591 125 587 124 593 127 589 127 72
593 137 590 136 595 139 590 139 68
593 143 589 141 595 145 591 143 59
591 149 587 149 593 151 589 151 95
591 154 587 154 593 157 589 157 152
591 181 587 179 593 183 588 182 121
593 192 587 192 595 195 588 195 222
599 196 589 196 597 199 590 199 676
592 212 581 212 593 215 583 215 92
596 229 580 229 597 233 582 233 17
595 286 567 287 595 295 568 294 14
602 83 598 83 603 85 599 85 15
597 85 592 85 599 87 595 87 26
599 89 595 89 601 91 597 91 31
597 115 592 116 599 117 594 118 68
599 135 593 135 603 137 597 137 57
597 141 592 140 599 143 594 143 84
599 141 594 141 601 143 596 143 130
601 156 596 156 603 159 598 159 71
601 178 596 179 603 181 598 181 142
597 182 593 182 599 185 594 185 120
601 186 595 186 603 189 597 189 267
597 202 589 202 599 205 591 205 257
599 206 591 206 601 209 593 209 154
601 210 593 210 603 213 595 213 109
597 225 581 225 599 229 581 229 24
600 240 582 240 603 245 585 243 20
603 252 583 251 603 257 581 257 28
597 267 570 266 599 273 571 273 7
598 305 561 305 603 317 562 317 27
603 95 599 95 605 97 601 97 66
603 101 598 101 605 103 600 103 105
607 107 602 107 609 109 604 109 205
602 129 596 129 605 131 599 131 66
605 139 600 139 607 141 602 141 45
603 151 598 151 605 153 600 153 125
603 164 598 164 605 167 600 167 86
603 192 595 192 605 195 596 195 201
607 204 599 204 609 207 600 207 201
603 200 595 200 605 203 596 203 257
605 208 597 208 607 211 598 211 157
606 221 594 221 609 225 597 225 52
606 225 590 225 609 229 594 229 36
605 233 588 233 607 237 590 237 52
603 244 583 244 605 249 586 249 31
607 243 587 245 607 251 586 250 37
611 101 606 101 613 103 610 105 194
611 105 606 105 613 107 607 105 205
613 109 608 109 615 111 610 111 213
609 144 604 143 611 147 606 146 66
611 158 605 158 613 161 607 160 38
613 165 607 164 615 167 609 167 17
609 200 600 200 611 203 602 203 147
613 208 604 208 615 211 606 211 91
611 216 599 215 613 219 603 218 134
610 258 586 258 613 265 588 266 43
608 301 567 301 611 313 570 313 14
610 307 573 307 615 319 574 319 26
615 95 610 95 617 97 612 97 186
615 113 610 112 617 115 612 115 156
619 122 614 122 621 125 616 124 226
613 131 611 130 617 133 610 133 102
619 133 614 132 621 135 616 134 144
617 136 612 138 619 139 614 138 152
615 147 610 145 617 149 612 147 79
619 158 613 158 621 161 615 161 30
615 162 609 162 617 165 611 165 62
617 165 611 165 619 167 613 167 20
619 180 613 180 621 183 615 183 158
615 176 608 176 617 179 611 179 59
615 186 606 186 617 189 608 189 201
615 198 606 198 617 201 608 201 190
619 210 610 210 621 213 612 213 123
617 214 607 214 619 217 609 217 70
619 220 607 220 621 223 609 223 75
616 223 604 223 619 227 607 227 70
615 229 599 229 617 233 601 233 46
618 251 596 251 621 257 598 256 86
617 257 593 257 619 263 594 263 56
617 288 583 289 619 299 580 298 18
617 303 579 303 621 315 579 315 14
625 110 620 110 627 113 622 112 374
623 137 618 136 625 139 620 139 121
625 145 619 144 627 147 621 147 270
621 141 616 140 623 143 618 142 221
624 160 618 160 627 163 621 163 57
623 165 617 165 625 167 619 167 124
623 194 614 194 625 197 616 197 273
623 200 614 200 625 203 616 203 132
621 208 612 208 623 211 614 211 136
622 218 610 217 623 221 613 221 65
621 227 606 227 623 231 609 231 67
622 242 603 242 625 247 605 247 52
620 240 601 240 623 245 603 245 95
631 67 625 68 633 69 628 69 93
629 90 624 89 631 93 626 93 222
630 114 626 112 633 115 629 113 319
629 119 624 119 631 121 626 121 223
627 117 622 117 629 119 624 119 133
627 131 622 130 629 133 624 133 210
629 141 624 141 631 143 626 143 161
631 159 624 158 633 161 627 161 129
629 164 623 164 631 167 625 167 121
631 188 622 188 633 191 624 191 230
627 198 617 198 629 201 619 201 206
632 229 617 229 633 233 620 233 37
628 268 600 268 631 275 602 275 28
630 274 605 273 633 281 605 282 27
627 307 587 307 631 319 590 319 15
637 67 632 67 639 69 634 69 114
635 69 630 69 637 71 632 71 133
635 81 630 81 637 83 632 82 157
637 98 632 97 639 101 634 101 117
637 115 632 115 639 117 634 116 274
635 131 630 130 637 133 632 133 172
637 186 627 186 639 189 630 189 233
633 190 624 190 635 193 626 193 315
632 220 621 219 635 223 623 223 51
631 238 614 238 635 243 617 243 34
636 235 625 235 637 239 629 239 90
634 240 616 240 637 245 619 245 62
633 265 609 266 639 273 618 274 43
631 264 605 264 635 271 607 271 43
632 270 604 270 635 277 606 277 29
634 288 598 288 635 297 602 297 17
633 300 591 299 637 311 597 310 17
639 79 634 79 641 81 636 81 107
643 75 638 75 645 77 640 76 109
638 109 634 108 641 111 636 111 326
641 123 635 122 643 125 638 125 107
640 133 635 132 643 135 637 135 257
643 140 637 141 645 143 640 141 71
639 145 633 145 641 147 635 146 94
639 151 632 151 641 153 634 153 86
641 147 635 147 643 149 637 149 110
641 161 635 161 643 163 637 163 75
639 170 632 170 641 173 634 174 74
643 178 636 178 645 181 639 181 91
640 202 627 201 643 205 630 205 323
638 206 625 206 641 209 628 209 193
639 254 615 255 643 261 619 260 16
636 301 599 301 645 313 604 313 32
644 109 639 108 647 111 641 111 131
646 114 638 115 647 117 642 116 105
648 123 643 122 651 125 645 124 67
644 140 639 139 647 141 641 142 93
646 160 640 160 649 163 643 163 54
644 164 638 164 647 167 641 167 59
645 176 638 176 647 179 641 179 118
649 178 642 178 651 181 645 181 128
643 212 631 211 647 215 633 215 233
644 225 630 225 647 229 634 229 106
647 272 621 272 651 279 622 279 27
644 284 611 284 647 293 613 293 11
647 81 646 81 653 83 644 83 309
655 82 649 82 657 85 652 83 166
652 95 646 95 655 97 649 97 44
650 100 644 100 653 103 647 101 180
654 129 649 133 657 133 651 135 80
654 139 649 138 657 141 651 141 59
650 143 645 142 653 145 647 145 67
651 169 645 169 653 171 647 171 135
653 174 646 174 655 177 649 177 59
651 286 619 286 657 295 622 295 11
651 303 613 303 657 315 616 315 13
646 307 608 307 653 319 610 319 15
651 309 612 309 657 321 615 321 19
658 57 653 57 661 59 657 58 75
658 74 653 74 661 77 656 76 320
656 93 650 93 659 95 653 95 67
656 107 650 107 659 109 653 108 53
660 111 654 111 663 113 657 113 64
658 111 652 111 661 113 655 113 36
656 121 649 121 659 123 652 123 64
660 125 654 125 663 127 657 127 122
660 157 654 157 663 159 657 158 40
658 162 652 162 661 165 655 165 41
660 184 654 184 663 187 657 187 129
656 194 643 194 659 197 646 197 314
658 206 639 206 661 209 642 209 415
658 230 635 231 663 235 638 235 82
656 250 633 249 661 255 636 255 34
655 273 627 273 663 281 634 281 10
664 57 660 57 667 59 662 58 102
666 68 662 65 669 69 664 67 105
666 96 660 94 669 97 663 95 266
662 106 656 105 665 107 659 106 72
666 119 659 119 669 121 662 121 68
662 123 656 123 665 125 659 125 80
666 143 660 142 669 145 663 145 103
666 157 660 156 669 159 663 158 68
662 166 656 166 665 169 659 169 70
665 190 653 190 669 193 656 193 282
662 209 644 209 665 213 648 213 279
663 206 646 205 667 209 650 209 371
664 211 645 212 667 215 649 215 513
662 226 639 226 667 231 642 231 164
664 231 641 229 669 235 644 234 148
662 247 639 247 667 253 642 252 49
662 257 638 257 667 263 643 263 30
661 289 627 289 667 299 630 298 15
671 52 661 52 673 53 664 52 44
669 70 662 71 671 73 666 71 140
672 121 666 120 675 123 669 122 123
670 123 664 122 673 125 667 124 113
668 141 662 141 671 143 665 142 96
672 143 666 142 675 145 669 145 150
672 147 666 146 675 149 669 149 178
670 158 664 158 673 161 667 161 127
668 171 662 170 671 173 665 172 48
672 167 666 170 675 173 669 174 94
670 188 658 188 673 191 661 191 335
668 194 655 194 671 197 659 197 599
671 202 647 202 675 205 652 205 395
663 275 637 275 673 283 643 283 25
669 288 635 287 675 297 640 299 14
667 301 631 301 675 313 635 312 18
667 307 628 307 671 319 629 319 22
678 79 672 79 681 81 675 81 212
676 89 670 89 679 91 673 90 277
678 149 672 151 681 151 675 153 238
674 172 668 174 677 177 671 179 70
674 185 667 184 677 187 670 187 232
676 222 651 222 681 227 655 227 255
675 247 647 247 681 253 652 252 82
675 262 648 264 681 269 652 270 57
674 275 646 275 681 283 651 283 30
672 289 639 290 679 299 643 299 20
674 296 638 296 681 307 642 307 25
669 300 632 299 677 311 633 309 16
675 309 634 309 681 321 637 321 21
675 314 633 314 677 325 632 325 14
682 85 676 83 685 87 679 85 249
680 105 673 105 683 107 677 106 204
684 121 677 120 687 123 680 122 163
684 131 678 131 687 133 681 133 212
684 150 678 150 687 153 680 153 298
680 168 674 167 683 171 677 170 108
679 224 653 224 685 229 657 229 256
681 236 654 238 687 241 658 242 197
677 239 649 240 683 245 654 247 114
681 241 653 243 687 247 657 247 79
681 264 653 263 687 271 657 272 50
681 271 651 271 687 279 657 279 36
681 277 652 277 687 285 655 285 31
680 284 649 284 687 293 653 293 52
679 290 649 289 687 299 651 299 39
678 308 637 308 685 321 642 321 29
679 315 634 314 683 327 638 327 24
688 117 681 116 691 119 684 118 106
690 125 683 125 693 127 686 127 182
686 141 680 141 689 143 682 142 276
686 168 679 169 689 171 682 171 66
687 201 666 203 693 205 671 207 374
686 234 658 234 693 239 663 239 164
687 250 658 250 693 257 663 257 37
683 261 655 261 689 267 659 267 32
685 281 654 281 691 289 659 289 31
696 45 689 43 699 47 693 46 134
692 47 685 47 695 49 688 49 185
696 56 690 55 699 57 693 56 226
694 53 688 53 697 55 691 54 351
696 89 689 89 699 91 693 90 110
696 113 685 113 699 115 685 117 257
692 117 686 116 695 119 689 118 169
696 121 689 120 699 123 693 123 128
694 117 688 116 697 119 691 118 198
692 126 685 123 695 127 689 129 107
692 141 685 140 695 143 689 143 175
688 219 660 219 695 223 665 223 418
688 232 660 232 695 237 665 237 178
690 245 661 245 697 251 666 251 46
690 254 661 254 697 261 666 261 57
688 283 657 282 695 291 663 291 35
689 291 655 291 695 301 663 301 52
689 300 652 300 697 311 659 311 20
702 35 695 35 705 37 699 36 133
699 37 691 37 701 39 695 38 128
700 47 693 48 703 49 697 48 145
698 52 692 51 701 53 695 52 205
702 99 696 99 705 101 699 101 194
702 160 695 160 705 163 699 163 211
696 228 667 228 703 233 672 233 161
695 239 665 239 701 245 671 245 86
694 252 665 252 701 259 670 259 33
694 258 665 257 701 265 669 265 18
699 272 672 271 705 279 676 278 18
696 277 666 277 703 285 672 285 29
694 280 663 279 701 289 668 288 30
696 295 659 295 703 305 668 305 27
692 312 651 312 701 325 657 325 27
706 38 699 37 709 39 703 38 137
706 77 699 77 709 79 703 78 105
708 97 702 97 711 99 704 98 447
704 121 697 120 707 123 700 122 236
706 119 699 118 709 121 702 120 277
708 123 701 122 711 125 704 124 372
708 125 701 125 711 127 705 126 304
704 129 697 132 707 133 700 135 268
706 152 699 152 709 155 703 155 185
708 156 701 156 711 159 704 159 260
706 164 699 164 709 167 703 167 274
703 226 675 226 711 231 680 231 133
703 230 674 230 711 235 680 235 160
704 231 674 232 711 237 680 237 79
700 241 671 241 707 247 677 247 49
699 293 665 293 707 303 670 303 28
701 289 668 289 709 299 674 298 39
704 295 667 294 711 305 674 305 31
705 300 668 299 709 311 670 310 45
700 303 661 303 709 315 668 315 36
718 65 712 65 717 67 715 67 184
713 64 707 63 717 65 711 64 57
712 77 706 76 715 79 709 78 156
714 101 707 100 717 103 711 102 460
712 103 705 102 715 105 708 103 459
714 139 708 138 717 141 711 140 262
709 205 681 203 717 209 687 207 88
709 241 679 241 717 247 685 247 75
710 254 682 254 717 261 686 261 85
705 279 675 279 713 287 681 287 25
706 291 673 291 715 301 679 301 48
702 301 663 301 713 313 671 313 32
703 309 662 309 713 321 670 321 34
702 316 661 316 713 329 667 329 28
700 322 656 323 715 337 667 337 41
718 51 711 51 721 53 715 52 71
718 61 711 61 721 63 715 62 49
718 57 712 57 721 59 715 58 74
716 61 709 61 719 63 713 62 75
716 81 709 81 719 83 713 82 227
715 122 709 122 719 125 713 124 278
716 136 711 136 721 139 715 138 213
716 145 710 144 721 147 713 147 264
716 156 710 156 721 159 714 159 285
716 166 709 166 719 169 710 169 357
714 231 686 231 723 237 694 237 124
710 250 677 250 719 257 683 257 145
711 254 685 254 723 261 689 261 63
715 273 685 273 723 281 693 281 30
711 305 673 305 721 317 680 317 36
707 317 665 317 719 331 673 331 21
725 37 719 37 729 39 723 38 62
725 47 719 47 729 49 721 47 143
723 71 718 71 727 73 721 73 73
725 115 718 114 729 117 722 116 266
725 135 718 134 729 137 721 137 176
725 145 718 144 729 147 722 146 92
726 156 718 156 729 159 721 159 195
717 249 687 248 725 255 694 255 95
717 260 690 260 727 267 697 267 50
715 264 689 264 725 271 695 271 44
719 277 690 277 727 285 697 285 65
717 279 687 279 725 287 694 287 38
716 288 684 288 725 297 690 297 32
718 293 685 294 727 303 690 302 28
713 319 670 319 725 333 678 333 19
715 315 673 315 727 329 682 329 21
730 41 723 43 733 45 727 45 129
732 49 726 49 735 51 729 50 131
727 63 722 63 731 65 725 64 89
729 85 723 85 733 87 726 86 133
729 97 723 96 733 99 726 98 295
729 117 722 116 733 119 726 118 103
729 129 722 127 733 131 725 132 95
729 172 722 171 733 175 726 174 62
726 215 697 214 735 219 704 219 80
724 213 695 212 733 217 702 217 88
720 243 691 243 733 249 702 249 191
726 247 696 247 735 253 704 253 140
722 290 688 290 731 299 696 299 32
734 28 727 26 737 29 731 28 65
736 39 729 39 739 41 733 40 135
733 48 727 47 737 49 731 48 200
737 49 731 49 741 51 735 50 127
733 115 725 115 737 117 729 117 51
735 135 727 135 739 137 731 137 24
733 156 725 156 737 159 729 159 43
735 164 727 163 739 165 731 165 37
733 172 725 172 737 175 729 175 42
737 182 727 183 741 185 733 185 177
730 226 701 226 739 231 708 231 122
731 250 701 250 739 257 708 257 69
726 300 689 300 737 313 697 312 24
725 310 685 310 737 323 694 323 20
725 313 683 311 737 327 692 327 25
745 30 735 31 745 33 737 33 122
740 37 733 37 743 39 735 38 451
741 53 735 53 745 55 739 54 131
742 71 735 70 745 73 738 72 196
743 79 735 78 747 81 739 80 98
741 85 733 85 745 87 737 87 101
737 91 729 91 743 91 735 91 102
741 101 732 101 745 103 735 103 49
743 172 734 173 747 175 739 174 66
741 184 731 183 745 187 736 185 174
733 220 705 220 743 225 711 225 184
733 235 705 235 743 241 712 241 109
738 233 708 233 747 239 716 239 103
737 241 708 241 747 247 716 247 90
737 265 707 265 747 273 716 273 32
737 277 708 276 747 285 716 285 85
737 288 704 288 747 297 713 297 120
734 298 698 299 745 309 706 309 27
735 303 698 303 747 315 707 315 23
734 314 693 314 745 327 699 327 16
731 319 688 319 745 333 698 333 14
745 39 739 39 749 41 743 40 203
747 46 741 45 751 47 740 49 561
745 46 739 45 749 47 743 46 97
749 53 743 53 753 55 745 53 124
745 87 737 87 749 89 741 88 56
749 123 740 122 753 125 745 123 40
744 129 733 127 749 131 737 129 201
745 157 736 156 749 159 740 159 30
748 157 740 158 753 161 744 160 45
746 170 738 169 751 173 742 172 62
749 174 740 174 753 177 744 177 70
746 180 735 180 751 183 740 183 99
741 218 712 218 751 223 717 223 124
739 226 710 226 749 231 718 231 136
743 243 714 243 753 249 722 249 126
739 245 710 244 749 251 718 251 138
741 279 711 279 751 287 719 287 132
738 289 707 290 749 299 715 299 116
736 315 693 315 749 329 703 329 15
751 98 743 97 757 99 747 99 45
753 154 744 154 757 157 748 157 63
755 158 746 158 759 161 750 161 72
752 173 744 171 757 173 748 173 65
748 200 719 199 757 203 728 203 97
749 214 720 214 759 219 728 219 188
747 244 718 244 757 251 726 251 81
745 246 716 246 755 253 724 253 63
747 260 720 259 757 267 728 267 74
749 269 720 269 759 277 729 277 53
747 267 718 267 757 275 727 275 65
745 275 715 275 755 283 723 283 140
743 287 710 286 755 297 720 296 119
745 321 703 321 759 335 713 335 14
745 341 699 342 759 357 714 355 13
759 90 748 90 765 91 751 92 98
759 105 750 104 763 107 754 107 107
761 121 752 120 765 123 756 122 81
756 160 748 160 761 163 752 163 67
754 221 724 220 763 225 733 225 240
756 216 726 216 765 221 734 221 213
750 224 723 224 761 229 731 229 254
756 223 727 222 765 227 735 227 158
751 248 722 247 761 255 730 255 71
755 244 725 244 765 251 734 251 74
755 252 725 252 765 259 734 259 103
757 269 729 269 765 277 737 277 102
752 279 721 280 765 289 731 289 236
751 317 709 317 765 331 719 331 17
748 322 708 323 765 337 717 337 24
764 62 756 61 769 63 759 63 222
766 78 758 77 771 79 762 78 105
760 237 732 237 771 243 741 243 48
756 277 725 276 767 285 735 285 131
755 309 716 309 769 321 727 321 88
770 54 763 53 775 55 768 53 213
768 60 759 59 773 61 764 60 118
772 166 763 166 777 169 768 169 156
770 182 759 181 775 185 764 184 173
767 206 750 205 775 209 757 207 27
762 226 733 226 773 231 743 231 86
766 245 737 245 777 253 747 251 27
766 254 737 254 777 261 746 261 27
764 250 735 250 775 257 744 257 36
765 262 735 261 775 271 746 269 24
762 285 728 285 775 295 739 295 161
759 303 722 303 773 315 733 315 80
775 90 765 89 781 91 769 91 205
777 88 767 87 783 89 772 88 103
778 166 769 166 783 169 774 169 267
772 221 756 220 781 225 762 225 46
774 236 755 236 783 241 763 240 31
768 254 739 254 779 261 749 261 31
771 275 741 275 783 283 751 283 47
767 277 737 277 779 285 746 285 122
767 284 733 284 779 293 744 293 162
783 68 774 68 787 71 779 69 166
776 216 755 218 785 221 765 219 18
780 232 759 232 789 237 767 236 13
777 271 748 271 787 279 753 278 33
788 53 779 53 793 55 784 54 213
785 101 771 100 791 103 774 101 306
789 123 778 123 795 125 784 124 233
789 149 778 148 795 151 785 150 179
784 215 764 215 793 219 772 219 12
785 240 766 240 795 245 773 245 17
782 250 762 251 795 257 770 256 8
781 271 751 271 793 279 763 279 37
780 290 742 289 795 301 757 301 144
778 294 742 294 793 305 754 305 218
777 314 735 313 793 327 749 327 84
795 125 783 125 801 127 790 126 114
791 155 779 157 797 157 786 156 309
795 168 784 168 801 171 790 169 130
791 171 780 171 797 175 786 174 170
793 180 773 181 799 183 779 182 234
790 196 773 196 799 199 781 199 24
789 229 765 231 801 235 779 234 16
791 273 761 273 801 281 770 281 29
785 277 754 277 797 285 765 285 31
783 303 745 304 799 315 757 315 201
801 53 792 52 807 53 798 52 53
798 58 790 56 805 57 796 56 57
797 100 786 100 803 101 792 101 50
800 102 789 101 807 103 795 102 130
799 115 787 117 805 117 794 117 88
801 119 789 119 807 121 795 120 34
795 152 783 151 805 153 789 154 289
796 146 785 146 803 149 789 149 128
798 180 787 180 805 183 793 182 143
800 187 782 186 807 189 790 189 77
794 207 772 207 803 211 783 211 14
789 301 751 302 805 313 763 313 190
787 324 743 324 805 339 757 339 90
789 347 741 344 807 363 762 362 17
805 95 793 95 811 97 799 96 40
803 121 791 121 809 123 797 122 34
802 134 790 132 809 135 797 134 22
805 127 793 127 813 131 801 130 28
805 167 793 168 811 171 799 173 73
796 278 765 278 813 287 779 287 47
794 287 759 287 809 297 773 297 64
791 302 753 303 809 315 766 315 197
795 310 754 310 813 323 768 323 204
794 327 751 328 813 343 764 343 54
807 77 795 76 815 77 801 77 58
812 105 800 103 819 107 806 109 57
809 135 796 134 815 137 802 135 29
812 135 800 136 819 139 806 138 18
812 151 800 152 819 153 806 151 61
806 197 789 197 815 201 797 200 17
806 203 789 203 815 207 796 207 14
809 209 785 210 819 213 793 212 19
807 253 785 253 817 259 795 260 5
810 261 786 261 819 267 798 268 6
798 301 759 301 815 313 773 313 139
799 312 757 312 817 325 772 325 234
800 325 756 325 817 339 769 339 209
795 329 751 329 817 345 768 345 44
814 80 801 80 821 81 809 80 76
814 115 802 115 821 117 809 116 91
814 145 802 144 821 147 809 146 62
818 147 806 146 825 149 813 148 82
814 168 802 169 821 171 809 172 111
812 198 795 196 821 201 803 200 22
812 203 795 203 821 207 803 208 15
813 239 790 238 825 245 800 244 5
808 279 775 278 821 287 789 287 36
810 282 777 282 823 289 789 289 43
805 287 771 287 821 297 785 297 46
805 294 769 294 821 305 782 305 80
804 298 766 298 821 309 780 309 122
822 82 809 81 829 83 816 82 68
820 104 808 105 827 107 814 106 88
823 116 811 115 831 117 817 117 46
821 145 809 144 829 147 816 146 66
817 241 793 242 829 247 804 247 10
815 245 792 245 827 251 802 251 7
815 293 779 293 831 303 793 304 47
808 320 767 323 831 337 785 339 107
828 33 816 32 835 33 823 32 135
826 43 814 42 833 43 821 42 116
826 89 813 89 833 91 820 90 75
829 96 816 96 837 97 824 96 79
825 123 815 125 835 127 822 126 14
826 148 814 147 833 151 821 149 60
826 184 811 185 835 187 818 187 111
823 205 806 204 833 209 813 208 14
825 236 800 235 837 243 811 241 8
823 254 798 254 837 261 809 260 8
819 291 783 291 835 301 797 301 33
819 296 781 296 837 307 797 307 37
814 302 775 302 833 315 791 315 84
813 317 769 316 833 331 787 333 124
836 41 823 43 843 43 831 42 82
835 101 821 101 843 103 829 101 37
831 200 815 199 841 203 829 203 20
827 214 803 214 839 219 815 218 13
822 287 788 287 839 297 802 297 35
819 315 775 315 839 329 792 329 66
838 33 825 32 845 33 832 32 61
841 68 825 68 847 69 833 68 57
837 83 823 83 845 83 831 83 79
837 108 823 107 845 109 831 108 37
839 120 825 118 847 123 833 123 36
839 141 825 140 847 143 833 142 60
837 147 823 145 845 149 831 151 53
836 184 819 183 845 187 828 187 55
829 291 794 291 847 301 809 301 33
826 299 787 298 845 311 803 311 30
828 308 787 308 849 321 804 321 36
843 33 830 33 851 35 838 35 72
846 65 832 64 855 65 841 64 47
843 143 830 142 851 145 838 144 95
845 184 828 184 855 187 838 187 59
842 207 817 207 853 211 828 212 12
839 239 812 237 853 245 824 243 8
837 261 811 262 851 269 823 269 13
840 268 814 268 855 275 827 275 17
832 294 796 294 851 305 811 305 38
835 299 797 299 855 311 814 311 34
829 311 787 312 851 325 805 325 47
830 325 784 325 853 341 803 341 90
829 336 780 336 853 353 800 353 62
850 46 837 44 859 45 845 44 46
851 56 836 55 861 55 845 54 48
850 63 834 63 859 63 843 62 54
852 70 837 70 861 71 846 70 86
848 92 835 89 857 91 843 90 54
849 137 835 136 859 139 845 138 97
852 141 835 141 861 143 843 143 127
847 180 831 180 857 183 841 183 58
842 237 815 236 857 243 829 243 7
843 264 817 264 859 271 831 271 19
846 273 811 271 861 281 826 280 30
843 284 807 283 861 293 826 293 49
839 287 805 287 857 297 820 297 48
843 289 808 289 861 299 824 299 45
838 292 803 292 857 303 819 303 54
836 308 795 308 857 321 812 321 51
834 318 790 318 857 333 809 333 87
832 328 786 328 857 345 805 345 83
837 333 788 334 861 351 808 351 58
856 75 841 75 865 75 850 75 66
854 77 839 77 863 77 848 77 64
856 80 841 81 865 81 850 81 82
856 106 840 106 865 107 849 107 84
857 184 838 184 867 187 849 186 34
850 242 824 241 865 247 837 248 9
847 296 807 295 867 307 827 307 77
845 304 804 304 867 317 823 317 56
843 316 801 317 867 331 821 332 59
843 315 799 315 865 329 818 329 77
863 81 848 80 873 81 857 80 30
859 86 844 85 869 85 853 83 46
863 99 848 100 873 101 857 100 35
859 112 844 111 869 115 853 113 36
856 206 839 203 871 209 843 207 18
861 213 840 212 873 217 852 217 16
857 224 830 223 871 229 844 229 13
854 238 828 241 869 245 840 244 9
847 306 806 306 869 319 825 319 67
851 304 810 305 873 317 829 317 56
847 310 806 310 869 323 824 323 77
851 310 810 310 873 323 828 323 48
869 50 854 50 879 49 863 48 205
867 76 852 77 877 77 861 76 25
867 87 852 83 877 85 861 86 19
865 124 850 123 875 127 865 126 78
867 144 852 143 877 145 862 145 66
863 219 842 218 875 223 854 223 16
860 287 826 287 879 297 843 297 27
855 290 819 290 875 301 837 301 50
859 292 823 292 879 303 841 303 50
852 325 806 325 877 341 827 341 59
850 329 803 329 875 345 823 345 43
876 19 861 19 885 19 870 18 223
872 53 858 53 883 53 867 52 121
871 137 856 136 881 139 865 138 35
863 288 829 289 883 299 846 299 38
877 58 864 59 889 59 873 58 110
881 78 866 78 891 79 876 77 86
879 106 864 105 889 107 873 106 13
880 119 864 119 889 121 873 120 18
877 131 861 130 887 133 871 133 20
879 137 864 136 889 139 873 138 38
874 206 858 208 887 209 866 208 20
878 215 858 215 891 219 870 219 9
874 210 854 210 887 215 866 215 8
876 226 856 226 889 231 868 231 32
873 224 853 224 887 229 865 228 17
874 230 854 231 887 235 866 235 15
864 303 824 303 887 315 844 315 53
864 316 820 316 889 331 840 330 54
862 326 817 327 889 343 838 343 83
862 330 814 330 889 347 837 347 57
883 93 867 92 893 93 874 94 30
885 113 869 113 895 115 879 114 7
881 211 862 210 895 215 875 214 10
884 218 863 218 897 223 876 223 26
880 224 859 224 893 229 872 228 22
883 228 862 227 895 235 874 234 36
879 269 850 269 897 277 863 276 14
877 266 845 266 893 275 865 273 11
876 272 846 273 895 281 862 280 11
872 290 835 290 893 301 854 301 41
871 296 833 296 893 307 853 307 63
868 320 823 320 893 335 845 335 50
889 110 875 109 899 111 883 110 14
886 193 857 191 899 195 871 194 18
888 210 867 210 901 215 880 215 13
884 256 852 256 901 263 874 263 11
881 298 841 297 903 309 863 309 36
877 313 834 313 903 327 856 327 27
875 321 832 322 903 337 853 337 51
876 328 827 328 903 345 851 345 68
871 328 825 328 899 345 847 345 57
871 334 823 334 899 351 849 352 52
895 76 883 78 907 77 891 76 93
895 82 881 82 907 83 891 82 94
897 107 882 108 909 109 889 108 22
893 152 865 151 909 153 881 152 43
884 263 854 263 905 271 871 270 14
886 274 853 273 907 283 873 282 7
888 279 855 279 909 289 875 287 11
883 293 846 293 909 305 870 305 83
883 301 845 301 907 313 865 313 46
884 306 849 307 909 319 865 319 42
880 310 838 310 905 323 859 323 42
881 315 838 315 907 329 860 329 28
900 111 884 109 911 111 895 111 17
894 161 870 161 911 165 884 163 36
890 260 859 260 911 267 877 267 18
895 256 862 257 915 263 880 263 16
891 295 853 295 915 307 875 307 24
882 330 834 330 911 347 859 347 79
884 335 834 336 913 353 859 353 61
910 63 894 61 921 63 905 62 135
910 135 895 134 921 137 905 136 64
897 228 864 228 919 235 884 234 21
897 234 864 234 919 241 883 240 20
899 281 867 281 921 291 885 291 11
895 287 863 287 919 297 883 297 26
893 311 850 311 919 325 873 325 39
894 315 851 315 921 329 874 329 46
889 321 843 321 917 337 868 337 39
891 334 843 334 921 351 867 351 53
915 59 900 58 927 59 911 58 145
914 67 898 66 925 67 909 66 195
912 65 896 65 923 65 907 64 342
912 73 896 70 923 71 907 69 307
914 77 898 77 925 79 909 79 230
913 102 898 101 925 103 909 102 136
912 124 894 126 923 127 907 125 29
905 237 871 236 927 243 891 243 29
906 280 872 279 927 289 892 289 9
903 290 867 291 925 299 889 299 22
898 303 858 303 923 315 880 315 37
894 330 846 330 923 347 871 347 58
893 335 846 336 925 353 871 353 45
922 107 906 105 933 107 917 106 116
923 131 905 131 933 135 917 133 56
918 152 901 153 929 153 917 154 73
907 235 873 234 929 241 893 241 23
909 255 874 255 931 263 895 263 10
906 273 872 272 929 283 892 282 10
907 281 875 281 931 291 894 291 9
906 285 872 285 929 295 892 294 8
904 318 860 318 933 333 885 333 41
901 320 856 320 929 335 880 335 65
903 323 858 323 933 339 884 339 55
923 102 907 101 935 103 919 102 268
927 129 907 130 935 133 921 131 84
928 141 913 141 939 143 923 143 76
916 225 882 225 939 231 903 231 37
916 287 881 287 939 297 901 297 7
910 308 868 308 937 321 893 321 47
911 311 868 311 939 325 893 325 38
902 337 853 337 935 355 880 355 31
929 69 914 68 941 69 925 68 225
931 93 916 91 943 93 927 92 428
926 185 900 185 943 187 917 188 34
920 231 885 230 943 237 907 237 45
919 236 885 236 943 243 906 242 30
918 233 883 232 941 239 904 238 32
920 247 884 247 945 255 908 257 17
918 250 883 250 943 259 905 258 11
916 249 882 250 941 257 902 256 8
917 255 883 255 941 263 904 263 5
915 282 881 282 941 293 905 293 9
917 315 873 315 945 329 899 330 38
913 326 867 326 945 343 894 343 59
912 333 864 333 945 351 891 351 106
921 248 886 249 947 257 909 258 13
922 258 887 258 947 267 908 267 9
923 266 886 265 947 275 909 275 7
923 287 888 287 947 297 908 297 9
925 286 890 286 951 297 911 296 13
927 290 891 290 951 301 912 301 9
922 299 883 299 947 311 907 311 34
918 303 877 303 947 317 901 316 26
919 310 876 310 947 323 902 323 40
915 330 867 330 947 347 895 347 111
917 340 865 340 951 359 896 359 24
939 63 921 62 953 63 935 62 287
941 102 922 101 957 103 936 102 385
938 193 911 194 957 197 929 197 25
937 202 909 201 957 205 928 204 20
932 220 898 220 957 227 920 226 67
928 224 893 223 953 231 915 229 45
928 234 892 234 953 241 919 239 77
928 240 892 241 953 247 914 247 32
931 279 896 278 957 289 918 289 14
929 289 895 288 955 299 919 299 17
926 293 885 294 955 307 912 305 16
928 307 885 307 957 321 912 321 53
927 311 884 311 957 325 911 325 38
923 318 880 319 957 335 908 335 71
921 321 876 321 953 337 903 337 68
921 325 875 325 953 341 902 341 69
946 74 925 75 961 71 940 73 216
944 96 924 95 959 97 938 96 358
936 219 901 218 961 225 924 224 48
936 225 901 226 961 231 922 231 61
933 251 895 251 959 259 919 259 12
931 307 888 307 961 321 915 321 20
931 313 888 313 961 327 914 327 41
927 323 881 323 959 339 909 339 57
929 319 884 319 961 335 912 335 64
929 327 882 327 961 343 909 343 60
926 339 876 339 959 357 903 357 33
929 337 880 337 963 355 909 355 43
950 136 930 137 967 137 943 136 126
944 190 917 192 965 193 937 194 57
941 217 907 217 965 223 928 223 62
942 236 909 236 969 243 933 242 109
940 245 902 245 967 253 926 253 31
938 264 901 264 965 273 925 272 12
943 261 901 258 969 269 929 269 13
938 267 901 268 965 277 924 276 13
938 281 900 282 965 291 925 290 7
942 277 904 276 969 287 929 287 9
938 291 904 292 967 303 927 303 15
937 295 900 295 965 307 925 307 9
935 319 890 319 967 335 917 335 79
955 45 934 45 971 41 949 43 64
955 114 935 114 971 113 950 113 142
943 243 905 243 971 251 930 251 36
947 290 909 290 975 301 934 300 13
946 294 909 294 973 305 933 305 16
946 297 908 297 975 309 933 309 11
943 311 897 310 973 325 926 325 31
940 323 894 323 973 339 922 339 63
938 326 891 326 973 343 921 343 45
937 333 888 333 971 351 916 351 50
937 337 886 337 973 355 917 355 33
965 87 942 87 979 87 957 85 29
960 167 934 166 981 169 953 169 121
957 181 929 181 977 185 950 183 129
960 205 933 205 981 209 952 209 69
949 238 911 238 977 245 937 246 63
949 243 910 243 977 251 936 251 29
948 251 908 250 977 259 935 259 20
949 313 901 312 979 327 931 327 65
946 318 901 318 979 333 930 333 65
962 150 936 151 983 151 955 151 85
964 159 937 157 985 161 957 159 115
962 186 935 187 983 189 955 189 70
957 230 919 230 985 237 944 237 49
956 240 918 240 985 247 944 247 36
955 285 915 284 985 295 942 295 11
957 287 917 287 987 299 944 298 10
955 292 917 292 983 303 943 303 14
958 297 919 297 987 309 946 309 7
956 300 917 300 987 313 944 313 9
955 299 916 299 985 311 943 311 12
971 140 945 139 989 141 963 140 105
970 153 943 153 991 155 962 154 82
967 163 940 162 989 165 960 164 91
972 159 945 158 993 161 965 160 67
972 167 945 166 993 169 965 169 93
972 174 946 174 993 177 966 175 96
968 193 941 194 989 197 961 197 122
969 203 942 202 991 207 962 206 60
968 208 941 208 989 213 961 212 85
960 232 922 231 989 239 948 238 57
961 245 922 245 991 253 949 253 25
959 247 920 247 989 255 947 255 30
962 250 920 247 993 259 949 258 30
957 253 917 253 989 263 945 262 28
958 267 920 268 989 279 946 279 9
960 302 921 302 991 315 948 315 12
955 326 908 327 991 343 939 343 71
979 49 957 48 997 47 974 46 66
981 55 958 54 999 53 975 52 31
978 113 955 112 997 113 974 112 55
981 119 959 118 999 119 975 121 84
971 147 945 146 995 149 972 150 143
973 170 946 170 995 173 966 172 49
977 197 949 197 999 201 970 201 61
975 199 947 198 997 203 968 203 93
962 316 917 316 995 331 946 331 76
959 321 916 321 999 337 948 337 62
961 331 913 332 999 349 945 349 72
961 336 912 337 999 355 944 355 56
985 51 962 50 1003 49 980 48 85
982 94 962 95 1003 95 978 93 8
982 142 957 141 1003 143 977 142 105
984 143 958 142 1005 145 978 144 81
978 193 951 193 1001 197 972 197 48
974 230 933 229 1005 237 962 237 107
972 239 931 239 1003 247 960 247 46
969 249 927 248 1001 257 957 258 45
973 298 931 298 1005 311 960 311 10
961 316 915 316 1003 333 953 333 56
965 337 915 338 1005 357 949 357 59
991 57 967 57 1009 55 981 56 37
987 115 965 114 1007 115 984 114 50
993 114 967 114 1009 115 986 114 52
991 136 968 136 1011 137 987 137 75
984 191 956 190 1007 195 977 194 42
975 238 935 238 1007 245 964 245 57
974 323 927 323 1011 339 967 340 68
972 334 921 335 1011 353 956 353 68
967 343 919 344 1009 363 951 363 36
999 47 975 46 1017 45 987 46 50
992 56 971 54 1013 53 989 52 24
995 162 967 162 1017 165 989 164 93
991 172 963 172 1013 175 985 174 62
994 194 969 195 1015 199 989 197 26
982 240 941 241 1015 247 971 247 45
979 257 937 257 1013 267 967 267 22
977 267 937 267 1013 279 968 277 12
982 275 940 275 1017 287 969 287 7
978 316 935 317 1017 333 964 331 30
997 144 972 143 1019 145 992 144 78
1001 151 976 151 1023 153 996 152 71
999 175 973 172 1021 175 995 175 45
986 223 945 221 1019 229 975 228 83
985 245 943 245 1019 253 974 253 31
987 257 944 257 1021 267 975 266 20
979 308 936 309 1019 325 975 326 27
982 319 936 319 1019 335 968 335 20
985 325 937 325 1023 341 971 341 58
980 331 930 331 1019 349 975 348 75
982 338 930 338 1023 357 967 357 41
982 343 929 344 1023 363 966 363 44
1007 52 982 51 1027 49 997 50 29
1008 107 980 107 1029 107 1000 107 18
1006 131 979 129 1029 131 1001 130 79
996 215 955 215 1029 221 986 221 74
993 252 950 251 1029 261 982 261 26
990 254 947 254 1025 263 978 263 35
994 271 951 270 1029 283 985 284 17
993 314 949 314 1029 329 982 329 16
987 325 940 325 1025 341 973 341 49
1011 21 988 19 1031 17 1007 16 47
1010 111 982 111 1031 111 1001 111 19
1011 173 985 172 1033 175 1007 176 76
997 217 957 216 1031 223 988 223 73
1000 228 958 228 1035 235 991 235 68
998 241 955 241 1033 249 987 249 48
997 247 952 246 1033 255 987 256 28
997 256 954 255 1033 265 986 265 27
998 277 952 276 1033 287 984 285 14
997 281 953 282 1033 293 986 292 17
1019 37 993 35 1041 33 1011 31 114
1017 48 993 47 1039 45 1005 47 42
1015 115 987 115 1039 115 1010 114 49
1018 162 992 162 1041 165 1014 164 169
1015 159 990 159 1037 161 1011 161 114
1016 191 990 191 1039 193 1010 193 30
1003 223 962 224 1037 229 993 229 91
1001 245 954 242 1037 253 989 253 55
1003 263 959 263 1041 273 994 274 11
996 315 953 315 1037 331 987 331 22
1003 327 955 327 1041 343 988 343 33
998 326 951 326 1039 343 986 343 43
998 335 947 335 1039 353 984 353 92
1018 127 988 126 1045 127 1013 126 56
1023 144 998 143 1047 145 1021 144 94
1023 166 997 165 1047 169 1019 167 129
1008 234 965 233 1045 241 998 241 68
1009 243 964 243 1047 251 999 251 80
1008 262 963 262 1047 273 998 273 14
1007 259 962 258 1045 269 996 269 24
1009 261 963 260 1047 271 998 271 25
1008 270 963 269 1047 281 998 281 15
1002 322 955 322 1043 339 991 339 45
1026 105 1002 104 1049 105 1023 104 47
1025 193 999 194 1049 197 1021 196 112
1011 241 967 240 1049 249 1001 249 48
1013 245 968 244 1051 253 1003 253 50
1012 252 967 252 1051 261 1002 261 84
1013 253 969 253 1053 263 1004 263 39
1013 259 968 259 1053 269 1004 269 18
1014 283 967 284 1051 297 1002 297 12
1011 279 966 278 1049 293 1000 294 14
1010 305 963 303 1051 319 997 319 13
1007 333 957 333 1049 351 994 351 74
1006 339 952 339 1053 359 993 359 54
1017 257 972 257 1057 267 1008 267 21
1019 255 973 255 1059 265 1010 265 40
1018 261 972 261 1057 271 1008 271 16
1019 259 973 259 1059 269 1009 269 16
1017 285 970 285 1059 299 1008 297 15
1021 290 978 292 1059 305 1012 303 15
1020 297 977 295 1059 311 1011 312 13
1024 242 979 242 1063 251 1015 251 53
1041 142 1020 141 1067 143 1045 141 105
1027 239 982 239 1067 247 1019 247 77
1028 248 982 248 1069 257 1019 257 65
1028 261 981 260 1069 271 1019 271 19
1029 298 985 298 1067 311 1021 312 19
1027 330 978 330 1071 347 1018 348 52
1024 339 973 339 1071 359 1014 359 52
1047 177 1025 177 1073 181 1049 180 373
1047 193 1020 193 1073 197 1044 196 118
1034 226 993 227 1073 233 1027 233 128
1035 235 990 235 1075 243 1028 243 105
1034 237 990 237 1075 245 1027 244 86
1033 253 986 253 1075 263 1024 263 37
1033 259 986 259 1075 269 1024 269 25
1033 279 987 281 1077 293 1027 295 12
1035 305 986 304 1077 319 1025 319 12
1031 310 983 308 1075 325 1023 325 11
1033 314 985 314 1075 331 1024 330 24
1030 331 979 331 1075 349 1020 349 64
1033 334 981 335 1077 353 1022 353 55
1054 193 1026 193 1081 197 1052 196 93
1039 246 992 245 1081 255 1030 255 66
1038 251 991 251 1081 261 1030 261 54
1038 255 991 255 1081 265 1030 265 47
1035 264 988 264 1079 275 1027 275 22
1044 297 999 298 1083 311 1038 309 17
1057 190 1029 189 1085 193 1055 193 88
1041 249 995 249 1085 259 1034 259 49
1045 268 997 268 1089 279 1037 279 27
1041 264 994 264 1085 275 1033 275 35
1040 303 993 303 1085 319 1033 319 10
1039 325 989 325 1087 343 1033 343 28
1065 191 1037 190 1095 195 1067 195 57
1050 255 1003 255 1095 265 1043 265 53
1048 257 1001 257 1093 267 1041 267 75
1048 253 1001 253 1093 263 1041 263 102
1048 266 999 265 1093 277 1040 276 41
1044 331 995 331 1091 349 1036 349 38
1043 342 992 343 1093 363 1035 363 57
1055 233 1011 232 1099 241 1050 241 90
1056 246 1009 245 1101 255 1050 255 71
1054 252 1006 251 1099 261 1047 261 54
1055 251 1008 251 1101 261 1049 261 64
1054 258 1005 258 1099 269 1047 269 42
1055 262 1007 262 1101 273 1048 273 87
1051 260 1003 260 1097 271 1044 271 75
1054 279 1005 279 1101 291 1047 291 29
1051 333 1001 333 1099 351 1033 351 64
1075 172 1049 172 1105 177 1078 178 13
1061 237 1016 237 1105 245 1057 245 67
1057 249 1010 249 1103 259 1051 259 47
1057 255 1009 255 1103 265 1051 265 42
1061 256 1015 255 1107 267 1055 267 61
1057 260 1009 260 1103 271 1051 271 57
1058 266 1010 266 1105 277 1052 277 63
1058 277 1010 277 1105 289 1052 290 37
1056 282 1007 282 1103 295 1049 295 34
1058 305 1008 306 1105 321 1051 321 24
1060 327 1009 327 1107 345 1053 345 30
1058 331 1007 331 1107 349 1050 349 36
1080 134 1048 134 1113 135 1078 133 41
1065 243 1019 242 1111 253 1060 253 75
1064 251 1016 251 1111 261 1059 261 79
1066 247 1018 247 1113 257 1061 257 51
1062 273 1013 273 1109 285 1056 285 41
1064 283 1015 283 1113 297 1059 297 43
1063 295 1014 295 1111 309 1057 309 25
1066 306 1016 306 1111 321 1055 321 30
1061 309 1012 309 1109 325 1055 325 15
1065 317 1015 317 1113 333 1059 333 24
1061 343 1007 343 1109 363 1050 363 143
1072 232 1024 231 1119 241 1068 240 92
1067 258 1019 258 1115 269 1062 269 64
1069 268 1020 267 1117 279 1064 279 59
1069 273 1020 273 1117 285 1063 285 85
1069 269 1020 269 1117 281 1064 281 58
1067 282 1017 282 1115 295 1061 295 58
1070 283 1021 283 1119 297 1065 297 42
1068 287 1019 287 1117 301 1063 301 31
1066 291 1016 291 1115 305 1061 305 26
1068 299 1017 298 1115 313 1061 313 25
1070 318 1020 318 1119 335 1065 335 50
1091 138 1057 137 1125 139 1089 138 49
1091 150 1061 149 1123 151 1091 150 41
1093 148 1063 147 1125 149 1093 148 67
1091 170 1061 172 1123 175 1091 176 32
1077 240 1030 240 1125 249 1074 249 55
1075 289 1026 289 1125 303 1071 303 57
1071 293 1022 293 1121 307 1066 307 45
1085 229 1038 229 1131 237 1081 237 77
1078 260 1029 260 1127 271 1074 271 69
1080 264 1031 264 1129 275 1075 275 69
1077 265 1028 265 1127 277 1073 277 72
1079 271 1030 271 1129 283 1075 283 72
1078 269 1028 269 1127 281 1073 281 81
1078 275 1028 275 1127 287 1073 287 73
1077 285 1023 286 1127 299 1068 300 128
1081 293 1031 293 1131 307 1076 307 71
1079 298 1027 298 1129 313 1074 313 60
1080 305 1030 305 1131 321 1076 321 37
1080 315 1030 315 1129 331 1075 332 47
1077 318 1027 318 1127 335 1072 335 24
1080 333 1029 333 1129 351 1073 351 111
1077 342 1025 343 1131 363 1073 364 88
1087 211 1037 211 1133 219 1083 217 123
1091 224 1043 224 1137 231 1087 231 107
1085 235 1037 235 1133 243 1081 243 54
1087 239 1040 238 1135 247 1084 247 62
1083 249 1035 249 1133 259 1080 259 38
1084 260 1035 260 1133 271 1079 271 78
1083 267 1035 267 1133 279 1078 279 86
1086 267 1037 267 1137 279 1083 279 74
1087 271 1037 271 1137 283 1083 283 44
1083 275 1034 275 1133 287 1087 286 154
1086 280 1035 279 1137 293 1082 293 89
1084 289 1034 289 1135 303 1080 303 54
1085 285 1036 285 1137 299 1082 299 99
1085 300 1035 300 1135 315 1081 315 90
1084 296 1034 296 1135 311 1080 311 55
1084 307 1034 307 1135 323 1080 323 36
1084 313 1034 313 1135 329 1080 330 31
1084 325 1035 326 1135 343 1080 343 45
1082 329 1033 329 1133 347 1078 347 64
1081 336 1030 336 1133 355 1076 355 127
1081 343 1027 343 1135 363 1070 362 161
1106 131 1072 130 1139 131 1105 130 32
1108 146 1076 145 1141 147 1108 146 119
1093 225 1047 225 1141 235 1091 233 95
1089 231 1042 232 1141 239 1086 239 77
1093 240 1043 239 1143 249 1090 248 46
1091 248 1042 248 1143 259 1087 257 93
1091 258 1042 258 1141 269 1088 269 55
1092 267 1043 267 1143 279 1089 279 59
1091 291 1042 291 1143 305 1088 305 43
1089 303 1040 304 1141 319 1086 319 49
1089 309 1039 309 1141 325 1086 325 95
1091 314 1041 315 1143 331 1088 332 67
1089 334 1040 335 1141 353 1081 352 80
1094 269 1045 269 1145 281 1091 281 45
1095 283 1045 283 1147 297 1093 297 37
1097 287 1047 287 1149 301 1094 301 50
1093 289 1043 289 1145 303 1090 303 62
1093 293 1043 293 1145 307 1090 307 133
1093 312 1043 313 1145 329 1090 329 53
1093 330 1045 331 1145 349 1085 349 101
1095 339 1041 339 1149 359 1093 360 84
1103 253 1054 253 1155 263 1101 263 47
1100 257 1050 256 1151 267 1097 267 51
1102 269 1054 269 1155 281 1100 281 40
1098 282 1048 282 1151 295 1096 295 35
1102 298 1053 299 1155 313 1100 314 108
1101 310 1051 311 1155 327 1099 327 95
1102 320 1051 320 1155 337 1100 337 75
1098 321 1048 321 1151 339 1096 339 65
1102 323 1052 323 1155 341 1100 341 75
1100 327 1050 327 1153 345 1099 346 76
1095 342 1042 343 1151 363 1092 363 85
1107 238 1058 238 1159 247 1106 247 65
1105 242 1053 242 1157 251 1104 251 112
1107 245 1058 245 1159 255 1106 255 68
1105 249 1056 249 1157 259 1104 259 74
1105 265 1055 265 1157 277 1103 277 77
1107 294 1057 294 1161 309 1106 310 74
1106 300 1056 300 1159 315 1103 315 94
1106 316 1055 316 1159 333 1104 333 77
1105 314 1054 315 1159 331 1104 331 82
1105 322 1055 322 1159 339 1104 339 77
1100 342 1048 343 1157 363 1099 364 85
1111 275 1060 274 1165 287 1110 287 53
1112 277 1062 277 1167 291 1112 291 54
1111 286 1061 286 1165 299 1110 300 48
1111 298 1060 298 1165 313 1109 313 64
1112 310 1062 311 1167 327 1111 327 81
1117 237 1068 236 1169 245 1116 245 60
1117 249 1068 249 1171 259 1117 259 56
1116 249 1067 249 1169 259 1116 259 70
1119 256 1069 256 1173 267 1119 267 57
1118 267 1068 267 1173 279 1118 279 52
1114 265 1065 266 1169 277 1114 277 34
1119 263 1069 263 1173 275 1118 275 31
1118 271 1068 271 1173 283 1119 283 41
1119 288 1068 288 1173 303 1118 303 106
1116 306 1066 308 1171 323 1116 324 81
1114 323 1063 323 1169 341 1113 341 72
1116 338 1064 338 1171 357 1116 358 109
1123 225 1074 227 1177 233 1125 233 112
1125 242 1077 241 1179 251 1126 251 64
1124 278 1073 278 1179 291 1124 291 54
1122 282 1067 279 1177 295 1117 293 152
1120 292 1070 292 1175 307 1120 307 93
1124 298 1073 298 1179 313 1124 313 60
1123 296 1073 296 1179 311 1123 311 54
1121 301 1071 302 1177 317 1121 317 47
1122 322 1071 321 1177 339 1122 340 45
1119 330 1065 330 1175 349 1119 349 235
1120 334 1068 334 1175 353 1118 353 103
1128 238 1080 238 1181 247 1129 247 77
1128 245 1079 245 1181 255 1128 255 64
1126 262 1077 262 1181 273 1127 273 64
1128 270 1077 271 1183 283 1128 283 45
1124 279 1074 279 1181 293 1125 293 40
1129 282 1079 282 1185 295 1130 295 42
1125 287 1074 287 1181 301 1125 301 87
1129 302 1078 302 1185 317 1129 317 41
1127 316 1073 316 1183 333 1126 333 111
1129 321 1079 322 1185 339 1130 339 52
1136 247 1087 247 1191 257 1138 257 46
1134 247 1085 247 1189 257 1136 257 59
1132 252 1083 250 1187 263 1133 263 91
1133 255 1084 255 1189 265 1135 265 65
1133 270 1083 270 1189 281 1134 282 35
1133 335 1082 335 1191 355 1135 355 101
1130 339 1078 339 1189 359 1127 358 117
1141 245 1093 245 1197 255 1144 255 58
1141 254 1091 255 1197 265 1144 265 59
1137 256 1086 255 1193 267 1139 267 53
1136 276 1086 276 1193 289 1138 289 46
1138 283 1088 284 1195 297 1140 297 66
1136 330 1086 331 1193 349 1138 350 133
1143 262 1092 261 1199 273 1145 273 69
1146 271 1096 271 1203 283 1148 283 47
1144 269 1094 269 1201 281 1146 281 41
1142 280 1092 280 1199 293 1144 293 32
1145 288 1095 288 1203 303 1148 303 56
1141 296 1090 296 1199 311 1143 311 100
1143 296 1093 296 1201 311 1146 311 77
1141 303 1091 303 1199 319 1144 319 63
1143 310 1093 311 1201 327 1147 328 86
1145 312 1095 313 1203 329 1148 330 81
1143 320 1093 320 1201 337 1146 338 54
1141 328 1091 329 1199 347 1143 347 137
1143 330 1093 331 1201 349 1145 349 100
1161 117 1122 116 1209 115 1165 115 65
1160 122 1120 123 1209 121 1165 120 51
1151 233 1107 232 1205 241 1158 239 77
1152 237 1106 237 1207 245 1156 245 64
1150 247 1102 247 1207 257 1154 257 45
1146 301 1096 301 1205 317 1150 317 83
1150 321 1099 321 1209 339 1153 339 41
1164 113 1123 114 1213 113 1170 112 66
1165 128 1124 128 1213 127 1170 126 64
1165 141 1123 141 1215 141 1170 140 49
1160 216 1111 215 1213 223 1164 223 55
1153 262 1103 261 1211 273 1157 273 40
1157 264 1107 263 1215 275 1161 275 39
1155 267 1106 267 1213 279 1159 279 32
1152 283 1102 283 1211 297 1156 297 50
1156 280 1106 280 1215 293 1160 293 42
1155 299 1105 299 1215 315 1159 315 50
1152 296 1102 296 1211 311 1156 312 104
1154 307 1104 308 1213 323 1158 324 84
1152 314 1103 315 1211 331 1156 332 57
1152 319 1102 320 1211 337 1155 337 61
1155 323 1105 323 1215 341 1159 341 41
1157 338 1105 338 1215 357 1161 358 135
1152 334 1101 334 1211 353 1155 353 85
1152 341 1101 342 1213 361 1157 362 91
1167 132 1126 132 1217 131 1172 131 63
1167 154 1125 153 1217 155 1167 155 31
1165 218 1119 218 1219 225 1170 224 52
1167 216 1121 216 1221 223 1172 222 47
1166 222 1122 221 1221 229 1171 229 56
1161 260 1112 260 1219 271 1165 271 83
1162 278 1111 278 1221 291 1166 291 59
1158 282 1106 279 1217 295 1162 295 41
1161 279 1112 280 1221 293 1166 293 90
1158 294 1108 294 1217 309 1162 309 78
1157 303 1107 303 1217 319 1162 320 52
1161 301 1113 299 1221 317 1165 317 62
1161 307 1111 307 1221 323 1166 324 54
1158 338 1107 338 1217 357 1163 358 121
1177 115 1137 114 1227 113 1183 112 106
1175 119 1133 118 1225 117 1179 117 67
1174 152 1131 151 1227 153 1180 152 75
1172 169 1128 169 1225 171 1179 171 18
1171 211 1125 211 1225 217 1176 217 35
1168 209 1121 207 1223 215 1173 214 40
1173 214 1128 213 1227 221 1177 221 54
1167 226 1122 226 1223 233 1172 233 39
1171 229 1123 229 1227 237 1177 237 59
1170 235 1122 235 1227 243 1176 243 57
1165 242 1117 242 1223 251 1170 251 56
1170 243 1121 244 1227 253 1175 253 45
1166 247 1118 247 1225 257 1172 257 38
1167 261 1118 261 1227 273 1173 273 74
1166 258 1117 258 1225 269 1171 269 53
1166 263 1116 263 1225 275 1171 275 45
1164 269 1114 269 1223 281 1168 281 39
1166 279 1117 280 1227 293 1172 293 68
1167 291 1117 291 1227 305 1172 306 94
1162 294 1112 294 1223 309 1167 309 84
1164 319 1113 319 1225 337 1169 337 63
1167 323 1116 323 1227 341 1172 342 101
1165 335 1113 335 1227 355 1171 355 75
1164 339 1114 340 1225 359 1171 360 114
