163 300 78 300 79 325 44 324 76
163 309 78 308 79 335 38 334 85
130 182 79 182 85 183 32 183 280
134 180 86 180 89 181 37 181 111
134 185 86 185 89 187 37 187 108
173 297 88 296 91 321 23 321 64
165 194 120 192 125 195 75 195 132
222 262 142 259 165 279 79 279 45
244 273 160 272 189 291 93 290 14
241 269 157 268 187 287 90 286 16
246 259 163 259 191 275 96 275 18
256 260 171 259 201 279 97 277 13
268 284 190 285 213 307 117 306 12
248 85 212 89 225 81 186 83 167
249 179 213 179 225 181 186 181 175
248 177 211 177 223 179 184 179 52
247 183 211 183 223 185 184 185 59
275 292 198 293 221 315 129 316 19
274 302 195 301 221 327 126 327 15
250 81 214 81 227 75 188 75 184
252 82 216 83 229 77 190 77 130
250 93 214 94 227 89 188 89 160
254 185 221 185 229 187 192 187 57
286 289 207 288 231 311 137 311 26
284 292 205 291 229 315 135 314 21
259 79 222 79 235 73 195 73 105
263 81 227 81 239 75 200 75 63
293 257 213 257 239 273 145 273 38
296 269 216 268 241 287 145 286 39
295 273 213 273 239 291 143 291 26
296 273 215 274 241 291 144 291 23
293 281 212 281 239 305 140 303 24
273 83 238 83 249 77 211 77 69
266 95 231 95 245 91 207 91 85
268 95 233 95 247 91 210 91 66
270 101 235 101 249 97 212 97 31
298 247 220 247 247 261 155 261 71
298 260 218 260 245 277 151 276 45
270 83 235 83 253 79 215 79 61
269 87 233 87 251 83 214 83 57
302 240 224 240 251 253 159 253 60
302 244 224 243 251 257 159 257 52
307 285 227 285 255 307 159 307 30
278 85 243 85 261 81 221 80 65
277 89 242 89 259 85 223 85 108
284 183 255 183 261 185 229 185 93
307 240 229 240 257 253 163 253 86
306 249 229 249 257 263 165 263 67
280 85 246 85 263 81 223 80 93
281 91 247 91 263 87 227 87 97
288 93 256 93 271 89 237 89 164
293 179 261 179 271 181 241 181 155
296 175 265 175 279 177 246 177 57
345 162 318 162 333 163 305 163 106
343 160 316 159 331 161 303 160 46
340 163 314 166 329 167 301 168 55
343 166 316 166 331 167 303 167 60
348 160 322 160 337 161 309 160 66
353 76 328 75 343 75 321 74 111
353 82 327 82 343 81 320 81 109
356 171 330 171 345 173 322 173 80
357 42 339 41 351 39 333 39 463
357 80 331 80 347 79 324 79 110
357 121 340 121 351 121 334 121 52
357 127 340 127 351 127 334 127 76
359 34 341 34 353 31 335 31 350
362 57 345 56 357 55 339 57 168
362 66 345 66 357 65 340 66 209
361 125 344 125 355 125 338 125 76
367 29 351 30 363 27 341 27 42
364 37 348 38 361 35 343 35 138
364 62 347 62 359 61 342 61 269
369 119 351 118 363 119 346 119 99
367 128 354 129 363 129 344 129 123
366 171 352 171 361 173 337 173 38
365 175 350 175 359 177 344 177 38
370 41 353 41 365 39 348 39 150
372 39 355 39 367 37 350 37 158
372 48 355 49 367 47 350 47 184
370 66 353 66 365 65 348 65 181
371 125 356 125 367 125 355 125 125
370 167 355 167 367 169 352 169 27
375 25 361 26 371 23 356 23 111
380 41 363 42 375 39 358 40 163
378 39 361 39 373 37 356 37 158
376 43 359 44 371 41 354 41 98
376 55 359 55 371 51 354 53 188
380 49 363 50 375 47 358 48 240
378 63 360 61 373 59 355 59 205
380 70 362 70 375 69 357 69 354
378 167 362 167 373 169 356 169 338
378 173 360 173 373 175 354 175 342
383 20 365 20 379 17 356 17 114
383 37 368 37 379 35 361 35 140
382 56 365 56 377 55 360 53 268
384 61 367 61 379 59 362 59 204
382 119 368 118 377 119 360 119 127
386 131 369 131 381 131 364 131 270
384 196 363 196 377 199 355 198 185
388 195 367 194 381 197 359 197 45
384 239 366 239 381 243 358 244 680
389 33 372 34 385 31 367 31 79
392 121 375 121 387 121 370 121 163
390 124 373 124 385 125 368 125 141
390 128 373 128 385 129 368 129 309
390 135 373 132 385 133 368 135 157
388 135 371 131 383 133 366 135 135
392 163 375 161 387 165 370 165 87
388 167 371 167 383 169 366 169 72
392 204 371 204 385 207 363 207 245
383 205 369 206 383 209 361 209 386
393 31 376 32 389 29 371 29 77
393 41 376 41 389 39 372 39 151
395 57 378 57 391 53 374 51 132
395 80 378 80 391 79 374 79 139
397 78 380 78 393 77 376 77 108
397 84 381 84 393 83 376 83 78
394 125 377 128 389 129 372 127 215
394 165 377 165 389 167 372 167 113
398 169 381 169 393 171 376 171 157
396 171 379 171 391 173 374 173 57
398 175 381 175 393 177 376 177 181
412 319 357 320 391 339 334 337 18
404 45 387 45 399 43 383 43 78
408 41 388 41 403 39 383 39 41
411 204 391 203 405 207 385 207 271
407 209 387 210 401 213 381 213 195
419 334 370 333 403 353 338 354 58
423 342 370 342 405 363 347 362 19
416 197 398 197 411 201 392 201 139
414 202 397 201 409 205 389 205 300
416 210 398 209 411 213 392 213 379
413 221 397 221 409 225 391 224 365
413 217 393 218 407 221 387 222 338
416 225 398 225 411 229 393 229 176
413 234 393 234 407 239 386 239 495
428 299 377 297 411 315 355 313 263
424 330 374 331 407 351 350 350 67
427 328 375 327 409 347 352 346 110
420 34 403 34 417 31 399 31 18
422 210 404 211 417 215 399 213 296
418 217 400 217 413 221 394 220 289
422 227 404 227 417 231 399 231 203
431 287 381 287 415 301 359 301 198
433 291 384 291 417 305 362 305 300
431 296 381 295 415 311 361 310 311
434 312 384 312 417 329 361 329 203
431 333 381 333 413 353 359 352 112
423 194 405 194 419 197 400 197 181
426 202 408 202 421 205 403 205 265
424 200 406 200 419 203 401 203 278
426 223 408 223 421 229 403 227 225
436 286 388 287 421 301 367 301 208
437 296 388 296 421 311 367 311 250
436 306 388 307 421 323 368 323 270
429 202 411 202 425 205 407 205 171
430 219 412 218 425 223 407 221 155
433 223 416 223 429 227 412 227 105
430 225 412 225 425 229 407 229 140
431 232 412 232 425 237 405 237 194
434 40 417 41 431 39 414 39 109
436 39 419 39 433 37 416 37 86
438 43 421 43 435 41 418 41 120
435 219 419 219 431 223 414 222 165
439 225 422 225 435 229 418 229 60
435 225 418 225 431 229 414 229 86
437 237 415 238 431 243 410 243 164
440 247 418 247 435 253 411 253 100
438 258 412 258 431 265 403 265 279
447 300 406 301 435 313 392 313 93
446 327 399 326 431 345 378 344 53
445 20 429 20 441 17 423 17 119
444 34 427 35 441 33 424 33 153
442 41 425 41 439 39 422 39 144
444 46 427 47 441 45 424 45 275
444 53 427 55 441 53 425 51 581
443 221 426 219 439 225 421 223 54
443 227 426 227 439 231 422 231 63
442 234 423 235 437 239 418 239 69
447 267 418 267 439 275 408 275 134
456 330 405 328 441 349 386 349 28
451 335 400 334 437 355 380 354 42
454 339 401 339 441 359 383 359 40
445 29 427 27 443 27 426 27 53
449 33 433 33 447 31 430 31 76
445 39 429 39 443 37 426 37 153
445 48 429 48 443 47 426 46 313
446 188 430 187 443 191 427 193 65
447 217 432 217 445 223 428 221 24
447 223 430 223 443 227 426 227 40
452 244 430 244 447 249 424 249 65
449 245 427 245 443 251 420 251 49
453 254 428 254 447 261 421 260 79
454 264 426 263 447 271 418 271 78
452 262 424 261 445 269 416 269 98
450 271 422 270 443 279 413 278 66
455 283 422 283 447 293 411 293 34
455 291 419 291 445 303 405 302 16
456 325 408 325 443 343 390 343 32
451 19 434 20 449 17 431 17 170
455 27 438 27 453 25 436 25 136
453 50 437 50 451 49 435 49 185
455 59 440 60 453 59 437 59 263
451 73 433 71 449 73 435 71 147
453 77 438 77 451 77 435 77 130
450 78 435 79 449 79 432 78 195
451 128 435 128 449 129 433 128 232
455 132 440 132 453 133 438 133 101
451 133 436 133 449 135 433 135 229
455 167 439 166 453 169 437 168 104
454 171 439 171 451 173 435 173 87
455 175 439 175 453 177 437 177 99
456 203 441 204 453 207 437 207 27
452 205 437 205 449 209 434 208 23
454 205 439 206 451 209 436 210 21
453 240 433 239 449 245 428 245 45
455 253 430 253 449 259 423 259 90
457 258 431 258 451 265 423 265 112
456 267 428 267 449 275 420 275 56
462 293 424 294 453 305 412 306 14
462 311 419 311 451 327 403 325 15
466 333 415 333 453 353 396 353 35
467 340 416 340 453 361 397 361 48
459 29 442 29 457 27 440 27 231
457 31 441 31 455 29 438 29 125
461 47 445 45 457 43 441 42 95
460 62 446 62 459 61 444 61 230
457 79 442 80 455 79 441 79 79
459 89 443 88 457 89 442 89 92
455 125 441 125 455 127 437 125 98
458 128 443 128 455 129 441 129 78
459 134 445 134 457 135 443 135 137
457 133 443 134 455 135 441 135 87
460 200 446 199 457 203 442 202 16
460 205 446 206 457 209 443 209 17
458 219 443 219 455 223 439 222 24
460 247 438 247 455 253 431 253 67
460 251 435 249 455 257 429 256 70
463 258 437 258 457 265 430 265 94
465 282 431 282 457 291 421 292 16
466 326 420 324 455 343 401 343 36
463 33 447 33 461 31 445 31 313
465 62 450 61 463 61 448 60 156
462 59 448 59 461 59 446 59 108
467 226 451 226 465 231 447 231 25
465 225 447 223 461 229 444 228 23
468 242 448 241 465 247 442 247 79
469 253 447 252 465 259 439 259 67
471 256 446 256 465 263 439 263 90
467 265 440 265 461 273 433 272 43
470 271 440 271 463 279 432 279 37
472 278 440 278 465 287 430 286 15
474 303 433 302 465 317 417 319 19
471 312 424 311 461 327 409 325 20
476 329 428 328 465 347 408 348 36
476 334 426 334 465 355 407 354 37
470 67 457 67 469 67 455 67 229
472 73 459 73 471 73 458 73 128
472 104 459 104 471 105 458 105 82
468 106 455 106 467 107 457 109 60
466 135 455 133 467 135 454 134 48
470 137 458 137 469 139 456 139 56
468 139 456 140 467 141 454 141 58
468 169 456 168 467 171 453 171 41
471 173 458 173 469 175 456 175 55
468 174 456 175 467 177 453 177 45
470 214 455 214 469 217 454 217 23
475 255 453 254 471 261 446 261 52
474 260 448 260 469 267 441 267 77
476 265 448 265 469 273 440 273 52
478 286 445 285 471 297 431 298 19
477 310 433 308 469 323 421 324 22
481 319 435 320 471 339 417 337 22
478 325 430 325 467 343 413 343 38
475 22 464 22 475 21 463 21 479
475 49 461 49 473 47 457 45 136
478 75 465 74 477 75 465 76 138
478 73 465 72 477 73 465 73 197
474 76 461 77 473 77 460 77 146
477 78 465 78 477 79 465 79 202
477 82 465 83 477 83 465 85 119
474 100 461 100 473 101 460 101 65
474 133 461 133 473 135 459 134 79
474 139 462 139 473 141 461 141 62
478 142 466 142 477 143 465 141 47
478 149 466 148 477 151 465 150 32
478 154 466 153 477 157 464 155 36
478 166 466 165 477 169 463 169 43
473 168 460 168 473 171 460 171 128
474 175 462 175 473 177 461 177 51
474 177 462 177 473 179 459 179 62
478 188 466 188 477 191 465 189 30
475 215 461 215 473 219 459 219 42
477 211 463 211 473 215 460 214 45
476 219 461 219 473 223 457 223 24
478 219 463 219 475 223 461 223 22
477 227 461 226 475 231 457 231 23
479 247 457 247 475 253 453 252 100
480 285 447 284 473 295 437 294 14
483 288 449 288 475 299 440 297 21
488 324 439 324 477 343 424 342 37
489 336 437 336 477 357 421 357 36
480 18 469 18 479 17 467 17 600
483 29 472 29 483 29 472 29 162
482 59 470 60 483 61 471 62 117
480 57 467 57 481 59 467 58 147
484 69 472 69 483 69 471 69 197
481 80 470 81 481 81 469 81 131
484 139 473 137 483 141 471 139 30
482 145 471 146 481 147 469 148 37
483 144 472 146 483 147 471 148 33
485 227 470 226 483 231 465 231 31
484 240 464 240 481 245 460 245 62
487 243 466 243 483 249 461 249 101
489 284 458 285 481 295 450 295 21
487 292 449 291 479 303 439 303 16
490 293 451 293 483 305 441 305 19
490 313 446 313 481 329 432 329 20
492 319 443 318 483 335 432 335 25
493 330 443 330 483 349 428 349 30
488 18 477 19 489 19 478 20 74
487 31 477 31 487 31 477 31 211
485 35 474 35 485 35 474 35 232
489 39 478 39 489 39 478 39 401
487 47 477 49 487 47 477 48 525
490 77 478 76 489 77 478 77 138
485 76 474 76 485 77 473 77 154
485 84 474 84 485 85 473 86 148
487 113 476 113 487 115 475 115 15
490 144 479 145 489 147 478 148 29
486 195 473 193 485 199 471 201 26
487 210 476 209 487 213 468 213 48
486 213 473 213 485 217 471 217 34
485 223 469 223 485 227 468 227 26
490 236 471 236 487 241 467 241 52
491 241 469 242 487 247 465 247 129
491 249 468 249 487 255 465 254 108
492 250 469 250 487 257 463 257 121
490 262 460 263 489 269 459 269 124
494 269 468 267 489 277 461 275 26
496 315 451 315 487 331 438 330 50
496 321 448 321 487 339 434 339 31
496 326 449 326 487 345 433 345 36
499 331 449 331 489 351 433 351 46
493 37 483 37 493 37 483 37 102
491 37 480 37 491 37 481 37 172
491 61 479 61 491 61 479 62 298
491 71 479 71 491 71 479 71 126
495 94 485 94 495 95 485 95 88
495 145 485 144 495 147 483 145 72
492 213 478 213 491 217 477 217 54
492 219 479 219 491 223 476 223 40
497 260 469 260 495 267 464 267 77
498 307 454 307 491 321 444 321 26
503 315 458 314 495 331 445 331 26
501 318 455 318 493 335 442 334 25
502 324 453 324 493 343 439 343 33
497 35 487 36 497 35 487 36 50
497 44 487 44 497 45 487 45 59
498 43 489 43 499 43 489 43 63
498 70 485 68 497 69 485 68 180
500 79 491 81 501 81 490 80 228
497 84 489 86 497 85 489 87 175
501 182 493 182 501 185 493 185 313
502 204 491 203 501 207 490 207 113
499 217 485 217 497 221 483 221 90
503 221 487 221 501 225 486 225 83
500 221 485 221 499 225 484 225 122
503 226 486 226 501 231 483 231 61
501 240 481 240 499 245 478 245 95
499 276 469 275 497 283 464 282 14
505 298 465 298 497 311 453 311 16
508 326 458 327 499 345 445 345 19
506 89 497 89 507 91 498 91 482
507 105 498 105 507 107 498 107 335
503 186 495 186 503 189 494 189 222
505 198 496 198 505 201 496 199 245
503 194 495 194 503 197 494 197 296
509 205 499 205 507 209 495 209 261
505 210 492 209 503 213 492 213 74
506 225 490 224 505 229 488 229 90
509 228 492 228 507 233 489 233 99
507 236 488 236 505 241 485 241 133
507 252 480 253 503 259 477 259 94
509 256 483 256 505 263 478 263 68
507 258 481 258 503 265 476 265 82
508 265 480 265 503 273 473 273 51
514 309 469 311 507 325 461 323 15
508 77 500 80 509 79 498 78 131
510 87 501 88 511 89 502 89 164
508 166 505 166 509 169 506 169 417
512 172 507 172 513 175 508 176 244
513 180 506 180 513 183 507 183 246
509 202 500 201 509 205 500 205 130
514 219 500 219 513 223 498 223 82
511 234 493 234 509 239 490 239 118
516 294 478 294 511 307 468 307 22
514 103 511 103 515 105 512 105 251
517 98 514 98 519 101 516 101 153
514 124 511 124 515 127 512 127 133
518 126 514 126 519 129 515 129 85
518 134 514 134 519 137 515 137 97
514 138 510 138 515 141 511 141 152
514 148 510 148 515 151 511 151 184
519 180 512 180 519 183 512 183 372
518 176 514 176 519 179 515 179 373
517 190 506 190 517 193 506 192 289
519 194 508 194 519 197 508 196 246
518 217 503 217 517 221 502 221 100
517 242 497 242 515 247 497 249 35
522 298 482 298 517 311 472 311 22
519 110 516 110 521 113 518 113 89
519 120 514 119 521 123 516 122 162
524 124 520 124 525 127 521 127 92
524 142 520 142 525 145 521 145 106
521 184 510 184 521 187 510 187 532
521 190 510 190 521 193 510 192 225
521 207 510 207 521 211 510 211 120
521 211 507 211 521 215 509 215 111
522 219 507 219 521 223 506 223 115
522 225 507 224 521 229 505 229 120
524 232 506 232 523 237 504 237 101
523 239 502 240 521 245 501 245 89
524 268 496 268 521 277 490 276 20
526 293 487 293 521 305 480 305 32
528 295 490 294 523 307 482 307 15
528 113 524 113 529 115 525 115 54
526 121 521 120 527 123 523 123 77
527 126 524 127 529 129 525 129 60
529 126 526 126 531 129 527 129 101
529 130 525 130 531 133 527 133 70
529 136 526 136 531 139 527 139 71
528 134 524 134 529 137 525 137 54
527 138 524 138 529 141 525 141 88
529 140 525 140 531 143 527 143 128
528 144 524 144 529 147 525 147 73
526 150 522 150 527 153 523 153 94
530 154 526 154 531 157 527 157 60
526 156 522 156 527 159 523 159 40
526 162 522 162 527 165 523 165 55
529 192 518 192 529 195 517 195 155
531 196 519 196 531 199 519 199 141
531 207 520 207 531 211 520 211 90
530 230 513 230 529 235 511 235 78
530 261 502 260 527 269 498 269 20
531 98 528 98 533 101 530 101 97
531 106 528 106 533 109 530 109 61
534 114 530 115 535 117 531 117 111
532 116 528 116 533 119 529 119 54
536 122 532 122 537 125 533 125 63
534 142 530 142 535 145 531 145 53
534 146 530 146 535 149 531 149 75
534 156 530 156 535 159 531 159 46
532 158 528 158 533 161 529 161 66
537 192 525 192 537 195 525 195 250
535 198 523 197 535 201 523 201 308
534 202 522 202 533 205 521 205 110
533 211 521 211 533 215 520 215 173
534 226 517 226 533 231 516 231 87
533 230 516 230 533 235 515 235 50
537 234 519 234 537 239 517 239 34
541 259 511 259 537 269 508 269 20
537 108 534 109 539 111 535 111 141
540 105 536 104 541 107 538 107 105
542 111 538 110 543 113 539 113 107
539 120 536 121 541 123 537 123 73
542 136 538 136 543 139 539 139 45
537 140 534 140 539 143 535 143 105
542 148 538 148 543 151 539 151 41
538 160 534 160 539 163 535 163 69
542 164 538 164 543 167 539 167 63
540 174 536 174 541 177 537 177 172
543 201 531 201 543 205 531 205 224
541 205 530 205 541 209 530 209 159
543 98 540 98 545 101 542 101 81
544 113 540 113 545 115 541 115 81
547 120 543 120 549 123 545 123 69
544 148 540 148 545 151 541 151 59
548 150 544 150 549 153 545 153 58
544 154 540 154 545 157 541 157 53
547 182 536 182 547 185 536 185 120
549 192 537 191 549 195 537 195 176
544 188 533 188 545 191 533 191 378
545 196 533 195 545 199 533 199 123
545 213 533 213 545 217 533 217 47
549 75 541 75 555 77 547 75 8
550 103 546 102 551 105 548 105 78
553 100 550 101 555 103 552 103 105
554 120 550 120 555 123 552 124 118
552 119 548 119 553 121 549 121 67
554 126 550 126 555 129 551 129 69
550 136 546 136 551 139 547 139 76
554 144 549 144 555 147 551 147 94
554 176 545 176 555 179 545 179 160
554 182 544 182 555 185 545 185 245
552 184 541 184 553 187 542 187 159
552 189 541 189 553 193 542 193 210
553 207 541 207 553 211 542 211 90
556 219 540 219 555 223 538 223 40
555 270 524 270 553 279 520 279 14
558 268 529 269 555 277 524 277 11
550 47 546 48 557 51 548 51 12
555 106 552 106 557 109 554 108 98
560 118 556 118 561 121 558 121 152
559 126 556 126 561 129 558 129 109
555 130 553 130 557 133 553 133 228
560 132 556 132 561 135 557 135 115
560 166 555 166 561 169 556 169 77
556 186 546 186 557 189 547 189 173
560 184 551 184 561 187 552 187 139
560 190 550 189 561 193 551 193 307
558 205 547 205 559 209 548 209 93
557 209 545 209 557 213 546 213 66
559 280 525 280 557 291 521 290 9
562 284 529 283 561 295 521 296 9
560 319 513 318 559 337 506 336 11
564 106 560 106 565 109 562 109 177
565 122 562 122 567 125 563 125 79
565 124 561 124 567 127 563 127 146
563 131 560 130 565 133 561 133 88
562 142 557 142 563 145 559 145 75
563 150 559 150 565 153 560 153 92
564 168 559 168 565 171 560 171 80
562 180 553 180 563 183 554 183 127
562 188 552 188 563 191 553 191 248
562 203 553 203 563 207 553 207 92
566 209 553 209 567 213 555 213 82
565 219 553 218 567 223 552 223 27
563 219 547 219 565 223 550 223 22
565 224 550 224 565 229 548 229 21
562 243 538 243 563 249 538 249 18
564 252 538 252 563 259 536 259 15
567 102 564 102 569 105 566 105 117
567 108 563 108 569 111 565 111 98
569 112 565 112 571 115 567 115 82
571 116 567 116 573 119 568 119 96
569 118 565 118 571 121 567 121 196
567 126 563 126 569 129 565 129 148
571 138 567 138 573 141 569 141 92
568 142 564 142 569 145 565 145 169
568 148 563 148 569 151 564 151 169
567 161 562 161 569 161 564 160 82
570 166 565 166 571 169 566 169 83
568 223 552 223 569 227 553 227 33
569 243 546 243 569 249 545 249 18
571 252 546 252 571 259 545 259 20
573 321 524 320 571 339 518 337 18
573 108 569 108 575 111 571 111 193
576 107 571 106 577 109 573 109 161
575 112 571 112 577 115 573 115 298
575 117 571 118 577 121 573 121 71
575 134 571 134 577 137 573 137 213
575 178 570 178 577 181 571 181 114
578 184 572 184 579 187 573 187 100
578 192 572 191 579 195 573 195 73
574 188 568 188 575 191 569 191 137
574 194 568 194 575 197 569 197 120
574 199 567 199 577 203 567 202 49
574 203 563 203 575 207 562 207 53
574 209 561 209 575 213 558 213 33
575 213 562 213 577 217 562 217 28
580 238 560 238 579 243 563 245 42
577 261 549 261 577 269 545 268 34
575 279 541 277 577 289 538 288 13
578 301 536 300 577 315 534 314 10
583 80 577 80 581 83 573 83 19
583 101 579 101 583 105 579 105 186
583 110 579 110 585 113 581 113 99
579 123 575 122 581 125 577 124 89
581 138 577 138 583 141 579 141 303
583 140 579 140 585 143 581 143 121
583 153 579 153 585 157 581 157 173
582 158 577 158 583 161 579 161 172
579 195 573 195 581 199 575 199 82
582 207 569 207 583 211 571 211 23
582 211 570 211 583 215 571 215 20
581 224 563 224 581 229 563 229 98
580 230 562 230 581 235 562 235 84
580 237 559 237 581 243 560 243 39
577 261 548 260 581 271 550 271 27
583 278 549 278 583 289 546 289 19
580 285 545 286 581 297 542 296 13
585 296 546 296 585 309 542 309 14
581 303 539 303 581 317 535 317 17
582 311 535 311 581 327 532 327 16
584 341 529 339 583 363 521 361 24
589 78 581 78 587 81 579 81 16
586 104 581 104 587 107 583 107 161
589 112 585 112 591 115 587 115 138
585 116 581 116 587 119 582 120 294
590 156 585 156 591 159 587 159 278
588 160 583 160 589 163 584 163 299
590 162 585 162 591 165 586 165 189
590 184 583 184 591 187 585 187 93
588 192 581 191 589 195 583 195 78
587 189 581 189 589 193 582 193 115
586 209 574 209 587 213 575 213 27
586 222 568 222 587 227 568 227 67
586 232 567 232 587 237 567 237 53
590 237 569 238 591 243 569 243 52
589 241 566 240 589 247 567 247 22
586 247 562 247 587 253 562 253 22
589 246 564 247 589 253 564 253 26
586 264 553 265 591 273 559 273 30
586 269 556 268 587 277 554 277 27
596 89 592 89 597 93 593 93 86
591 108 587 108 593 111 589 110 116
594 113 589 114 595 117 590 118 98
596 109 591 110 597 113 594 111 110
595 120 591 120 597 123 592 123 192
595 130 591 130 597 133 593 133 124
594 136 590 136 595 139 591 139 228
595 150 591 150 597 153 592 153 159
596 158 591 158 597 161 593 161 207
596 164 591 164 597 167 592 167 261
593 171 587 172 593 177 587 177 194
593 181 587 182 595 185 588 185 161
595 183 589 184 597 187 590 187 195
592 224 574 224 593 229 575 229 62
592 230 574 230 593 235 574 235 81
593 240 572 241 595 247 571 247 27
593 262 565 262 595 271 563 271 18
594 266 563 267 595 275 563 275 20
593 320 545 320 593 339 541 338 13
600 93 595 94 601 97 597 97 189
601 92 597 92 603 95 598 96 184
599 112 595 112 601 115 597 115 83
597 132 593 132 599 135 595 135 165
599 138 595 138 601 141 597 141 275
599 144 595 144 601 147 596 147 127
597 146 593 146 599 149 594 149 253
599 162 595 162 601 165 596 165 339
599 172 595 171 601 175 596 175 148
601 184 595 183 603 187 596 187 268
602 191 595 191 603 195 596 195 130
597 205 587 205 599 209 588 209 39
597 211 585 211 599 215 587 215 19
601 217 587 216 603 221 588 221 24
601 228 583 228 603 233 583 233 37
602 233 579 235 601 241 583 239 20
599 250 575 250 601 257 575 257 18
598 258 569 259 599 267 569 267 15
599 253 574 253 601 263 574 262 16
597 265 568 265 599 273 567 273 26
599 276 571 275 601 287 566 287 16
598 291 561 292 601 305 559 304 11
600 321 551 321 601 339 548 339 11
598 324 549 325 599 343 549 343 12
598 329 547 329 599 349 542 348 15
598 337 539 336 599 359 539 358 14
605 72 601 72 607 75 603 75 52
607 80 603 80 609 83 605 83 259
607 102 602 103 609 105 604 106 209
607 128 602 128 609 131 604 131 107
605 174 600 173 607 177 602 177 102
607 181 600 181 609 185 602 185 185
603 187 596 187 605 191 598 191 282
605 194 597 194 607 197 599 197 211
607 197 599 197 609 201 601 201 87
603 201 594 201 607 205 599 205 82
604 207 592 207 605 211 593 211 33
607 213 592 212 605 217 594 217 28
601 245 573 244 605 251 580 251 25
609 312 559 311 609 331 559 331 12
605 322 559 321 607 341 553 340 16
605 324 556 324 607 343 553 343 11
607 328 556 329 609 349 553 349 14
607 335 554 336 609 357 550 357 15
611 72 607 72 613 75 609 75 59
609 76 605 76 611 79 607 79 173
611 116 606 116 613 119 607 119 93
609 122 604 122 611 125 605 125 62
612 122 606 122 613 125 606 125 62
613 128 608 128 615 131 610 131 78
611 140 606 140 613 143 608 143 104
609 146 604 146 611 149 606 149 70
611 154 606 153 613 157 608 157 82
613 159 608 159 615 165 610 165 63
608 177 603 178 611 181 605 181 162
613 183 604 184 615 187 606 187 152
611 192 602 191 613 195 604 195 200
613 199 604 199 615 203 606 203 169
609 201 600 201 611 205 602 205 93
612 237 590 238 613 243 593 243 20
611 264 582 264 615 273 584 273 22
612 285 577 285 615 297 576 297 7
611 341 556 341 613 363 552 363 13
619 100 614 100 621 103 616 102 120
619 120 613 120 621 123 617 122 113
617 126 612 126 619 129 614 129 71
618 133 613 131 619 139 614 137 242
617 134 612 133 619 137 614 135 67
617 191 607 191 619 195 609 195 186
619 203 610 203 621 207 611 207 71
615 205 607 205 617 209 608 209 74
618 210 607 210 621 215 609 215 59
615 222 600 222 617 227 599 227 47
614 233 595 233 617 239 597 239 42
618 235 600 236 621 241 601 241 39
614 252 588 252 617 259 589 259 25
616 273 584 273 619 283 584 283 27
614 282 579 281 617 293 579 295 11
614 288 577 289 617 299 577 299 8
616 309 572 309 619 325 570 325 8
618 326 568 326 621 345 566 345 10
620 86 615 86 623 89 618 89 177
623 100 618 100 625 103 620 102 255
621 104 616 104 623 107 618 106 172
625 150 619 150 627 153 621 153 101
621 148 615 147 623 151 617 150 38
625 164 619 163 627 167 620 166 27
623 177 613 178 625 181 615 181 84
625 183 615 184 627 187 617 187 58
621 181 611 182 623 185 613 185 94
625 191 615 191 627 195 617 195 53
621 201 612 201 623 205 613 205 49
623 218 610 218 627 223 613 223 94
625 226 607 226 627 231 609 231 81
623 234 603 233 625 239 605 239 43
624 264 594 264 627 273 595 273 50
627 96 621 96 629 99 624 99 196
631 108 625 109 633 111 627 112 141
629 110 624 109 631 113 626 112 97
627 124 621 125 629 127 624 126 114
631 124 625 124 633 127 628 127 158
629 122 623 122 631 125 626 124 240
629 128 624 128 631 131 626 130 205
631 154 624 153 633 157 626 156 55
627 154 621 154 629 157 623 157 51
629 170 623 170 631 173 624 172 84
627 185 617 185 629 189 619 189 50
629 203 619 203 631 207 622 207 44
627 207 616 207 629 211 618 211 67
629 215 616 215 631 219 618 219 52
631 211 620 211 633 215 621 215 66
626 220 612 220 629 225 614 225 70
629 230 610 230 631 235 612 235 64
630 235 611 235 633 241 612 241 90
626 237 606 237 629 243 608 243 50
628 266 598 266 631 275 599 275 54
626 312 582 312 631 329 582 330 11
627 321 579 324 631 341 576 341 11
635 98 629 99 637 101 632 100 144
637 104 631 104 639 107 634 107 146
635 132 629 132 637 135 631 135 263
637 171 630 171 639 175 632 175 85
635 176 623 176 635 179 625 179 151
633 185 623 185 635 189 625 189 56
637 189 627 189 639 193 629 193 330
633 191 623 191 635 195 625 195 230
633 201 624 201 635 205 626 205 140
635 224 617 224 635 229 619 229 86
633 242 609 242 635 249 610 249 53
636 246 613 247 639 253 614 253 85
632 262 603 262 635 271 605 271 56
635 304 592 303 639 317 593 317 7
634 324 585 324 639 343 585 343 13
634 335 579 335 639 357 581 357 14
633 340 580 341 639 363 579 363 14
641 100 636 99 643 103 638 102 275
641 106 635 106 643 109 637 109 235
643 140 636 140 645 143 638 143 168
641 148 634 148 643 151 636 151 93
641 154 634 153 643 157 636 156 133
643 164 636 164 645 167 638 167 83
639 168 632 167 641 171 634 171 87
641 179 631 179 643 183 634 182 197
640 185 631 185 643 189 633 188 280
643 193 632 194 645 197 635 198 407
638 313 595 310 643 329 593 328 12
636 320 592 321 641 339 589 339 10
638 335 585 335 643 357 583 357 15
636 337 582 337 641 359 581 359 17
644 55 639 55 647 57 642 57 178
648 50 643 50 651 53 646 53 61
644 66 639 66 647 69 642 69 126
649 96 643 96 651 99 645 99 220
649 102 643 102 651 105 646 104 223
645 118 640 118 647 121 642 121 226
648 131 643 133 651 135 645 135 140
646 143 639 143 649 147 642 147 139
649 154 641 154 651 157 643 159 100
649 166 641 165 651 169 644 169 173
645 164 638 164 647 167 640 167 90
645 183 635 183 647 187 637 187 300
647 185 637 185 649 189 639 189 311
648 191 635 189 651 195 638 193 339
648 207 633 207 651 211 637 212 126
643 216 631 216 647 221 631 221 45
647 226 629 226 647 231 627 231 115
648 235 627 235 651 241 628 241 38
644 293 605 292 649 305 608 305 14
641 340 587 340 647 363 586 363 13
642 337 589 337 649 359 590 359 14
655 40 650 42 657 43 649 42 18
654 60 648 59 657 63 651 62 97
651 65 645 64 653 67 648 67 83
655 102 650 101 657 105 652 104 296
653 98 647 98 655 101 649 101 188
651 124 645 124 653 127 647 127 281
653 127 647 127 655 131 649 131 140
653 136 647 136 655 139 649 139 340
653 150 646 150 655 153 648 153 164
651 157 643 158 653 161 646 161 97
651 161 644 161 653 165 646 165 139
652 199 637 199 655 203 640 203 200
654 216 640 216 657 221 642 221 46
650 235 630 235 653 241 631 241 35
652 256 625 256 657 265 628 263 18
651 283 615 283 657 295 618 295 19
648 289 611 288 653 301 613 301 40
649 293 612 293 655 305 615 305 18
646 319 600 319 653 337 601 337 6
647 323 597 322 653 341 601 341 10
647 333 595 333 653 355 591 353 12
650 337 597 337 657 359 598 359 9
651 341 599 340 657 363 597 363 13
660 110 654 110 663 113 657 113 120
660 116 654 116 663 119 657 119 94
658 124 653 121 661 125 655 125 92
659 140 652 139 661 143 655 142 162
658 149 652 150 661 153 654 153 43
657 165 650 165 659 169 652 169 104
659 168 652 167 661 171 654 171 67
659 179 643 179 661 183 645 183 329
656 183 642 183 659 187 645 187 341
656 189 642 189 659 193 645 192 276
658 201 643 201 661 205 645 205 130
660 205 645 204 663 209 648 209 188
660 222 645 222 663 227 648 227 59
655 261 626 258 659 267 630 268 12
652 288 617 289 659 301 619 301 18
655 339 602 339 663 361 604 361 9
664 83 658 82 667 85 661 84 86
664 81 658 80 667 83 661 83 92
666 94 660 94 669 97 663 95 125
664 150 658 149 667 153 660 153 36
662 152 656 151 665 155 658 155 44
665 160 658 159 667 163 660 163 75
665 166 658 165 667 169 661 169 72
667 171 660 171 669 175 662 175 102
667 177 660 177 669 181 662 181 127
668 201 649 200 667 205 652 205 430
661 218 648 218 665 223 651 223 84
662 237 641 237 665 243 645 243 23
663 237 644 237 667 243 646 243 35
663 243 641 242 667 249 645 249 43
661 262 631 261 665 271 635 270 10
659 290 622 290 667 303 627 303 20
658 294 618 293 665 307 624 307 25
661 316 616 316 669 333 619 333 10
660 319 614 319 667 337 610 338 9
661 323 613 323 669 341 613 341 8
661 329 614 329 669 349 618 348 17
661 333 609 333 669 353 612 354 10
671 76 664 76 673 79 666 79 125
672 81 666 80 675 83 669 82 150
672 96 666 96 675 99 669 99 92
671 98 664 98 673 101 666 101 95
672 112 666 112 675 115 669 114 124
672 122 666 122 675 125 669 124 186
668 130 662 130 671 133 665 133 79
672 146 665 145 675 149 668 148 49
670 152 664 151 673 155 667 155 51
672 171 666 171 675 175 668 175 80
672 175 666 175 675 179 668 178 121
670 181 656 181 673 185 655 185 104
667 187 653 188 671 193 656 191 91
665 209 655 208 673 213 656 213 108
663 268 635 268 671 277 638 277 10
666 301 625 301 673 315 629 315 23
665 337 615 335 675 359 616 359 11
674 44 669 44 677 47 672 47 173
678 53 673 51 681 55 676 53 159
675 74 668 74 677 77 671 76 225
674 110 668 110 677 113 671 112 107
676 116 670 116 679 119 672 117 140
678 125 672 127 681 129 674 128 142
678 132 672 132 681 135 674 135 90
678 146 672 145 681 149 675 148 61
676 153 670 151 679 155 673 153 40
677 203 663 202 681 207 666 207 128
671 263 643 261 679 273 651 273 13
674 293 637 293 679 305 638 305 28
671 319 625 319 679 337 629 337 8
672 325 623 325 681 343 628 343 8
668 323 620 323 677 341 623 341 9
671 334 618 335 679 357 622 356 13
684 66 677 67 687 69 680 69 224
682 68 675 68 685 71 678 71 221
682 75 675 74 685 77 678 77 224
680 106 673 106 683 109 676 109 117
682 110 676 110 685 113 678 112 141
682 130 676 129 685 133 678 133 151
684 134 677 134 687 137 680 137 128
682 148 676 148 685 151 678 151 97
682 161 676 161 685 165 679 163 62
679 185 665 185 683 189 669 189 82
680 207 667 206 685 211 670 211 401
678 269 649 268 685 277 654 277 6
685 289 644 287 687 301 645 300 11
683 295 644 295 687 307 646 307 11
675 303 634 303 683 317 635 317 21
676 315 629 313 685 333 636 332 9
686 77 679 76 689 79 682 79 360
686 108 679 108 689 111 682 111 188
688 118 681 119 691 121 684 122 164
686 126 680 125 689 129 682 128 179
686 132 679 132 689 135 682 135 141
686 145 679 145 689 149 682 148 143
686 151 679 149 689 155 682 153 86
686 154 680 152 689 157 682 157 85
690 154 683 155 693 157 686 158 98
686 159 680 161 689 163 682 161 81
686 165 680 165 689 169 682 169 39
688 176 681 176 691 179 684 179 141
684 179 672 179 689 183 675 183 183
687 185 673 185 691 189 677 189 136
685 226 655 226 693 233 663 231 82
686 234 655 233 693 241 661 242 117
679 321 632 321 689 339 639 339 20
682 339 629 339 693 361 635 361 10
694 55 687 54 697 57 690 56 129
694 90 687 90 697 93 690 92 210
696 88 689 88 699 91 692 90 185
694 104 687 104 697 107 690 107 189
692 138 685 137 695 141 688 140 203
694 142 687 141 697 145 690 144 283
692 159 685 159 695 163 688 162 67
695 191 679 189 699 195 684 195 213
693 197 677 196 697 201 682 201 356
692 234 661 233 699 241 666 241 89
688 245 658 245 695 253 663 253 52
689 292 651 292 697 305 660 306 23
689 323 639 323 699 341 643 341 16
700 53 693 55 703 57 696 59 159
699 79 693 76 703 79 696 79 227
700 102 693 102 703 105 696 104 146
698 108 691 108 701 111 694 111 182
702 138 695 137 705 141 698 141 225
698 140 691 139 701 143 694 143 209
700 142 693 141 703 145 696 145 234
698 155 691 155 701 159 694 159 94
698 161 691 161 701 165 693 165 54
700 170 690 169 703 173 694 174 39
695 218 664 218 703 225 670 225 103
697 283 659 282 705 295 669 295 9
693 331 645 330 705 351 650 351 14
709 28 701 28 711 31 705 30 136
704 102 697 101 707 105 701 104 129
708 104 702 103 711 107 705 106 187
706 113 699 113 709 115 702 117 218
708 128 701 128 711 131 704 131 207
706 132 699 132 709 135 702 135 215
706 143 699 143 709 147 702 147 152
708 169 698 169 711 173 702 173 14
700 309 657 307 711 325 664 325 23
700 326 651 326 711 345 655 344 14
697 329 648 329 709 349 655 349 11
713 19 707 18 717 21 711 20 133
711 26 705 27 715 29 708 27 176
709 41 703 38 713 41 706 43 250
710 68 703 68 713 71 706 71 144
712 72 705 72 715 75 708 75 99
713 71 707 70 717 73 710 73 141
714 77 707 77 717 81 710 81 239
710 108 703 108 713 111 706 111 130
710 123 703 123 713 127 706 127 178
712 132 705 132 715 135 708 135 189
707 259 670 257 717 269 678 267 66
707 299 667 299 717 313 674 313 19
705 312 662 312 717 329 668 329 20
705 316 661 316 717 333 668 333 22
704 314 660 314 715 331 667 331 20
701 319 657 320 713 337 664 338 17
719 17 711 16 721 19 713 17 67
715 36 709 36 719 39 712 38 110
720 41 713 40 723 43 716 42 69
715 54 709 54 719 57 712 56 57
718 72 711 72 721 75 714 75 213
719 108 713 108 723 111 716 111 183
718 137 711 137 721 141 714 141 199
720 142 713 141 723 145 716 145 164
716 150 709 149 719 153 712 153 112
712 216 679 217 721 223 685 225 249
713 220 681 220 723 227 688 227 325
711 231 671 229 721 239 681 240 425
712 236 676 235 723 245 684 244 314
712 286 675 287 723 299 682 297 50
710 299 670 299 721 313 678 313 21
707 321 663 321 721 339 671 339 39
721 19 715 18 725 21 718 20 102
723 25 716 25 727 27 720 27 127
725 28 719 28 729 31 722 31 138
723 61 717 60 727 63 721 62 108
725 124 719 123 729 127 722 126 253
722 130 715 129 725 133 718 133 280
723 132 718 131 727 135 720 135 313
725 144 719 143 729 147 722 147 233
724 149 717 149 727 153 720 153 231
716 259 678 259 727 269 686 269 83
714 264 677 262 725 275 685 273 82
713 305 671 305 725 321 680 321 27
715 319 665 318 727 337 677 337 27
732 31 725 30 735 33 729 33 38
729 49 723 48 733 51 726 51 75
729 47 723 46 733 49 727 48 54
728 62 720 62 731 65 725 64 154
731 65 724 64 735 67 728 66 171
727 73 721 71 731 75 724 75 252
732 149 725 149 735 153 728 153 302
729 149 723 149 733 153 726 153 455
732 157 725 157 735 161 729 161 264
721 233 682 235 733 241 691 241 272
721 262 682 261 733 273 690 271 67
719 295 682 295 731 309 688 309 16
722 307 680 307 735 323 689 323 37
722 313 679 313 735 329 688 329 30
721 326 675 326 735 345 683 345 48
719 322 672 322 733 341 682 341 29
717 325 670 326 731 345 678 345 37
737 35 731 34 741 37 735 36 65
733 45 727 44 737 47 731 46 39
735 72 728 71 739 75 732 73 260
730 94 721 94 737 95 726 96 424
733 116 726 115 737 119 730 119 364
733 134 724 133 737 137 729 137 339
735 173 730 173 739 177 730 176 151
731 190 699 190 739 195 705 195 167
729 186 693 186 737 191 700 191 111
729 234 689 234 741 243 698 243 147
727 234 688 234 739 243 697 242 154
725 238 685 238 737 247 695 247 181
729 242 689 242 741 251 693 252 291
728 248 689 247 741 257 698 257 87
728 273 688 273 741 285 698 285 24
729 304 684 303 739 321 694 321 55
727 324 680 325 741 343 689 343 32
741 49 735 48 745 51 738 50 40
741 55 735 54 745 57 738 56 64
739 55 733 54 743 57 736 56 79
742 70 736 70 747 73 740 72 199
733 221 694 221 745 229 703 229 139
733 231 697 232 745 239 705 239 251
732 238 692 238 745 247 702 247 91
731 242 691 242 743 251 700 251 184
732 256 693 257 745 267 702 267 34
730 254 690 254 743 265 700 265 38
732 267 692 267 745 279 702 279 41
732 271 691 271 745 283 701 283 28
732 275 691 275 745 287 701 287 18
733 281 695 281 745 293 703 293 20
731 308 687 307 743 323 697 323 29
747 17 740 16 751 19 744 19 67
749 33 743 32 753 35 747 34 140
751 40 743 38 753 41 749 42 224
748 64 743 64 753 67 746 66 205
747 68 740 68 751 71 744 70 252
747 103 739 102 753 105 743 105 241
745 123 737 119 751 123 741 122 198
745 144 741 144 751 147 741 149 300
745 164 739 163 751 167 743 165 110
745 186 709 185 751 191 717 190 133
738 211 699 211 751 221 708 221 95
736 218 697 218 749 225 707 226 119
737 251 697 251 749 261 706 261 36
737 269 697 269 751 281 706 281 31
736 275 693 275 749 287 705 287 21
734 321 688 321 749 339 699 339 35
738 318 693 318 753 335 704 335 32
737 332 687 332 753 353 698 353 28
754 20 747 20 757 23 751 22 127
754 58 743 58 759 61 746 60 328
751 87 739 88 757 89 747 89 228
749 148 740 148 755 151 744 151 260
753 164 745 164 757 167 749 167 64
744 207 711 206 757 213 723 212 81
746 229 709 229 759 237 716 237 175
745 232 705 232 759 241 715 241 106
743 230 703 230 757 239 714 239 82
741 236 701 236 755 245 712 245 149
745 240 705 240 759 249 716 249 137
743 242 703 242 757 251 714 252 115
744 252 704 252 759 263 715 263 61
745 265 708 265 759 277 717 277 22
744 271 704 271 759 283 714 283 14
741 297 703 297 755 311 712 311 13
741 302 700 302 755 317 711 317 51
742 314 698 314 757 331 708 331 29
744 341 692 341 757 363 704 363 28
758 19 751 18 763 21 756 20 174
757 25 750 24 761 27 755 26 210
759 37 753 37 763 39 757 38 333
758 65 750 64 763 67 755 66 218
760 116 751 116 765 119 756 118 77
760 145 751 145 765 149 756 149 51
757 177 747 178 763 181 749 181 60
751 200 715 199 765 205 723 205 88
747 225 709 225 761 233 718 233 69
749 243 711 243 763 253 719 253 98
748 242 708 242 763 251 720 251 120
747 249 707 249 761 259 718 259 51
750 259 711 259 763 269 727 269 79
749 286 713 287 765 299 727 297 17
749 319 703 319 765 337 715 337 27
748 332 698 332 765 353 710 353 21
746 337 694 338 763 359 708 359 17
763 21 756 20 767 23 761 22 88
765 27 753 28 769 29 757 30 467
763 27 756 26 767 29 761 28 122
767 46 759 46 771 49 759 50 228
762 53 754 52 767 55 759 54 204
762 69 754 68 767 71 759 70 184
762 114 753 114 767 117 758 117 65
766 146 757 145 771 149 762 149 57
764 153 755 157 769 159 760 157 41
766 169 757 169 771 173 762 173 97
761 173 751 172 767 177 757 178 69
765 175 755 173 771 179 759 179 46
761 179 748 178 767 183 755 183 56
750 230 710 230 767 239 723 239 113
753 247 715 247 767 257 722 257 134
757 247 715 247 771 257 726 257 53
754 267 716 267 767 279 724 279 71
751 298 711 297 767 313 721 313 35
754 312 711 312 771 329 723 328 44
748 336 699 336 767 357 711 357 35
767 81 759 80 773 83 762 83 85
772 107 763 107 777 111 768 111 54
767 110 758 109 773 111 763 112 108
768 142 759 141 773 145 763 145 74
772 148 763 149 777 151 768 153 45
768 161 759 161 773 165 764 165 62
770 165 761 165 775 169 765 169 93
769 173 757 173 775 177 764 176 47
769 179 757 179 775 183 762 183 71
767 197 725 197 775 203 731 203 76
758 239 718 239 773 249 729 249 84
758 237 717 238 773 247 729 247 95
758 251 717 251 773 261 729 261 52
759 309 717 309 775 325 729 325 43
760 316 716 316 777 333 728 333 38
757 318 712 318 773 335 724 335 54
778 65 769 64 783 67 774 66 41
774 67 765 66 779 69 770 68 61
774 90 765 90 779 93 770 92 95
774 118 765 118 779 121 770 121 52
776 143 767 143 781 147 771 147 39
774 154 765 154 779 157 769 156 103
778 165 769 165 783 169 774 169 61
772 191 734 191 781 197 742 196 101
768 243 725 243 783 253 742 253 44
762 243 721 243 779 253 735 253 63
763 254 723 254 779 265 733 265 91
767 269 726 269 783 281 739 281 142
761 277 724 276 779 289 734 289 17
763 284 730 285 779 297 741 297 15
764 305 724 305 781 321 736 321 55
763 312 719 313 779 329 732 329 49
765 322 717 322 783 341 733 341 43
762 331 713 330 781 351 727 351 31
780 63 771 62 785 65 776 64 59
776 78 765 78 785 79 771 80 58
784 94 774 94 789 97 780 95 122
782 118 773 117 787 121 778 120 88
780 151 770 151 785 155 775 154 69
771 233 729 234 789 241 749 241 78
767 247 728 247 785 257 746 257 68
770 260 730 260 787 271 743 271 176
769 280 735 280 789 293 746 293 20
769 299 730 299 785 313 742 313 56
768 307 727 307 785 323 740 323 65
772 309 730 309 789 325 743 325 44
768 332 719 331 787 351 733 351 37
766 328 718 329 785 349 731 349 37
766 334 716 334 785 355 730 355 27
788 42 779 41 795 43 784 43 73
789 48 780 47 795 49 786 48 41
789 54 780 54 795 57 786 57 31
785 53 776 51 791 55 782 55 43
788 56 778 56 793 59 784 58 43
787 69 778 68 793 71 784 70 60
787 82 776 82 791 85 782 84 30
774 225 731 225 791 233 747 233 45
782 250 742 250 795 261 755 261 157
773 278 737 278 791 291 751 291 22
775 286 739 285 791 299 752 299 51
776 317 733 318 795 335 746 335 33
776 323 730 323 795 341 744 341 24
773 329 725 329 793 349 740 349 32
775 330 727 330 795 351 741 351 17
793 39 784 39 799 41 789 40 80
791 59 782 58 797 61 788 60 53
793 57 784 56 799 59 790 58 47
792 77 781 77 799 79 787 79 72
792 169 782 169 797 173 787 173 71
795 175 783 175 801 179 789 179 148
781 201 747 202 799 207 759 208 71
785 205 751 204 801 211 763 211 54
780 215 740 216 797 223 754 223 37
782 219 742 219 799 227 756 227 68
781 234 741 234 799 243 755 243 94
779 256 738 256 801 267 757 267 249
782 262 741 262 799 273 755 273 128
780 258 739 258 797 269 753 269 169
779 267 739 267 797 279 753 279 94
782 300 742 300 799 315 756 315 52
782 304 742 304 799 319 755 319 58
780 311 737 311 797 327 751 327 69
782 315 739 316 801 333 753 333 42
779 318 735 319 799 337 749 337 50
779 339 727 338 801 361 743 361 17
803 32 795 31 807 35 799 34 151
801 175 790 176 807 179 796 179 175
785 215 745 215 803 223 760 223 44
787 215 748 216 805 223 762 223 212
787 228 747 229 805 237 761 237 98
786 233 746 233 803 241 760 242 130
785 260 745 260 803 271 759 271 180
787 265 747 265 805 277 761 277 77
785 302 746 302 803 317 760 317 60
785 324 738 324 805 343 754 343 37
786 326 740 326 807 345 755 345 35
799 72 787 71 809 73 793 71 222
804 69 793 68 811 71 799 70 108
803 86 793 86 809 89 799 88 296
805 153 795 153 811 155 801 157 155
805 157 795 158 811 161 801 161 171
792 205 758 206 809 213 772 213 146
791 235 751 235 809 245 765 245 140
795 241 755 241 813 251 769 251 60
797 246 757 246 813 257 769 257 223
792 252 752 252 811 263 767 263 122
792 278 755 278 811 291 771 291 31
791 300 750 299 809 315 764 314 139
795 302 754 302 813 317 769 317 160
789 317 745 317 809 335 760 335 48
789 322 743 323 809 341 758 341 37
813 39 803 39 819 41 809 40 81
809 49 800 47 815 51 806 49 88
811 53 801 52 817 55 807 54 103
811 86 800 86 817 89 807 88 198
799 198 765 198 815 203 777 203 122
800 219 760 219 819 227 776 227 67
797 245 757 245 817 255 773 255 51
798 254 758 254 817 265 773 265 151
799 269 761 269 819 281 772 281 54
799 296 758 296 819 311 774 311 114
795 329 746 329 817 349 763 349 32
819 25 807 26 825 27 816 26 63
817 41 808 39 823 43 814 41 89
799 212 761 211 821 221 776 219 73
802 223 761 223 823 231 778 231 97
806 228 766 227 825 237 782 236 141
805 248 763 249 823 259 779 259 101
806 256 765 256 825 267 781 267 75
798 262 761 262 821 273 777 273 109
804 293 763 293 823 307 779 307 70
802 327 751 326 825 347 772 347 85
823 105 811 104 831 107 818 108 153
824 140 812 139 831 143 819 143 98
822 163 810 162 829 165 817 165 192
822 164 810 163 829 167 817 167 127
824 165 812 162 831 169 819 167 125
822 168 810 168 829 173 817 172 134
811 195 773 195 831 201 790 201 98
810 200 772 200 829 205 788 205 93
807 216 768 217 827 225 784 225 115
815 252 774 252 831 263 789 263 75
809 263 769 262 829 275 785 275 63
809 280 771 280 827 293 785 293 55
813 282 775 282 831 295 792 295 43
812 293 770 292 831 307 787 307 65
806 305 765 306 827 321 781 321 180
809 302 767 302 829 317 783 317 116
804 329 756 329 827 349 774 349 76
825 37 816 35 833 37 823 36 80
826 75 813 74 833 77 821 76 58
829 79 817 78 837 81 824 80 59
829 167 817 166 837 171 824 171 133
814 217 776 217 833 225 793 225 144
817 225 778 225 837 233 795 233 135
813 228 772 228 833 237 789 236 207
814 230 774 230 835 239 791 239 138
815 245 777 245 837 255 795 255 95
813 249 775 248 835 259 791 259 65
816 298 775 298 837 313 793 313 111
831 101 819 99 839 103 826 103 63
835 138 822 137 843 141 830 140 45
833 165 820 164 841 167 828 168 82
821 221 783 220 841 229 799 228 136
821 228 782 228 841 237 799 236 223
818 240 778 239 839 249 795 249 130
822 238 782 238 843 247 800 247 97
821 260 780 261 841 273 798 271 74
818 265 778 265 839 277 795 277 82
822 269 782 269 843 281 799 281 50
816 330 768 331 841 351 787 351 76
842 23 830 25 847 27 838 25 106
836 52 821 52 845 53 830 52 64
835 107 823 106 845 109 830 109 50
839 111 828 112 847 113 834 112 36
837 117 823 117 845 121 832 119 9
839 157 826 157 847 161 834 160 42
826 248 787 248 847 259 804 259 39
826 254 786 254 847 265 804 265 39
827 305 783 305 849 321 802 321 91
823 310 777 310 845 327 796 327 123
821 315 776 316 845 333 796 334 199
821 328 774 329 847 349 791 347 129
821 339 769 339 847 361 790 361 59
844 29 834 28 851 31 841 30 99
833 234 794 234 855 243 812 243 47
830 245 791 244 851 255 809 254 20
830 250 791 250 851 261 809 261 26
832 271 791 270 853 283 810 283 22
834 285 796 286 855 299 813 300 37
833 296 791 296 855 311 810 311 50
831 296 790 296 853 311 808 311 53
829 300 788 300 851 315 806 315 111
826 337 775 337 853 359 796 359 96
824 340 772 340 851 363 794 363 68
852 97 838 96 861 99 846 99 49
850 164 836 164 859 169 845 168 69
837 246 798 246 859 257 816 257 29
839 251 800 249 861 261 818 260 25
837 263 797 263 859 275 817 276 22
835 267 794 267 857 279 812 279 23
837 271 798 270 859 283 818 282 18
840 270 801 269 861 283 819 281 22
837 288 800 288 859 301 818 300 33
833 340 781 340 861 363 802 362 126
857 99 845 98 867 101 854 100 32
856 134 842 133 865 137 851 136 62
856 161 842 160 865 165 851 166 146
854 169 840 169 863 173 849 173 114
852 197 831 197 865 203 843 203 12
846 285 810 285 867 297 826 298 18
838 295 799 296 863 311 818 311 45
843 306 798 307 867 323 819 323 69
836 312 788 311 863 331 812 331 113
841 336 790 336 867 357 812 358 143
836 338 785 338 865 361 808 361 135
863 58 848 57 873 59 858 58 46
863 64 848 65 873 67 858 65 60
863 93 849 92 873 95 858 94 52
856 127 841 127 869 131 855 129 62
863 167 849 166 873 171 858 171 120
861 169 847 168 871 173 856 173 144
861 191 840 190 873 195 852 195 37
857 199 837 199 869 205 848 205 12
846 303 804 303 871 319 825 320 51
844 311 799 311 869 329 819 329 92
847 318 799 318 873 337 820 337 87
866 26 852 26 875 27 861 26 87
865 91 851 90 875 93 860 92 49
865 97 851 96 875 99 860 98 52
869 108 854 108 879 111 864 110 11
865 136 850 136 875 139 859 140 53
865 179 845 178 879 183 857 183 52
861 211 833 211 877 217 849 217 9
853 297 809 297 877 313 831 313 28
848 341 795 339 877 363 819 363 147
873 73 857 73 883 75 868 74 33
873 92 858 92 883 95 869 97 23
875 108 859 107 885 111 869 111 12
871 175 851 174 885 179 863 179 65
855 324 801 321 885 345 830 345 114
879 35 861 35 891 35 873 34 46
876 37 859 36 887 37 870 36 33
879 84 864 83 891 85 874 84 61
875 153 857 154 887 159 869 158 66
878 157 861 157 891 161 872 161 67
874 183 853 181 889 187 866 188 17
869 233 840 233 887 243 856 241 7
867 299 824 299 891 315 845 315 19
863 313 817 313 891 331 840 331 80
861 316 814 316 889 335 837 335 65
886 42 869 42 897 43 881 42 55
884 126 868 125 895 129 879 128 73
882 153 866 153 893 157 877 155 37
884 166 869 165 895 171 879 170 81
884 173 863 172 897 177 875 176 75
881 170 862 169 893 175 876 174 62
880 176 859 176 895 181 874 181 51
878 179 858 181 893 185 869 183 43
881 195 861 196 897 203 873 201 12
879 207 854 207 895 213 865 213 14
877 213 846 212 893 219 864 217 11
879 227 846 228 897 237 864 236 3
868 305 825 305 895 321 847 321 29
891 65 875 62 903 65 887 63 79
890 78 874 77 901 79 885 78 83
891 163 876 164 903 167 887 168 123
882 201 858 201 899 207 873 207 14
874 284 839 285 899 299 857 298 9
879 288 838 289 903 303 859 304 14
875 296 836 297 901 311 857 311 75
874 301 831 301 899 317 853 317 28
871 318 824 318 901 337 848 337 53
893 28 876 27 907 27 888 26 41
893 45 877 44 905 45 888 44 70
897 52 881 52 909 53 892 53 82
895 80 879 79 907 81 890 80 66
893 80 877 79 905 81 889 80 83
895 128 876 128 907 131 887 131 303
895 201 872 199 909 207 887 206 12
887 277 850 277 909 289 870 289 7
881 293 837 291 905 309 863 308 16
885 307 841 307 909 323 861 323 29
878 307 834 307 905 323 857 323 42
902 34 884 33 915 33 897 33 37
903 46 885 46 915 47 899 46 70
901 126 885 125 913 129 893 129 263
899 122 883 121 911 125 887 125 117
900 157 883 159 913 161 897 163 154
894 207 865 207 913 213 877 213 16
878 322 829 322 911 343 856 343 49
882 326 833 327 915 347 859 347 57
904 45 887 44 917 45 899 45 59
904 51 887 50 917 51 900 50 52
908 47 890 47 921 47 903 47 91
907 60 890 59 919 61 902 60 63
908 62 891 61 921 63 903 62 72
903 101 889 102 919 105 900 105 30
901 174 881 174 917 179 895 178 77
899 219 867 218 921 227 886 227 6
898 232 865 234 919 241 885 241 8
888 322 840 323 921 343 867 343 35
913 123 896 119 927 125 908 125 97
913 128 896 127 927 131 909 130 144
900 215 870 215 923 223 890 221 10
901 221 869 221 927 229 892 229 10
886 301 845 301 923 319 875 319 26
894 321 846 321 927 341 873 341 33
915 41 897 40 929 41 910 40 81
915 138 898 138 929 141 911 141 98
917 140 900 139 931 143 913 142 70
911 212 881 212 933 219 900 219 11
893 303 850 303 931 321 882 321 27
895 303 852 303 933 321 887 321 25
892 307 848 307 929 325 880 325 32
903 310 858 310 933 327 884 327 58
900 313 854 313 931 331 889 333 50
925 23 906 21 939 21 920 20 133
923 41 905 41 937 41 918 40 20
923 101 905 104 937 107 918 105 38
925 116 907 115 939 119 920 118 18
923 128 905 129 937 131 918 131 43
921 147 903 147 935 151 917 150 19
921 198 900 198 937 201 914 202 16
901 324 851 325 935 345 881 344 44
931 38 913 37 945 39 925 37 64
930 80 910 83 943 85 934 84 17
930 155 912 154 945 159 926 158 16
929 161 907 159 943 165 924 165 24
926 166 904 165 941 171 917 170 23
927 170 906 170 943 175 921 174 18
925 172 904 172 941 177 919 177 15
921 224 886 225 945 233 909 233 11
918 287 881 287 945 301 905 301 10
904 305 860 305 941 323 893 323 30
913 313 867 313 945 331 895 331 43
906 322 857 322 941 343 886 343 35
910 326 859 326 945 347 889 347 46
905 329 853 328 941 351 883 350 38
936 72 918 71 951 73 931 73 11
936 82 918 81 951 83 933 83 10
932 94 914 93 947 97 929 98 14
935 142 916 142 951 145 931 145 32
925 281 889 280 951 293 911 292 11
914 318 866 318 947 337 895 337 60
910 329 859 329 947 351 890 351 43
939 55 922 52 955 53 937 51 34
940 103 921 103 955 105 940 106 17
938 118 920 117 957 121 937 120 18
940 157 920 156 955 161 936 161 35
940 180 919 179 957 185 934 184 15
927 260 892 260 953 271 915 271 13
933 262 899 262 957 275 920 275 9
929 274 893 273 955 285 920 285 11
932 277 900 277 957 289 920 289 14
929 274 893 274 953 287 916 287 8
926 285 890 285 953 299 911 297 10
922 314 875 313 953 333 902 334 45
920 329 870 330 957 351 900 351 57
944 141 925 141 959 145 940 144 44
942 175 921 175 961 181 939 180 15
931 266 896 266 959 279 920 278 9
932 287 893 287 959 301 918 301 13
934 288 898 289 963 303 923 303 13
927 307 882 307 963 325 914 325 22
926 311 880 311 963 329 913 329 43
952 90 934 89 967 91 950 93 9
953 113 934 112 969 115 949 114 13
947 193 922 194 967 201 941 199 13
942 247 911 249 969 257 938 258 15
932 307 888 307 967 325 917 325 18
960 85 942 85 975 87 957 85 15
950 194 925 192 971 199 943 198 15
953 218 927 218 973 225 945 224 16
943 237 908 237 971 247 928 248 9
948 242 913 242 975 251 937 251 10
946 255 910 253 973 263 935 265 8
949 274 909 275 975 287 939 287 8
941 309 895 309 975 327 925 327 20
938 313 892 313 973 331 922 331 33
962 98 943 98 977 101 959 100 9
963 106 945 105 979 109 960 108 14
956 221 930 220 977 229 949 228 17
958 225 932 225 979 233 952 232 16
959 235 933 234 981 241 954 243 17
953 263 917 263 981 275 943 275 6
949 286 910 285 979 301 938 299 6
941 330 890 329 981 351 924 351 40
969 64 950 63 985 65 966 64 177
966 211 941 209 987 219 961 218 17
955 260 919 259 983 271 945 271 9
948 316 901 316 985 335 933 335 34
977 35 958 36 993 35 974 34 246
973 89 955 88 989 91 973 91 11
974 94 955 93 991 95 972 95 12
977 122 959 121 993 125 974 124 51
970 213 945 214 991 221 964 221 17
969 234 945 235 993 243 965 242 8
966 242 940 242 989 251 961 251 14
957 289 919 289 989 303 949 302 13
950 331 898 331 991 353 934 354 29
979 31 960 30 995 31 976 30 297
979 66 961 64 995 67 976 66 213
980 157 961 158 995 163 976 162 66
972 238 946 238 995 247 967 246 13
971 243 945 243 995 253 966 252 13
969 280 932 280 999 293 960 294 10
956 313 911 314 995 333 944 333 31
957 319 909 319 997 339 943 339 40
987 44 967 42 1003 43 985 44 194
980 231 955 232 1005 241 978 242 15
980 234 955 234 1003 243 975 243 9
980 240 955 241 1003 249 974 248 12
981 242 956 242 1005 251 976 250 12
978 244 952 244 1001 253 973 252 15
973 277 938 277 1003 289 964 289 9
971 282 934 281 1001 295 962 295 10
994 37 976 36 1011 37 992 36 305
990 66 972 64 1007 67 988 66 322
990 79 972 79 1007 81 988 80 220
987 214 963 216 1009 221 981 219 44
984 225 960 223 1007 233 980 233 24
985 234 959 233 1009 243 983 241 8
984 239 958 239 1007 247 979 247 10
982 272 944 269 1011 283 966 283 12
1000 37 982 36 1017 37 999 36 304
983 273 950 273 1015 285 976 285 10
979 281 937 284 1013 297 970 297 12
984 281 949 280 1015 293 977 293 10
983 291 943 291 1017 305 975 305 12
971 332 918 332 1015 355 956 355 64
992 171 957 171 1023 177 986 176 55
995 240 971 239 1019 249 992 248 12
988 276 951 276 1019 289 977 289 9
987 296 943 295 1021 311 975 311 17
995 185 959 184 1025 189 989 190 50
996 186 960 185 1027 191 990 191 40
1005 229 980 229 1029 237 1002 237 34
1005 233 981 232 1029 241 1003 240 31
994 283 955 283 1027 297 986 297 14
1005 159 971 159 1035 165 1001 163 53
1005 166 970 166 1035 171 999 170 66
1005 245 978 243 1031 255 1004 255 17
996 295 956 295 1033 311 989 311 8
1004 187 968 186 1037 193 998 193 47
1003 292 966 291 1041 307 995 308 13
1014 188 978 189 1047 195 1009 194 23
1009 279 975 278 1047 291 1009 290 16
1009 283 973 283 1045 297 1006 297 17
1018 178 983 178 1051 183 1014 183 62
1016 175 981 176 1049 181 1011 179 46
1021 182 986 181 1053 187 1017 187 35
1019 194 984 193 1053 199 1015 200 38
1026 239 990 239 1059 249 1022 249 37
1017 299 974 300 1057 317 1010 317 15
1026 187 991 186 1061 193 1023 193 32
1030 185 995 185 1065 191 1027 190 39
1036 219 1002 218 1071 227 1031 225 14
1029 319 981 322 1077 343 1025 343 11
1050 143 1015 143 1087 147 1047 146 86
1051 155 1013 157 1087 159 1047 160 65
1041 278 993 278 1089 295 1036 295 13
1058 112 1027 113 1095 113 1057 112 232
1059 208 1025 208 1095 217 1057 216 20
1042 273 994 273 1091 291 1038 291 11
1044 281 995 281 1091 301 1038 301 14
1045 292 997 293 1095 311 1040 310 13
1062 109 1027 109 1099 109 1061 108 147
1061 129 1025 130 1099 131 1060 131 85
1062 153 1028 153 1099 157 1062 157 68
1062 212 1027 213 1099 221 1061 221 13
1050 247 1001 248 1101 261 1046 260 31
1047 272 997 271 1097 287 1042 287 8
1051 322 999 321 1099 343 1047 343 12
1067 122 1039 120 1105 123 1074 122 137
1054 244 1004 243 1105 257 1050 257 43
1052 281 1003 280 1103 297 1048 297 10
1053 306 1004 306 1105 327 1049 326 8
1072 127 1037 126 1109 129 1072 128 77
1058 246 1009 246 1111 259 1056 259 38
1057 244 1007 244 1109 257 1054 257 36
1057 250 1008 251 1109 263 1054 263 46
1057 269 1007 270 1109 285 1053 285 10
1058 287 1009 285 1111 305 1055 305 7
1059 323 1008 322 1111 345 1049 343 10
1082 119 1049 119 1119 121 1083 120 66
1081 190 1041 190 1119 195 1080 197 70
1063 243 1012 242 1115 255 1061 256 30
1062 244 1012 244 1115 257 1060 257 43
1065 253 1015 253 1119 267 1063 267 30
1064 257 1013 257 1117 271 1061 271 42
1061 257 1011 257 1115 271 1059 271 28
1062 273 1011 271 1115 289 1059 289 11
1064 305 1017 305 1115 325 1059 326 10
1064 325 1013 326 1117 347 1061 347 6
1086 121 1052 120 1123 123 1087 122 77
1083 133 1046 132 1123 135 1085 134 76
1083 143 1049 142 1123 145 1086 144 92
1068 226 1021 226 1121 237 1065 236 31
1070 244 1020 244 1123 257 1068 257 35
1069 251 1019 251 1123 265 1067 265 28
1066 271 1016 271 1123 287 1066 287 10
1065 277 1016 276 1121 293 1064 293 7
1085 105 1050 105 1127 105 1087 103 125
1091 109 1056 109 1129 109 1093 108 115
1090 132 1053 133 1131 135 1091 133 82
1090 155 1052 154 1131 159 1091 159 149
1072 253 1021 253 1127 267 1071 267 47
1074 249 1021 249 1129 263 1071 263 37
1076 262 1022 262 1129 277 1073 277 25
1072 297 1022 298 1129 317 1074 318 9
1072 303 1021 303 1129 323 1072 323 7
1071 321 1024 322 1127 343 1071 343 11
1094 150 1057 150 1135 153 1095 153 89
1092 189 1056 189 1133 193 1094 195 59
1082 235 1031 235 1137 247 1081 247 38
1079 247 1028 247 1137 263 1079 261 33
1076 267 1027 268 1133 283 1077 285 13
1107 83 1073 83 1141 83 1104 83 41
1095 109 1060 109 1139 111 1107 110 146
1102 176 1067 174 1143 181 1105 181 70
1100 180 1065 178 1141 185 1103 184 58
1103 215 1066 215 1143 223 1107 221 34
1085 239 1032 237 1141 251 1082 249 47
1084 246 1032 245 1141 259 1084 259 39
1083 275 1030 274 1141 291 1081 291 11
1086 291 1032 291 1143 313 1084 312 8
1111 87 1077 87 1145 87 1109 87 43
1099 111 1060 112 1145 113 1102 112 105
1103 183 1066 183 1145 189 1106 189 59
1106 199 1070 199 1149 207 1110 207 45
1106 203 1069 203 1149 211 1109 211 50
1109 215 1073 215 1149 223 1110 221 67
1090 237 1039 237 1147 249 1090 249 42
1091 240 1040 239 1149 253 1092 252 50
1091 248 1039 247 1149 261 1091 261 47
1090 258 1038 258 1149 273 1091 273 27
1087 303 1033 303 1145 323 1087 324 16
1090 313 1036 312 1149 335 1089 335 9
1090 318 1035 319 1149 341 1089 340 12
1116 81 1081 81 1151 81 1112 81 23
1120 85 1085 85 1155 85 1117 85 20
1111 136 1080 138 1153 139 1114 138 112
1108 150 1071 150 1151 155 1111 153 88
1112 163 1076 162 1155 167 1116 167 75
1108 185 1072 185 1151 191 1111 191 80
1110 185 1076 184 1153 191 1113 191 62
1112 196 1076 196 1155 203 1116 203 55
1110 201 1073 201 1153 209 1113 209 48
1109 207 1074 206 1151 215 1113 214 30
1097 240 1046 241 1155 253 1098 253 51
1093 293 1041 293 1155 313 1094 312 12
1093 311 1038 309 1153 333 1093 331 7
1118 101 1081 101 1159 101 1120 100 51
1117 123 1084 122 1157 125 1121 124 94
1119 123 1086 122 1159 125 1123 124 80
1118 134 1083 134 1161 137 1122 136 69
1116 191 1078 191 1159 199 1119 198 67
1116 197 1080 197 1159 205 1120 205 75
1105 230 1052 228 1161 241 1107 242 50
1099 233 1047 233 1157 245 1100 245 54
1102 235 1053 236 1161 247 1104 247 65
1132 83 1097 83 1167 83 1129 83 14
1120 105 1084 104 1163 105 1124 104 41
1124 121 1091 120 1163 123 1128 122 58
1125 129 1091 128 1165 131 1131 131 73
1123 129 1089 128 1163 131 1129 131 79
1123 140 1087 140 1165 143 1127 142 115
1124 148 1086 147 1167 151 1128 151 66
1122 155 1085 155 1167 159 1127 159 89
1119 151 1083 151 1163 155 1124 154 97
1123 161 1087 164 1167 165 1128 164 103
1121 157 1081 157 1165 161 1125 161 90
1104 311 1049 312 1167 333 1106 334 7
1126 101 1093 100 1169 101 1135 100 41
1130 124 1097 124 1171 127 1135 126 80
1127 151 1089 151 1171 155 1132 154 70
1125 172 1089 171 1169 177 1129 177 42
1125 181 1090 183 1171 189 1129 187 78
1127 194 1090 194 1173 201 1132 201 49
1109 329 1055 330 1173 353 1113 354 9
1132 105 1096 104 1175 105 1139 104 47
1135 105 1102 104 1177 105 1141 104 25
1137 108 1104 108 1179 109 1143 108 51
1136 123 1103 122 1177 125 1142 124 61
1130 155 1095 154 1175 159 1136 158 67
1134 187 1095 186 1179 193 1139 193 47
1133 192 1096 192 1179 199 1139 199 65
1140 127 1107 126 1181 129 1146 128 67
1138 149 1102 149 1183 153 1144 152 51
1148 115 1111 115 1191 117 1149 117 75
1150 128 1117 127 1191 131 1156 130 90
1142 153 1106 152 1187 157 1148 156 83
1152 74 1115 74 1197 73 1156 73 19
1145 74 1111 74 1193 73 1157 71 36
1143 85 1108 85 1193 83 1155 83 20
1151 119 1118 118 1193 121 1157 120 32
1155 121 1122 120 1197 123 1162 122 45
1154 130 1120 130 1195 133 1160 132 52
1155 79 1118 79 1203 77 1163 77 47
1163 127 1125 128 1207 129 1169 129 121
1164 216 1130 216 1207 225 1171 225 36
1166 212 1132 211 1209 221 1174 221 53
1162 227 1128 227 1205 237 1169 237 99
1173 115 1140 114 1215 117 1180 116 33
1168 119 1135 118 1211 121 1176 120 40
1168 123 1135 122 1211 125 1175 124 36
1170 142 1136 143 1215 143 1179 141 60
1140 314 1082 315 1215 339 1147 338 12
1172 134 1138 133 1217 137 1181 136 58
1172 220 1138 219 1217 229 1181 229 67
1174 226 1138 225 1217 235 1187 237 81
