194 184 151 184 159 187 114 187 152
193 189 151 189 159 193 114 193 76
200 70 158 70 167 63 121 63 166
202 72 160 73 169 65 123 65 147
202 84 160 85 169 79 123 79 101
200 86 158 87 167 81 121 81 172
201 171 158 170 167 173 121 172 31
200 176 158 177 167 179 120 179 121
210 91 169 91 175 85 130 85 64
207 173 163 173 175 175 130 175 53
213 86 170 86 181 81 137 81 208
218 93 177 93 183 87 139 87 35
214 71 172 71 185 65 140 65 59
218 77 177 77 189 71 145 71 61
213 80 175 81 185 75 142 75 174
214 87 172 87 187 83 143 83 74
224 89 183 89 197 85 154 85 66
227 95 188 95 201 91 159 91 34
223 95 183 95 197 91 154 91 20
235 186 191 186 203 189 150 189 98
239 89 203 90 215 85 175 85 93
247 92 211 93 223 89 184 89 83
254 85 218 86 231 81 192 81 237
253 92 216 94 229 89 192 87 62
250 95 215 95 227 91 189 91 79
255 83 220 84 233 79 194 79 136
257 184 222 184 235 187 197 187 96
261 182 226 182 239 185 201 185 116
261 188 226 188 239 191 201 191 101
332 76 314 76 325 75 306 75 109
332 82 314 82 325 81 306 81 95
334 176 316 176 327 179 308 179 73
338 74 320 74 331 73 312 73 166
336 80 318 80 329 79 310 79 118
338 173 319 172 331 175 313 175 79
336 171 317 170 329 173 311 173 82
341 39 323 39 335 37 316 37 146
345 124 327 124 339 125 321 125 159
345 130 327 130 339 131 320 131 187
347 39 329 39 341 37 322 37 143
351 64 333 64 345 63 326 63 97
349 66 331 67 343 65 324 65 195
351 80 329 80 345 79 327 79 139
347 84 323 84 341 83 321 83 180
349 126 331 126 343 127 325 127 121
351 215 333 215 345 219 326 218 168
348 228 329 229 341 233 321 231 277
353 236 334 236 345 241 329 241 200
355 33 337 34 349 31 330 31 56
357 59 339 59 351 57 333 57 152
355 60 337 60 349 59 331 59 107
354 70 336 70 349 69 331 69 278
357 68 339 68 351 67 333 67 176
357 120 337 120 351 121 332 120 114
355 181 341 180 349 183 331 183 51
363 35 345 36 357 33 338 33 151
363 46 345 47 357 45 338 46 416
359 66 341 66 353 65 335 65 168
363 68 345 68 357 67 339 67 167
360 122 341 122 353 123 335 123 236
365 173 347 173 355 175 340 175 49
363 264 336 263 353 271 324 270 517
367 24 347 24 361 21 343 21 94
368 30 349 30 363 27 345 27 78
367 41 349 41 361 39 342 41 203
367 53 349 53 361 49 342 49 345
368 57 350 58 363 57 344 57 166
371 204 348 203 363 207 339 206 122
365 199 343 199 359 205 333 203 32
367 207 344 207 359 211 335 211 117
371 211 348 211 363 215 337 215 157
367 221 349 221 361 225 341 224 247
365 233 341 232 359 237 335 235 149
371 228 348 228 363 233 339 232 170
371 236 348 236 363 241 339 241 180
367 240 344 240 359 245 335 245 137
376 33 357 34 369 31 352 31 187
371 40 353 40 365 37 346 36 79
370 46 353 48 365 45 346 45 292
374 58 357 59 369 57 351 57 146
370 68 352 69 365 67 346 67 175
374 122 354 122 367 123 348 123 276
374 126 355 126 369 127 350 127 194
373 176 354 176 369 179 349 179 65
367 181 353 180 365 183 345 183 54
373 202 350 201 365 205 340 204 28
377 238 353 237 369 243 345 243 354
375 249 351 249 367 255 343 254 100
380 66 362 66 375 65 356 65 161
379 80 360 80 371 79 356 79 151
373 121 356 120 371 121 352 120 107
376 132 358 132 371 133 353 133 196
380 130 362 130 375 131 357 131 197
378 136 360 134 373 137 355 139 270
378 173 360 172 373 175 354 174 106
378 171 360 170 373 173 355 174 140
380 207 357 207 373 211 351 211 55
379 211 356 211 371 215 347 215 105
381 219 357 218 373 223 349 223 141
383 224 359 225 375 229 351 228 161
379 223 355 222 371 227 347 227 310
379 233 356 233 371 239 347 238 161
381 249 357 249 373 255 348 255 78
398 332 337 331 373 355 303 354 422
397 338 335 338 371 363 299 362 318
384 28 366 28 379 25 360 25 134
386 34 368 34 381 31 362 31 82
386 41 368 41 381 39 362 39 135
384 37 366 37 379 35 360 35 217
382 70 364 70 377 69 358 68 292
386 80 367 80 381 79 362 79 146
386 129 368 133 381 131 363 129 198
382 137 364 133 377 137 359 139 254
384 171 366 171 379 173 361 173 151
386 176 368 176 381 179 363 179 92
384 249 361 249 377 255 353 254 90
386 247 363 247 379 253 355 253 168
389 262 363 262 381 269 353 268 209
401 332 341 331 377 355 308 354 351
388 24 370 24 383 21 364 21 69
385 20 369 19 383 17 363 16 104
390 36 372 36 385 33 366 32 86
392 37 374 37 387 35 368 35 135
390 78 372 78 385 77 367 77 198
389 84 372 84 385 83 367 83 96
389 174 372 174 385 177 367 177 202
389 181 373 180 385 183 367 183 165
394 209 371 209 387 213 364 213 109
394 213 371 213 387 217 364 217 158
394 225 371 224 387 229 364 228 217
392 247 369 247 385 253 361 253 122
397 217 376 217 391 221 369 221 225
401 264 375 264 393 271 365 271 65
401 213 380 213 395 217 373 216 185
405 211 384 211 399 215 377 215 256
403 224 383 225 397 229 379 228 372
405 249 382 249 397 255 373 255 86
406 275 376 274 397 283 365 283 125
405 37 389 37 401 35 385 35 51
410 203 390 203 405 207 385 206 137
408 205 388 205 403 209 383 208 140
407 217 388 217 403 221 383 221 285
410 217 390 217 405 221 385 221 332
410 225 390 224 405 229 385 229 316
405 231 387 230 401 235 381 233 266
407 234 389 234 403 239 383 239 173
412 258 387 258 405 265 379 265 60
413 269 385 269 405 277 375 277 56
412 37 396 37 409 35 391 35 53
415 208 396 207 411 211 391 211 285
413 221 394 221 409 223 389 224 293
412 238 392 238 407 243 386 243 221
415 240 396 240 411 245 391 244 219
415 257 391 256 409 263 383 262 39
418 260 393 260 411 267 385 267 60
417 271 388 271 409 279 378 278 59
419 275 389 275 411 283 379 283 57
421 44 404 44 417 41 399 41 46
419 205 400 205 415 209 395 209 186
421 209 402 209 417 213 397 213 191
417 225 398 224 413 227 393 227 204
421 229 402 228 417 233 397 231 180
417 236 398 235 413 239 393 239 191
421 235 402 234 417 239 397 238 182
420 244 399 244 415 249 393 249 125
425 259 401 259 415 265 391 265 55
423 275 394 274 415 283 383 283 59
424 278 393 278 415 287 382 286 91
427 235 408 234 423 239 404 239 138
431 314 403 313 419 329 387 327 42
429 37 411 37 425 35 406 35 78
432 42 414 42 429 39 411 39 119
430 38 412 38 427 35 408 35 142
428 229 411 229 425 233 407 233 120
432 266 405 265 425 273 398 272 51
436 39 418 39 433 37 415 38 116
438 45 421 45 435 43 417 43 477
438 49 421 47 435 47 417 46 343
436 198 419 198 433 201 415 201 92
434 202 417 202 431 205 413 205 140
436 231 418 230 433 235 415 233 36
436 237 418 236 433 241 414 241 53
437 249 416 249 433 255 410 254 39
440 264 415 264 435 271 407 271 84
441 280 409 280 433 289 400 288 71
444 30 427 30 441 27 423 27 70
442 36 424 36 439 33 421 33 202
440 32 422 32 437 29 418 29 164
442 47 425 47 439 45 421 44 188
440 52 423 51 437 51 419 50 310
440 202 422 201 437 205 419 205 138
440 233 423 232 437 237 419 237 33
443 229 425 227 439 233 421 231 26
443 252 421 252 439 257 416 257 33
442 257 418 257 437 263 412 263 34
445 262 419 262 439 269 413 268 126
448 271 419 271 441 279 411 278 99
446 273 416 273 439 281 407 281 58
448 277 418 276 441 285 410 284 121
446 291 412 291 439 301 401 301 34
446 47 429 47 443 45 426 45 304
447 53 431 53 445 51 428 51 210
449 51 433 51 447 49 430 49 262
449 64 433 64 447 63 430 62 227
450 98 433 97 447 97 431 97 105
447 132 431 132 445 133 428 133 184
447 138 431 138 445 139 428 138 177
448 165 433 165 447 167 431 166 82
449 177 433 176 447 179 430 179 119
447 205 431 205 447 211 429 209 48
447 266 419 266 443 273 415 272 123
454 269 425 269 447 277 416 277 78
455 308 427 307 445 321 411 320 29
451 23 434 24 449 21 431 21 116
455 26 438 26 453 23 435 22 197
455 51 440 51 453 49 437 49 105
453 60 437 60 451 59 435 59 372
455 64 440 64 453 63 437 63 142
453 74 437 73 451 73 434 72 96
451 134 435 134 449 135 433 135 100
453 130 438 130 451 131 436 131 116
455 132 440 132 453 133 438 133 118
455 138 440 138 453 139 438 139 120
450 173 435 172 449 175 431 174 79
451 181 435 181 449 183 432 183 71
451 212 435 212 449 215 432 215 39
453 249 423 251 449 255 428 254 75
453 246 431 246 449 251 428 251 28
460 267 433 267 453 275 426 274 83
457 92 442 92 457 93 443 94 114
461 234 443 234 457 239 438 239 20
461 255 437 255 457 261 432 261 84
463 253 440 253 459 259 436 258 66
462 271 435 271 457 279 427 279 113
464 275 435 275 459 283 427 283 86
461 279 432 279 455 287 423 287 46
466 72 452 72 465 71 451 71 134
468 110 453 109 465 109 453 110 50
465 138 452 137 465 139 450 139 77
466 144 452 143 465 145 451 145 99
466 175 452 174 465 177 450 177 60
466 181 452 181 465 183 451 183 60
467 221 452 221 465 225 451 224 30
465 232 451 231 465 235 447 235 26
465 244 446 244 463 249 442 249 32
468 262 442 262 463 269 436 269 84
470 275 440 275 465 283 434 283 48
473 328 443 325 463 345 425 343 44
473 21 458 20 471 19 458 19 609
470 75 456 76 469 75 455 75 156
468 77 454 77 467 77 453 77 165
468 97 453 99 467 97 451 99 62
472 103 459 103 471 103 459 104 102
467 110 452 109 467 111 455 112 116
472 138 457 137 471 139 458 139 58
470 142 456 142 469 143 455 143 84
472 145 458 146 471 147 458 147 74
471 144 458 144 471 145 458 145 102
471 184 455 183 469 185 455 185 114
469 206 455 205 469 209 456 207 24
472 223 457 223 471 227 456 227 26
468 227 453 227 467 231 452 231 22
474 70 461 70 473 69 459 68 117
475 75 463 75 475 75 462 75 184
477 76 465 77 477 77 464 77 107
474 79 461 79 473 79 460 79 118
476 82 463 81 475 81 462 81 197
477 85 465 84 477 85 464 87 100
477 124 465 124 477 125 464 123 16
477 145 465 146 477 147 464 145 70
474 158 461 156 473 159 460 157 25
473 174 461 174 473 177 460 176 56
473 181 461 181 473 183 460 183 61
473 193 461 193 473 193 460 192 31
477 219 460 219 473 223 454 224 36
479 227 463 227 477 231 462 231 34
478 233 461 233 477 237 458 237 31
477 242 457 242 475 247 454 247 41
475 240 456 240 473 245 453 245 48
480 251 457 251 477 257 454 256 51
476 253 453 253 473 259 449 259 53
479 296 443 296 473 307 443 309 21
487 342 435 341 477 363 419 363 27
483 20 471 20 483 19 472 21 132
483 30 472 30 483 29 471 29 138
481 75 469 75 481 75 468 75 77
481 83 469 83 481 83 469 83 322
479 88 467 90 479 89 466 91 79
484 113 471 114 483 115 471 115 48
483 121 471 121 483 121 470 121 26
483 145 471 145 483 147 470 148 30
483 151 471 152 483 153 470 152 25
481 200 469 200 481 203 468 204 25
479 218 467 218 479 221 465 221 24
480 237 463 236 479 241 460 241 25
482 255 459 255 479 261 454 261 114
484 253 461 253 481 259 457 259 142
483 264 458 264 479 271 450 272 152
484 273 455 273 479 281 451 280 65
488 333 440 333 479 351 424 351 17
489 20 477 20 489 19 476 18 126
485 26 473 26 485 25 473 25 172
485 34 473 33 485 33 473 33 161
485 38 475 38 485 37 475 37 634
489 42 478 41 489 41 478 41 248
484 62 471 62 485 63 472 63 211
485 65 473 66 485 65 472 65 153
485 71 473 71 485 71 472 70 187
489 79 478 79 489 79 477 79 304
487 87 475 86 487 87 475 86 77
488 145 477 145 489 147 477 146 21
487 147 475 147 487 149 475 149 35
489 151 477 152 489 153 477 154 21
485 202 472 202 485 205 472 204 25
494 315 468 319 487 333 456 334 49
491 34 480 33 491 33 480 33 343
493 49 482 47 493 47 482 46 198
495 59 484 61 495 59 485 61 295
489 113 478 113 491 115 478 114 23
492 152 482 153 493 155 482 155 48
495 200 483 199 495 203 484 201 38
492 229 476 229 491 233 475 233 41
492 235 474 235 491 239 472 239 46
493 248 473 247 491 253 469 253 97
496 252 475 252 495 257 472 257 75
503 334 453 334 495 353 440 353 26
500 342 448 341 491 363 433 362 19
499 38 489 39 499 37 488 37 75
497 36 486 35 497 35 486 35 203
498 45 488 45 499 45 488 45 85
496 49 486 49 497 47 486 49 111
497 71 485 71 497 71 485 71 141
500 82 489 82 501 83 489 82 165
496 96 486 96 497 97 486 97 88
500 100 491 101 501 101 491 101 123
496 151 486 151 497 153 485 153 134
501 225 487 225 501 229 481 230 135
499 231 483 231 499 235 481 235 94
502 237 484 236 501 241 483 240 69
503 271 473 272 499 279 469 279 46
499 268 471 268 497 275 467 275 74
500 273 472 273 497 281 467 280 75
502 282 470 282 499 291 464 291 58
505 294 470 293 501 305 462 305 15
501 69 491 71 503 71 493 73 142
502 94 492 94 503 95 493 95 227
505 133 502 133 507 137 504 137 274
504 136 499 138 505 139 501 140 293
504 187 495 186 505 189 495 188 289
504 194 495 195 505 197 495 198 265
502 200 492 197 503 203 493 201 257
504 200 495 200 505 203 496 202 189
504 227 489 227 505 231 489 231 130
504 235 485 235 503 239 484 239 65
504 240 485 240 503 245 483 245 104
506 246 486 246 505 251 484 251 93
508 297 472 297 503 309 462 309 15
511 83 500 82 513 85 502 84 89
511 89 502 90 513 91 503 91 281
510 94 500 94 511 95 501 95 299
508 110 499 109 509 111 500 111 371
511 133 508 133 513 135 510 135 177
509 136 506 137 511 139 508 139 276
511 143 507 143 513 145 509 145 268
510 165 505 164 511 167 508 167 444
509 181 503 180 511 183 505 183 305
509 187 503 187 511 189 504 189 338
509 189 503 188 511 191 505 190 358
510 210 500 210 511 213 501 213 250
513 235 497 234 513 239 495 239 107
513 253 491 254 513 259 488 259 78
515 294 479 294 511 305 472 305 18
516 316 493 314 509 331 485 329 85
513 85 503 85 515 87 505 87 117
513 113 510 113 515 115 512 115 269
515 125 512 125 517 127 514 127 118
517 131 514 131 519 133 516 133 109
515 139 511 139 517 141 513 141 152
517 137 513 137 519 139 516 139 208
517 143 513 143 519 145 515 145 106
515 157 511 157 517 159 513 159 227
517 155 513 155 519 157 515 157 128
515 180 510 181 517 183 511 183 260
513 187 507 186 515 189 508 189 307
518 206 506 206 519 209 507 209 192
516 227 501 227 517 231 502 231 95
519 231 502 231 519 235 502 235 116
520 287 485 287 517 297 480 297 21
520 292 485 291 517 303 477 302 23
522 298 485 297 519 309 479 308 37
524 89 521 89 525 91 524 91 122
521 105 518 105 523 107 520 107 121
523 117 520 117 525 119 522 118 101
519 121 516 121 521 123 518 123 85
523 127 518 126 525 129 521 128 53
521 133 517 133 523 135 520 134 49
521 141 517 141 523 143 519 143 44
521 155 517 155 523 157 519 157 24
519 159 515 159 521 161 517 161 59
524 191 513 190 525 193 515 192 338
520 194 509 194 521 197 509 197 442
524 202 512 202 525 205 513 205 197
520 200 509 199 521 203 509 203 216
522 210 510 210 523 213 511 213 176
521 220 505 219 523 223 511 223 208
525 233 508 233 525 237 508 237 93
521 229 505 229 521 233 504 233 131
521 235 504 235 521 239 505 238 103
524 284 491 283 521 293 486 293 20
524 296 486 296 521 307 481 306 30
529 129 525 129 531 131 527 130 75
525 145 521 145 527 147 523 147 22
527 147 523 147 529 149 525 149 18
525 170 521 169 527 171 523 171 17
529 183 524 182 531 185 527 185 256
528 196 517 196 529 199 517 199 236
530 241 511 240 529 245 511 245 72
533 273 503 269 531 279 497 280 20
533 292 495 292 531 303 493 301 23
532 80 526 79 537 83 530 81 11
534 93 531 93 535 95 523 95 36
535 114 531 113 537 115 534 115 50
531 119 527 119 533 121 529 121 44
535 123 531 123 537 125 533 125 29
531 123 527 123 533 125 529 125 37
531 127 527 127 533 129 529 129 84
531 133 527 133 533 135 529 135 26
533 137 529 137 535 139 531 139 29
535 143 531 143 537 145 533 145 18
531 145 527 145 533 147 529 147 23
535 151 531 151 537 153 533 153 17
531 157 527 156 533 159 529 159 84
533 161 529 161 535 163 531 163 17
535 171 531 171 537 173 533 173 34
532 196 520 196 533 199 521 199 153
532 202 520 202 533 205 520 205 202
533 216 521 216 533 219 521 219 167
535 237 517 236 535 241 517 241 76
536 241 517 241 537 245 517 245 73
535 266 507 266 533 273 503 273 17
538 268 511 268 537 275 507 275 19
536 297 501 295 535 307 497 306 34
537 105 533 105 539 107 536 107 54
541 114 537 113 543 115 539 115 43
537 119 533 119 539 121 535 121 42
539 127 535 127 541 129 537 129 23
541 130 537 129 543 131 539 131 22
539 133 535 133 541 135 537 135 23
539 145 535 145 541 147 537 147 24
539 149 535 149 541 151 537 151 18
537 149 533 149 539 151 535 151 69
537 153 533 153 539 155 535 155 25
537 163 533 163 539 165 535 165 13
539 160 535 159 541 161 537 161 18
540 198 528 198 541 201 528 201 156
540 216 529 216 541 219 530 219 194
540 248 519 248 541 253 515 252 23
541 252 519 251 541 257 519 257 17
537 263 513 262 539 269 510 269 11
540 284 506 284 539 293 503 293 23
542 287 507 287 541 297 505 296 19
540 291 505 291 539 301 500 301 20
544 105 541 105 547 107 544 107 76
544 111 541 111 547 113 543 113 95
547 117 543 117 549 119 545 119 115
542 125 539 125 545 127 541 127 21
546 123 543 123 549 125 545 125 28
545 143 541 142 547 145 543 145 19
543 147 539 147 545 149 541 149 21
547 155 543 154 549 157 545 156 22
545 155 541 155 547 157 543 157 18
547 159 543 159 549 161 545 161 15
545 163 541 163 547 165 543 165 16
547 167 543 167 549 169 545 169 23
544 171 540 171 547 173 543 173 22
543 181 538 180 545 183 541 183 101
545 185 533 185 547 187 535 187 143
547 196 536 196 549 199 537 199 271
545 202 533 202 547 205 535 205 274
544 210 531 210 545 213 532 213 239
543 214 533 214 545 217 534 217 215
544 229 528 229 545 233 532 232 71
548 289 514 288 547 299 509 299 21
549 294 511 294 547 305 510 304 17
548 103 545 101 551 105 547 105 56
549 119 545 119 551 121 547 121 90
551 135 547 135 553 137 549 136 26
549 147 545 147 551 149 547 149 21
551 157 547 157 553 159 549 159 23
553 174 548 172 555 175 551 175 37
550 178 546 178 553 181 548 180 139
552 185 542 185 553 187 543 187 147
549 198 537 198 551 201 539 201 340
553 196 542 196 555 199 544 199 346
553 203 541 202 555 205 542 205 277
549 220 536 220 551 223 538 223 124
553 239 533 238 553 243 534 243 18
553 266 526 266 553 273 523 273 13
551 270 523 269 551 277 521 277 18
555 282 522 282 555 291 521 291 17
552 290 516 290 551 301 513 301 16
555 109 551 110 557 111 554 111 85
557 105 554 105 559 107 556 107 65
558 126 555 127 561 129 558 129 115
557 125 553 125 559 127 555 127 34
555 131 551 131 557 133 553 132 92
557 133 553 133 559 135 555 134 127
555 137 551 136 557 139 553 139 40
557 183 548 183 559 185 549 185 88
557 188 547 188 559 191 548 191 147
556 190 545 190 557 193 545 193 172
555 203 543 203 557 205 544 205 143
555 214 543 213 557 217 545 217 76
557 216 546 216 559 219 547 219 93
565 109 561 109 567 111 564 111 48
561 113 558 113 563 115 560 115 59
564 125 561 125 567 127 564 127 44
565 139 561 139 567 141 564 140 105
560 161 557 160 563 163 558 163 62
565 173 560 173 567 175 562 175 59
563 186 553 187 565 189 555 189 106
563 191 553 190 565 193 555 192 237
565 195 555 194 567 197 556 197 236
563 197 553 196 565 199 555 199 166
561 208 551 208 563 211 553 211 127
565 212 555 212 567 215 556 215 83
563 225 547 225 565 229 549 228 45
562 230 549 229 567 233 548 233 20
573 87 557 88 569 89 557 89 17
571 115 567 115 573 117 569 117 59
571 131 567 130 573 133 569 132 43
567 137 563 137 569 139 565 139 46
566 157 562 157 569 159 564 159 68
569 153 564 153 571 155 566 155 96
567 155 562 155 569 157 564 157 117
571 155 566 155 573 157 568 157 97
567 234 553 233 571 237 553 238 22
565 234 548 234 569 237 553 237 71
570 255 545 255 571 261 545 261 17
572 253 547 253 573 259 545 259 23
568 259 540 258 569 265 538 265 15
573 109 569 109 575 111 572 111 101
576 114 572 114 579 117 575 117 72
573 119 568 119 575 121 570 121 73
577 123 572 123 579 125 575 125 120
572 133 568 133 575 135 571 135 58
575 139 570 139 577 141 572 141 56
576 143 572 143 579 145 575 144 100
572 149 568 149 575 151 571 151 120
575 173 569 173 577 175 572 173 67
576 207 567 207 577 209 567 208 66
578 212 564 212 577 215 567 215 69
572 239 554 238 575 243 555 243 21
578 264 550 264 579 271 551 271 24
577 271 543 273 577 279 543 279 15
576 292 540 292 577 303 538 303 19
574 294 538 294 575 305 536 305 18
577 93 575 92 581 93 569 94 15
581 117 576 117 583 119 579 118 89
580 125 576 125 583 127 578 125 176
580 139 576 139 583 141 578 141 80
582 156 578 153 585 157 581 155 199
581 185 576 185 583 187 574 187 138
578 189 571 189 581 191 574 191 68
581 198 574 198 583 201 576 201 43
579 203 571 202 581 205 575 205 116
583 234 564 234 585 239 567 238 38
582 240 563 240 585 245 565 245 51
581 250 562 250 585 255 563 255 32
581 255 557 255 583 261 557 261 18
580 269 549 269 581 277 550 275 20
585 86 580 85 589 87 584 87 16
586 117 582 117 589 119 585 119 107
588 147 584 147 591 149 587 149 166
588 159 584 161 591 163 587 163 185
584 165 580 165 587 167 583 167 108
586 190 576 191 589 193 579 193 163
583 202 577 202 587 205 579 205 104
585 216 571 216 587 219 574 219 58
588 218 576 217 591 221 578 221 47
586 220 574 219 589 223 576 222 43
589 227 576 227 591 231 573 230 67
588 242 568 242 591 247 570 247 43
584 292 548 292 587 303 548 303 23
589 294 552 294 591 305 551 305 16
586 77 585 75 593 79 584 77 7
593 105 590 103 595 107 589 108 67
594 163 590 163 597 165 593 165 223
590 167 585 167 593 169 588 169 95
594 169 590 169 597 171 592 171 156
590 185 586 184 593 187 589 186 102
592 191 586 191 595 193 588 193 72
593 199 586 199 595 201 588 201 78
592 197 585 197 595 199 588 199 66
593 216 581 216 595 219 582 219 42
594 241 575 240 597 245 577 245 51
593 250 571 250 595 255 572 254 37
590 254 565 255 593 261 565 260 16
593 281 561 282 597 291 561 291 32
593 292 557 295 595 303 556 302 28
599 97 595 97 603 97 597 99 69
600 126 596 125 603 127 599 126 94
600 137 596 137 603 139 599 139 138
600 147 595 147 603 149 598 149 147
600 157 596 159 603 159 598 160 184
598 155 594 155 601 157 597 157 220
600 165 596 165 603 167 598 166 217
600 171 596 171 603 173 598 173 137
596 181 591 180 599 183 594 182 66
598 179 593 178 601 181 596 180 81
596 189 589 188 599 191 592 191 100
600 190 593 190 603 193 596 193 149
600 212 589 212 603 215 592 215 36
597 235 575 234 599 239 580 239 39
599 279 566 279 603 289 567 288 24
597 286 563 286 601 295 562 295 16
599 290 563 290 601 301 562 301 18
601 94 597 94 605 95 601 94 67
604 120 600 119 607 121 603 120 218
602 139 598 139 605 141 601 141 112
604 145 599 145 607 147 602 146 138
602 153 598 153 605 155 600 155 181
602 169 598 169 605 171 600 171 135
604 179 600 177 607 181 602 180 123
606 191 599 190 609 193 602 192 234
606 199 599 198 609 201 601 201 162
606 218 594 218 609 221 596 221 44
602 220 590 220 605 223 592 223 41
605 247 585 246 607 253 584 253 26
604 251 580 251 607 257 582 256 25
603 267 573 264 607 273 577 274 14
606 292 568 292 609 303 571 302 20
610 78 606 78 613 79 608 79 127
608 85 604 85 611 87 607 87 98
610 87 606 87 613 89 609 89 102
610 135 605 135 613 137 608 137 54
612 153 607 153 615 155 610 154 94
610 161 605 161 613 163 608 163 130
610 181 605 181 613 183 607 183 134
612 189 601 188 615 191 603 191 446
610 201 601 200 613 203 605 203 320
612 204 604 204 615 207 606 207 111
607 208 597 208 611 211 603 211 71
608 239 589 238 611 243 591 243 16
614 75 613 76 619 77 616 77 90
616 94 611 94 619 95 614 94 236
615 124 612 123 619 125 612 125 86
615 129 610 129 617 131 610 131 48
616 161 611 161 619 163 614 163 83
614 185 606 184 617 187 608 186 194
618 191 608 191 621 193 611 193 159
614 194 603 194 617 197 607 197 593
616 199 607 198 619 201 609 201 223
616 204 607 204 619 207 609 206 97
618 208 609 208 621 211 611 211 64
615 216 603 216 619 219 606 219 50
617 254 593 254 621 261 596 260 18
615 257 590 257 619 263 592 262 15
617 261 591 260 621 267 593 268 11
615 287 580 287 619 297 581 297 25
625 92 620 92 627 93 622 93 219
622 199 612 199 625 201 615 201 151
624 206 614 206 627 209 617 208 67
623 212 613 212 627 215 619 215 166
619 233 601 233 623 237 603 237 49
621 244 600 244 625 249 603 249 24
621 257 596 260 625 267 599 265 22
622 267 593 266 625 275 595 273 23
623 277 593 277 627 285 595 285 27
621 287 586 287 625 297 588 297 29
622 286 588 285 627 295 589 295 30
628 88 623 88 631 89 626 88 239
626 102 621 101 629 103 624 103 294
628 106 623 105 631 107 626 106 307
631 125 623 125 631 127 624 127 107
628 141 623 139 631 143 626 141 69
630 157 623 157 633 159 626 159 72
628 161 621 161 631 163 624 162 52
630 173 623 173 633 175 626 174 58
630 185 620 185 633 187 623 187 186
630 190 620 190 633 193 623 192 154
626 188 616 188 629 191 619 190 259
628 224 614 224 631 227 617 227 54
629 244 608 244 633 249 611 249 43
625 248 604 248 629 253 607 253 43
627 260 600 257 629 267 600 265 20
624 296 587 295 629 307 588 306 16
634 116 628 116 637 117 631 117 168
634 127 628 127 637 129 631 129 186
632 131 626 131 635 133 629 133 158
634 135 629 135 637 137 632 137 179
632 161 625 161 635 163 628 163 41
632 171 625 171 635 173 628 173 37
636 177 629 177 639 179 632 178 61
634 193 624 193 637 195 627 195 138
631 214 621 214 635 217 624 217 94
635 212 625 212 639 215 629 215 74
632 228 616 227 635 231 620 231 65
630 231 614 231 635 235 618 235 50
631 237 613 236 635 241 615 241 65
635 241 615 241 639 245 619 245 70
633 250 611 250 637 255 614 255 50
629 259 599 261 635 267 605 266 31
632 283 598 283 637 293 600 293 52
640 102 635 100 643 103 638 101 260
640 104 634 105 643 105 637 106 201
642 110 637 109 645 111 640 111 168
640 125 634 125 643 127 638 127 152
638 156 631 155 641 157 634 157 56
638 161 631 161 641 163 634 163 77
640 192 629 192 643 195 633 195 68
641 201 631 200 645 203 635 203 176
638 201 627 200 641 203 631 203 164
638 208 628 208 641 211 632 211 145
637 220 626 220 641 223 629 223 66
639 235 623 235 643 239 630 239 76
637 248 615 248 641 253 618 253 73
638 257 613 257 643 263 616 263 52
636 262 609 261 641 269 613 269 49
638 274 607 272 643 281 611 280 82
636 286 601 285 641 295 604 295 54
648 56 642 56 651 57 646 56 110
648 68 643 67 651 69 646 68 223
644 136 638 136 647 137 641 138 142
644 143 637 142 647 145 640 143 239
648 153 641 153 651 155 644 155 115
648 171 641 171 651 173 644 173 97
646 175 639 175 649 177 642 177 97
645 187 636 186 649 189 639 188 149
647 187 638 186 651 189 641 189 137
645 193 635 192 649 195 639 195 140
647 192 637 192 651 195 641 195 203
643 197 633 196 647 199 636 199 159
647 201 636 201 651 203 640 203 307
643 231 628 231 649 235 635 235 34
643 244 623 244 649 249 626 249 75
642 259 617 259 647 265 620 265 44
641 280 609 280 647 289 612 288 55
654 56 649 56 657 57 651 56 130
654 62 649 62 657 63 652 63 131
650 64 645 63 653 65 648 64 119
650 72 645 72 653 73 648 73 154
653 102 648 102 657 103 651 103 256
653 108 648 107 657 109 651 108 277
649 146 643 145 653 147 646 147 215
653 151 646 151 657 153 649 151 141
653 165 646 164 657 167 649 166 74
650 171 642 171 653 173 646 173 93
653 193 643 193 657 195 647 195 386
649 239 630 239 655 243 633 243 32
647 272 618 273 653 281 621 281 64
649 278 617 275 655 287 621 285 32
647 284 613 284 653 293 617 293 28
660 66 654 65 663 67 658 66 89
656 70 651 70 659 71 654 71 114
658 127 652 127 661 129 655 128 162
660 134 654 135 663 137 657 137 107
656 140 650 140 659 141 653 141 297
658 142 652 142 661 143 655 142 174
657 150 649 148 661 151 654 151 187
655 173 649 173 659 175 652 175 107
659 175 653 175 663 177 656 177 96
657 198 642 197 661 201 645 201 355
655 233 639 233 661 237 639 236 31
655 237 637 237 659 241 642 241 31
657 254 634 253 663 259 638 259 39
654 252 627 251 659 257 635 257 47
660 109 656 107 665 109 658 109 235
665 144 659 144 669 145 663 145 133
661 161 655 161 665 163 658 163 93
661 173 655 173 665 175 658 175 130
665 175 658 175 669 177 662 177 79
664 191 649 191 669 193 653 193 293
664 199 650 198 669 201 654 200 231
662 204 647 204 667 207 651 207 259
660 200 646 200 665 203 650 203 266
660 208 644 208 665 211 649 211 366
662 227 647 227 667 231 650 231 48
658 229 645 229 665 233 651 233 44
660 259 634 259 667 265 641 265 29
658 311 616 311 667 325 621 325 38
660 316 616 316 669 331 621 331 38
668 72 659 71 671 73 662 72 245
669 96 663 95 673 97 666 96 99
668 116 661 115 671 117 665 116 161
667 122 661 121 671 123 665 122 86
671 179 664 179 675 181 668 180 103
669 214 653 214 673 217 657 217 268
670 220 654 220 675 223 659 223 207
669 227 654 227 675 231 657 230 89
667 231 652 231 673 235 656 235 27
666 308 624 309 675 323 627 322 26
665 314 622 314 675 329 628 329 22
679 45 672 46 681 47 676 46 93
678 66 672 65 681 67 675 66 179
677 93 671 91 681 95 674 93 130
675 99 669 97 679 99 672 100 94
675 114 670 113 679 115 673 114 119
673 134 667 133 677 135 670 135 140
677 159 671 159 681 161 674 160 40
673 159 666 159 677 161 670 160 73
673 179 666 179 677 181 670 181 102
677 183 670 183 681 185 674 184 146
676 198 661 198 681 201 665 201 297
672 235 654 235 677 239 660 239 31
672 322 626 322 677 337 632 338 33
680 70 673 70 683 71 677 70 174
682 80 675 80 685 81 678 80 172
681 97 675 95 685 97 678 97 71
679 102 673 102 683 103 676 103 108
681 136 675 136 685 137 679 137 131
683 174 677 173 687 175 680 175 65
677 189 661 189 683 191 666 191 137
677 193 663 193 685 195 667 195 108
678 218 661 218 683 221 662 221 133
677 287 644 289 685 297 650 297 6
689 110 684 109 693 111 687 110 125
687 112 680 112 691 113 683 113 157
689 136 682 135 693 137 686 136 181
685 137 678 137 689 139 682 138 70
685 141 678 140 689 143 682 142 55
689 155 682 155 693 157 686 157 67
685 171 678 171 689 173 682 173 33
685 177 678 177 689 179 682 179 85
685 185 677 185 689 187 681 187 159
686 193 671 193 691 195 676 195 136
688 189 675 189 693 191 678 191 160
688 204 671 204 689 207 671 207 416
691 71 684 71 695 71 688 70 291
693 76 686 76 697 77 690 76 229
691 82 684 82 695 83 688 83 564
691 89 684 88 695 89 688 88 215
693 114 686 114 697 115 690 114 202
693 128 686 128 697 129 690 128 141
693 138 686 137 697 139 690 139 122
693 152 686 151 697 153 690 153 121
693 159 686 158 697 161 690 160 79
693 168 686 167 697 169 690 169 80
695 172 688 171 699 173 692 172 53
695 183 688 183 699 185 692 184 153
691 208 675 208 697 211 681 211 166
691 214 676 214 697 217 681 217 262
687 284 652 284 697 293 662 293 12
701 51 694 51 705 51 698 51 160
701 59 694 58 705 59 698 59 171
697 78 690 78 701 79 694 78 271
701 96 694 96 705 97 698 96 95
701 150 694 150 705 151 698 151 230
699 161 692 161 703 163 696 162 131
701 165 694 165 705 167 698 166 141
697 187 681 187 701 189 686 189 163
695 193 681 193 701 195 686 195 178
695 196 680 196 701 199 686 199 156
691 327 644 328 703 345 651 345 20
707 59 700 61 711 59 704 59 201
705 69 698 69 709 69 702 69 323
703 94 696 93 707 95 700 94 77
707 108 700 108 711 109 705 109 150
705 146 698 145 709 147 702 146 188
707 149 700 149 711 151 704 151 231
705 155 698 155 709 157 702 156 106
705 163 698 163 709 165 702 164 122
706 170 697 170 711 171 701 172 59
707 165 700 165 711 167 703 167 98
701 202 685 202 707 205 691 205 186
700 230 663 231 711 235 671 235 75
700 264 667 266 711 273 674 271 39
696 272 662 272 707 279 669 279 18
697 315 654 315 707 331 659 331 18
695 321 651 321 709 337 658 336 18
711 108 703 108 715 109 706 108 105
713 138 706 137 717 139 710 138 169
709 145 702 145 713 147 706 146 201
703 240 667 241 713 247 676 247 99
702 248 668 249 713 255 676 256 106
706 257 671 257 717 265 679 264 74
704 261 670 261 715 269 678 269 39
706 269 672 268 717 277 680 276 45
702 274 668 273 713 285 676 283 26
704 272 670 272 715 281 678 281 31
707 289 671 291 715 299 675 300 11
704 319 659 319 717 335 668 335 16
704 323 658 323 717 339 667 339 8
702 326 654 326 715 343 664 342 10
717 65 710 64 721 65 714 64 108
719 104 711 104 723 105 716 104 109
715 110 708 109 719 111 712 110 155
715 148 707 147 719 149 712 149 123
708 241 673 242 719 247 681 248 93
710 246 675 245 721 253 683 252 76
708 266 673 266 719 273 682 271 24
721 23 715 22 725 23 718 22 124
723 41 716 40 727 41 720 40 158
721 86 714 86 725 87 718 86 158
723 98 715 98 727 99 720 98 134
722 155 716 155 727 157 720 157 151
720 173 711 173 725 175 715 174 43
713 233 677 233 725 239 686 239 87
716 243 682 242 727 249 692 251 176
727 21 719 19 731 21 723 20 115
730 65 724 64 735 65 728 64 173
726 114 719 114 731 115 724 115 222
730 118 723 118 735 119 728 119 319
727 122 720 121 731 127 724 126 336
730 130 723 129 735 131 728 130 159
730 154 723 153 735 155 728 154 188
726 163 717 162 731 165 722 164 160
733 32 726 32 737 33 730 33 160
737 50 730 50 741 51 734 51 65
734 63 728 62 739 63 732 62 111
736 67 728 67 741 67 734 66 359
734 77 727 76 739 77 732 76 176
732 116 725 116 737 117 730 116 167
736 118 729 118 741 119 734 118 258
731 140 723 140 737 141 729 141 342
732 168 725 169 737 169 729 169 171
725 244 691 244 737 251 700 251 337
719 326 673 326 737 343 686 343 16
738 35 732 35 743 35 737 35 89
741 43 734 42 745 43 738 43 46
743 49 736 48 747 49 740 48 71
741 49 734 48 745 49 738 48 47
739 52 732 52 743 53 736 52 79
742 69 733 70 747 69 737 70 442
741 68 734 68 745 69 738 68 109
739 82 732 82 743 81 736 82 296
740 116 733 115 745 117 738 116 281
738 116 731 115 743 117 736 116 321
738 134 731 133 743 135 736 134 233
740 156 733 155 745 157 738 156 289
738 158 731 157 743 159 736 158 311
739 181 728 181 745 183 734 183 78
733 230 695 230 747 237 705 238 355
730 227 690 227 743 235 700 234 360
728 287 687 287 743 299 697 298 84
745 38 738 38 749 39 742 38 41
749 53 742 52 753 53 746 52 56
748 144 740 144 753 145 745 143 206
744 153 736 153 749 155 741 154 372
735 284 692 283 751 297 703 295 66
735 281 692 280 751 293 704 291 79
736 303 692 302 753 317 704 316 42
736 313 692 314 753 329 704 328 39
734 324 686 324 751 341 701 341 32
752 51 746 50 757 51 750 50 64
750 55 744 54 755 55 748 54 51
750 59 744 58 755 59 748 58 76
754 83 747 81 759 83 752 81 375
738 307 693 309 755 321 705 323 49
742 314 697 314 759 329 709 328 43
739 338 690 338 759 357 702 356 42
739 336 690 336 757 355 703 355 30
759 69 752 68 763 69 756 68 219
747 282 701 283 765 295 714 295 62
744 307 698 307 761 321 711 321 38
765 18 761 16 771 17 765 16 95
763 25 756 24 767 25 760 24 202
761 103 754 104 769 105 760 104 263
764 170 755 171 769 173 761 172 84
761 180 744 177 769 181 752 180 111
752 249 706 248 771 257 720 256 158
751 254 705 255 769 263 718 263 224
750 260 704 260 767 269 717 269 167
749 287 703 288 767 299 716 300 80
748 330 700 330 767 347 716 347 45
767 23 763 21 773 23 767 21 111
772 25 765 24 777 25 770 24 130
772 31 766 30 777 31 770 30 142
768 41 762 40 773 41 766 40 180
772 47 766 46 777 47 770 46 184
769 69 761 69 775 69 766 69 182
770 75 761 75 773 77 766 75 159
771 152 761 151 777 153 767 152 60
769 150 759 149 775 151 765 150 99
769 172 759 170 775 173 765 171 65
769 177 751 177 775 179 757 178 86
756 254 709 254 775 263 723 263 123
756 259 709 259 775 269 723 269 105
757 268 711 267 777 279 724 279 88
755 281 709 282 777 295 723 293 43
776 41 768 39 781 41 774 40 142
776 51 769 50 781 51 773 50 226
773 79 765 78 779 79 770 78 94
774 148 765 147 781 149 772 148 29
775 163 765 161 781 163 771 161 38
773 181 763 182 783 183 771 185 48
772 185 757 185 781 187 765 187 96
774 187 763 189 783 189 765 188 68
763 245 716 245 783 253 732 253 62
763 254 716 254 783 263 731 263 83
761 257 714 257 781 267 728 267 134
760 262 713 262 779 271 726 271 84
759 277 712 277 779 289 727 289 35
763 293 715 292 783 307 729 307 26
759 293 710 293 779 307 726 306 24
762 301 715 301 783 315 729 315 23
762 297 714 297 783 311 729 311 22
759 299 711 299 779 313 726 313 20
760 341 709 341 781 361 724 361 44
779 79 769 79 785 79 776 78 49
777 86 768 85 785 85 773 85 73
778 152 769 151 785 153 775 153 60
780 148 770 147 787 149 777 148 97
782 152 773 155 789 155 779 155 52
778 154 769 153 785 155 775 155 49
782 170 772 169 789 171 779 170 83
779 184 766 184 787 185 772 185 63
770 203 727 204 789 207 740 207 125
765 255 718 255 785 265 733 265 102
766 272 719 272 787 283 734 283 101
764 279 716 279 785 291 731 291 53
768 295 719 295 789 309 735 309 17
761 308 715 307 785 323 730 323 26
789 69 780 69 795 69 786 68 38
789 97 779 96 795 97 786 96 38
785 95 775 94 791 95 781 94 41
786 150 777 149 793 151 783 150 63
782 180 770 179 791 181 780 180 100
788 183 775 183 795 185 783 184 86
773 220 727 220 793 225 742 226 75
771 232 724 232 791 239 739 239 41
774 241 730 241 795 249 743 249 71
774 254 726 253 795 263 742 262 135
770 257 723 257 791 267 739 267 103
778 289 730 289 795 303 746 302 46
773 297 726 297 795 311 743 311 26
775 328 728 328 795 345 744 345 20
771 332 723 332 791 349 738 349 27
771 333 723 333 793 351 739 351 30
791 65 782 64 797 65 788 64 58
791 67 782 67 797 67 788 66 78
790 111 781 112 797 113 787 111 42
794 116 785 115 801 115 791 115 105
790 121 781 120 797 121 787 120 36
792 122 783 122 799 123 789 122 86
792 154 782 153 799 155 789 154 66
775 250 728 249 797 259 744 258 223
777 259 730 259 799 269 746 269 97
775 261 728 261 797 271 744 271 132
779 270 731 270 801 281 748 281 94
776 275 729 275 799 287 745 286 54
778 275 731 275 801 287 749 287 63
795 76 785 75 803 75 790 75 46
797 74 789 72 805 73 795 72 75
796 175 786 175 803 177 793 177 64
781 214 737 214 803 219 757 218 52
785 261 737 261 807 271 754 271 78
781 261 733 261 803 271 750 271 105
781 264 733 264 803 275 750 275 66
784 268 735 268 805 279 753 279 75
781 329 731 328 803 347 753 347 29
802 64 793 63 809 63 799 62 62
805 114 795 113 813 115 802 114 226
805 177 796 178 813 179 803 179 72
786 251 739 250 809 259 756 259 179
786 255 738 255 809 265 756 265 84
787 335 739 335 811 353 757 353 39
808 36 800 35 815 35 806 34 165
808 51 799 51 815 51 805 50 78
812 89 801 89 819 89 808 88 151
808 131 797 134 815 131 804 132 113
793 258 745 258 817 267 764 266 59
793 272 744 272 817 283 763 283 49
794 341 743 341 819 361 762 361 41
815 137 805 135 823 135 812 137 312
815 141 805 141 823 143 812 141 311
817 163 807 163 825 165 814 164 221
799 218 749 221 823 225 767 223 57
801 237 751 237 823 245 769 245 37
800 279 751 279 825 291 771 291 64
798 284 749 283 823 297 769 297 112
798 289 749 288 823 303 769 303 59
800 286 752 287 825 299 771 298 137
798 304 750 304 823 319 769 319 55
801 312 757 312 825 327 777 327 16
798 339 748 339 823 359 768 359 53
798 343 747 343 823 363 766 363 56
821 78 809 77 829 77 816 76 94
823 92 813 91 831 91 820 90 312
823 109 813 106 831 107 820 109 417
819 140 809 138 827 139 816 139 344
821 175 811 175 829 177 818 176 265
805 209 759 209 831 215 779 213 54
804 277 756 277 829 289 775 289 95
804 281 755 281 829 293 775 293 163
806 282 757 282 831 295 777 295 133
806 290 757 289 831 303 777 303 258
804 295 755 295 829 309 775 309 87
805 328 756 328 829 345 774 345 42
826 42 816 41 833 41 823 40 101
830 44 820 43 837 43 827 42 138
812 230 765 230 837 237 784 237 55
813 295 763 295 835 309 784 309 203
832 61 821 59 841 59 827 59 95
832 95 820 95 841 95 828 95 187
832 103 820 105 841 103 828 101 171
832 125 825 124 841 123 834 122 544
834 174 821 174 843 175 830 174 280
817 232 770 232 843 239 790 239 55
840 32 829 32 849 29 839 27 88
838 74 826 73 847 73 834 72 72
840 109 827 109 849 109 836 108 48
838 142 824 142 847 143 834 142 105
836 153 823 154 845 155 832 153 135
825 225 778 225 847 231 793 231 84
820 236 773 235 847 243 794 243 62
822 252 773 252 849 261 795 261 121
821 280 773 280 849 293 795 293 251
820 292 771 292 847 305 793 305 161
843 35 833 34 851 33 841 31 128
842 78 829 77 851 77 838 76 38
842 114 830 113 853 113 840 112 46
845 149 832 148 855 149 842 148 63
842 169 829 170 851 173 838 172 104
841 178 829 177 851 179 838 178 123
828 246 780 246 855 255 802 255 150
824 250 777 251 851 259 798 259 152
824 255 775 255 851 265 797 265 108
824 284 775 284 851 297 797 297 235
826 284 777 284 853 297 799 297 204
826 292 778 292 855 305 801 305 102
824 333 778 334 851 351 797 350 119
823 336 776 337 851 355 797 355 67
828 335 778 334 855 353 802 353 75
847 82 834 82 857 81 843 80 52
851 96 837 96 861 95 847 95 61
847 106 834 105 857 105 844 103 74
851 169 838 169 861 171 847 173 87
847 178 834 177 857 179 843 178 137
835 214 785 217 859 219 805 219 163
832 243 783 241 857 251 805 250 117
833 243 784 241 859 251 805 250 91
831 256 783 255 859 265 805 265 89
833 295 785 295 861 309 809 309 38
829 306 783 306 857 321 806 321 14
853 73 839 72 863 71 849 70 34
853 99 839 97 863 99 849 97 35
855 140 841 140 865 141 851 140 29
853 142 839 142 863 143 849 142 32
857 147 843 147 867 147 853 146 29
855 149 841 147 865 147 851 149 35
841 203 799 203 867 207 820 207 184
840 201 799 202 865 205 819 205 214
836 207 794 207 863 211 816 211 155
839 262 789 263 867 273 813 273 57
834 275 786 275 863 287 809 287 93
864 31 847 32 873 29 855 30 165
859 57 844 56 869 55 854 54 29
861 56 846 55 873 53 857 52 21
859 83 845 84 869 83 855 82 32
863 88 848 87 873 87 858 85 40
845 207 802 207 871 211 823 211 163
840 266 792 266 869 277 813 277 99
839 320 790 320 869 337 814 337 53
841 340 790 339 871 359 815 359 80
866 81 853 80 879 79 864 78 72
867 84 852 84 877 83 863 83 31
865 124 850 124 875 123 861 122 9
864 158 851 157 877 159 862 158 23
851 204 807 204 877 207 828 207 241
851 209 807 209 879 213 830 213 153
847 239 797 239 877 247 824 246 143
847 322 797 321 877 339 822 338 78
844 343 795 344 875 363 819 363 102
847 340 796 340 877 359 821 359 131
873 22 859 22 883 21 869 20 66
874 59 859 58 885 57 870 56 65
871 137 857 136 883 137 868 136 48
869 164 854 164 881 163 865 165 37
873 176 859 175 885 177 870 176 109
854 201 809 201 883 205 834 205 85
854 207 809 207 883 211 833 211 121
851 247 804 246 881 255 827 254 203
854 262 805 263 883 273 829 273 63
853 279 804 279 883 291 829 291 48
851 279 803 279 881 291 827 291 64
855 286 806 287 885 301 831 301 54
852 288 804 287 883 301 829 301 55
853 302 805 302 883 317 830 317 16
855 322 807 322 885 339 832 339 96
855 328 806 328 885 345 831 345 90
851 328 803 328 881 345 827 345 101
852 333 801 333 883 351 827 351 163
853 339 800 338 883 357 826 357 151
875 117 861 117 887 119 873 118 8
880 120 865 120 891 121 876 119 12
875 139 861 138 887 139 872 138 64
879 139 865 138 891 139 877 138 59
877 168 859 171 889 169 874 169 248
874 194 851 193 891 195 866 195 19
860 249 812 249 891 257 838 257 337
861 266 817 266 891 277 842 277 78
857 294 809 293 889 307 834 307 58
858 306 809 306 887 321 831 321 14
855 322 808 323 889 341 833 340 95
856 331 806 331 887 349 832 349 125
855 334 804 334 887 353 831 353 151
885 59 869 59 897 57 880 57 75
885 65 869 66 897 65 881 63 90
881 69 866 68 893 67 877 66 55
883 73 868 72 895 71 879 70 33
883 82 868 81 895 79 879 80 29
885 79 870 79 897 77 881 78 44
885 96 869 96 897 95 881 94 72
881 126 867 123 893 125 878 125 12
883 137 868 136 895 137 879 136 43
882 178 867 177 895 179 879 179 132
876 181 857 183 893 183 870 183 143
878 187 856 187 895 189 872 189 59
864 247 817 246 895 255 843 255 311
866 258 818 258 897 267 844 267 91
863 277 814 277 895 289 842 288 61
865 292 816 292 897 305 843 305 108
865 297 815 297 897 311 843 311 157
864 329 816 330 897 347 843 347 80
860 337 809 338 893 357 835 357 112
891 90 875 89 903 87 886 86 14
887 174 871 173 899 175 883 174 143
886 185 863 185 903 187 879 186 101
881 203 859 202 899 205 875 204 29
884 209 860 208 901 211 877 210 27
871 252 824 252 903 261 850 261 113
871 258 824 258 903 267 850 267 73
867 325 817 325 903 343 849 343 33
867 325 819 325 901 343 848 343 41
868 339 816 339 903 359 845 359 108
894 66 878 65 907 63 890 62 29
894 77 878 77 907 75 891 75 22
899 74 880 74 909 73 891 73 38
890 209 868 209 907 211 884 211 15
873 269 827 269 905 281 853 280 40
877 273 832 274 909 285 859 285 26
869 342 816 342 905 363 845 363 174
880 258 831 257 911 267 857 269 32
880 254 833 254 913 263 861 263 25
883 289 831 288 915 303 863 302 34
882 295 834 295 915 309 861 310 31
880 312 835 311 913 329 862 328 14
879 327 829 327 913 345 859 345 46
879 327 831 327 915 345 861 345 33
876 331 826 331 911 349 856 349 50
880 333 830 333 915 351 859 351 65
907 24 888 24 919 21 899 21 63
907 62 890 61 921 59 903 61 25
907 138 890 138 921 137 904 137 62
905 145 888 145 919 145 902 144 45
901 199 876 202 917 203 893 202 16
897 223 866 223 919 227 887 227 17
886 269 839 267 919 279 867 278 20
885 288 835 287 919 301 867 300 40
884 293 836 293 917 307 864 307 41
887 296 841 295 921 309 867 310 29
885 297 840 297 919 311 867 312 30
886 303 840 305 919 317 868 316 21
911 85 894 85 925 81 907 79 153
908 189 885 189 927 191 902 191 40
902 221 871 221 923 225 892 225 10
902 218 871 216 923 221 893 222 12
890 290 842 290 923 303 867 302 30
887 333 837 333 923 351 867 351 61
891 334 841 335 927 353 870 353 48
918 48 901 47 933 45 915 43 39
917 73 900 71 931 71 913 70 54
919 81 902 80 933 79 915 78 57
910 210 879 209 931 213 901 212 10
903 309 859 311 933 323 890 321 16
894 329 844 329 929 347 871 346 44
920 68 903 67 935 65 917 64 61
918 182 898 181 935 183 915 183 77
919 196 897 196 939 199 915 199 14
917 199 892 195 935 201 910 200 10
912 210 885 210 935 215 908 213 11
905 316 861 316 939 331 890 331 11
929 45 912 44 945 41 927 40 57
926 179 903 179 943 181 921 180 71
924 185 901 185 943 187 920 186 42
918 212 894 211 941 215 912 214 17
921 218 895 217 943 221 914 221 17
910 312 865 311 943 327 895 328 10
907 318 863 318 941 333 893 334 17
933 43 914 43 949 39 929 39 63
935 47 917 46 951 43 932 42 70
936 70 918 70 951 65 932 64 40
932 82 914 81 949 79 930 78 65
934 155 915 155 951 155 931 155 135
939 143 920 142 957 143 936 142 135
936 163 917 164 953 163 933 164 73
936 191 913 190 955 193 932 193 20
927 230 892 229 955 235 917 234 8
947 40 926 38 963 35 943 34 50
942 68 922 68 959 65 938 66 49
943 155 923 155 961 155 940 155 63
946 172 927 172 963 173 943 173 32
940 190 917 191 961 193 936 192 18
929 299 889 297 961 311 909 309 14
923 338 871 338 963 357 906 357 37
948 67 929 71 965 65 945 63 92
952 106 932 105 969 105 949 104 38
951 120 932 119 969 119 948 119 38
948 170 929 170 965 171 945 171 28
945 187 921 187 965 189 941 189 30
941 217 913 217 965 221 927 221 15
939 241 902 241 969 247 929 247 5
936 258 899 258 965 265 926 265 6
936 259 901 261 967 269 928 269 6
937 272 901 272 967 281 928 281 10
956 97 941 97 975 93 965 91 57
957 125 938 125 975 125 955 125 30
952 191 929 194 973 195 948 194 12
947 225 911 228 973 231 939 233 10
943 279 903 277 973 289 934 289 9
963 107 943 105 981 105 960 104 13
965 124 945 124 981 123 969 121 22
960 146 941 144 979 145 958 144 24
959 147 939 147 977 147 956 147 34
961 172 939 171 977 173 954 172 19
945 300 903 298 979 311 935 311 4
964 58 945 58 983 55 962 53 11
969 72 950 71 987 69 966 68 17
967 84 947 83 985 81 964 80 13
965 97 945 95 983 95 962 93 8
964 105 945 104 983 103 962 104 13
968 134 949 131 987 133 966 133 14
964 140 945 139 983 139 962 138 16
967 147 947 146 987 147 965 146 25
965 159 945 158 985 159 963 159 34
953 311 909 309 987 325 942 326 8
975 107 951 106 989 105 967 103 17
974 111 950 111 993 109 973 108 17
970 122 949 122 991 121 967 121 16
970 167 949 167 989 167 968 166 12
970 174 950 174 993 175 970 174 17
965 215 936 214 991 219 960 219 9
950 325 904 325 993 343 937 341 44
976 61 957 61 995 59 973 57 7
976 99 961 101 997 99 975 98 11
978 109 958 108 997 107 977 106 9
975 116 953 115 995 115 969 115 17
977 147 957 146 997 147 976 146 18
979 151 959 150 999 151 978 150 18
978 152 957 152 997 153 977 151 19
973 178 951 178 995 179 971 179 16
975 189 955 190 997 191 974 190 8
964 247 926 245 997 255 955 254 8
963 271 923 272 999 281 955 281 6
981 80 961 79 1001 77 979 76 12
985 91 966 90 1005 89 984 88 17
981 112 962 111 1001 111 981 109 18
983 195 959 197 1005 199 981 198 9
976 207 949 207 1003 211 975 209 14
973 215 946 213 1001 219 969 218 15
969 261 929 261 1003 269 961 270 9
967 301 926 301 1001 313 957 313 8
992 89 973 87 1011 87 990 86 15
988 110 971 109 1009 109 989 108 13
987 125 965 126 1007 125 986 124 14
989 136 969 135 1009 135 987 134 14
987 155 967 155 1007 155 985 154 40
975 240 935 240 1011 247 968 246 10
974 260 933 259 1011 267 967 267 6
975 295 933 296 1011 307 965 306 8
997 136 977 134 1017 135 993 133 25
996 137 974 137 1013 137 992 136 21
994 149 974 149 1015 149 994 148 42
979 234 940 235 1013 241 971 240 11
979 304 937 304 1017 317 973 317 5
1001 55 981 54 1021 51 1001 51 115
1001 111 982 112 1021 111 1001 110 14
1002 151 985 151 1023 151 1001 151 81
998 161 979 160 1019 161 998 160 59
993 219 962 221 1019 225 990 227 16
985 237 947 237 1021 243 981 242 14
981 255 940 255 1019 263 975 262 6
985 284 944 283 1023 293 979 294 6
984 293 943 293 1021 305 978 304 6
979 309 934 307 1019 323 971 322 6
979 315 935 315 1019 329 971 330 10
1007 78 987 78 1027 75 1006 74 109
1005 88 986 86 1025 85 1005 84 34
1004 147 981 146 1025 147 1003 146 71
1005 160 989 161 1027 161 1005 160 59
1004 176 983 176 1025 177 1002 178 45
1008 174 988 172 1029 175 1009 173 82
1000 226 973 228 1029 231 999 230 19
987 313 941 312 1027 327 980 327 7
1008 186 987 186 1031 187 1008 188 43
992 293 950 293 1031 305 986 305 6
992 301 948 299 1031 313 985 312 10
1013 203 990 203 1037 207 1013 206 29
1017 206 995 205 1041 209 1017 208 39
1016 219 995 215 1041 221 1016 222 44
1002 245 960 244 1039 251 994 250 12
1000 282 958 282 1041 293 996 293 8
1002 291 958 293 1039 305 995 304 9
1022 101 1003 101 1043 99 1021 97 24
1024 110 1007 112 1045 109 1023 107 14
1019 208 1000 208 1043 211 1021 213 63
1013 228 985 229 1043 231 1017 229 30
1015 233 988 236 1045 239 1014 237 16
1003 253 961 253 1043 261 999 260 11
1004 256 963 256 1045 265 999 264 8
1005 266 963 265 1047 275 999 274 10
1003 273 961 274 1043 285 997 285 7
1001 279 960 279 1043 289 996 289 10
1003 286 963 286 1047 297 1000 297 11
1004 295 966 293 1045 307 999 307 10
1032 49 1013 45 1053 49 1033 47 330
1030 90 1008 87 1051 87 1031 86 155
1011 284 968 283 1053 293 1008 294 8
1009 288 966 288 1051 299 1005 299 10
1036 69 1017 67 1057 65 1037 63 565
1033 167 1014 168 1055 169 1035 168 69
1017 277 975 276 1059 287 1013 287 8
1013 291 972 291 1055 303 1008 302 13
1047 71 1025 69 1065 67 1048 66 408
1033 234 1005 234 1065 239 1033 238 20
1030 242 1001 241 1061 245 1030 244 14
1020 275 979 275 1063 285 1017 285 8
1047 107 1027 106 1069 105 1049 104 110
1047 165 1028 165 1069 167 1051 165 45
1020 320 973 320 1067 335 1015 335 8
1053 55 1032 54 1075 51 1055 50 61
1055 80 1036 79 1077 77 1056 76 303
1049 243 1021 242 1081 247 1051 247 20
1047 205 1010 202 1089 207 1047 207 42
1040 307 997 307 1085 321 1038 321 10
1070 58 1051 58 1093 55 1073 54 255
1050 293 1009 296 1095 307 1049 306 7
1053 300 1014 301 1101 313 1055 313 9
1063 232 1023 232 1105 237 1061 236 52
1063 301 1018 303 1107 315 1062 315 14
1068 201 1030 203 1111 205 1070 204 49
1067 206 1028 206 1111 209 1070 209 45
1070 204 1033 204 1115 207 1075 208 45
1076 197 1034 197 1123 201 1077 200 37
1076 208 1036 208 1123 213 1079 212 25
1078 227 1038 227 1123 231 1080 231 37
1083 201 1041 199 1131 203 1085 201 41
1094 259 1053 261 1143 267 1098 267 17
1100 259 1059 259 1149 267 1105 267 14
1096 261 1054 260 1145 269 1101 269 10
1099 294 1059 294 1149 305 1102 305 11
1094 305 1052 303 1145 319 1097 319 6
1101 255 1062 255 1151 263 1107 263 14
1101 290 1061 291 1151 301 1107 302 6
1101 295 1062 296 1151 307 1105 307 8
1110 242 1071 239 1161 249 1115 249 13
1107 264 1069 265 1157 273 1112 273 11
1107 260 1065 260 1161 269 1116 269 11
1112 257 1069 256 1163 265 1118 265 23
1114 261 1073 261 1165 269 1120 269 12
1111 269 1073 271 1165 279 1119 277 14
1113 295 1069 295 1167 307 1122 307 12
1111 299 1073 300 1163 311 1120 312 12
1122 123 1079 124 1173 119 1129 117 110
1121 255 1080 255 1173 263 1128 263 15
1117 260 1076 260 1169 269 1124 268 10
1118 266 1078 267 1169 275 1126 275 18
1132 129 1089 129 1185 125 1139 124 104
1127 158 1081 157 1181 155 1133 155 125
1126 262 1084 262 1183 271 1136 271 9
1136 239 1094 241 1187 245 1144 246 16
1143 259 1101 259 1197 267 1152 267 20
1170 87 1131 87 1213 81 1171 81 91
1178 85 1141 85 1221 79 1181 79 36
1180 85 1142 85 1223 79 1183 79 32
