133 188 83 188 79 189 24 189 187
136 185 86 184 83 185 29 185 89
136 190 87 190 83 191 29 191 105
157 325 108 324 107 341 53 340 28
157 331 108 329 107 347 52 346 48
165 322 115 322 115 339 59 337 39
168 321 117 321 119 337 63 337 31
179 331 128 331 129 349 64 350 71
206 323 157 323 161 339 110 338 59
205 327 157 326 163 343 102 342 49
209 325 160 324 167 341 114 340 55
219 319 174 318 179 333 128 332 40
223 322 172 323 179 339 127 338 68
225 327 177 326 183 343 129 342 39
221 329 173 328 179 345 126 344 41
225 330 175 330 183 347 128 346 31
232 335 182 334 189 353 133 352 44
233 329 185 328 193 345 139 344 41
237 314 189 314 197 327 146 327 55
242 167 204 167 211 165 169 165 76
245 311 204 310 211 323 165 322 47
248 319 203 318 213 333 163 332 66
249 321 203 320 213 335 162 334 41
247 166 209 167 217 165 176 166 99
248 301 208 300 217 311 174 310 46
249 309 206 309 215 321 169 320 43
251 163 213 164 221 161 180 163 52
251 293 211 295 223 305 181 304 33
255 300 215 299 227 309 182 309 47
259 301 219 300 229 311 187 310 41
263 230 226 230 235 233 195 233 172
265 309 222 309 233 321 186 320 34
265 306 225 306 235 317 189 316 60
270 313 226 312 237 325 190 325 36
266 317 221 317 233 331 183 330 63
269 321 224 320 235 335 191 337 75
269 226 233 226 243 229 203 229 185
269 304 228 304 239 315 195 315 61
271 224 236 224 245 227 207 227 181
270 231 237 232 247 233 205 234 368
273 275 237 274 247 279 209 280 95
274 294 237 294 247 303 201 303 53
276 297 236 297 247 307 203 307 48
278 301 238 301 249 311 205 311 34
275 309 233 309 245 321 198 320 40
281 324 235 323 247 339 196 338 66
279 275 246 275 255 281 223 280 143
278 285 243 285 253 293 215 292 78
279 299 240 299 251 309 207 309 46
277 255 254 254 261 257 238 257 335
279 220 258 219 265 221 243 221 92
277 231 256 231 263 233 241 233 259
277 239 256 239 263 241 241 241 337
279 243 258 242 265 245 243 244 303
280 247 260 246 267 249 243 249 183
283 261 260 261 267 265 236 266 196
293 296 254 295 267 305 225 304 60
290 302 250 302 263 313 219 313 49
285 224 265 224 271 225 250 225 137
285 233 264 233 271 235 249 235 116
287 231 266 231 273 233 251 233 109
287 239 265 239 273 241 251 240 76
290 270 261 270 271 275 241 275 81
295 277 262 276 273 283 238 282 47
290 278 258 278 269 285 234 284 49
293 288 257 287 269 295 231 295 60
293 247 271 246 279 249 257 249 140
290 256 269 256 275 259 255 259 120
304 297 265 298 279 307 239 306 48
298 174 277 174 285 173 263 173 116
298 180 277 180 285 179 263 179 128
298 239 277 239 285 241 263 241 147
299 270 267 271 283 275 249 275 79
306 286 271 286 283 293 246 293 61
305 302 266 302 281 313 237 312 34
300 63 279 63 287 57 265 57 74
305 59 283 59 291 53 269 53 63
304 67 281 67 291 61 266 61 81
304 172 284 172 291 171 269 171 161
301 169 279 169 289 169 267 168 191
300 176 279 176 287 175 265 175 133
303 239 277 241 289 241 267 241 192
311 299 273 299 287 309 245 308 40
317 303 278 303 293 313 249 313 49
315 28 295 30 303 21 281 21 118
312 25 292 27 299 17 278 19 174
314 115 293 115 301 111 279 111 80
316 119 295 119 303 115 281 115 139
313 122 293 123 301 119 279 119 233
312 220 290 220 299 221 276 221 183
312 252 290 252 299 255 275 255 122
316 249 294 248 303 251 279 251 210
314 255 292 254 301 257 277 257 171
314 265 285 265 301 269 266 269 80
315 265 288 264 299 269 267 269 68
316 272 289 271 299 277 267 277 82
316 280 288 280 301 287 267 286 83
326 300 288 299 303 309 261 309 54
319 45 299 46 307 39 285 40 204
317 49 297 51 305 43 283 43 148
318 63 294 63 309 57 284 57 54
317 61 299 62 305 55 281 55 472
319 113 297 113 307 109 285 109 92
313 172 291 172 309 171 289 171 115
325 209 298 207 309 209 279 209 46
325 213 297 214 309 215 279 215 184
324 259 295 259 305 263 273 263 145
327 293 290 292 305 301 266 300 50
331 296 293 296 309 305 279 304 103
329 303 288 303 307 313 261 313 73
330 308 288 308 305 319 259 319 43
323 42 303 43 311 35 290 36 199
325 52 303 52 311 45 290 46 513
327 52 306 52 315 45 294 45 228
325 59 305 59 313 53 291 53 109
327 113 306 113 315 109 293 109 61
324 111 305 111 313 107 291 107 62
318 180 298 180 313 179 291 179 128
329 210 301 210 313 211 283 211 129
331 208 303 207 315 209 285 208 50
329 238 301 238 313 241 283 241 251
329 257 301 257 313 261 283 261 75
327 257 299 257 311 261 281 261 179
335 306 293 306 311 317 267 317 48
333 216 305 215 317 217 287 217 194
335 243 307 243 319 245 289 244 112
335 248 307 248 319 251 289 251 120
337 257 308 258 321 261 291 260 78
335 264 307 264 319 269 289 269 126
337 284 303 284 317 291 281 291 48
339 280 307 280 321 287 287 287 38
343 316 299 316 317 329 269 329 45
337 29 316 30 325 21 303 22 292
337 59 318 59 327 53 304 53 95
341 229 313 229 325 231 295 231 235
343 234 314 235 327 237 297 236 191
339 231 310 230 323 233 293 233 207
342 243 314 243 327 247 297 246 298
341 266 312 266 325 271 295 271 126
343 282 310 282 325 289 290 288 40
346 289 311 289 327 297 289 296 35
347 307 307 306 325 317 281 316 56
341 27 320 27 329 19 307 19 256
343 36 322 36 331 29 309 27 168
343 52 322 52 331 45 311 46 129
343 113 321 113 331 109 310 109 86
341 119 321 119 333 115 313 115 249
337 180 319 180 329 179 309 179 131
347 215 319 215 333 217 303 217 192
343 219 315 219 331 221 302 221 147
344 223 316 223 329 225 299 225 136
344 249 316 249 329 253 299 252 155
348 263 320 262 333 267 303 267 154
346 265 318 264 331 269 301 268 87
348 279 317 278 331 285 296 285 38
348 288 314 287 329 295 292 295 53
350 291 315 291 331 299 293 299 41
351 296 314 296 331 305 291 305 40
350 54 329 54 339 47 317 47 151
347 111 325 111 337 107 315 107 43
349 124 329 125 339 121 317 121 211
345 176 327 176 335 175 313 175 146
352 235 324 236 337 239 307 241 336
353 242 326 244 339 245 310 247 356
353 250 325 250 339 251 309 252 359
352 257 324 257 337 263 307 263 102
358 293 322 292 339 301 300 301 44
359 305 315 305 337 315 294 314 56
360 310 320 309 339 321 295 320 51
354 50 333 50 343 43 321 43 147
354 52 333 52 343 45 321 45 204
353 119 333 119 343 115 321 115 206
352 131 331 127 341 125 320 127 100
355 141 335 145 345 141 324 143 70
356 232 329 233 341 233 315 234 603
358 241 330 241 343 243 313 243 238
357 249 329 249 343 253 313 251 159
357 260 329 261 343 263 313 265 86
356 268 328 268 341 273 311 273 96
363 291 328 291 345 299 307 298 66
363 299 325 299 343 309 302 308 48
362 63 341 63 351 57 329 57 123
357 115 337 115 347 111 326 111 92
360 119 339 119 349 117 328 115 81
362 138 341 139 351 133 330 135 120
361 163 341 166 351 163 330 164 136
357 172 337 172 347 171 326 171 274
359 170 339 170 349 169 328 169 265
361 176 341 176 351 175 329 175 130
362 218 336 218 351 219 323 219 339
363 265 335 265 349 269 319 269 70
366 277 335 277 351 283 318 282 38
367 281 335 280 351 287 317 287 36
367 305 327 304 347 315 303 314 72
369 301 331 301 349 311 307 311 75
363 61 343 61 353 55 331 55 79
364 67 343 67 353 61 332 61 41
367 224 342 224 355 225 329 225 273
369 242 348 244 357 245 334 243 183
366 256 341 256 355 259 327 259 168
370 259 344 259 357 263 329 263 56
372 279 341 279 357 285 323 284 43
376 294 339 294 357 303 317 303 74
377 318 333 318 355 331 306 331 106
371 218 346 218 359 219 333 219 245
375 223 350 223 363 225 337 225 286
374 226 350 226 363 227 336 229 273
373 263 345 263 359 267 330 267 87
376 286 344 286 361 293 326 293 50
381 311 339 311 361 323 310 321 111
379 220 355 220 369 221 345 221 313
378 226 358 226 369 227 347 227 320
379 247 356 247 369 249 346 249 112
380 261 354 261 367 265 339 265 57
379 267 347 268 367 271 332 272 163
382 281 350 281 367 287 334 287 30
385 300 346 300 367 309 325 309 61
383 224 360 224 373 225 349 225 260
385 222 362 222 375 223 351 223 370
385 231 362 231 375 233 351 232 331
383 245 361 245 373 247 350 247 224
387 277 358 277 375 283 343 283 40
390 286 357 286 375 293 340 292 50
393 300 354 300 375 309 334 309 72
392 313 350 313 373 325 327 325 65
389 211 366 210 379 211 355 211 185
389 218 366 219 379 219 355 219 316
389 227 366 223 379 227 355 225 352
388 249 366 248 379 251 355 251 235
390 252 362 253 379 255 354 255 236
392 256 367 256 381 259 354 259 119
391 267 363 267 379 271 350 271 50
393 290 361 289 379 297 343 296 40
398 313 356 313 379 325 333 325 66
393 206 370 206 383 207 362 207 215
396 210 373 210 387 211 363 211 150
393 213 370 212 383 213 359 213 232
395 215 372 214 385 215 362 216 194
395 243 372 244 385 247 361 247 186
396 279 365 279 383 285 350 285 40
397 283 365 282 383 289 349 289 34
402 301 359 303 385 311 338 313 173
401 316 360 315 383 327 338 326 67
397 204 374 204 389 205 365 204 151
400 209 378 208 391 209 367 209 193
401 214 379 214 391 215 368 215 193
398 234 376 233 389 235 365 237 464
402 240 380 239 393 241 370 240 199
398 237 375 239 389 239 365 240 227
400 243 378 243 391 245 368 245 187
401 252 377 252 391 255 366 255 159
406 303 368 302 389 313 346 313 95
405 245 381 245 397 247 371 247 367
409 261 384 261 399 265 371 265 32
413 293 377 292 399 301 361 300 59
414 302 377 302 399 311 358 311 101
413 305 374 305 397 315 355 314 92
411 238 390 237 403 239 382 239 117
408 243 388 243 401 245 379 245 130
410 249 388 249 403 251 380 251 68
413 254 393 254 403 257 383 256 83
412 268 385 268 401 273 373 272 24
420 300 383 300 405 309 365 309 89
417 310 378 310 401 321 358 321 45
420 307 381 307 405 317 364 316 76
419 316 379 315 403 327 359 326 51
418 125 398 121 411 121 390 119 126
416 193 396 189 409 191 388 189 155
420 272 393 272 411 277 380 277 37
419 279 389 279 407 285 375 285 60
421 300 384 300 407 309 367 309 132
424 319 383 318 407 331 363 330 36
424 24 405 25 417 17 396 17 249
424 197 404 195 417 197 396 196 152
420 217 399 215 413 217 391 215 31
424 241 404 241 417 243 395 243 50
424 237 404 237 417 239 396 237 37
431 291 396 291 417 299 379 299 116
432 322 388 321 415 335 367 334 21
426 201 406 201 419 201 399 203 282
429 245 409 245 423 247 400 246 40
431 270 403 270 421 275 391 275 37
432 285 400 284 421 291 387 290 87
436 307 397 307 421 317 378 317 61
439 322 394 321 423 335 375 335 19
432 26 412 26 425 19 406 20 199
433 32 415 32 427 25 407 25 204
435 30 417 30 429 23 410 23 201
436 59 417 58 429 53 410 52 135
433 64 415 65 427 59 407 57 217
435 64 416 63 429 59 409 58 107
435 78 417 78 429 73 410 73 122
435 124 417 124 429 121 410 121 144
435 130 417 130 429 127 410 127 141
433 157 415 157 429 157 409 155 39
435 165 417 165 429 163 410 162 63
434 172 415 172 427 171 408 171 95
433 178 415 178 427 177 408 177 91
433 234 413 231 427 235 405 233 31
434 240 414 240 427 241 406 241 33
432 243 411 243 425 245 404 245 27
433 258 405 259 425 261 399 261 41
435 262 411 261 427 265 400 265 31
440 297 404 297 427 305 389 305 119
440 302 403 302 427 311 386 311 110
439 321 396 320 427 333 378 333 20
444 326 399 325 429 339 377 337 17
445 336 397 336 427 353 372 352 23
442 31 423 30 435 23 419 25 124
439 43 421 43 433 37 414 37 208
437 61 419 60 431 55 412 54 86
441 59 425 60 435 53 417 53 82
441 64 424 65 435 59 417 59 92
437 84 419 84 431 79 414 80 113
439 86 421 86 433 81 413 80 129
439 128 421 128 433 125 414 125 128
439 158 424 159 435 157 418 157 11
438 163 421 163 433 161 416 161 37
440 165 423 165 435 163 418 163 39
440 172 419 172 435 171 417 171 110
437 176 419 176 431 175 412 175 111
439 180 423 180 433 179 417 179 63
437 209 419 209 433 211 413 209 34
438 213 421 212 433 213 414 213 74
440 215 423 215 435 215 417 215 51
438 219 419 219 433 219 415 220 64
442 247 420 247 435 249 413 249 24
440 251 418 250 433 253 409 253 22
439 263 414 264 431 267 404 267 25
441 272 412 272 431 277 400 277 59
441 285 409 285 431 291 395 292 98
443 295 408 295 431 303 394 302 109
449 328 402 328 433 343 384 345 18
444 23 426 23 439 17 421 17 102
443 32 424 31 437 25 420 26 128
446 46 429 46 441 39 423 40 174
443 47 426 47 437 41 420 41 263
445 84 427 84 439 79 421 79 153
442 124 424 124 437 121 419 121 149
442 130 426 130 437 127 420 127 148
446 172 429 172 441 171 424 171 87
446 178 430 178 441 177 424 177 61
444 213 427 213 439 213 422 212 81
445 218 427 219 439 219 420 220 51
446 235 428 235 441 237 422 237 29
443 238 424 237 437 239 417 239 28
447 247 426 247 441 249 418 249 26
443 245 422 246 437 247 414 247 31
444 249 423 248 437 251 414 251 22
446 258 423 258 439 261 413 261 27
448 276 419 275 439 281 408 280 53
447 281 416 281 437 287 404 287 71
453 300 415 300 441 309 400 309 73
454 316 412 315 441 327 399 327 30
455 322 409 321 441 335 390 333 13
453 323 409 323 439 337 389 337 15
453 46 435 45 447 39 428 37 157
450 49 432 48 445 43 429 44 164
447 81 430 81 443 77 427 78 112
450 254 427 254 443 257 419 257 40
453 265 426 265 445 269 416 269 65
457 295 421 295 447 303 407 303 89
455 292 422 291 445 299 407 299 105
459 335 411 336 443 353 388 352 17
458 51 442 51 453 45 434 43 194
457 56 442 57 453 51 437 51 208
457 79 441 79 453 77 437 75 98
454 239 437 238 451 239 431 239 40
456 242 436 242 451 243 430 243 29
459 260 437 259 453 263 428 262 103
459 278 430 278 451 283 419 283 67
461 298 424 298 449 307 409 307 94
465 326 419 326 451 341 400 341 9
461 54 445 54 457 49 441 49 182
463 64 448 64 459 59 443 58 309
461 66 446 66 457 61 441 60 159
461 74 446 73 457 69 441 67 110
459 72 444 71 455 67 439 66 122
461 85 446 85 457 81 442 81 103
459 83 444 83 455 79 439 78 65
461 95 446 95 457 91 441 91 100
463 97 450 98 459 93 447 95 125
463 101 445 99 459 97 442 96 80
463 136 448 136 459 133 444 133 136
459 134 444 133 455 131 439 131 102
459 140 444 140 455 137 439 137 153
461 161 446 160 457 159 442 158 42
459 159 443 159 455 157 438 157 39
459 164 444 165 455 163 440 164 48
462 172 448 172 459 171 443 171 58
463 176 446 176 457 175 441 175 270
459 174 444 174 455 173 439 173 125
463 180 448 180 459 179 445 179 60
459 180 443 180 455 179 439 179 122
459 203 445 203 457 205 441 203 14
459 211 445 213 457 213 441 213 25
461 211 446 212 457 211 442 212 13
461 224 443 225 455 225 438 225 20
464 228 448 228 459 229 442 229 27
465 252 443 252 459 255 435 255 40
461 249 439 249 455 251 432 251 21
466 265 440 265 459 269 431 269 57
465 292 430 292 455 299 418 299 88
473 324 426 323 459 339 408 339 15
472 333 425 333 459 349 405 348 19
465 54 451 55 461 49 447 50 260
467 66 452 66 463 61 448 61 161
465 77 450 78 461 73 446 74 100
465 83 450 83 461 79 446 79 68
465 87 451 87 461 83 446 84 78
469 95 453 94 465 91 450 91 86
469 103 454 103 465 99 450 99 61
466 132 451 132 461 129 446 129 97
465 134 451 134 461 131 446 131 89
465 139 450 140 461 137 446 137 85
465 159 451 159 461 157 446 156 58
465 164 451 165 461 163 447 163 78
467 174 454 174 465 173 451 173 185
468 180 455 180 465 179 451 179 195
464 209 450 209 461 209 446 209 35
466 211 452 212 463 211 448 212 25
468 226 451 226 463 227 447 227 31
468 232 451 232 463 233 445 233 31
468 240 448 240 463 241 443 241 27
468 242 447 242 463 243 442 243 30
471 252 447 253 465 255 440 256 52
465 252 444 251 461 253 437 253 27
468 264 444 263 463 267 435 267 86
468 269 443 268 461 273 432 273 115
471 304 431 304 461 313 419 313 64
477 320 433 320 465 333 416 333 16
476 316 433 316 465 329 416 329 17
471 319 429 318 461 331 413 331 15
479 344 427 344 465 363 407 362 22
477 341 426 340 463 359 404 358 19
474 32 460 33 471 27 457 28 272
471 62 456 62 467 57 452 57 278
474 60 461 59 471 55 457 55 148
472 65 458 65 469 61 455 62 117
470 67 456 67 467 63 452 62 254
472 116 458 115 469 113 455 113 28
472 142 458 142 469 139 455 140 98
470 141 456 141 467 141 453 142 109
474 196 461 197 471 195 457 195 41
470 192 456 193 467 191 453 192 51
474 247 453 247 469 249 446 249 25
479 300 442 299 469 309 429 308 67
482 306 442 306 471 317 428 317 44
481 342 429 342 467 361 409 360 29
480 50 463 47 477 45 462 45 255
480 58 466 57 477 53 463 53 110
476 61 465 61 473 57 459 57 396
478 72 465 72 475 67 463 69 169
478 192 465 191 475 191 461 190 49
480 196 467 195 477 195 464 193 69
480 200 466 200 477 199 463 200 54
480 201 466 202 477 201 463 201 90
476 219 463 219 473 219 455 217 25
482 243 461 243 477 245 456 245 34
481 256 457 256 475 259 450 259 77
481 261 456 261 477 263 451 263 66
480 265 452 266 473 269 445 269 53
485 290 449 290 477 297 439 297 57
481 292 446 291 473 299 434 299 64
482 297 445 297 473 305 432 306 63
487 301 448 301 475 313 432 313 37
485 319 442 318 475 331 427 330 13
489 331 441 331 477 347 424 347 14
485 22 473 22 483 17 471 17 242
486 48 472 48 483 43 468 43 256
482 52 468 52 479 47 464 47 126
484 77 471 77 481 73 468 72 141
485 83 472 84 483 79 469 81 91
482 106 469 106 479 103 466 103 27
485 110 473 110 483 107 470 107 42
481 112 470 113 479 109 466 109 24
484 143 471 143 481 141 468 141 78
480 171 467 171 479 171 465 169 47
485 176 472 177 483 175 467 173 26
481 178 467 179 479 177 465 178 48
482 196 469 193 479 195 465 193 61
483 204 471 203 481 203 468 203 51
482 208 469 208 479 207 466 209 36
487 213 474 213 483 213 467 214 63
485 234 467 234 481 235 463 235 56
485 267 459 267 479 271 452 270 86
488 302 449 301 479 311 436 311 75
491 24 480 24 489 19 477 19 218
487 26 476 26 485 21 473 21 226
490 24 478 24 487 19 475 19 295
491 34 480 34 489 29 478 29 289
487 79 475 79 485 75 472 75 86
489 81 481 84 489 79 477 79 63
487 106 475 106 485 103 474 104 22
487 112 476 113 485 109 473 109 26
487 139 475 139 485 137 470 136 45
487 147 474 148 485 145 473 145 51
487 178 475 179 485 177 474 177 21
487 181 474 181 485 179 471 180 30
487 201 474 201 485 201 472 200 30
489 217 477 217 487 217 472 217 30
489 225 474 225 487 225 469 223 50
491 232 474 232 487 233 469 233 43
490 240 471 240 487 241 467 241 78
493 247 471 247 489 249 466 249 61
491 249 469 249 487 251 465 250 100
493 253 472 252 489 255 465 255 126
492 262 469 261 487 265 461 265 69
494 278 465 278 487 285 454 285 24
496 300 457 300 487 309 443 308 47
499 317 455 317 489 329 441 329 18
497 34 486 34 495 29 484 29 98
497 88 486 88 495 85 483 86 94
497 118 486 118 495 115 483 115 43
497 147 486 147 495 145 484 145 119
493 151 481 151 491 149 479 149 46
496 202 483 199 495 201 484 202 79
493 197 483 198 491 197 480 197 70
493 221 480 221 491 221 477 221 44
496 236 478 236 493 237 474 237 69
495 251 473 251 491 253 469 252 112
499 271 471 271 493 275 460 276 73
501 314 458 313 491 325 443 324 27
502 323 453 321 491 337 442 335 21
503 325 457 324 493 339 442 338 14
499 32 488 32 497 27 486 27 114
503 95 492 94 501 91 490 91 179
500 121 490 122 499 119 488 119 71
498 145 488 145 497 143 486 143 71
499 151 487 152 497 149 485 150 75
503 213 490 213 501 213 488 213 111
502 219 490 219 501 219 488 219 54
503 229 487 228 501 229 485 229 115
501 233 484 233 499 233 481 233 73
503 245 482 245 499 247 477 247 115
501 247 480 247 497 249 474 249 109
503 267 477 267 499 271 471 271 39
503 286 463 285 497 293 460 292 59
508 313 465 314 499 327 451 327 15
506 318 462 318 497 331 447 331 21
505 71 495 73 503 67 492 68 123
505 93 494 92 503 89 493 89 84
504 106 494 106 503 103 493 101 159
506 110 496 111 505 107 495 109 331
508 196 498 196 507 195 497 195 213
508 206 498 207 507 205 497 206 185
506 208 496 208 505 207 495 207 199
505 215 493 216 503 215 490 215 253
507 225 489 223 505 225 485 225 98
511 251 489 251 507 253 484 253 106
509 282 467 283 503 289 466 289 32
513 296 475 296 505 305 465 304 10
509 300 470 300 503 309 461 309 12
512 315 469 313 503 327 456 327 16
514 82 503 81 513 79 501 77 257
511 92 501 92 509 89 499 89 137
510 104 502 104 509 101 500 101 349
512 111 510 109 513 107 510 107 368
511 117 508 117 511 115 508 115 229
510 117 506 119 509 117 506 117 253
511 125 508 125 511 123 508 123 167
513 131 510 132 513 131 510 131 193
511 133 506 134 509 133 506 133 301
511 141 508 141 511 139 508 139 334
510 155 505 154 509 153 505 153 546
513 158 509 158 513 157 510 157 268
510 175 500 174 509 173 499 171 213
510 182 501 182 509 181 501 181 320
513 184 507 184 513 183 506 183 360
509 212 501 211 511 211 500 211 184
515 229 500 229 513 229 497 229 102
515 232 497 232 513 233 495 233 113
512 234 494 234 509 235 491 235 76
513 239 492 240 509 241 489 241 99
517 253 494 255 513 255 489 256 75
517 263 493 263 513 267 483 267 10
515 261 489 261 511 265 481 265 36
510 269 488 271 509 273 479 273 12
518 312 476 313 511 325 465 325 23
518 315 473 315 509 327 463 327 20
519 321 470 319 511 335 461 335 18
516 88 506 89 515 85 505 85 96
518 86 508 87 517 83 507 83 156
519 107 516 107 519 105 516 105 225
515 113 512 113 515 111 512 111 266
515 118 512 119 515 117 512 117 154
517 125 514 125 517 123 514 123 129
517 134 514 134 517 133 514 133 175
515 148 512 148 515 147 512 147 212
517 152 514 153 517 151 514 151 185
519 167 516 166 519 165 516 165 144
517 163 514 162 517 161 514 161 209
517 176 511 176 517 175 512 175 192
515 180 509 180 515 179 509 179 282
518 236 499 236 515 237 496 237 93
520 234 502 234 517 235 498 235 101
521 260 495 261 517 265 490 265 17
519 283 487 283 515 289 478 289 11
524 286 490 286 519 293 482 293 11
521 291 484 291 515 299 475 297 21
526 313 485 312 519 325 472 326 16
525 105 522 105 525 103 522 103 84
521 111 518 111 521 109 518 109 247
525 117 522 117 525 115 522 115 61
521 123 518 123 521 121 518 121 78
525 129 522 128 525 127 522 127 125
525 134 521 135 525 133 521 133 59
525 143 521 143 525 141 521 141 34
521 154 517 155 521 153 517 153 45
523 153 519 152 523 151 519 151 22
525 157 521 157 525 155 521 155 18
527 204 513 204 525 203 512 203 163
523 217 510 217 521 217 508 217 140
525 229 509 229 523 229 507 229 71
527 247 507 247 525 249 503 249 71
530 286 497 286 525 293 489 293 21
532 325 485 325 525 339 473 339 26
527 101 524 101 527 99 524 99 49
527 113 524 113 527 111 524 111 69
531 115 528 115 531 113 528 113 44
531 131 527 131 531 129 527 129 23
529 131 525 131 529 129 523 131 101
527 139 523 139 527 137 523 137 35
527 145 523 145 527 143 523 143 129
531 147 527 147 531 145 527 145 23
527 223 515 223 527 223 513 223 64
533 245 513 245 531 247 509 247 48
532 267 506 267 529 271 500 271 12
534 323 488 323 527 337 475 337 27
539 85 529 85 535 83 525 83 13
535 107 532 107 535 105 532 105 114
537 119 533 119 537 117 533 117 34
535 121 531 121 535 119 531 119 148
537 123 533 123 537 121 533 121 23
535 127 531 127 535 125 531 125 18
535 137 531 137 535 135 531 135 17
535 145 531 145 535 143 531 143 18
537 147 533 147 537 145 533 145 21
537 155 533 155 537 153 533 153 88
537 161 533 161 537 159 533 159 20
534 198 521 198 533 197 519 197 165
534 204 521 204 533 203 519 203 116
536 210 523 210 535 209 521 209 235
536 217 522 217 535 217 522 217 112
536 223 522 223 535 223 520 223 86
534 225 519 225 533 225 516 226 97
535 241 517 242 535 243 515 243 76
537 242 519 242 537 243 516 243 61
535 249 514 249 533 251 510 251 38
537 256 513 256 535 259 509 259 18
538 262 512 261 535 265 508 265 17
540 304 499 303 535 313 491 313 16
543 335 493 334 537 351 481 351 27
539 331 490 331 533 347 479 346 24
539 336 489 336 533 353 477 353 27
543 101 539 101 543 99 539 99 60
543 109 540 109 543 107 540 107 42
541 119 537 119 541 117 537 117 29
543 125 539 125 543 123 539 123 20
539 131 535 131 539 129 535 129 17
539 129 535 129 539 127 535 127 17
541 141 537 141 541 139 537 139 112
539 139 535 139 539 137 535 137 14
539 143 535 143 539 141 535 141 19
539 159 535 159 539 157 535 157 20
543 162 539 162 543 161 539 161 66
541 168 536 167 541 167 537 167 19
542 200 528 200 541 199 527 199 162
543 204 529 204 541 203 527 203 412
541 208 529 208 541 207 527 207 448
543 212 530 212 543 211 529 211 179
542 219 528 219 541 219 528 219 103
542 225 528 225 541 225 526 225 62
545 236 526 236 543 237 524 237 80
545 257 521 258 543 261 517 261 19
543 271 513 270 541 275 511 274 21
546 278 514 279 543 283 508 283 18
544 276 512 277 541 281 508 281 27
544 279 511 279 541 285 501 286 19
541 285 507 284 539 291 501 291 13
544 319 500 318 539 331 491 331 18
548 322 504 321 543 335 493 336 20
545 331 497 331 539 347 481 345 28
545 337 495 336 539 353 483 353 24
549 344 496 343 543 363 492 362 20
549 109 545 109 549 107 545 107 37
545 117 541 117 545 115 541 115 28
547 125 543 125 547 123 543 123 17
549 127 545 127 549 125 545 125 17
547 133 543 133 547 131 543 131 19
547 147 543 147 547 145 543 145 17
545 147 541 147 545 145 541 145 21
545 151 541 151 545 149 541 149 24
545 161 540 160 545 159 541 159 27
545 176 540 176 545 175 541 175 87
550 204 537 204 549 203 536 203 263
548 216 536 216 547 215 535 215 137
549 234 531 234 547 235 528 235 103
547 240 528 240 545 241 527 240 30
551 250 528 250 549 253 525 252 8
550 271 521 271 547 275 515 275 16
548 281 516 281 545 287 510 287 15
551 296 514 295 549 305 507 304 14
553 317 509 317 549 329 501 329 19
552 320 505 319 547 333 497 333 15
549 318 505 318 545 331 496 331 18
561 74 551 76 551 73 544 71 14
553 101 550 101 553 99 550 99 115
551 101 547 101 551 99 548 99 32
551 107 547 107 551 105 548 105 94
553 113 549 113 553 111 549 111 33
551 115 547 115 551 113 547 113 24
555 115 551 115 555 113 551 113 30
553 119 549 119 553 117 549 117 18
555 152 551 152 555 151 548 152 143
555 157 551 157 555 155 551 155 24
552 160 548 160 553 159 549 159 55
553 163 548 162 553 161 549 161 19
552 169 548 169 553 167 549 167 27
553 186 542 187 553 185 539 185 154
552 196 538 196 551 195 537 195 259
556 200 542 200 555 199 541 199 217
551 224 536 224 551 223 537 223 79
555 221 542 221 553 221 539 221 39
554 247 532 247 553 249 530 249 14
556 252 533 252 553 255 528 255 16
558 275 525 276 555 281 522 281 21
559 83 551 83 557 81 553 81 13
555 98 551 98 557 97 552 97 28
557 125 553 125 557 123 553 123 24
557 121 553 121 557 119 553 119 76
559 123 555 123 559 121 555 121 23
561 127 557 127 561 125 557 125 29
559 133 555 132 559 131 555 131 112
560 139 557 138 561 137 557 137 24
559 155 554 155 559 153 555 153 22
559 160 555 160 559 159 555 158 51
557 176 547 176 557 175 547 175 103
561 180 551 181 561 179 547 178 166
561 190 551 190 561 189 548 189 168
559 195 547 196 559 195 546 194 232
559 204 546 204 559 203 545 203 276
561 217 548 217 561 217 548 217 59
562 232 545 232 561 233 543 233 24
559 256 535 256 559 259 525 260 36
561 274 529 274 559 279 525 279 17
563 279 530 279 559 285 523 285 14
563 310 520 307 561 321 509 320 13
559 311 517 311 557 323 511 321 14
562 319 518 319 559 333 509 332 17
571 89 566 89 567 85 561 87 13
567 103 564 103 567 101 564 101 84
567 109 564 108 567 107 564 106 67
562 121 559 121 563 119 559 119 93
563 135 559 135 563 133 559 133 29
564 137 561 137 565 135 561 135 32
566 143 563 143 567 141 563 141 37
565 147 560 146 565 145 561 145 25
565 178 556 179 565 177 556 178 118
565 192 554 192 565 191 554 190 251
565 200 554 200 565 199 554 199 309
567 210 556 209 567 209 556 209 160
565 213 552 214 565 213 551 213 134
567 231 551 230 567 231 551 231 26
563 253 541 252 563 255 538 255 15
568 253 544 253 567 255 542 255 17
567 258 541 259 567 261 541 261 21
569 264 540 263 567 267 538 267 20
570 277 538 277 565 283 532 283 19
566 302 526 303 565 313 521 312 13
570 314 523 315 565 327 517 327 21
568 318 523 318 565 331 516 332 17
570 323 525 323 567 337 517 337 21
567 330 517 331 567 347 513 346 15
579 88 576 89 573 85 565 85 14
570 115 567 115 571 113 568 113 35
571 121 567 121 571 119 568 119 93
573 129 569 129 573 127 570 127 91
568 133 565 133 569 131 566 130 124
568 159 564 159 569 157 566 156 54
572 170 567 170 573 169 568 169 44
573 179 568 178 573 177 568 177 131
569 186 558 186 569 185 558 185 218
569 190 558 190 569 189 558 188 147
571 194 560 194 571 193 560 193 164
573 200 562 200 573 199 564 199 210
573 206 562 206 573 205 562 205 69
569 204 558 204 569 203 558 203 127
571 212 560 212 571 211 560 211 95
570 225 556 225 571 225 554 225 27
571 229 555 228 571 229 554 228 17
567 235 549 235 571 235 551 235 25
573 240 551 240 571 241 551 241 35
570 288 534 287 571 297 531 296 14
573 291 535 291 571 299 531 299 17
572 295 533 294 571 303 529 302 14
575 309 530 307 571 321 526 321 12
572 332 522 332 569 349 513 349 21
579 117 574 117 579 115 575 115 141
577 125 573 125 577 123 573 122 38
578 127 574 128 579 125 575 124 38
576 139 572 139 577 137 572 137 33
574 145 570 145 575 143 571 143 102
577 149 571 149 577 147 572 147 117
575 153 570 153 575 151 570 151 69
579 153 574 153 579 151 574 151 83
578 163 573 161 579 161 574 160 95
576 173 571 172 577 171 572 171 49
575 249 552 249 575 251 550 251 17
579 251 556 251 579 253 555 253 18
580 256 555 256 579 259 554 259 36
577 265 551 265 577 269 547 269 14
575 271 545 271 575 275 543 275 16
574 311 531 311 575 323 525 323 14
579 322 534 321 579 335 527 334 18
580 328 531 329 579 343 525 343 20
580 105 577 105 581 103 578 103 46
584 110 580 111 585 109 581 109 68
580 112 576 112 581 109 577 109 118
582 135 578 135 583 133 578 133 49
580 145 576 145 581 143 577 143 73
584 147 580 147 585 145 581 143 95
582 172 577 171 583 169 578 167 49
584 208 575 207 583 205 575 206 64
581 219 568 219 585 219 570 219 47
585 225 571 225 585 225 570 225 20
584 230 566 231 583 231 566 231 22
585 262 559 262 585 265 555 265 24
581 262 555 262 581 265 553 265 14
581 269 552 269 581 273 551 273 15
585 271 554 271 585 275 553 275 15
584 303 544 303 583 313 535 311 19
582 310 540 307 581 321 535 320 17
587 339 533 339 585 357 526 357 12
591 86 585 85 587 83 575 85 12
588 107 584 107 589 105 585 105 144
589 113 584 113 589 111 585 111 80
588 115 584 115 589 113 585 113 119
588 120 584 121 589 119 585 119 187
588 133 584 133 589 131 584 131 111
588 137 584 137 589 135 585 135 78
590 152 586 153 591 151 587 151 237
586 174 581 174 587 173 581 172 35
587 182 583 182 589 181 584 181 66
589 186 582 186 589 185 582 185 55
588 191 582 190 589 189 582 189 52
586 194 580 194 587 193 580 193 71
588 198 582 198 589 197 582 197 112
586 200 580 200 587 199 580 199 81
586 214 575 214 587 213 575 213 33
588 228 572 228 589 229 572 229 15
591 236 571 236 591 237 571 237 62
588 234 569 234 587 235 568 235 39
590 243 568 243 589 245 565 245 36
590 262 564 261 591 265 563 265 29
587 269 558 269 589 273 557 273 15
590 282 553 281 591 289 555 288 17
591 289 554 289 591 297 552 296 17
590 293 552 293 589 301 549 301 16
591 313 548 313 591 325 543 325 18
589 317 545 318 589 331 539 330 20
587 328 538 329 587 345 531 345 18
592 338 538 338 587 357 533 356 21
595 103 591 103 595 101 589 102 179
595 113 590 113 595 111 591 111 100
595 117 591 117 593 115 589 115 717
597 143 592 143 597 141 593 141 166
594 141 590 141 595 139 591 139 244
596 158 592 159 597 157 593 157 159
594 161 590 161 595 159 591 159 243
591 177 586 178 593 177 587 176 41
595 202 588 202 597 201 590 201 65
596 217 580 218 595 217 581 217 28
594 223 580 223 595 223 580 223 27
592 232 575 232 593 233 573 233 40
595 243 572 243 595 245 570 245 59
596 251 573 251 597 253 572 253 29
596 279 564 279 597 285 561 285 17
594 276 565 274 595 281 561 280 18
595 286 560 286 595 293 557 293 13
593 308 551 308 593 319 547 318 22
594 323 545 323 593 337 541 337 22
596 321 550 321 595 335 544 334 21
594 332 544 331 593 347 539 347 16
600 109 596 109 601 107 597 106 71
602 115 598 115 603 113 599 113 105
597 115 594 115 599 113 595 113 108
602 126 598 125 603 123 598 123 183
600 163 595 163 601 161 596 161 203
600 182 594 182 601 181 595 181 120
602 189 595 188 603 187 596 187 119
602 194 595 194 603 193 596 193 95
600 198 593 198 601 197 594 197 68
598 221 584 221 599 221 585 221 28
600 224 586 223 601 223 587 223 24
598 247 575 247 599 249 575 249 34
600 283 566 283 601 289 564 289 16
601 289 564 290 601 297 563 296 24
605 292 569 290 601 299 566 300 18
600 304 558 304 601 315 554 316 13
606 129 602 129 607 127 602 127 66
606 139 602 139 607 137 603 137 110
606 153 601 152 607 151 602 150 138
604 161 600 161 605 159 600 159 192
605 167 600 167 605 165 600 165 140
606 178 601 178 607 177 602 176 73
606 186 599 186 607 185 600 185 117
604 190 597 190 605 189 598 189 113
608 188 601 189 609 187 602 187 153
606 208 596 208 607 207 597 207 60
609 223 593 223 609 223 592 223 30
607 232 591 230 609 231 592 231 23
606 232 589 232 607 233 588 233 38
603 243 582 243 605 245 581 245 38
604 249 581 249 605 251 581 251 36
608 267 578 267 609 271 578 271 15
606 274 576 274 609 279 575 279 19
606 281 573 281 607 287 571 287 13
604 297 566 296 605 305 563 305 10
605 298 567 297 607 307 565 307 11
603 318 559 317 605 331 554 331 25
614 84 610 83 615 81 611 80 163
612 87 608 87 613 85 609 83 215
614 94 609 95 615 91 610 92 85
612 116 608 115 613 113 608 114 197
611 120 606 121 611 119 607 118 135
610 133 606 133 611 131 606 131 94
612 135 607 135 613 133 608 133 67
612 141 607 141 613 139 608 139 116
610 149 606 149 611 147 607 147 109
610 145 605 145 611 143 606 143 112
614 147 609 147 615 145 610 145 98
610 153 605 153 611 151 606 151 152
612 153 607 153 613 151 608 151 148
614 159 609 158 615 157 610 156 112
610 163 605 163 611 161 606 161 169
614 173 609 171 615 169 610 168 74
614 177 609 176 615 175 610 175 87
614 198 606 198 615 197 607 197 323
611 204 604 204 613 203 605 203 86
612 221 598 221 613 221 598 221 25
610 235 594 234 611 235 591 235 24
607 263 579 262 611 267 580 265 24
609 278 577 277 611 283 575 283 17
617 290 577 289 615 297 573 298 19
613 307 573 306 615 317 569 317 21
611 316 564 316 613 329 563 329 17
620 81 616 81 621 79 617 79 204
620 131 615 131 621 129 616 129 50
617 127 611 127 617 125 612 125 78
616 136 611 136 617 133 612 133 56
620 179 614 178 621 177 615 177 112
616 188 608 189 617 187 609 187 182
618 193 610 192 619 191 611 191 218
617 215 606 216 619 215 607 215 58
617 225 602 225 619 225 604 225 21
616 221 602 221 617 221 603 221 30
616 229 600 229 619 229 601 229 24
618 247 594 247 619 249 595 249 30
620 293 581 293 621 301 581 301 13
614 295 577 295 617 303 576 301 20
617 305 575 306 619 315 574 315 15
622 69 617 68 623 67 619 66 45
626 74 622 73 627 71 622 71 93
626 88 621 88 627 85 622 85 181
625 125 619 125 625 123 619 123 81
622 129 617 129 623 127 618 127 126
626 143 621 143 627 141 622 141 116
622 149 617 148 623 147 618 146 80
625 182 618 182 627 181 619 181 186
622 187 615 186 623 185 616 185 236
623 200 615 200 625 199 607 199 563
626 204 616 204 627 203 617 203 249
626 208 616 208 627 207 617 207 90
621 231 604 231 623 231 605 231 20
626 234 607 234 627 235 609 235 27
619 262 593 262 623 265 593 265 13
619 270 589 269 623 277 591 277 18
623 287 584 289 623 297 584 296 20
621 307 578 306 623 317 577 316 21
623 314 577 314 627 327 578 327 25
628 129 623 129 629 127 624 126 72
632 184 623 184 633 183 624 182 130
629 188 619 189 631 187 620 187 245
628 196 618 196 629 195 619 195 177
628 208 618 208 629 207 619 207 125
631 214 621 214 633 213 622 213 60
627 217 613 217 631 217 616 217 67
629 237 613 237 631 237 615 237 42
622 246 603 245 629 247 605 247 20
627 251 603 251 629 253 604 253 20
629 260 608 261 631 263 607 264 33
627 280 592 279 631 285 595 285 19
628 275 596 275 631 281 597 280 17
629 284 593 284 629 291 593 290 14
629 297 590 297 631 305 587 303 10
626 312 583 311 629 323 587 323 27
627 318 582 318 631 331 581 331 15
638 73 631 74 637 71 632 71 138
638 82 633 81 639 79 634 78 148
636 86 631 86 637 83 632 83 175
635 91 629 90 635 87 629 86 190
636 96 630 95 637 93 631 92 291
638 100 633 99 639 97 634 96 327
636 104 631 101 637 101 632 99 214
635 121 629 121 635 119 629 119 65
638 137 633 135 639 135 634 133 81
635 153 629 150 637 149 630 149 41
638 151 631 151 639 149 632 149 57
638 157 631 157 639 155 632 155 39
633 196 623 197 635 195 625 195 101
635 206 625 206 637 205 626 205 93
637 212 627 212 639 211 628 211 121
637 229 622 230 639 229 624 230 23
633 249 611 249 637 251 613 251 25
636 256 611 257 639 259 612 259 29
634 260 609 260 637 263 610 263 20
632 272 601 272 635 277 602 277 13
633 279 601 280 637 285 602 285 9
643 102 636 104 643 101 638 100 192
642 171 635 171 643 169 636 169 52
641 183 631 183 643 181 632 181 105
643 189 632 189 645 187 634 187 106
639 187 628 187 641 185 630 185 157
641 195 630 195 643 193 632 193 117
639 210 629 210 641 209 630 209 82
643 223 628 223 645 223 629 223 53
641 227 625 227 643 227 627 227 37
640 246 617 246 643 247 619 247 62
638 258 613 259 641 261 614 261 41
641 277 608 275 645 283 610 282 14
638 293 600 293 643 301 602 301 11
641 297 603 296 645 305 603 305 8
638 316 592 313 643 329 594 328 20
645 111 639 112 647 107 641 107 347
648 126 642 125 649 123 643 123 122
646 121 640 121 647 119 641 119 271
646 129 640 128 647 127 642 125 137
650 152 643 151 651 149 644 149 72
648 169 641 169 649 167 642 167 43
648 175 641 175 649 173 642 173 53
649 175 643 175 651 173 644 173 45
647 212 637 212 649 211 639 211 99
647 216 635 216 649 215 637 215 78
649 229 632 229 651 229 634 229 56
649 235 629 234 651 235 633 235 58
646 246 623 246 649 247 625 247 59
645 256 620 256 649 259 622 259 48
643 289 605 289 647 297 605 295 14
643 301 602 300 647 311 605 310 13
647 302 605 304 651 315 606 315 16
641 338 593 338 649 355 593 356 28
645 343 590 343 651 363 589 363 21
656 56 650 56 657 53 651 53 95
656 64 651 63 657 61 652 60 96
652 97 646 98 653 95 647 95 207
654 104 648 103 655 101 649 101 151
654 121 648 121 655 119 649 119 120
656 131 650 133 657 129 652 130 106
651 153 644 153 653 151 646 151 56
653 175 646 175 655 173 648 173 90
653 192 642 192 655 191 644 191 195
655 196 645 196 657 195 647 195 393
651 192 640 192 653 191 641 191 92
651 198 640 198 653 197 642 197 175
651 208 641 208 653 207 643 207 81
650 221 637 221 653 221 640 221 60
651 251 627 251 655 255 629 253 68
651 264 624 264 655 267 626 267 45
648 337 596 337 655 355 596 354 30
658 48 653 47 659 45 653 45 120
658 106 652 105 659 103 653 103 239
659 125 654 125 661 123 656 123 111
658 134 652 134 659 131 654 131 278
662 141 654 141 663 139 655 139 169
660 150 652 149 661 147 654 147 90
657 157 650 157 659 155 652 155 104
657 171 650 171 659 169 652 169 79
657 177 650 177 659 175 652 175 95
661 184 650 184 663 183 652 183 172
661 193 650 192 663 191 652 191 226
656 201 645 200 659 199 647 199 114
661 237 637 236 661 237 642 237 45
660 248 636 248 661 249 639 249 58
655 262 628 262 659 265 631 265 63
658 274 627 274 663 279 629 279 46
653 293 616 293 659 301 618 301 20
657 302 615 301 663 313 617 314 22
655 307 613 307 661 317 615 317 16
652 315 608 314 659 329 606 329 26
656 321 609 321 663 335 610 335 54
654 326 606 325 661 341 607 340 48
653 341 600 339 659 359 600 359 34
666 48 660 48 667 45 661 44 102
664 48 658 48 665 45 660 45 115
664 60 658 60 665 57 660 56 113
668 62 662 62 669 59 664 59 85
666 64 660 64 667 61 661 61 129
666 96 660 96 667 93 661 93 259
666 114 660 113 667 111 662 111 198
667 126 661 125 669 123 663 123 103
665 188 654 188 667 187 656 187 273
663 228 644 229 665 229 644 229 47
667 233 647 233 665 233 649 233 67
663 256 637 256 667 259 640 259 49
664 278 631 278 669 283 634 283 55
661 299 622 301 667 307 625 307 39
658 323 611 324 665 337 612 337 39
670 58 664 58 671 55 665 55 108
670 68 664 67 671 65 665 64 80
670 92 664 91 671 89 666 88 135
673 94 667 94 675 91 669 91 165
672 101 667 100 675 97 669 96 169
670 110 664 110 671 107 665 107 164
671 114 665 114 673 111 667 111 130
672 128 666 127 673 127 667 126 89
673 132 667 132 675 131 669 130 73
671 138 665 139 673 135 667 135 279
671 145 663 144 673 143 666 142 170
673 161 666 161 675 159 668 159 58
669 169 662 169 671 167 664 167 111
673 173 666 173 675 171 668 171 58
669 185 658 185 671 183 660 183 311
672 222 656 221 675 221 659 221 74
668 222 653 221 671 221 655 221 74
665 242 645 242 673 243 649 243 62
665 308 623 306 673 319 626 319 43
670 321 625 321 673 335 622 335 57
679 65 670 64 681 61 671 61 201
679 86 671 87 681 83 673 81 88
679 110 673 109 681 107 675 106 87
679 116 673 115 681 113 674 113 150
677 145 670 145 679 143 672 143 55
675 157 668 157 677 155 670 155 55
675 169 668 169 677 167 670 167 102
679 171 672 171 681 169 674 169 55
677 175 669 175 679 173 671 173 157
679 235 660 235 681 235 662 235 36
673 240 653 240 679 241 660 241 98
675 246 654 246 679 247 657 247 39
671 272 640 272 677 277 644 277 90
672 298 634 299 679 307 638 309 42
674 300 635 300 681 309 638 309 41
671 316 626 316 681 329 632 329 32
686 70 679 70 687 67 681 66 81
681 79 674 78 683 75 676 75 164
685 81 679 79 687 77 680 77 87
681 132 675 131 683 129 676 129 149
681 133 674 133 683 131 676 131 47
685 145 678 145 687 143 680 143 44
681 163 674 163 683 161 676 161 51
685 167 678 167 687 165 680 165 51
681 191 664 191 685 189 667 190 255
679 193 662 193 683 191 665 192 323
681 199 664 199 685 197 667 197 226
679 202 662 202 683 201 665 201 328
681 204 663 204 685 203 667 203 273
679 210 661 210 683 209 664 209 257
679 215 661 215 683 215 665 215 149
680 230 662 229 683 231 665 230 30
681 267 652 267 687 271 656 271 38
678 266 645 265 683 269 653 269 34
677 270 647 270 683 275 651 275 38
677 276 647 276 683 281 649 281 30
678 312 633 313 687 325 639 326 41
677 318 632 318 685 331 635 331 29
691 40 686 40 693 37 688 36 170
689 47 684 46 691 43 685 42 117
691 76 684 76 693 73 686 72 127
689 91 682 92 691 87 684 87 94
691 106 683 106 693 103 685 103 96
689 108 682 108 691 105 684 105 84
691 112 684 112 693 109 686 109 78
687 127 680 127 689 125 682 125 92
689 132 682 132 691 129 684 129 52
687 155 680 155 689 153 682 152 41
687 185 667 185 691 183 674 183 127
687 192 669 192 689 191 671 191 164
689 198 671 198 693 197 675 197 156
687 212 669 211 691 211 672 211 157
688 215 670 215 693 215 674 215 175
683 223 668 223 689 223 671 223 73
687 230 671 229 691 229 672 230 32
689 268 659 268 693 271 663 271 28
695 38 690 38 697 35 691 34 98
698 70 690 70 699 67 693 66 144
695 87 688 88 697 85 690 83 95
697 92 690 92 699 89 692 89 130
695 110 688 110 697 107 690 107 95
693 149 686 149 695 147 688 147 42
695 162 688 162 697 159 690 159 39
697 169 690 169 699 167 692 167 37
695 175 687 174 697 173 690 173 50
695 177 688 177 697 175 690 175 96
693 181 686 181 695 179 688 179 114
694 212 676 212 699 211 680 211 173
693 212 674 211 697 211 678 211 170
691 221 674 221 695 221 677 221 120
694 229 678 229 699 229 682 229 39
692 233 674 233 695 233 677 233 22
692 244 672 244 697 245 676 245 37
687 271 658 271 697 275 664 275 20
703 65 696 64 705 61 698 60 136
703 71 696 70 705 67 698 66 192
701 106 694 106 703 103 696 103 92
703 117 696 117 705 115 698 113 143
701 147 694 147 703 145 696 145 54
701 157 694 154 703 153 696 154 44
701 170 694 169 703 167 696 167 57
701 175 694 175 703 173 696 173 55
696 198 679 198 701 197 683 197 155
696 216 679 215 701 215 682 215 187
700 215 683 215 705 215 686 215 169
699 248 680 248 705 249 684 250 14
691 275 659 275 701 279 668 279 17
694 294 654 293 701 301 668 303 14
695 303 656 303 705 311 661 313 7
709 49 702 48 711 45 704 44 197
705 60 698 59 707 57 700 55 129
709 67 701 66 711 63 704 63 151
709 73 701 72 711 69 703 68 595
705 102 697 102 707 99 699 99 82
709 100 701 100 711 97 703 97 162
706 136 699 135 709 133 702 133 84
708 144 701 144 711 143 704 144 97
708 146 701 147 711 145 704 146 64
704 152 698 151 707 149 700 149 57
708 151 701 151 711 151 704 151 111
706 153 699 153 709 153 702 153 87
708 161 701 161 711 161 704 162 75
704 173 698 173 707 171 700 171 64
707 191 690 191 711 189 694 189 106
706 194 691 195 711 193 695 193 161
703 193 687 193 707 191 691 191 151
711 219 691 219 711 219 691 219 148
705 239 686 239 709 239 689 239 34
698 269 669 269 709 273 678 273 23
701 265 673 265 711 269 681 269 17
698 322 653 322 711 335 656 337 8
713 45 706 45 715 41 708 41 101
715 98 707 98 717 95 709 94 105
714 158 707 157 717 155 710 155 96
714 174 707 175 717 173 710 174 127
710 181 703 181 713 179 706 177 214
709 236 691 237 715 237 696 237 20
701 257 673 257 713 261 678 259 52
709 273 679 273 717 277 685 277 25
721 57 714 57 723 55 716 53 103
718 68 711 67 721 63 714 62 109
719 84 711 84 721 81 714 79 76
720 94 713 94 723 91 716 91 150
719 102 711 102 721 99 714 98 216
720 107 713 106 723 103 715 103 143
716 138 709 141 719 137 711 135 229
720 139 713 142 723 139 715 137 145
720 152 713 151 723 149 716 148 135
720 160 713 159 723 157 715 157 92
716 161 709 161 719 159 712 158 46
718 189 701 188 723 187 706 187 123
718 191 701 190 723 189 706 189 122
715 193 696 192 719 191 702 191 150
718 210 700 210 723 209 704 209 229
716 210 698 210 721 209 702 209 176
713 218 697 217 719 217 701 217 100
715 235 695 234 719 235 700 235 57
710 265 678 264 721 269 692 269 45
723 48 716 47 725 45 718 44 129
724 63 717 61 727 57 720 55 232
722 74 715 73 725 69 717 70 193
724 100 715 99 727 97 720 96 154
726 104 719 104 729 101 722 100 106
722 116 715 116 725 113 718 113 121
724 148 717 147 727 145 720 145 105
726 150 719 149 729 147 721 147 102
722 161 715 161 725 159 717 159 80
719 196 702 196 725 195 707 195 221
723 221 706 221 725 221 707 221 76
720 227 703 227 725 227 707 227 28
722 231 706 231 729 231 711 231 30
717 273 689 273 727 277 695 277 14
711 318 667 318 727 333 677 333 8
714 325 667 326 727 339 674 339 8
713 330 669 330 727 345 675 343 11
729 50 721 51 731 47 724 46 95
728 91 721 90 731 87 723 87 89
730 102 723 102 733 99 725 98 147
733 102 725 102 735 99 728 98 159
732 128 725 128 735 125 728 125 224
728 132 720 132 731 129 723 129 241
730 144 723 143 733 141 725 141 189
727 178 715 181 731 177 721 175 60
729 200 710 199 735 199 717 199 245
727 204 709 204 733 203 714 203 330
729 206 711 206 735 205 716 205 203
725 210 707 210 731 209 712 209 140
738 29 731 28 741 25 734 24 180
738 65 731 64 741 61 734 60 81
738 75 731 74 741 71 734 69 94
736 77 729 76 739 73 732 72 83
734 87 727 86 737 83 729 82 51
736 91 728 90 739 87 731 86 70
736 96 728 96 739 93 731 93 105
734 106 727 106 737 103 730 103 144
734 124 727 123 737 121 730 120 163
738 126 731 126 741 123 734 123 201
738 134 731 134 741 131 734 131 148
736 150 729 149 739 147 731 147 138
733 180 723 179 737 177 727 177 13
735 189 727 188 739 187 730 186 50
733 212 715 212 739 211 720 211 156
731 216 713 216 737 215 718 215 92
734 222 716 221 739 221 721 221 25
737 222 718 222 741 221 723 221 19
742 33 735 33 745 29 738 29 102
745 37 738 37 747 33 740 33 60
742 45 735 44 745 41 738 40 65
742 63 735 62 745 59 738 58 202
742 81 734 80 745 77 737 76 151
744 83 736 82 747 79 739 78 190
744 120 737 118 747 117 739 119 247
740 130 732 128 743 127 735 125 210
744 132 737 132 747 129 740 129 210
744 140 736 140 747 137 739 137 156
740 152 732 151 743 149 735 148 141
739 169 730 168 743 167 732 169 24
734 319 685 319 747 331 694 332 5
749 21 741 21 751 17 744 16 99
748 55 740 55 751 51 744 50 165
749 132 743 131 753 129 746 128 274
748 140 741 139 751 137 744 136 217
750 151 743 151 753 149 746 148 242
748 153 741 153 751 151 744 151 214
749 160 742 161 753 157 745 157 155
746 160 737 159 749 157 741 157 172
748 206 733 206 753 205 738 205 29
739 313 693 316 753 325 706 324 10
755 23 748 23 757 19 750 18 34
754 47 747 47 757 43 750 42 62
756 59 748 59 759 55 752 54 135
752 57 744 57 755 53 748 52 121
752 67 744 67 755 63 747 63 214
756 83 748 81 759 79 751 77 496
754 85 746 83 757 81 749 80 217
754 110 747 109 757 107 750 106 239
752 145 744 146 755 143 748 142 210
752 185 737 185 757 183 742 183 41
762 28 755 27 765 23 758 22 31
758 37 751 37 761 33 754 32 51
758 59 750 59 761 55 753 55 259
758 108 751 108 761 105 754 105 229
762 106 755 106 765 103 758 103 159
760 116 753 116 763 113 756 113 322
758 124 750 124 761 121 753 121 252
761 134 753 133 765 131 756 130 131
761 146 753 145 765 143 756 142 122
758 152 750 151 761 149 754 149 195
761 167 750 166 765 165 755 164 141
761 181 753 181 765 179 756 179 130
764 130 757 129 767 127 760 126 248
763 191 747 190 769 189 753 189 28
753 286 706 286 771 295 718 295 59
752 293 704 291 769 301 717 303 51
753 309 706 309 771 321 718 321 37
770 59 762 59 773 55 765 54 179
773 132 764 132 777 129 768 129 187
773 155 764 155 777 151 768 152 73
755 273 707 275 773 281 719 281 111
758 285 711 287 777 295 723 296 66
758 301 710 301 775 313 722 313 76
755 303 708 303 773 315 720 315 39
757 305 709 305 775 317 722 317 42
776 25 769 25 779 21 772 20 168
775 63 768 62 779 59 771 58 349
775 136 766 136 779 133 770 133 112
782 149 770 150 783 147 774 147 262
775 148 766 147 779 145 770 145 165
775 155 766 155 779 151 770 152 115
777 167 773 165 781 165 772 163 133
760 303 711 303 779 315 725 315 40
760 323 711 323 779 337 725 337 24
786 54 779 53 789 49 782 48 175
782 68 771 69 789 61 777 63 482
780 124 767 125 785 121 774 121 216
784 168 775 167 789 165 781 163 103
781 169 776 169 785 167 776 167 144
778 179 762 179 785 177 768 177 147
790 35 783 35 793 31 786 30 191
787 176 768 175 795 173 776 173 103
793 40 782 40 797 35 789 34 345
795 48 785 47 799 43 790 42 160
790 184 772 183 799 183 780 185 29
800 53 791 50 805 47 795 49 75
800 140 791 140 807 137 794 137 142
798 181 780 181 807 179 789 179 25
798 186 779 185 807 183 787 184 23
804 56 795 55 809 51 799 51 93
808 58 798 57 813 53 803 52 51
801 73 789 73 809 67 799 66 97
804 144 793 144 809 141 798 141 115
805 161 795 164 811 161 801 161 62
807 168 788 170 813 165 793 167 96
804 165 793 165 809 163 798 163 101
804 177 787 177 813 175 795 174 62
803 176 785 175 809 173 791 172 56
812 83 801 83 817 79 807 78 64
812 140 800 140 817 137 805 137 51
809 166 799 165 815 163 805 162 96
807 181 788 181 817 179 797 179 76
819 26 804 28 823 21 809 22 49
818 48 808 48 823 43 813 42 34
817 104 807 102 823 99 812 99 39
817 111 807 110 823 107 813 106 31
819 113 809 112 825 109 815 108 57
816 138 807 138 823 135 812 134 48
825 22 813 22 829 17 815 18 43
822 42 811 42 827 37 817 36 43
826 59 813 59 829 55 818 54 65
821 106 811 105 827 101 817 99 79
824 169 814 169 831 167 819 166 72
829 48 819 48 835 43 824 42 88
828 157 818 158 835 155 824 153 88
830 173 819 173 837 171 826 170 86
832 105 822 105 839 101 828 100 122
834 113 823 112 841 107 830 106 238
835 172 824 171 841 169 830 167 68
835 178 821 177 843 175 833 175 48
847 31 836 30 853 25 842 24 48
845 59 831 58 853 53 838 52 90
848 76 837 75 855 71 843 70 278
846 129 835 125 853 123 841 125 560
848 158 837 158 855 155 844 155 273
848 176 837 179 855 173 843 174 205
845 227 833 229 853 225 838 226 247
849 57 835 56 857 51 843 50 86
851 187 841 189 859 185 847 186 212
857 25 846 24 863 19 852 18 59
858 52 845 50 867 45 854 43 97
855 183 844 183 863 183 851 181 144
826 313 756 313 865 333 783 333 72
864 55 850 54 873 49 858 48 63
862 126 848 127 871 121 857 121 203
866 60 852 60 875 55 861 54 96
868 80 854 79 877 77 863 76 116
868 147 854 146 877 141 863 139 127
876 98 861 98 885 93 870 92 75
875 176 861 175 885 173 870 173 143
877 58 863 57 887 51 872 50 50
877 133 864 132 887 129 871 129 106
887 63 872 63 897 57 882 56 42
883 101 869 100 895 95 878 95 61
882 131 868 130 893 127 877 125 33
887 129 871 127 897 125 880 124 29
885 139 871 138 895 135 880 134 69
885 166 871 164 895 163 880 163 85
892 81 877 80 903 73 887 74 52
889 90 874 89 899 85 884 84 61
891 111 875 112 901 107 885 106 8
892 137 877 137 903 133 887 133 36
891 135 874 135 901 131 883 131 57
891 155 876 155 901 155 885 157 130
892 167 877 166 903 163 887 163 79
888 170 873 170 899 167 883 167 65
890 172 875 171 901 169 885 169 122
898 31 882 31 907 25 888 25 28
894 48 879 47 905 41 889 40 42
895 59 879 57 905 51 889 50 66
894 87 879 84 905 79 889 79 41
896 133 880 133 907 129 891 128 28
891 130 875 129 905 125 888 124 40
898 137 882 136 909 133 893 134 42
902 66 886 67 913 59 897 57 41
902 82 886 79 913 75 897 74 43
899 95 884 94 911 89 895 88 49
900 110 884 110 911 107 895 105 11
900 114 884 115 911 111 894 109 8
900 131 884 131 911 127 895 126 55
900 172 884 171 911 169 895 169 62
905 41 889 40 917 33 900 32 31
911 125 896 125 925 121 909 121 23
874 287 797 287 927 305 835 305 65
872 318 792 319 925 343 833 342 48
920 58 903 56 933 49 915 48 39
916 82 899 79 929 75 911 74 30
915 105 900 106 929 101 912 100 11
920 165 903 165 933 163 915 161 82
918 168 901 168 931 165 913 165 80
879 279 800 279 931 295 838 295 50
877 303 797 304 933 325 837 326 126
926 107 908 107 939 101 921 100 9
926 153 909 153 939 151 921 151 88
926 164 909 164 939 161 921 159 123
881 298 803 298 937 321 836 319 188
880 307 803 307 935 329 842 329 95
930 33 913 32 943 25 924 24 29
930 65 913 66 943 59 925 61 52
929 85 909 85 941 79 923 78 65
930 128 915 127 945 123 924 123 136
928 162 911 162 941 159 923 159 123
931 167 914 167 945 163 927 163 107
935 51 918 50 949 43 931 42 51
935 60 918 58 949 51 931 49 71
933 62 916 60 947 53 929 51 59
937 72 919 71 951 65 933 64 40
936 103 919 102 951 97 933 99 8
929 122 911 121 947 117 927 115 112
936 126 919 125 951 121 933 120 113
893 303 814 303 951 325 857 325 238
891 307 813 307 949 329 854 329 164
894 283 815 283 953 301 858 301 103
948 36 931 33 963 27 943 26 28
895 313 815 313 959 339 864 341 140
900 322 820 320 961 347 865 347 54
950 43 931 43 965 35 945 34 20
954 97 933 97 967 93 947 91 13
907 221 831 221 969 225 879 225 42
907 285 827 285 969 303 874 303 174
905 301 827 302 967 323 874 323 162
904 305 824 304 965 327 870 327 181
903 323 824 323 965 349 869 349 62
905 329 826 330 969 357 872 357 79
958 59 940 59 975 53 955 52 28
955 66 938 65 971 59 952 57 23
956 95 937 94 971 89 952 87 7
913 285 833 285 975 303 879 303 77
912 315 832 315 975 339 879 339 106
910 323 831 323 973 349 877 349 87
908 326 829 327 971 353 877 355 125
961 159 941 161 977 157 957 156 68
913 281 834 281 977 299 879 298 74
915 295 836 295 979 315 884 315 190
913 310 835 310 977 333 880 333 143
968 34 948 33 985 25 964 26 33
965 66 946 64 983 57 962 56 43
970 67 950 66 987 59 966 58 66
968 80 949 80 985 73 964 71 18
969 117 950 116 987 111 967 110 52
965 166 946 165 983 163 963 161 79
921 289 840 288 985 307 889 307 86
920 298 841 299 985 319 890 320 155
922 303 843 303 987 325 892 325 93
922 308 842 308 987 331 891 331 128
917 314 838 315 983 339 887 339 86
920 327 838 327 985 353 888 353 99
975 151 956 149 993 147 972 147 75
972 156 952 155 989 151 969 152 73
967 181 939 181 991 179 961 178 61
927 219 853 219 991 223 901 223 46
923 304 843 305 989 327 893 327 144
924 302 844 302 989 323 894 323 189
926 315 846 315 993 339 896 339 85
982 153 962 153 999 149 979 148 169
970 184 942 184 995 181 965 181 37
927 297 847 297 995 319 898 319 114
928 311 848 311 995 335 898 335 68
929 316 848 317 995 341 898 341 77
928 323 850 323 995 349 899 349 56
987 42 966 41 1005 33 983 32 61
983 59 964 57 1001 51 980 49 67
985 64 964 63 1005 55 983 54 51
983 69 960 69 1001 61 979 60 56
986 113 965 112 1005 107 983 106 80
981 119 963 118 1001 113 981 112 125
983 152 963 152 1001 147 980 148 175
977 174 947 174 1003 171 974 170 111
976 182 947 182 1001 179 970 179 56
989 172 965 172 1011 169 986 169 86
997 55 975 54 1015 47 993 46 59
997 65 973 65 1015 57 990 57 53
997 111 974 111 1017 105 992 105 60
997 111 973 109 1015 105 986 104 94
1000 126 981 129 1017 121 999 123 191
993 149 972 149 1013 143 990 143 204
946 331 865 331 1015 359 918 359 87
998 142 973 141 1019 137 995 137 232
1002 63 979 63 1027 53 1003 52 40
1008 118 987 115 1029 111 1007 109 87
1007 142 984 141 1027 135 1004 136 133
1007 158 987 155 1029 153 1006 154 137
999 180 972 180 1027 177 997 177 26
1009 182 979 182 1035 179 1004 179 31
1018 131 994 130 1041 125 1016 124 53
1017 163 993 163 1041 159 1015 158 66
1006 200 982 200 1037 197 1008 198 127
968 268 888 268 1041 283 947 283 115
1024 63 1001 64 1047 55 1023 53 71
1020 95 997 95 1043 87 1019 86 27
1020 119 997 118 1043 113 1019 112 40
1020 126 997 125 1043 121 1018 120 43
982 210 916 210 1045 213 968 212 341
982 215 915 215 1045 219 968 219 226
972 262 893 262 1047 275 951 276 81
1030 119 1006 119 1053 115 1029 114 50
1026 143 1002 143 1049 137 1024 137 31
1025 163 1003 163 1049 161 1024 159 23
1024 189 997 187 1053 187 1025 185 10
1024 194 995 193 1053 191 1022 191 27
985 208 919 208 1049 211 973 210 216
989 210 922 210 1053 213 976 213 331
990 215 922 216 1053 219 975 219 227
1034 93 1011 90 1057 83 1033 84 25
1032 117 1008 119 1055 113 1031 112 17
1035 121 1011 120 1059 115 1035 115 33
1033 127 1010 126 1057 121 1033 120 23
1033 143 1010 143 1057 137 1032 137 18
1034 154 1009 154 1059 149 1034 148 22
995 220 930 219 1055 225 980 224 268
982 265 902 265 1059 279 963 279 125
1038 77 1019 75 1061 69 1044 70 37
1037 87 1014 88 1061 81 1036 79 26
1039 105 1016 107 1063 101 1039 101 14
985 289 905 289 1063 307 966 307 186
985 300 903 299 1065 321 966 321 314
1046 28 1023 27 1071 17 1046 15 10
1045 54 1019 56 1067 45 1044 44 25
1042 89 1018 88 1067 81 1045 83 15
1046 131 1022 130 1071 125 1046 124 10
1047 151 1023 151 1071 147 1047 147 14
1044 166 1019 166 1069 163 1044 162 13
1037 189 1008 189 1067 187 1036 186 11
988 260 908 260 1067 273 971 273 94
988 265 908 265 1067 279 971 279 141
989 285 909 285 1067 303 971 304 169
992 282 912 282 1071 299 976 300 195
987 301 906 301 1069 323 969 323 227
1052 42 1027 42 1075 33 1051 31 19
1045 157 1021 157 1073 155 1048 154 15
1044 176 1017 177 1075 173 1043 173 16
1045 181 1016 181 1075 179 1044 178 15
1042 186 1013 186 1073 185 1041 184 11
993 287 913 287 1073 305 976 305 167
1053 106 1031 105 1079 99 1054 98 10
1052 143 1027 143 1079 137 1053 136 19
1054 156 1031 153 1081 151 1054 151 18
1056 164 1027 165 1083 161 1051 159 27
1055 165 1024 166 1081 161 1055 161 15
1065 49 1040 50 1089 41 1063 39 11
1063 71 1041 69 1089 61 1065 60 11
1055 169 1026 169 1085 165 1054 165 19
1057 169 1028 169 1087 165 1056 165 16
1064 131 1039 131 1091 125 1065 124 18
1067 141 1041 142 1095 135 1069 134 33
1064 152 1039 152 1091 147 1065 146 19
1061 194 1029 192 1093 193 1063 194 13
1010 320 931 320 1095 345 1000 345 71
1076 75 1052 76 1101 69 1074 70 8
1073 107 1052 107 1101 101 1073 100 13
1070 127 1045 126 1097 121 1071 120 30
1071 139 1046 138 1099 133 1073 132 19
1073 144 1047 144 1101 139 1075 138 32
1068 146 1042 145 1097 141 1070 140 20
1077 130 1056 129 1105 123 1081 123 28
1076 133 1052 132 1103 127 1078 126 18
1077 148 1054 149 1107 145 1082 144 21
1074 169 1046 169 1105 165 1075 164 16
1084 159 1058 159 1113 155 1086 154 21
1082 163 1057 162 1111 159 1083 158 22
1081 170 1053 169 1113 165 1083 164 12
1081 178 1050 177 1113 175 1079 173 9
1080 202 1051 202 1113 201 1082 200 8
1094 93 1069 91 1119 85 1095 84 17
1087 127 1062 126 1115 121 1089 120 20
1093 124 1069 124 1119 119 1095 118 21
1091 147 1067 145 1119 141 1093 140 30
1086 156 1060 155 1115 151 1087 149 23
1085 163 1053 163 1115 159 1087 158 29
1086 167 1058 166 1119 163 1089 162 22
1095 64 1070 64 1121 55 1096 55 15
1095 95 1071 94 1121 87 1097 86 20
1034 265 959 264 1121 279 1025 279 160
1099 61 1075 61 1127 53 1099 52 24
1099 113 1076 112 1127 105 1103 105 40
1104 138 1075 137 1131 133 1100 132 89
1104 145 1081 145 1131 141 1107 139 39
1096 203 1067 202 1129 201 1098 200 10
1040 261 969 260 1127 273 1034 274 94
1039 283 959 282 1129 301 1033 300 186
1037 291 957 288 1127 307 1030 309 98
1041 292 961 292 1131 311 1034 312 95
1041 297 962 299 1131 317 1035 318 55
1105 155 1083 156 1133 153 1108 151 66
1102 178 1071 177 1133 175 1103 173 10
1047 282 967 282 1137 299 1042 299 140
1043 293 963 293 1133 313 1037 313 82
1051 262 971 262 1141 275 1047 275 66
1051 280 972 280 1141 297 1046 297 94
1047 277 967 277 1139 293 1043 293 171
1050 286 971 286 1141 303 1046 303 111
1053 294 972 295 1143 315 1047 316 93
1117 73 1096 73 1147 65 1123 64 61
1118 87 1094 89 1145 83 1121 81 15
1117 126 1089 125 1147 121 1121 122 80
1120 157 1098 156 1149 153 1125 152 64
1117 163 1095 163 1147 159 1122 158 58
1113 200 1085 200 1147 197 1117 197 19
1057 266 979 266 1149 279 1056 279 106
1053 268 974 268 1145 281 1051 281 139
1054 293 973 294 1145 313 1049 314 125
1054 300 974 301 1145 321 1050 321 69
1054 304 974 305 1147 327 1052 327 49
1056 309 979 307 1149 331 1053 331 41
1122 132 1099 133 1151 127 1126 125 56
1122 159 1100 159 1151 155 1127 154 68
1061 293 982 294 1153 313 1058 313 64
1059 295 980 295 1151 315 1056 315 72
1059 300 979 301 1151 321 1056 322 61
1060 312 979 312 1153 335 1056 336 45
1057 316 977 317 1151 341 1051 341 20
1063 319 982 319 1155 343 1060 344 21
1127 64 1104 63 1157 55 1133 54 90
1132 159 1110 158 1161 155 1138 153 43
1130 159 1108 159 1159 155 1136 154 57
1126 205 1098 204 1161 203 1132 203 29
1067 270 988 269 1159 285 1065 284 60
1068 295 991 294 1159 315 1067 315 40
1135 97 1111 98 1163 91 1138 92 39
1132 195 1107 195 1165 191 1137 192 28
1074 271 998 272 1165 285 1071 284 33
1070 292 993 292 1165 311 1072 311 49
1074 299 997 299 1167 319 1075 319 23
1067 303 992 303 1163 323 1067 324 24
1079 277 1003 281 1171 295 1079 294 32
1080 292 1001 291 1173 311 1081 311 23
1075 295 997 296 1169 315 1076 315 25
1077 292 1000 291 1171 311 1078 311 37
1077 297 999 298 1171 317 1077 318 23
1148 163 1122 163 1177 159 1148 159 47
1085 313 1008 314 1179 335 1087 336 17
1153 90 1130 89 1183 81 1159 80 95
1172 112 1149 111 1203 105 1179 104 66
1170 158 1142 158 1201 153 1172 153 102
1174 106 1151 105 1207 99 1183 98 180
1181 166 1159 164 1213 161 1189 161 61
1185 163 1159 161 1217 159 1194 159 60
