127 278 86 277 75 287 26 287 214
129 291 88 289 77 301 30 300 229
131 294 89 293 79 305 32 304 287
133 305 91 304 81 317 34 316 209
137 276 95 275 85 285 35 284 196
141 272 97 271 87 281 45 280 217
142 285 100 284 91 295 45 294 225
144 290 101 292 93 301 46 301 286
146 287 104 286 95 297 48 296 163
145 315 103 314 95 329 48 328 243
143 89 111 90 105 81 72 79 260
154 74 122 75 117 63 82 64 223
153 78 120 81 115 69 81 69 188
159 93 128 93 123 85 89 85 262
157 100 125 100 121 91 86 93 258
161 89 129 90 125 81 91 82 381
163 95 132 95 127 87 93 88 284
165 93 133 94 129 85 94 87 297
155 200 135 199 133 199 109 197 102
171 81 149 81 141 73 117 73 516
169 85 147 85 139 77 115 77 485
173 102 143 102 139 95 108 95 483
162 154 141 153 139 151 117 151 472
160 161 139 161 137 159 115 159 301
163 189 142 189 139 189 117 189 61
160 196 139 195 137 195 115 194 94
159 203 139 203 137 203 115 203 254
178 83 155 83 147 75 123 75 817
177 112 148 112 145 105 112 106 207
167 171 147 171 145 169 124 170 154
169 173 149 173 147 171 126 171 89
165 178 145 178 143 177 122 177 97
169 184 149 184 147 183 125 183 130
167 188 147 188 145 187 124 187 158
169 190 149 190 147 189 126 189 170
166 193 145 193 143 193 121 193 61
169 198 148 198 147 197 125 197 90
169 206 149 206 147 207 125 207 455
188 301 144 301 145 313 94 313 71
180 91 153 90 149 83 119 82 556
179 100 150 100 149 91 116 92 218
181 110 152 110 149 103 117 104 284
173 151 153 151 151 147 130 148 215
171 154 151 154 149 151 127 151 238
174 165 155 165 153 163 132 163 102
171 169 151 169 149 167 128 167 69
174 184 155 184 153 183 132 183 147
173 188 152 187 151 187 130 187 135
173 194 152 193 151 193 130 193 170
174 191 154 191 153 191 132 191 133
193 305 147 305 149 317 98 317 64
190 81 160 82 159 73 127 73 365
189 99 161 99 159 91 128 91 285
176 148 156 148 155 145 134 145 267
176 159 156 159 155 157 134 157 174
180 169 160 169 159 167 138 167 196
176 177 156 176 155 175 134 175 97
176 198 156 197 155 197 134 197 166
203 303 157 303 159 315 108 315 46
199 323 157 322 155 337 109 336 135
203 327 159 326 157 343 109 341 178
192 49 166 50 165 39 133 38 518
195 84 167 83 165 75 132 76 744
192 115 164 115 163 109 133 109 321
181 155 162 156 161 153 141 154 293
184 194 164 194 163 193 142 193 229
182 192 162 192 161 191 140 191 117
183 204 164 203 163 203 142 203 305
207 269 169 268 163 277 121 276 345
209 297 164 297 165 309 115 309 29
207 297 162 297 163 309 113 309 30
198 43 171 42 171 33 143 32 316
195 61 170 62 169 51 141 52 367
200 68 170 69 169 59 139 59 310
196 113 168 113 167 107 138 106 219
200 115 172 115 171 109 141 109 485
187 184 168 184 167 183 146 182 225
187 191 167 191 167 191 146 191 201
209 257 168 256 167 263 121 262 268
215 265 173 265 171 273 124 272 365
210 263 169 263 167 271 121 270 269
202 61 175 61 175 51 147 51 429
201 67 174 67 173 57 144 55 391
206 69 178 68 177 59 148 57 328
201 125 177 125 177 121 152 121 782
197 181 175 178 175 177 156 178 274
199 187 177 188 177 187 159 187 232
215 261 174 261 173 269 127 268 219
219 269 178 268 177 277 131 276 124
219 295 175 295 175 307 126 307 141
217 300 177 299 177 311 128 311 65
207 43 180 44 181 33 152 34 108
210 88 184 87 183 81 154 81 353
202 161 183 161 183 159 163 159 308
202 194 183 193 183 193 162 193 184
222 249 181 248 181 255 135 254 209
224 251 183 250 183 257 137 256 221
221 258 180 257 179 265 133 265 226
225 291 185 290 183 303 136 303 83
226 297 183 297 183 309 138 308 88
225 317 179 317 179 331 123 331 108
214 30 188 30 189 19 160 18 62
210 33 183 33 185 23 155 21 72
211 51 186 51 185 41 157 41 275
215 76 186 76 187 67 159 68 467
215 90 189 88 189 81 160 81 419
212 214 184 214 185 215 156 214 234
227 260 187 259 187 267 141 267 293
229 264 188 263 189 271 144 271 233
229 310 189 309 189 323 146 322 93
231 336 183 337 187 353 134 353 53
219 44 190 43 191 33 160 32 127
222 47 192 47 193 37 163 37 192
225 46 194 45 195 35 166 35 109
220 71 194 72 195 63 167 63 638
216 77 191 78 191 69 160 69 327
220 91 193 92 193 85 164 85 275
215 125 195 125 195 121 173 121 120
211 131 193 131 193 127 172 127 37
209 149 190 149 193 147 176 147 145
210 161 192 161 193 159 174 159 76
208 165 190 165 191 163 172 163 80
210 176 192 176 193 175 174 175 79
208 203 190 203 191 203 172 203 121
221 217 194 216 195 217 166 216 192
230 265 191 265 191 273 146 273 270
237 329 192 329 195 345 144 345 56
236 333 192 332 195 349 143 349 57
225 40 196 41 197 31 171 32 164
226 68 200 68 201 59 174 60 485
224 76 198 76 199 67 170 67 403
220 131 201 131 201 127 180 127 27
219 144 201 144 201 141 183 141 38
214 153 196 154 197 151 178 151 85
218 164 200 165 201 163 182 162 23
217 170 200 170 201 169 185 168 41
216 186 198 186 199 185 181 184 74
216 200 198 199 199 199 180 200 96
243 291 201 291 199 303 155 302 53
238 319 196 318 199 333 153 332 107
228 78 203 76 205 67 175 68 663
227 127 207 127 207 123 186 123 24
222 139 205 139 205 135 181 133 42
220 165 202 164 203 161 184 160 25
224 188 206 188 207 187 189 188 108
223 205 206 204 207 205 187 204 145
241 249 202 248 203 255 158 255 93
240 256 201 256 203 263 159 262 322
245 306 201 307 205 319 163 318 72
247 344 198 344 205 363 151 362 48
229 133 211 133 211 129 191 129 67
246 247 205 247 209 253 163 253 222
252 337 207 335 209 355 156 355 67
235 87 217 86 219 81 201 82 323
231 90 213 90 215 85 196 85 250
233 98 215 98 217 93 198 93 156
235 100 217 100 219 95 200 95 137
231 103 215 104 217 99 197 99 55
231 169 213 169 215 167 194 167 83
235 175 217 174 219 173 202 174 80
234 184 217 184 219 183 201 183 150
230 192 213 192 215 191 197 191 125
234 199 217 199 219 199 201 199 142
249 265 212 264 217 271 172 271 193
252 267 211 267 215 275 169 275 107
237 77 220 77 221 71 205 72 445
239 82 223 83 225 77 207 77 345
237 146 217 146 223 143 204 143 47
237 151 223 151 225 149 208 149 22
241 169 225 169 225 167 203 167 107
240 175 223 174 225 173 207 173 183
236 190 219 190 221 189 203 189 126
255 255 217 255 221 261 179 261 184
252 263 212 263 221 269 176 269 169
255 308 216 308 221 319 178 319 134
259 311 220 310 225 323 182 322 107
257 318 217 317 221 331 175 330 181
251 45 221 44 227 35 195 33 45
246 64 228 65 231 57 214 57 257
241 67 226 65 227 61 209 61 294
244 78 227 79 229 73 211 73 170
244 84 227 85 229 79 212 79 143
242 97 223 97 229 93 210 93 134
241 101 223 101 229 97 210 97 98
240 105 223 105 229 101 210 101 37
242 142 225 142 227 139 209 139 45
242 187 225 187 227 187 210 186 146
259 265 220 265 229 271 186 271 134
260 269 220 269 231 275 187 275 137
251 103 235 104 237 99 219 99 48
244 107 227 107 233 103 215 103 43
249 115 231 115 237 113 217 111 17
251 126 234 125 237 123 217 121 99
245 123 229 123 233 121 213 119 75
249 146 232 146 235 143 217 143 54
249 153 233 153 235 151 218 151 33
248 195 232 194 235 193 217 194 142
259 210 232 210 235 211 205 211 225
268 257 232 257 237 263 197 263 184
266 298 232 297 237 307 199 306 128
273 319 233 318 237 333 190 333 65
252 99 234 99 239 95 221 95 34
253 105 237 106 239 101 222 101 39
255 120 238 120 241 117 224 117 44
257 116 239 116 243 113 225 113 15
254 192 239 192 241 191 224 191 224
256 196 240 196 243 195 226 195 205
252 202 236 201 239 201 222 201 301
270 53 245 54 249 43 222 45 126
263 59 246 60 249 51 229 52 178
260 115 244 114 247 111 229 109 42
261 132 244 132 247 129 229 129 226
263 134 246 134 249 131 231 131 136
262 160 246 160 249 159 232 159 159
258 169 242 169 245 167 228 167 276
262 182 246 182 249 181 232 181 321
262 180 246 180 249 179 232 179 304
262 190 246 190 249 189 232 188 230
262 201 246 201 249 203 232 204 395
275 262 239 262 245 269 205 268 243
277 266 242 266 247 273 208 272 230
275 283 241 283 247 291 210 290 101
275 289 240 288 245 297 208 297 129
276 292 242 292 247 301 209 300 83
275 41 251 42 255 31 228 32 96
266 157 250 157 253 155 236 155 179
266 177 250 176 253 175 236 174 357
268 175 252 175 255 173 238 172 360
268 181 252 180 255 179 238 179 305
266 186 250 186 253 185 236 184 344
264 196 248 196 251 195 234 194 266
264 201 248 201 251 201 234 201 270
266 207 250 206 253 207 236 207 481
278 212 250 212 255 213 226 213 474
278 279 245 279 251 287 214 286 103
279 43 254 43 259 33 233 33 131
273 74 258 75 261 69 245 70 208
271 73 254 73 257 67 239 67 150
272 120 256 120 259 117 242 117 238
273 132 258 132 261 129 244 129 410
271 146 255 145 259 143 242 143 151
269 146 253 145 257 143 240 143 226
270 159 254 159 257 157 240 157 285
271 165 256 165 259 163 242 162 400
273 188 258 188 261 187 245 188 313
272 186 256 186 259 185 243 185 279
273 193 258 194 261 193 244 192 290
282 245 254 245 259 249 229 248 151
283 254 255 254 261 259 230 258 194
288 276 255 276 261 283 225 282 94
287 299 252 299 259 309 221 308 95
283 43 263 43 265 33 239 34 150
279 102 264 101 267 99 251 99 205
274 124 260 125 263 121 247 122 504
279 140 264 140 267 137 251 137 246
277 140 262 140 265 137 249 137 249
277 186 262 187 265 185 249 185 418
275 203 259 202 263 203 247 203 312
289 238 261 238 267 241 237 241 137
286 245 257 245 263 249 232 248 98
289 253 262 253 267 257 236 256 133
288 44 268 45 273 35 251 36 152
287 79 268 79 273 73 253 73 239
285 134 270 134 273 131 261 133 234
283 140 268 140 271 137 255 137 248
281 155 266 155 269 153 252 151 348
283 157 270 157 273 155 262 155 306
282 186 268 186 271 185 257 185 395
293 227 266 227 271 229 240 228 57
293 233 265 232 271 235 241 235 89
291 242 263 241 269 245 239 245 161
295 244 267 243 273 247 243 247 191
295 251 265 251 273 255 241 255 147
299 289 265 288 273 297 236 296 89
295 285 261 284 269 293 232 292 55
300 305 265 304 273 315 234 314 53
294 49 274 49 279 41 258 41 115
291 53 272 54 277 47 257 47 178
291 61 272 62 277 55 256 55 114
287 167 273 167 277 165 263 165 235
289 172 275 172 279 171 265 171 202
287 176 274 176 277 175 263 175 231
287 184 274 184 277 183 263 183 270
287 192 273 192 277 191 262 191 272
287 202 274 201 277 201 262 201 218
297 231 269 230 275 233 245 233 90
300 259 273 258 279 263 246 263 178
306 307 270 306 279 317 240 316 48
303 28 279 28 285 17 258 17 93
297 53 277 53 283 45 262 45 113
297 60 278 60 283 53 262 53 122
297 75 278 75 283 69 263 69 119
298 86 280 86 285 81 266 81 105
298 94 277 95 285 89 266 89 229
297 103 280 103 285 99 267 99 143
291 169 277 169 281 167 267 167 144
293 196 279 196 283 195 269 195 171
291 198 277 198 281 197 267 197 296
303 225 276 225 283 227 254 227 107
302 234 274 234 281 237 251 237 132
304 242 276 241 283 245 253 245 257
305 276 273 276 281 283 246 282 70
308 305 272 304 281 315 242 314 59
307 37 283 37 289 27 264 28 118
305 64 286 64 291 57 271 57 94
303 69 284 70 289 63 268 63 118
303 77 284 78 289 71 269 71 91
303 81 284 81 289 75 269 75 105
304 77 286 77 291 71 271 71 105
304 100 286 100 291 95 272 95 135
301 167 285 167 291 165 277 165 329
297 171 283 171 287 169 273 169 162
297 180 283 180 287 179 273 179 279
301 186 287 186 291 185 277 185 232
297 190 283 190 287 189 273 189 197
297 192 283 191 287 191 273 191 129
304 210 281 211 287 211 261 213 273
310 231 281 231 291 233 259 233 92
311 248 284 247 291 251 265 250 208
311 35 287 36 293 25 267 25 165
309 51 290 51 295 43 276 43 152
306 60 288 60 293 53 273 53 99
306 73 288 74 293 67 273 67 128
308 85 289 85 295 79 275 80 88
308 90 290 91 295 85 275 85 97
307 94 288 94 293 89 274 90 159
303 109 288 109 293 105 274 105 267
305 160 294 160 297 159 286 159 106
305 186 291 186 295 185 281 185 159
303 188 289 188 293 187 279 187 205
303 194 289 194 293 193 279 193 215
303 201 289 202 293 201 279 201 181
312 210 291 210 297 211 275 211 214
315 218 291 216 297 217 275 217 138
312 231 283 231 293 233 263 233 115
312 238 286 238 293 241 265 241 249
316 246 291 245 297 249 266 249 336
316 249 288 249 295 253 266 253 245
313 253 286 253 293 257 264 257 203
319 283 286 283 295 291 260 290 102
319 31 296 32 303 21 279 22 183
319 44 296 43 303 35 279 35 212
312 47 294 47 299 39 280 40 138
316 60 297 60 303 53 284 54 82
312 62 294 62 299 55 279 55 92
316 85 297 85 303 79 283 80 84
312 89 294 89 299 83 279 83 94
316 90 297 90 303 85 283 85 75
306 159 295 159 299 157 288 157 66
311 163 300 163 303 161 292 161 131
307 165 295 165 299 163 288 163 81
308 169 293 169 303 167 289 167 280
312 173 299 172 303 171 288 170 118
311 186 297 186 301 185 287 185 112
316 213 295 212 301 213 279 213 116
317 217 297 216 303 217 280 217 159
321 225 296 225 303 227 276 227 93
321 237 295 236 303 239 275 238 193
319 263 292 264 299 269 271 269 219
322 285 290 285 299 293 264 292 152
324 285 291 285 301 293 267 292 93
322 291 289 290 299 299 263 298 75
321 40 301 40 307 31 286 32 180
320 88 301 88 307 83 287 83 74
313 96 295 96 305 91 281 91 185
320 112 303 112 309 109 303 109 463
320 135 303 135 309 133 291 133 369
318 139 301 139 307 137 289 137 290
318 178 305 178 309 177 295 177 82
316 176 303 176 307 175 293 175 84
316 186 303 186 307 185 293 185 95
316 188 303 188 307 187 293 187 104
314 197 300 197 305 197 290 195 160
327 236 302 237 309 239 282 239 71
328 264 300 264 307 269 279 268 207
328 291 296 290 305 299 270 298 117
325 36 305 36 311 27 292 28 229
325 53 305 53 311 45 290 45 99
322 108 306 108 311 105 294 105 428
322 130 305 130 311 127 293 127 589
324 143 307 143 313 141 295 141 356
323 149 308 150 313 147 295 147 411
323 148 306 148 311 145 293 145 170
320 169 307 169 311 167 297 167 177
320 173 306 172 311 171 297 171 153
321 174 308 174 313 173 299 173 131
335 293 303 292 313 301 278 300 60
333 293 301 292 311 301 276 300 79
336 305 300 304 311 315 271 314 31
334 60 315 61 321 53 300 53 97
332 68 312 68 319 61 298 61 98
332 70 312 70 319 63 298 63 116
331 82 313 83 319 77 299 77 42
332 91 315 90 321 85 303 85 94
324 127 313 127 317 125 301 124 668
328 139 313 141 317 137 299 137 518
329 149 311 147 317 145 300 146 225
333 155 315 153 321 151 304 152 253
324 163 310 163 317 161 301 161 446
327 186 314 186 319 185 306 185 261
327 192 315 192 319 191 305 190 273
330 207 310 207 317 207 298 206 63
330 203 310 203 317 203 296 203 130
330 209 310 209 317 209 297 208 95
336 260 313 259 321 263 297 262 150
338 32 318 32 325 23 305 23 172
336 49 316 49 323 41 302 41 109
336 53 316 53 323 45 303 45 185
336 56 318 56 323 49 302 49 77
339 56 320 56 327 49 306 49 121
339 60 320 60 327 53 307 53 100
335 74 316 74 323 67 303 67 97
337 78 320 77 325 71 307 71 87
335 81 317 81 323 75 303 75 55
338 85 320 85 327 79 307 79 55
337 100 319 97 327 95 309 95 173
335 169 319 169 325 167 307 167 305
331 178 319 178 323 177 309 177 411
331 190 319 190 323 189 310 189 345
340 203 320 203 327 203 305 204 99
338 218 318 218 325 219 303 219 36
343 262 318 263 327 267 302 266 87
343 277 313 276 323 283 290 283 128
344 281 315 280 325 287 293 287 94
350 300 315 299 327 309 288 309 37
342 28 322 30 329 21 309 22 129
341 39 323 40 329 31 309 32 108
341 50 321 51 329 43 309 43 103
341 58 322 58 329 51 309 52 121
341 64 322 64 329 57 309 57 103
345 62 326 62 333 55 313 55 71
342 87 325 87 331 81 313 81 73
341 85 322 85 329 79 309 79 68
339 126 323 126 329 123 312 123 585
343 128 327 128 333 125 316 125 543
341 139 325 138 331 135 313 137 386
339 141 323 140 329 137 312 136 611
339 147 323 146 329 143 312 141 257
343 152 327 153 333 151 316 152 473
341 159 325 159 331 157 314 157 324
344 189 327 188 333 187 315 186 335
349 279 319 278 329 285 297 285 135
349 282 319 282 329 289 295 289 80
351 31 331 31 339 23 318 23 90
348 43 329 43 337 35 317 35 81
348 81 330 81 337 75 317 75 110
346 85 328 85 335 79 316 79 47
348 92 330 93 337 87 318 88 102
348 108 330 107 337 103 319 103 390
345 146 329 144 335 143 318 141 324
347 161 331 161 337 159 319 159 304
347 184 331 184 337 183 320 183 345
346 240 323 239 337 241 310 241 24
353 281 324 280 335 287 303 287 72
353 39 333 39 341 31 321 31 69
354 43 335 43 343 35 323 36 86
356 75 337 75 345 69 325 69 65
352 72 333 72 341 65 321 65 69
351 102 334 103 341 99 322 99 284
354 114 337 115 343 111 326 110 435
351 116 335 117 341 113 324 114 437
353 133 336 132 343 129 325 129 443
355 129 338 128 345 125 327 125 415
355 137 338 137 345 133 327 133 428
351 146 334 147 341 143 323 144 283
351 165 335 164 341 163 324 163 225
351 177 334 175 341 175 324 175 357
351 181 335 181 341 179 324 179 195
353 186 336 186 343 185 326 185 212
351 186 334 186 341 185 324 185 379
356 217 338 216 345 217 326 216 19
356 250 336 250 345 253 319 253 60
356 261 332 261 341 265 316 265 132
360 265 333 265 343 269 316 268 98
360 277 331 277 343 283 313 282 52
361 281 333 280 343 287 311 287 38
359 37 343 38 347 29 325 27 254
360 71 341 72 349 65 329 65 149
362 77 344 77 351 71 333 72 65
362 127 344 128 351 125 333 125 453
361 147 345 147 351 145 333 146 412
357 190 341 189 347 189 330 189 159
363 240 338 239 351 241 326 241 30
367 270 339 270 351 275 319 276 90
369 286 339 285 351 293 317 293 33
364 27 345 28 353 19 333 19 138
366 25 346 25 355 17 333 16 145
365 44 347 45 355 37 335 38 176
365 55 350 57 357 49 339 50 114
365 67 347 68 355 61 336 61 104
367 73 349 73 357 67 337 67 69
365 94 347 94 355 89 336 89 112
367 98 350 98 357 93 338 93 142
365 100 348 100 355 95 337 95 137
364 109 348 109 355 105 338 105 221
365 117 348 117 355 113 337 113 567
367 132 350 132 357 129 339 129 371
363 136 346 136 353 133 335 133 302
364 144 349 143 355 141 339 140 253
366 217 345 216 353 217 332 217 27
368 221 348 221 357 221 334 221 30
368 243 347 243 357 245 335 245 112
369 261 346 261 355 265 330 265 133
371 269 345 268 357 273 329 273 45
369 274 342 273 353 279 323 279 73
373 276 341 277 353 283 322 283 46
382 298 340 301 355 311 315 311 42
376 310 337 310 353 323 310 322 53
379 316 338 315 355 329 309 328 88
378 322 335 321 353 337 305 336 89
383 339 334 339 355 359 300 358 89
370 53 351 53 359 45 339 45 112
370 75 351 75 359 69 340 69 138
369 71 351 71 359 65 340 65 89
373 92 353 92 361 87 342 87 103
368 107 352 107 359 103 340 102 181
372 117 354 118 361 115 343 115 413
373 117 356 118 363 115 345 115 308
372 129 355 128 363 125 345 125 551
370 129 354 128 361 125 343 125 492
368 136 351 136 359 133 341 133 431
372 138 354 139 363 135 343 137 309
368 189 356 189 361 189 349 189 59
374 254 354 254 363 257 341 257 183
379 281 350 281 363 287 330 289 37
377 286 347 285 359 293 325 293 37
380 295 346 294 361 303 324 303 31
375 46 357 47 365 39 345 39 157
376 48 359 48 367 41 348 41 138
374 51 357 52 365 45 347 46 146
375 58 356 58 365 51 345 51 97
375 63 356 64 365 57 346 57 105
379 66 360 65 369 59 350 59 97
378 69 361 70 369 63 350 64 99
376 73 358 73 367 67 348 67 119
378 75 360 75 369 69 350 70 86
375 100 357 99 365 95 347 95 138
374 109 356 110 365 105 346 105 253
374 121 358 120 365 117 347 117 443
378 122 362 121 369 119 352 118 278
378 140 361 140 369 137 352 137 273
378 197 358 197 367 197 345 197 104
378 212 358 213 367 213 345 213 22
379 209 358 209 367 209 345 209 28
377 213 356 212 365 213 343 213 19
378 244 358 245 367 247 345 247 235
381 251 359 250 369 253 347 253 177
376 248 355 248 365 251 343 251 185
379 256 357 256 367 259 344 259 228
379 269 355 268 365 273 338 272 52
380 276 351 276 365 281 335 281 47
382 284 351 285 365 291 333 291 45
386 288 355 287 369 295 336 293 30
386 292 352 292 367 301 331 300 37
392 312 351 312 369 325 325 324 83
389 321 347 320 365 335 317 335 105
380 25 363 26 371 17 353 18 105
384 31 367 31 375 23 357 23 131
381 40 366 40 371 33 352 34 151
381 46 363 47 371 39 351 39 141
383 64 365 64 373 57 354 58 136
384 77 364 79 375 71 356 72 68
385 91 367 87 375 85 356 84 78
382 121 365 121 373 117 356 117 363
385 125 367 125 375 121 358 121 715
381 230 362 229 371 231 348 231 98
386 233 365 233 375 235 353 235 114
382 235 362 235 371 237 349 237 161
384 237 363 237 373 239 351 239 154
382 243 362 243 371 245 349 245 241
386 265 362 264 373 269 347 268 106
387 274 362 273 373 279 344 279 51
389 281 359 280 373 287 341 287 38
392 284 361 284 375 291 343 290 33
388 29 370 29 379 21 361 21 172
390 52 372 52 381 45 362 45 133
391 56 372 56 381 49 362 50 119
386 54 368 54 377 47 358 47 142
390 67 373 68 381 61 362 61 86
386 75 368 75 377 69 358 69 86
387 103 371 104 379 99 361 99 115
387 107 371 107 379 103 362 103 156
386 161 376 160 381 159 370 159 195
384 167 374 168 379 165 368 163 174
385 174 376 176 381 175 371 175 260
386 182 376 182 381 181 370 182 224
384 189 374 188 379 189 368 187 201
390 202 369 201 379 201 357 201 124
384 217 361 219 377 219 354 217 43
392 235 371 235 381 237 359 237 189
392 247 371 247 381 249 359 249 218
390 245 369 245 379 247 357 247 192
391 260 368 260 379 263 351 263 178
390 269 365 268 377 273 350 273 58
395 270 369 270 381 275 353 275 45
403 317 360 317 381 331 333 331 112
394 27 376 27 385 19 366 19 139
396 33 378 33 387 25 368 25 168
392 40 374 40 383 33 365 34 152
396 42 378 42 387 35 369 36 161
396 63 379 62 387 57 369 57 136
395 84 379 85 387 79 370 79 78
391 96 375 96 383 91 365 91 105
393 159 383 159 387 157 376 157 180
390 163 380 163 385 161 374 161 277
390 174 380 172 385 171 375 172 223
390 186 380 186 385 185 374 185 291
388 190 377 189 383 189 372 188 290
397 200 377 201 387 201 366 200 141
398 236 377 235 387 237 365 237 70
397 250 375 250 385 253 362 253 199
407 297 370 297 387 307 348 306 72
407 307 368 306 387 319 344 318 113
409 327 365 326 387 343 335 343 142
409 332 362 331 385 349 332 348 109
399 29 382 29 391 21 372 21 144
402 30 384 31 393 23 374 23 174
399 38 383 38 391 31 374 31 180
401 48 384 48 393 41 373 42 180
396 135 386 135 391 133 380 133 230
394 161 384 161 389 159 379 159 237
394 166 384 166 389 165 379 164 236
396 166 386 166 391 165 381 164 285
396 180 386 180 391 179 381 180 250
398 191 386 192 391 191 373 191 532
403 212 382 212 393 213 371 212 75
403 209 383 209 393 209 371 209 66
399 210 378 210 389 211 367 211 43
401 254 379 254 391 257 369 257 145
403 269 378 269 391 273 364 273 32
405 280 376 281 391 287 358 286 28
405 284 374 281 391 291 359 292 31
407 289 375 289 391 297 355 297 44
410 304 374 303 391 315 349 315 102
411 314 370 314 391 327 345 327 178
410 325 367 325 389 341 339 340 162
417 333 368 334 393 351 339 351 105
405 29 387 29 397 21 378 21 135
407 31 390 31 399 23 381 23 120
403 44 386 45 395 37 377 38 131
406 52 388 52 397 45 378 45 123
406 67 388 67 397 61 379 61 103
407 73 390 74 399 67 380 67 100
405 88 389 88 397 83 379 83 185
405 105 389 105 397 101 380 101 180
403 120 394 120 399 117 389 117 259
403 133 394 135 399 131 389 129 231
403 179 393 179 399 181 389 179 303
409 239 389 239 399 241 379 240 141
406 243 387 243 397 245 377 245 167
411 287 380 286 395 295 360 294 34
420 327 376 326 399 343 349 342 117
411 35 394 35 403 27 385 27 81
411 57 394 58 403 51 385 52 105
409 53 394 52 401 47 385 45 177
409 69 392 69 401 63 382 63 87
413 71 395 71 405 65 387 66 76
411 86 397 85 403 81 389 80 157
413 99 396 99 405 95 388 95 101
406 116 396 116 401 113 391 113 356
407 121 398 121 403 119 393 119 358
405 123 396 124 401 121 391 120 401
407 131 398 132 403 129 393 128 264
405 129 396 129 401 127 391 127 361
405 141 396 141 401 139 391 139 117
407 147 399 147 405 145 395 145 110
409 167 400 166 405 165 396 165 236
407 163 398 163 403 161 393 161 274
405 168 396 169 401 167 391 165 107
409 184 400 184 405 183 396 182 238
405 181 396 179 401 179 392 179 228
412 201 390 199 401 199 381 199 208
413 218 392 218 403 219 381 219 136
411 214 390 214 401 215 379 215 139
411 220 389 221 401 221 379 221 116
414 245 395 245 405 247 385 247 162
414 269 389 269 403 273 380 273 65
420 309 380 308 401 321 358 321 173
425 320 382 320 405 335 357 334 128
426 328 380 328 405 345 353 345 62
424 332 376 331 401 349 349 349 97
417 36 402 36 411 29 394 29 100
418 44 402 44 411 37 394 37 119
416 48 400 48 409 41 392 41 171
414 55 398 55 407 49 390 49 166
419 67 399 68 409 63 391 63 87
418 74 403 75 411 69 393 69 185
413 124 404 123 409 121 399 122 296
411 129 402 130 407 127 398 128 284
413 133 404 133 409 131 400 130 164
411 141 402 141 407 139 397 139 120
415 139 406 139 411 137 401 137 194
410 160 401 160 407 159 398 159 215
413 163 404 162 409 161 400 161 178
413 168 404 168 409 167 400 166 293
413 183 404 183 409 183 400 183 171
419 211 398 210 409 211 388 211 288
418 216 398 216 409 217 387 217 129
420 220 400 220 411 221 389 221 188
416 222 395 222 407 223 385 223 109
416 239 396 239 407 241 386 241 162
418 243 399 243 409 245 389 245 172
417 258 395 258 407 261 383 261 70
420 262 398 262 411 265 386 265 48
426 297 389 297 409 307 371 306 108
427 303 389 302 409 313 369 313 136
423 311 385 310 407 323 362 323 141
429 322 385 321 409 337 360 336 97
428 326 384 326 407 343 358 342 77
431 333 384 332 409 351 355 351 53
424 36 408 36 417 29 401 29 98
422 51 406 52 415 45 398 45 187
424 47 408 48 417 41 400 41 169
422 54 406 55 415 49 399 49 125
424 96 408 96 417 91 400 91 149
420 101 404 102 413 97 396 97 109
419 119 410 119 415 117 406 117 246
421 123 412 123 417 121 408 121 276
420 161 412 163 417 161 408 161 149
417 186 408 186 413 185 404 185 233
421 198 412 198 417 197 408 197 482
421 207 402 207 413 207 399 207 452
425 223 406 223 417 223 396 223 320
422 228 402 227 413 229 393 228 131
422 234 402 234 413 235 392 235 115
421 245 402 245 413 247 394 247 126
423 251 404 251 415 253 394 253 165
424 267 399 266 413 271 386 271 28
431 314 391 313 413 327 366 327 143
435 317 393 317 417 331 370 331 94
426 57 410 57 419 51 402 51 118
425 140 415 138 421 137 411 136 148
423 143 415 146 421 143 411 144 91
426 160 418 161 423 159 414 159 131
424 159 416 158 421 157 412 157 149
426 168 418 168 423 167 414 167 122
422 180 414 180 419 179 410 179 170
426 190 418 190 423 189 414 189 154
430 210 415 209 421 209 412 209 369
427 228 408 227 419 229 399 229 143
427 234 407 234 419 235 398 235 125
429 256 407 256 419 259 396 259 49
435 291 402 290 421 299 385 299 72
438 297 402 297 423 307 385 306 126
438 322 395 322 419 337 370 337 80
439 329 393 328 419 345 367 345 47
434 44 417 44 427 37 410 37 220
435 71 418 72 429 65 412 65 165
434 77 416 76 427 71 410 71 154
433 124 422 123 429 121 418 121 286
430 134 419 134 425 131 415 132 130
431 139 420 139 427 137 416 137 172
433 157 422 157 429 155 418 155 336
428 176 420 176 425 175 416 174 176
431 188 421 188 425 187 417 187 423
431 192 419 193 427 191 416 191 217
434 206 420 205 425 205 416 205 291
432 215 420 215 425 215 405 215 354
432 236 415 236 425 237 407 237 120
437 251 417 251 429 253 408 253 41
435 258 413 258 427 261 403 261 51
438 272 411 272 427 277 397 276 24
439 277 410 277 427 283 395 283 52
444 299 408 299 429 309 389 309 138
444 314 403 313 427 327 381 327 117
446 317 406 317 429 331 384 331 111
449 333 401 332 429 351 375 351 45
439 41 423 42 433 35 415 35 83
439 80 423 80 433 75 416 76 153
437 84 421 84 431 79 413 80 132
439 92 424 91 433 87 416 86 130
435 108 428 108 433 105 422 104 314
437 142 427 142 433 139 422 139 375
439 147 428 148 435 145 424 145 279
435 146 424 144 431 143 420 143 185
436 184 427 184 433 183 423 183 257
435 214 425 213 431 213 421 213 198
439 219 424 219 435 219 418 219 163
436 221 421 221 431 221 414 221 202
438 232 421 232 431 233 414 233 113
438 247 419 247 431 249 411 249 69
440 245 422 245 433 247 413 247 38
442 249 423 249 435 251 414 251 45
442 251 423 251 435 253 414 253 42
444 261 421 261 435 265 410 265 35
442 260 419 260 433 263 408 263 41
442 276 414 275 431 281 400 281 45
445 286 414 285 433 293 398 293 81
449 309 410 308 433 321 389 321 123
450 322 406 322 433 337 384 336 76
443 69 427 69 437 63 419 64 86
448 65 431 65 441 59 424 59 66
443 82 428 82 437 77 421 77 194
445 116 436 115 441 113 430 112 230
445 147 434 147 441 145 430 144 214
443 149 432 149 439 147 428 147 260
442 161 433 161 439 159 431 159 331
441 176 431 177 437 175 430 174 242
442 184 432 184 439 183 431 183 449
444 192 436 191 441 191 433 189 312
444 200 435 200 441 199 434 199 400
443 223 427 223 437 223 420 223 135
447 221 431 221 441 221 424 221 124
447 226 431 226 441 227 424 227 171
445 234 429 234 439 235 421 235 104
446 245 427 245 439 247 419 247 52
453 289 421 289 441 297 405 297 100
453 285 422 285 441 293 407 293 78
454 302 416 302 439 313 398 313 154
455 313 414 313 439 327 392 327 129
458 325 413 325 441 341 390 341 95
456 325 412 324 439 341 388 341 71
453 68 437 69 447 63 430 63 67
451 70 434 71 445 65 428 65 74
453 74 437 74 447 69 431 69 151
451 76 435 76 445 71 429 71 126
447 126 437 125 443 123 432 122 130
447 135 436 137 443 133 432 135 211
447 143 436 142 443 141 432 140 205
449 151 438 151 445 149 434 149 221
447 155 436 155 443 153 432 153 402
448 180 439 180 445 179 437 179 515
448 193 440 193 445 193 437 193 371
447 209 436 210 443 209 432 209 416
452 245 434 245 445 247 425 247 70
456 269 431 268 447 273 419 273 52
458 284 427 284 447 291 412 291 57
457 282 425 282 445 289 411 289 56
459 293 425 292 443 301 406 301 164
461 309 421 309 447 321 403 321 105
458 305 419 305 443 317 400 317 117
464 325 419 325 447 341 396 341 98
462 329 415 329 445 347 392 346 96
455 81 438 80 449 75 432 75 205
457 122 447 121 453 119 442 118 124
455 140 444 140 451 137 441 137 280
456 157 446 156 453 155 444 155 223
455 164 448 164 453 163 446 163 232
455 172 448 172 453 171 446 172 288
451 176 444 176 449 175 442 175 377
453 181 446 181 451 181 444 182 448
455 196 448 196 453 195 445 195 278
451 198 444 198 449 197 441 197 307
453 206 442 205 449 205 439 205 173
455 217 444 217 451 217 440 217 97
458 240 443 239 453 241 435 241 106
455 238 438 238 449 239 432 239 133
457 250 436 251 449 253 428 253 40
462 270 436 270 453 275 424 275 47
460 281 429 280 449 287 415 286 58
467 295 433 296 449 305 417 304 173
467 312 426 312 453 325 407 325 117
467 318 423 318 451 333 402 333 138
459 135 444 135 457 133 439 134 435
462 154 453 153 459 151 450 151 175
461 153 451 151 457 149 447 149 234
457 176 450 176 455 175 448 175 332
459 180 452 180 457 179 450 179 332
461 196 453 196 459 195 450 195 479
461 225 446 225 455 225 433 224 218
464 236 448 236 459 237 441 237 272
466 256 444 256 459 259 436 258 31
467 267 442 267 459 271 431 271 61
467 274 438 273 457 279 427 279 63
472 305 433 305 459 317 416 317 104
469 308 430 308 455 321 411 321 93
473 310 432 310 459 323 413 323 72
470 315 427 315 455 329 408 329 136
471 325 425 325 455 341 403 341 125
471 330 425 330 455 347 402 347 99
463 121 458 122 461 119 456 120 66
463 137 449 137 461 135 444 135 609
463 144 454 144 461 143 452 143 260
468 155 459 155 465 153 456 153 194
466 161 457 161 463 159 454 159 315
464 165 457 165 463 163 455 163 347
467 162 459 162 465 161 456 161 174
463 176 459 176 461 175 455 175 301
464 188 455 188 461 187 453 187 308
466 199 453 200 461 199 451 199 344
468 213 457 213 465 213 454 213 93
467 213 455 213 463 213 451 213 97
465 228 450 228 461 229 445 229 70
470 232 454 231 465 233 449 234 91
470 257 448 258 463 261 439 261 39
468 254 446 254 461 257 438 257 48
472 254 451 254 465 257 442 257 45
474 286 444 285 465 293 430 293 75
472 287 440 287 461 295 426 295 93
473 294 438 294 461 303 423 303 67
479 319 436 318 465 333 417 333 143
480 332 433 332 465 351 411 351 96
472 125 467 125 471 123 463 122 52
469 127 463 127 467 125 458 124 174
471 147 463 147 469 145 460 145 219
473 157 465 156 471 155 462 155 194
474 208 465 208 471 207 459 207 188
472 217 461 217 469 217 458 217 58
476 236 460 236 471 237 455 237 61
479 268 453 268 471 273 443 274 83
476 270 449 270 467 275 438 275 71
479 274 452 273 471 279 441 279 73
479 289 446 289 469 297 435 297 143
481 299 446 299 469 309 431 309 61
483 312 442 312 471 325 425 325 106
480 315 439 315 467 329 420 329 107
485 322 441 321 471 337 421 337 144
483 325 438 324 469 341 417 341 166
474 101 470 101 473 99 469 99 153
478 103 474 103 477 101 473 101 106
476 105 472 105 475 103 471 103 73
477 141 473 142 475 139 467 139 415
479 167 472 166 477 165 470 164 261
475 178 467 179 473 177 467 175 264
479 176 473 176 477 175 472 175 365
479 200 469 200 477 199 467 199 216
480 215 469 215 477 215 466 215 91
482 238 465 238 477 239 460 239 58
482 242 465 242 477 243 459 243 65
482 263 458 263 475 267 448 267 44
483 262 460 261 477 265 451 265 48
485 267 459 266 477 271 449 270 43
486 292 451 292 475 301 437 301 109
488 336 440 336 473 355 418 355 95
483 131 475 129 481 129 473 128 97
483 139 475 139 481 137 473 137 255
485 143 476 143 483 141 474 141 163
485 145 476 145 483 143 474 143 270
483 155 475 154 481 153 472 153 251
480 188 475 188 479 187 473 187 268
486 192 475 192 483 191 477 191 283
482 205 472 205 479 205 469 205 186
482 210 472 210 479 209 461 209 123
485 232 471 232 481 233 466 233 48
486 240 468 240 481 241 464 241 49
483 250 465 250 481 253 459 253 50
485 256 464 256 481 259 456 260 55
487 275 458 274 479 281 448 281 92
493 290 459 290 483 299 446 299 105
491 296 455 296 481 305 442 305 74
492 302 454 302 481 313 440 313 97
495 305 459 305 483 315 441 315 162
494 311 456 309 483 325 437 325 102
488 87 486 85 487 85 481 85 65
488 101 484 101 487 99 483 99 92
489 147 481 146 487 145 478 145 385
489 153 480 154 487 151 478 151 276
491 151 483 151 489 149 480 149 210
488 177 483 176 487 175 481 173 156
490 179 484 180 489 179 483 181 189
486 188 480 188 485 187 479 187 186
488 190 482 190 487 189 480 189 221
489 196 480 196 487 195 477 195 268
487 197 478 198 485 197 471 197 233
488 204 478 204 487 203 476 203 216
492 215 481 215 489 215 478 215 81
492 235 477 235 489 235 473 235 104
495 268 470 268 489 273 460 273 45
491 266 467 265 487 269 458 269 59
498 283 466 282 489 289 455 289 69
500 313 459 313 489 327 442 327 110
499 318 457 318 489 333 439 332 156
499 321 455 321 487 337 437 337 143
498 326 452 326 485 343 433 343 176
499 331 451 330 485 349 431 349 88
500 336 452 336 487 355 430 355 102
493 87 490 87 493 85 489 85 78
496 105 492 105 495 103 491 103 75
493 139 485 139 491 137 484 137 210
496 141 491 140 495 139 490 139 231
492 169 486 171 491 169 484 169 147
493 211 483 211 491 211 480 211 137
496 221 484 221 493 221 481 221 68
494 229 481 229 491 229 477 229 52
497 240 480 240 493 241 476 241 85
501 243 481 243 495 245 475 245 93
496 245 477 245 491 247 464 248 115
502 300 465 300 493 311 452 311 136
502 309 462 310 491 321 447 321 152
505 306 465 305 495 317 451 317 123
504 336 454 336 491 355 435 355 101
501 99 498 99 501 97 498 97 141
497 100 494 101 497 99 493 98 176
499 97 496 97 499 95 496 95 132
499 102 496 103 499 101 495 100 132
498 131 493 131 497 129 492 129 173
502 129 497 129 501 127 496 127 251
500 161 495 161 499 159 494 159 213
498 156 493 156 497 155 492 155 146
498 173 492 172 497 171 490 171 206
503 184 497 183 501 183 496 181 370
501 194 492 194 499 193 489 193 354
499 198 489 198 497 197 487 197 190
503 200 493 200 501 199 490 199 278
501 204 491 204 499 203 488 203 183
501 208 491 207 499 207 488 207 127
501 223 489 223 499 223 486 223 91
501 230 487 230 497 231 482 231 76
506 295 470 295 497 305 458 305 75
509 317 467 317 499 331 451 331 99
512 323 467 323 501 339 451 339 132
506 97 502 96 505 95 502 95 96
507 99 504 99 507 97 505 98 97
503 119 500 119 503 117 500 117 139
505 121 502 121 505 119 501 119 167
504 125 499 125 503 123 498 123 143
507 127 503 127 507 125 502 125 293
504 130 499 131 503 129 498 129 259
508 133 503 133 507 131 503 131 181
504 139 500 139 503 137 498 137 145
505 146 501 146 505 145 500 145 112
503 144 498 144 503 143 498 143 120
504 156 499 156 503 155 498 155 150
504 165 499 164 503 163 498 163 260
508 176 503 176 507 175 502 175 211
505 206 495 205 503 205 492 205 118
510 221 498 221 507 221 495 221 130
506 226 494 227 503 227 490 227 67
507 232 492 232 503 233 488 233 80
507 240 490 239 503 241 485 241 112
511 249 491 249 507 251 485 251 100
512 265 487 265 507 269 480 268 104
510 282 479 282 503 289 467 290 89
513 285 480 285 505 293 469 293 89
513 287 480 286 505 295 469 295 101
511 292 477 292 503 301 465 301 124
513 296 478 295 505 305 465 305 111
512 313 471 313 503 327 456 327 87
516 326 470 326 505 343 453 343 133
510 97 510 97 513 95 511 93 65
509 105 506 105 509 103 506 102 71
509 108 506 108 509 107 506 107 93
511 110 508 110 511 109 508 109 139
510 117 507 117 509 115 506 115 187
509 125 506 125 509 123 505 123 153
512 135 508 135 511 133 507 133 167
512 149 507 148 511 147 506 147 111
512 181 507 179 511 179 506 178 264
514 188 508 188 513 187 507 187 441
511 208 501 208 509 207 499 207 219
513 204 504 204 511 203 501 203 278
513 217 503 217 511 217 500 217 212
511 229 498 228 509 229 495 229 87
518 263 493 263 513 267 486 266 95
514 259 490 259 509 263 483 263 102
517 289 483 289 509 297 472 297 118
519 292 484 292 511 301 473 301 132
517 297 481 297 509 307 469 307 101
521 300 484 300 513 311 471 311 112
521 310 481 309 513 323 467 322 135
518 312 477 311 509 325 463 325 115
522 317 480 316 513 331 465 331 145
517 107 514 107 517 105 514 105 65
515 111 512 111 515 111 512 111 101
519 111 516 111 519 109 516 109 120
519 117 516 117 519 115 516 115 134
517 132 513 132 515 131 511 131 515
518 149 513 148 517 147 512 147 122
519 150 515 150 519 149 515 149 113
519 168 515 168 519 167 515 167 163
517 183 513 183 517 183 513 183 268
518 196 511 196 517 195 509 195 213
518 202 511 202 517 201 509 201 202
516 204 508 204 515 203 507 203 173
521 215 511 215 519 215 509 215 103
517 225 506 224 515 225 502 225 70
520 242 497 242 517 243 498 243 140
523 287 491 287 517 295 481 295 102
522 125 519 125 521 123 518 123 84
524 123 520 123 523 121 520 121 146
523 135 519 135 523 133 518 133 242
521 138 517 138 521 137 517 137 234
523 140 519 140 523 139 519 139 114
521 173 518 172 521 171 517 171 344
521 180 518 181 521 179 517 179 268
523 227 510 227 521 227 507 227 65
527 227 515 226 525 227 511 227 48
526 236 509 236 523 237 506 237 109
526 242 511 242 523 243 503 243 81
526 247 507 247 523 249 503 249 43
526 263 500 262 521 267 493 266 70
527 280 496 280 521 287 487 287 133
531 287 497 287 525 295 489 295 153
533 299 498 295 525 309 484 309 294
533 309 492 308 525 321 480 321 121
532 317 489 316 525 331 477 331 143
534 322 489 322 525 339 474 339 161
534 328 487 328 525 345 472 345 98
530 324 484 324 521 341 469 341 139
531 117 529 117 531 115 528 115 76
527 121 523 120 527 119 524 119 99
529 120 526 121 529 119 526 119 129
532 149 527 148 531 147 526 146 147
531 173 527 176 531 175 526 174 363
530 190 523 190 529 189 522 190 266
530 198 523 198 529 197 522 197 222
532 200 525 200 531 199 524 199 211
531 208 523 208 529 207 521 207 108
528 211 519 211 527 211 518 211 152
531 214 521 213 529 213 520 213 115
531 221 520 221 529 221 518 221 177
527 222 516 222 527 221 516 221 126
530 232 515 233 527 233 512 233 101
531 238 514 238 529 239 511 239 76
536 275 507 275 531 281 499 281 105
533 284 501 284 527 291 492 291 207
535 290 501 290 529 299 491 299 130
538 308 497 308 531 321 486 321 148
536 314 493 313 527 327 481 327 126
537 315 495 315 531 329 483 329 139
537 141 533 140 537 139 532 139 69
534 145 529 145 533 143 528 143 119
534 210 526 210 533 209 524 209 151
538 225 527 224 537 225 524 225 64
535 230 521 231 533 231 517 231 138
537 240 520 240 535 241 516 241 76
539 243 521 243 537 245 518 245 42
541 266 514 266 537 271 508 271 29
545 278 511 278 537 285 503 285 135
538 282 507 282 533 289 498 289 131
538 287 506 286 533 295 497 294 131
541 291 506 292 535 301 496 302 133
541 300 504 301 535 311 494 311 123
540 312 499 312 533 325 486 325 137
543 334 494 334 535 353 480 353 122
541 147 537 146 541 145 536 145 63
541 162 537 162 541 161 536 161 162
541 175 537 174 541 173 537 173 340
543 200 537 200 543 199 536 199 218
543 229 529 229 541 229 527 229 55
546 243 529 243 543 245 523 245 27
545 247 526 247 543 249 521 249 18
548 260 522 261 543 265 517 265 11
544 278 511 278 539 285 505 284 101
547 284 514 284 541 291 505 291 101
544 288 510 288 539 297 502 296 113
547 285 514 285 543 293 507 293 129
544 294 509 294 539 303 500 303 152
546 294 511 293 541 303 502 303 151
548 298 511 299 543 309 502 309 159
549 315 506 315 543 329 495 329 123
549 152 545 152 549 151 544 151 88
547 156 542 156 547 155 542 155 55
547 192 542 192 547 191 542 191 362
546 206 539 206 545 205 538 205 139
546 223 535 222 545 223 532 223 59
550 229 537 229 549 229 535 229 51
546 229 533 229 545 229 531 229 47
548 236 531 236 545 237 527 237 83
548 251 526 249 547 253 525 252 32
551 255 529 255 549 257 524 258 12
548 265 521 265 545 269 517 269 18
550 282 517 281 545 289 511 289 73
552 297 515 297 547 307 506 307 142
552 307 512 307 547 319 503 319 210
555 316 511 316 549 331 500 331 109
551 137 547 136 551 135 546 135 70
551 143 546 143 551 141 546 141 36
551 168 546 169 551 167 546 167 301
553 196 548 196 553 195 548 195 200
555 247 536 247 555 249 533 249 29
557 261 531 261 555 265 529 265 8
555 283 522 283 551 291 515 291 96
555 294 519 293 551 303 512 303 198
556 313 514 313 551 327 503 327 115
559 310 518 310 555 323 509 323 137
561 149 557 148 561 147 556 147 68
559 178 556 178 559 177 556 176 209
561 200 556 200 561 199 555 199 157
557 200 552 200 557 199 552 199 189
561 206 551 205 561 205 554 205 156
562 211 554 211 561 211 551 211 193
562 236 546 236 561 237 544 237 37
562 272 532 272 557 279 525 279 27
564 282 533 281 561 289 525 289 55
561 287 528 287 557 295 521 295 100
564 292 528 292 561 301 522 301 90
563 295 526 295 559 305 519 305 121
562 313 520 313 557 327 510 327 135
565 317 522 316 561 331 512 331 96
568 135 563 135 567 133 562 133 42
563 139 558 139 563 137 558 137 76
565 155 562 153 565 153 562 152 55
567 172 564 172 567 171 564 170 106
563 170 560 170 563 169 560 169 192
565 169 562 168 565 167 562 166 129
567 188 564 188 567 187 564 187 196
563 194 559 194 563 193 559 193 191
563 192 559 192 563 191 559 191 341
567 204 560 204 567 203 560 203 204
564 223 551 223 563 223 550 223 99
567 243 547 243 565 245 545 245 34
565 247 547 247 565 249 545 249 36
566 267 540 266 565 271 537 269 42
570 294 534 294 567 303 527 303 125
570 298 533 299 567 309 526 309 111
569 310 527 310 565 323 519 323 127
567 313 525 313 563 327 516 327 105
569 320 525 320 565 335 516 335 104
571 141 566 141 571 139 566 139 109
573 139 568 139 573 137 568 137 108
573 174 571 174 573 173 571 173 150
569 186 566 186 569 185 566 185 240
571 192 567 192 571 191 567 191 251
573 196 569 196 573 195 569 195 407
569 192 565 192 569 191 565 191 243
569 208 561 208 569 207 560 207 153
577 215 567 215 573 215 563 215 188
569 218 558 218 569 217 558 217 266
571 223 559 223 571 223 558 223 79
571 229 553 228 571 229 556 229 95
570 247 549 248 569 249 548 249 31
575 250 552 249 573 253 551 253 46
573 280 542 280 571 287 537 287 67
575 282 543 282 573 289 538 289 83
572 314 529 314 569 327 522 327 106
576 323 531 323 573 339 522 339 92
576 328 530 328 573 345 520 345 73
574 333 526 332 571 351 516 351 112
575 144 571 144 575 143 571 142 123
578 146 576 146 579 145 576 145 81
575 151 572 150 575 149 572 149 102
579 190 576 191 579 189 578 188 535
575 188 572 188 575 187 572 187 461
579 223 566 223 579 223 567 223 87
579 229 565 229 579 229 564 229 72
581 233 565 233 577 235 559 235 179
578 254 554 254 577 257 553 257 73
580 261 555 261 579 265 551 265 83
580 268 553 268 579 273 549 273 117
580 273 551 273 579 279 548 279 106
581 294 545 293 579 303 540 303 89
578 303 538 303 575 315 532 315 98
579 310 538 310 577 323 531 323 95
580 316 537 316 577 331 529 331 135
579 321 535 321 577 337 527 337 130
578 320 534 320 575 335 525 335 118
583 131 575 129 585 127 581 127 51
584 154 582 154 585 153 582 153 107
583 162 580 163 583 161 580 161 116
585 166 584 166 585 165 584 165 207
583 178 582 178 583 177 582 177 297
580 198 569 198 581 197 570 198 347
582 206 571 206 583 205 572 205 261
582 212 571 211 583 211 572 211 195
583 229 570 229 583 229 569 229 177
581 250 560 248 581 251 558 251 78
583 264 557 264 581 269 553 269 182
582 270 554 270 581 275 551 275 105
582 280 551 280 581 287 547 287 106
586 282 554 282 585 289 550 289 74
586 302 548 302 585 313 542 313 84
582 300 547 299 581 311 539 310 80
586 192 575 193 587 191 575 192 383
588 201 577 203 589 199 578 199 307
588 241 569 241 587 243 566 243 76
591 247 571 247 591 249 569 249 90
588 243 567 243 587 245 565 245 88
591 255 568 256 591 259 566 259 114
588 273 559 273 587 279 556 279 107
589 300 552 300 589 311 547 311 112
590 316 546 316 589 331 540 331 144
591 321 546 321 589 337 538 337 130
595 174 594 174 595 173 594 173 126
597 182 589 182 597 181 589 181 404
595 191 584 192 595 191 584 191 296
596 201 585 201 597 199 586 199 506
597 213 585 213 597 211 586 211 403
593 225 580 224 593 225 579 225 112
595 229 581 229 595 229 580 229 70
593 234 577 234 593 235 576 235 106
595 241 576 241 595 243 575 243 90
596 280 565 279 595 287 561 287 91
597 284 565 283 597 291 561 291 117
594 282 562 282 593 289 558 289 92
596 287 563 287 595 295 559 295 82
599 287 564 287 597 295 561 295 87
593 290 559 290 593 299 555 299 129
598 296 559 295 595 305 556 305 76
595 304 557 303 595 315 552 315 101
596 318 552 318 595 333 546 333 128
597 323 552 323 597 339 546 339 150
605 89 593 86 603 85 592 86 6
601 197 591 197 601 199 590 199 358
601 219 590 219 601 219 589 219 102
599 259 575 259 599 263 573 263 100
603 277 573 277 603 283 570 283 79
603 292 568 292 603 301 564 301 89
601 304 560 303 599 315 556 315 75
603 316 559 316 603 331 554 331 104
609 101 601 102 609 99 601 99 54
607 103 599 105 607 103 599 103 45
606 111 599 111 607 109 600 110 110
606 118 599 117 607 115 599 115 158
606 119 599 119 607 119 599 117 86
608 123 602 123 609 121 602 121 144
609 148 605 148 609 147 605 147 157
606 145 603 144 607 143 603 143 141
605 155 601 154 605 153 601 152 141
607 160 604 160 607 159 605 158 108
607 182 596 184 607 181 599 179 322
609 204 603 204 609 203 602 203 180
604 208 593 208 605 207 594 207 273
604 206 592 205 605 205 593 204 242
604 213 597 213 607 213 597 213 249
604 225 591 225 605 225 592 225 73
605 237 587 238 605 239 586 239 60
605 268 576 268 605 273 575 273 92
608 284 575 284 609 291 573 291 90
603 294 565 294 605 303 564 303 108
609 297 572 297 609 307 568 307 118
605 300 568 300 607 311 565 311 86
609 318 567 318 609 333 560 333 169
605 315 563 315 607 329 559 329 142
607 324 560 324 607 341 555 341 116
614 100 607 99 615 97 607 97 55
610 104 603 103 611 101 603 100 104
611 112 604 112 611 109 604 109 136
611 120 603 119 611 117 604 117 85
614 123 607 122 615 121 607 120 139
610 127 603 127 611 125 603 125 90
610 135 603 135 611 133 604 133 178
611 155 607 154 611 153 607 152 132
612 161 610 160 613 159 610 159 92
611 171 610 171 611 169 610 170 84
615 174 613 174 615 173 613 173 65
610 178 610 178 611 177 610 177 78
610 192 608 192 611 191 608 191 175
610 198 606 198 611 197 606 197 189
611 219 599 219 611 219 599 219 104
615 217 603 217 615 217 603 217 113
614 228 600 228 615 229 600 229 72
611 232 595 232 611 233 594 233 83
610 250 589 251 611 253 588 253 72
614 254 591 254 615 257 591 257 89
610 254 587 254 611 257 586 257 80
614 272 586 271 615 277 584 278 73
613 273 584 273 613 279 582 279 71
614 294 578 294 615 303 576 303 131
613 290 579 290 615 299 577 299 95
610 292 575 292 611 301 572 301 142
614 300 576 300 615 311 573 311 95
615 304 575 304 613 319 568 319 140
610 312 571 312 611 325 565 325 79
614 323 568 323 615 339 563 339 81
620 100 613 99 621 97 613 97 102
616 98 609 98 617 95 609 95 59
616 103 609 103 617 101 610 101 83
618 114 611 113 619 111 611 111 81
618 129 611 129 619 127 611 127 151
616 139 609 139 617 137 610 137 215
620 160 617 161 621 159 617 159 88
619 202 612 202 619 201 613 201 177
619 210 611 210 619 209 611 209 107
616 221 604 221 617 221 605 221 89
620 236 603 236 621 237 603 237 95
618 239 600 239 619 241 600 241 96
617 243 598 243 619 245 599 245 66
616 247 595 247 617 249 595 249 71
616 263 590 262 617 267 589 267 57
621 289 586 289 621 297 585 297 164
618 287 584 287 619 295 582 295 97
617 316 573 316 619 331 570 331 118
617 321 572 321 619 337 568 337 122
616 334 565 333 617 353 557 352 120
622 119 615 119 623 117 615 117 85
626 178 624 178 627 177 624 177 68
623 181 620 180 623 179 620 178 80
624 194 620 194 625 193 621 193 110
626 194 622 194 627 193 622 192 125
622 217 611 217 623 217 612 217 77
624 223 611 223 625 223 611 223 87
621 243 601 243 623 245 601 245 116
626 250 604 250 627 253 604 253 62
621 249 601 248 623 251 601 251 54
621 278 590 278 623 285 589 284 120
623 303 586 304 627 315 584 315 82
623 314 579 313 625 329 574 329 128
622 326 575 326 625 343 572 343 72
630 48 614 46 633 39 605 37 143
628 99 621 99 629 97 621 96 138
632 123 625 123 633 121 625 120 65
628 125 621 125 629 123 621 123 68
632 139 625 139 633 137 626 137 103
630 156 626 156 631 155 627 155 59
632 160 628 160 633 159 629 159 73
632 194 627 194 633 193 628 193 121
628 210 619 209 629 209 620 209 121
628 232 612 232 629 233 612 233 75
632 240 612 239 633 241 614 241 73
631 257 607 257 633 261 607 261 63
629 263 604 262 631 267 604 266 90
631 268 603 268 633 273 603 273 77
629 283 597 283 631 291 596 291 77
630 295 594 295 633 305 593 305 101
630 302 592 302 633 313 590 313 100
626 307 586 307 629 319 584 319 87
630 305 590 305 633 317 589 317 83
626 324 581 325 629 341 578 341 130
627 331 579 331 629 349 575 349 48
628 333 579 333 631 351 576 351 37
633 35 615 35 635 27 615 27 186
636 85 624 85 637 81 625 81 117
634 83 622 83 635 79 623 79 100
637 102 628 102 639 99 628 99 182
638 107 628 108 639 103 626 104 147
634 111 626 110 635 109 627 107 84
638 123 630 123 639 121 631 121 93
637 126 629 125 637 123 629 122 72
634 129 627 129 635 127 627 127 71
634 198 628 198 635 197 629 197 106
636 202 630 202 637 201 630 201 134
635 214 622 213 639 213 622 213 103
636 238 617 237 637 239 618 239 42
637 247 614 246 637 249 615 249 76
635 243 617 243 637 245 617 245 61
632 287 599 287 635 295 598 295 79
634 295 598 295 637 305 597 305 107
643 47 624 47 645 39 625 39 152
643 54 625 54 645 47 626 47 146
642 83 630 83 643 79 631 79 121
643 87 632 87 645 83 633 83 170
640 127 633 127 641 125 633 125 86
644 135 637 134 645 133 638 132 190
644 149 637 149 645 147 637 146 287
642 151 635 150 643 149 635 149 261
644 162 640 163 645 161 641 161 361
644 170 641 170 645 169 641 167 233
642 188 635 188 643 187 636 187 75
638 252 616 252 641 255 617 255 123
642 250 621 250 645 253 622 253 117
640 261 615 261 643 265 616 265 129
640 266 613 266 643 271 614 271 92
641 293 605 292 645 303 606 303 96
637 292 602 292 641 301 602 301 101
637 297 601 297 641 307 600 307 94
637 304 598 304 641 315 597 315 109
641 305 602 305 645 317 601 317 99
648 30 628 30 651 21 629 22 152
645 26 624 26 647 17 625 17 193
644 36 624 36 647 27 625 27 301
647 43 627 43 649 35 628 34 179
645 50 627 50 647 43 628 43 219
647 66 636 65 649 61 637 60 160
647 71 635 71 649 67 637 67 75
649 85 638 85 651 81 639 81 189
647 116 636 115 649 113 637 112 81
646 167 642 167 647 165 643 166 346
650 171 644 172 651 169 645 170 331
646 190 638 190 647 189 639 189 82
648 206 639 206 649 205 640 205 102
646 219 637 219 649 219 640 220 37
646 253 624 256 649 257 625 259 87
648 267 621 267 651 271 622 271 127
644 270 616 270 647 275 617 276 115
643 282 611 282 647 289 612 289 101
645 285 613 286 649 293 613 293 97
645 291 609 290 647 299 609 299 106
646 300 608 300 651 311 609 311 118
644 315 600 315 647 329 599 329 49
645 326 597 326 651 343 598 343 72
642 329 595 329 647 347 593 347 41
645 339 593 338 651 359 593 359 51
650 46 632 47 653 39 633 39 338
651 54 630 55 653 47 631 49 246
653 73 641 73 655 69 642 69 139
655 77 643 77 657 73 644 73 116
653 111 641 111 655 107 643 106 76
652 124 644 125 653 121 641 120 116
656 139 649 138 657 137 650 137 330
652 186 644 186 653 185 644 185 92
651 196 642 196 653 195 643 195 99
655 200 645 200 657 199 647 199 101
651 198 642 198 653 197 643 197 158
651 205 642 205 653 205 643 205 150
652 214 643 213 653 213 643 213 60
650 240 633 239 653 241 635 241 13
651 262 626 262 655 267 627 265 108
651 278 620 278 655 285 622 285 130
653 282 622 282 657 289 623 289 98
648 304 608 303 653 315 609 315 104
647 321 603 321 653 337 602 337 71
650 332 600 332 655 351 599 351 49
649 335 599 335 655 355 598 355 46
660 57 641 56 663 49 641 49 240
661 95 649 93 663 91 650 90 77
659 97 647 96 661 93 648 93 156
659 103 646 103 661 99 648 99 73
657 105 645 104 659 101 646 101 63
659 184 652 184 661 183 653 183 182
659 194 650 193 661 193 651 192 82
659 198 650 198 661 197 651 197 133
659 204 650 204 661 203 651 203 124
661 209 650 210 663 209 652 209 79
655 285 623 285 661 293 625 293 108
652 298 615 298 659 309 618 309 109
655 307 613 307 661 319 615 319 149
654 331 606 330 661 351 605 351 66
653 338 605 339 661 359 604 359 46
663 32 640 31 667 23 643 23 121
666 60 646 60 669 53 648 53 282
664 62 644 62 667 55 646 55 469
667 83 654 83 669 79 656 78 159
665 87 652 87 667 83 654 83 80
665 112 654 112 667 109 655 109 78
663 110 652 110 665 107 653 107 31
665 206 654 205 667 205 656 205 112
664 219 652 219 665 219 653 219 44
664 246 643 247 667 249 645 251 10
665 252 642 252 667 255 644 253 8
665 289 631 289 669 297 633 298 75
659 292 624 291 665 301 626 300 94
661 309 621 309 667 321 622 321 51
662 321 617 321 669 337 618 337 84
661 330 613 329 669 351 613 349 72
657 335 608 335 665 355 608 355 38
667 34 647 33 671 25 646 23 161
670 48 651 47 673 41 654 39 184
670 103 658 102 673 99 659 99 87
669 111 656 110 671 107 658 107 48
672 173 667 172 673 171 668 171 458
672 236 657 236 675 237 657 236 24
671 233 657 234 675 235 661 237 34
664 318 620 318 671 333 621 333 93
663 335 613 335 671 355 614 355 40
666 339 616 339 675 359 617 360 40
678 91 666 91 681 87 668 87 156
678 112 666 112 681 109 668 109 107
674 116 662 116 677 113 664 113 82
677 122 665 121 681 121 670 120 101
679 135 668 134 681 133 670 132 386
674 146 663 147 677 145 667 147 847
677 169 668 169 679 167 670 168 534
680 176 669 176 681 175 670 174 607
678 209 662 208 681 209 665 208 104
673 214 658 215 677 215 660 215 44
678 223 662 222 681 223 664 223 33
676 230 660 229 679 231 662 230 34
677 233 662 234 681 235 664 235 27
674 300 636 300 681 311 640 311 67
670 302 632 302 677 313 635 313 74
672 311 634 310 681 323 636 323 65
670 328 624 328 679 347 625 346 79
670 334 621 334 679 353 623 353 59
671 337 621 337 679 357 622 357 76
684 105 672 104 687 101 674 101 91
682 116 670 116 685 113 672 112 54
681 133 670 133 683 131 672 131 292
683 165 673 167 685 163 673 164 435
682 173 672 174 683 171 674 173 419
679 205 664 205 683 205 667 204 179
683 209 669 210 687 209 669 210 101
680 215 669 213 683 215 673 214 129
682 232 666 232 685 233 668 233 29
684 238 667 238 687 239 669 239 24
677 309 636 309 685 321 640 321 60
675 317 631 318 685 333 636 331 75
676 321 631 321 685 337 634 337 66
675 332 627 332 685 351 630 351 98
686 46 665 47 691 37 669 38 255
683 75 664 77 689 69 667 70 300
686 98 673 98 689 95 676 94 95
690 114 678 114 693 111 680 111 68
685 219 666 218 689 219 670 220 40
687 236 667 234 691 237 671 236 25
688 241 671 242 693 243 673 243 22
683 257 660 257 689 261 661 260 13
681 304 642 304 689 315 646 315 131
685 302 646 302 693 313 650 313 80
684 307 645 307 693 319 649 319 64
679 319 634 319 689 335 638 335 84
681 325 635 324 691 341 639 341 94
681 337 632 337 693 357 635 357 57
694 53 675 52 699 45 678 45 244
691 70 671 69 695 63 675 63 343
696 112 683 112 699 109 686 109 65
692 177 672 177 697 175 675 176 475
695 174 678 173 699 173 680 172 265
694 213 675 213 699 213 678 215 49
691 213 672 213 695 213 675 213 56
691 224 672 224 695 225 675 225 30
692 239 674 239 697 241 677 241 25
693 252 668 249 699 255 677 256 22
690 280 660 280 699 287 667 285 10
691 302 651 302 699 313 656 313 158
687 318 643 318 697 333 648 333 75
685 317 641 317 695 331 646 331 103
686 321 640 321 697 337 646 337 60
688 330 640 330 699 349 644 349 66
684 338 635 338 697 357 640 357 53
686 334 637 334 697 353 641 353 73
700 118 687 118 703 115 690 115 69
699 136 688 135 703 133 690 133 110
698 205 679 205 703 205 683 205 53
696 213 677 213 701 213 681 213 66
697 220 677 220 701 221 681 220 21
696 226 677 226 701 227 681 227 22
699 231 681 231 705 233 685 233 18
698 246 678 246 701 247 682 248 17
694 276 664 276 703 283 669 281 8
692 304 653 304 701 315 658 315 145
690 309 651 311 701 323 656 324 159
691 323 647 323 703 339 652 339 85
690 336 639 335 701 355 645 355 85
701 32 675 31 709 23 681 22 200
704 155 696 155 707 153 698 153 67
708 155 700 155 711 153 702 153 64
708 169 693 170 711 169 695 169 82
703 188 686 187 709 187 690 189 35
706 199 689 199 711 199 693 199 30
704 215 687 214 709 215 689 215 18
703 228 685 228 709 229 689 229 15
706 246 685 246 711 247 688 247 17
695 320 651 319 707 335 657 335 84
710 149 702 148 713 147 705 146 79
712 153 703 153 715 151 706 151 72
710 186 692 186 715 185 697 185 71
708 190 690 189 713 189 693 189 31
708 195 690 195 713 195 694 195 19
708 240 687 238 715 241 691 241 10
707 282 674 281 715 289 681 289 8
701 312 658 312 713 325 666 325 97
703 323 657 323 715 339 663 339 78
701 331 652 331 713 349 657 349 62
703 335 654 335 717 355 660 355 53
720 149 710 148 723 147 713 146 345
713 184 695 184 719 183 700 183 36
715 187 697 187 721 187 702 187 42
713 209 694 208 719 209 698 209 27
717 209 698 208 723 209 703 209 22
713 244 692 243 719 245 696 246 10
713 251 691 251 721 255 697 255 20
708 300 670 300 719 311 677 311 63
711 306 671 305 723 317 679 317 302
708 313 665 313 723 327 676 327 111
709 316 665 316 721 331 672 331 90
709 322 663 322 719 337 668 337 137
706 328 656 327 719 345 666 345 89
721 182 703 180 727 181 708 180 54
719 186 701 185 725 185 705 183 34
723 197 704 197 729 197 709 196 48
719 201 700 201 725 201 705 201 19
723 213 705 212 729 213 709 213 29
722 237 699 237 729 239 706 239 11
720 250 696 250 727 253 702 253 17
717 302 679 302 727 313 684 313 46
723 175 707 174 731 173 712 172 84
727 178 710 177 733 177 714 177 51
725 196 707 196 731 195 711 195 18
727 209 707 209 733 209 713 209 29
726 217 709 216 733 217 713 217 20
728 235 707 235 735 237 712 237 9
728 245 704 245 735 249 710 249 10
720 307 677 306 733 319 689 319 191
724 334 676 334 735 351 680 351 110
737 147 716 146 741 145 723 145 493
735 153 717 153 739 151 720 151 314
731 180 714 179 737 179 718 179 27
732 205 713 205 739 205 719 205 17
734 211 715 210 741 211 721 210 17
730 233 708 233 737 235 714 235 22
729 239 707 238 739 241 715 240 8
729 252 704 252 737 255 711 255 13
731 254 707 254 739 257 713 257 18
727 266 703 268 737 271 708 271 25
723 303 684 303 737 315 693 315 51
724 313 681 313 737 327 689 327 90
738 208 719 208 745 209 725 208 13
735 225 714 225 743 225 720 225 15
739 228 718 227 747 229 724 229 14
735 244 709 244 743 247 717 247 15
738 242 715 239 745 245 719 245 15
730 305 691 305 743 317 699 317 54
727 316 685 316 743 331 694 331 160
733 320 689 320 747 335 696 335 135
744 90 722 89 753 83 727 82 234
744 157 723 159 749 155 730 157 178
743 195 725 195 749 195 729 195 18
740 245 716 245 749 247 723 247 7
741 270 714 271 751 275 722 276 26
739 274 709 273 751 281 720 282 22
734 340 683 340 753 361 695 361 114
747 91 724 91 755 85 731 85 327
750 88 729 88 759 83 735 82 292
750 203 728 204 757 203 736 203 20
749 209 727 208 757 209 737 210 21
752 204 731 205 761 205 737 205 27
757 204 735 203 765 203 743 202 24
756 215 733 213 765 215 741 214 11
753 233 729 233 763 235 736 234 10
754 279 724 280 765 285 729 283 20
747 322 702 322 763 337 712 337 173
743 335 693 335 763 355 706 355 95
745 335 696 335 765 355 708 355 103
747 341 696 341 765 361 707 361 146
760 49 733 49 771 39 742 39 127
760 252 735 252 769 255 742 255 10
761 248 736 248 771 251 745 251 10
749 320 704 320 767 335 717 335 131
753 323 708 323 771 339 720 339 179
749 332 701 332 769 351 714 351 182
751 342 699 342 771 363 712 363 154
760 264 732 266 775 269 733 271 15
760 317 717 317 777 331 729 331 111
756 325 712 325 775 341 723 341 144
754 334 705 334 773 353 717 353 239
768 43 741 43 779 33 750 33 105
773 91 759 89 779 87 764 85 169
777 161 763 161 783 161 768 159 148
765 274 739 276 781 281 748 282 8
759 311 715 310 779 325 732 325 54
761 323 717 323 781 339 730 339 124
780 217 765 216 787 217 772 217 41
775 229 751 229 785 231 764 232 16
774 241 749 241 785 243 758 243 10
769 313 726 313 787 327 733 325 116
770 319 726 319 789 333 740 333 71
780 40 753 39 793 29 763 29 130
778 42 751 41 791 31 762 30 152
788 83 778 83 795 77 788 77 284
782 126 769 125 791 125 775 123 225
785 174 770 174 793 173 777 173 62
786 197 773 197 795 197 780 195 29
775 257 750 258 791 261 760 261 11
780 253 754 253 793 257 765 257 17
778 306 735 303 795 317 753 319 61
772 318 729 318 793 333 744 333 69
772 334 723 334 795 353 738 354 62
774 343 721 342 795 363 736 363 147
784 42 756 42 797 31 767 31 136
791 209 776 209 799 209 783 208 21
791 217 776 219 799 219 783 219 17
789 241 764 242 801 245 775 244 8
784 254 762 253 797 257 769 257 8
783 302 743 301 801 313 758 313 30
780 307 740 307 799 319 755 319 106
777 320 734 320 799 335 750 335 82
790 30 764 29 803 19 774 18 137
793 55 764 53 805 45 775 44 122
795 211 779 210 803 211 787 211 25
797 209 781 209 805 209 789 209 25
799 214 783 214 807 215 790 215 17
797 219 781 219 805 219 788 219 18
789 249 768 248 805 251 775 253 8
785 310 744 310 805 323 759 323 55
804 113 787 113 813 111 795 109 70
800 121 783 122 809 119 791 118 57
800 124 784 124 809 121 791 120 75
802 177 785 177 811 175 793 175 70
801 197 783 197 809 199 791 198 23
802 201 785 201 811 201 793 200 19
797 249 773 250 811 253 784 253 8
798 254 773 253 811 257 779 257 15
790 277 762 278 809 285 775 285 10
790 300 749 299 809 311 763 309 19
789 326 743 326 813 343 761 343 221
799 71 774 69 815 61 786 61 158
807 111 791 108 817 103 799 102 126
810 201 793 201 819 201 807 201 46
808 205 791 205 817 205 799 205 19
808 222 791 222 817 223 799 222 17
799 293 763 291 817 303 779 302 11
794 310 752 310 815 323 767 323 137
794 323 748 323 817 339 766 339 83
815 121 798 120 825 117 807 116 77
811 127 794 126 821 123 803 125 78
815 155 798 155 825 153 807 152 62
810 237 788 238 823 241 799 240 13
811 252 782 250 825 255 798 255 22
811 255 785 255 823 259 797 259 12
811 263 784 263 825 267 796 267 11
806 274 776 274 821 279 788 280 9
805 295 765 294 825 305 785 305 7
796 319 752 319 821 335 771 335 129
818 51 800 51 829 41 809 39 129
823 122 804 122 831 119 811 119 53
817 143 800 142 827 141 809 141 66
819 173 801 175 829 175 809 175 18
821 213 803 213 831 213 812 213 10
820 224 802 226 831 227 812 226 11
816 232 796 231 827 237 809 235 18
815 248 790 248 829 251 801 250 18
809 271 781 271 827 277 792 277 11
809 292 773 293 829 303 789 302 7
803 337 754 337 831 357 774 356 91
825 50 805 50 835 43 814 43 71
826 112 807 110 837 107 821 108 29
823 128 806 127 833 125 815 124 51
826 143 808 143 837 143 818 142 60
824 152 807 151 835 149 816 149 34
827 209 811 209 837 211 817 210 32
819 259 792 259 833 263 805 263 18
811 328 763 327 837 345 785 346 216
829 35 804 35 843 25 815 24 146
827 49 808 49 839 41 818 41 67
830 52 811 52 841 45 820 45 30
830 117 811 116 841 113 821 112 30
828 149 810 147 839 147 820 145 73
831 143 813 145 843 143 823 142 36
829 154 812 153 841 151 821 151 38
831 152 813 151 843 149 823 149 33
828 226 810 226 839 227 820 227 11
826 266 798 267 841 271 812 270 8
820 291 786 290 841 299 809 297 11
814 313 772 313 839 327 791 327 65
814 325 768 325 839 341 787 341 170
831 39 806 39 847 29 819 28 94
835 133 817 132 847 129 829 128 52
835 178 816 179 849 177 827 175 42
838 209 818 209 849 209 829 209 11
833 256 806 256 847 259 819 258 12
830 262 802 262 847 267 817 267 12
832 264 804 264 849 269 818 269 11
830 268 805 269 847 273 816 272 9
821 321 775 321 847 337 795 337 193
838 137 819 136 851 133 829 133 50
842 142 822 141 855 139 834 138 36
842 228 822 228 855 229 834 229 10
843 233 822 234 855 235 834 235 9
836 296 788 295 853 307 807 306 10
824 311 781 311 855 329 807 329 33
822 322 776 322 851 339 799 339 133
823 337 775 339 853 357 797 358 225
824 342 773 342 855 363 797 363 236
820 340 771 341 851 361 794 361 139
848 89 828 88 861 83 839 82 19
844 127 824 126 857 123 836 122 31
846 146 826 146 859 143 838 143 28
844 207 825 206 857 207 836 207 19
848 224 829 223 861 227 840 226 13
847 253 822 253 859 255 832 255 13
842 269 815 270 861 275 830 275 14
828 336 778 336 857 355 802 357 288
851 231 831 231 865 233 845 232 24
851 237 829 237 863 239 839 239 11
836 319 792 319 865 335 814 335 55
836 329 788 329 867 347 813 347 122
855 34 833 34 869 25 846 24 46
857 32 835 32 871 23 848 22 45
857 87 835 87 871 81 848 80 36
858 125 837 125 873 121 850 120 24
855 144 833 144 869 141 847 140 49
857 153 836 154 871 151 848 149 33
855 238 835 238 871 241 850 240 8
862 124 841 122 877 119 854 119 21
862 129 840 129 877 125 853 125 38
864 236 842 236 879 239 856 239 12
845 327 798 327 877 345 823 345 64
847 327 800 327 879 345 825 345 58
844 331 795 331 875 349 820 349 157
866 133 844 134 881 129 858 128 21
867 205 846 205 881 207 859 206 19
868 213 847 213 883 213 860 215 12
867 208 845 208 881 209 859 208 23
866 235 845 235 881 237 858 236 15
869 231 847 232 883 233 861 231 11
849 333 800 333 881 351 825 351 148
874 212 856 213 891 213 868 213 15
855 334 805 334 889 353 833 353 99
882 105 859 104 899 99 874 98 38
886 137 862 137 903 135 878 135 38
885 150 861 150 901 147 882 146 47
866 332 818 332 901 351 845 351 84
885 100 859 100 905 93 877 93 39
890 98 865 97 909 91 881 91 22
891 138 868 137 909 133 884 132 35
889 224 866 223 907 225 882 225 19
870 337 820 338 907 357 850 358 78
871 338 822 339 909 359 851 359 162
894 101 869 101 913 95 887 94 35
900 113 873 113 919 107 891 107 61
899 131 875 128 917 125 892 127 66
900 149 871 150 921 145 893 145 30
895 220 869 220 917 223 891 221 45
900 223 875 223 919 225 893 225 16
901 233 877 233 921 233 894 233 18
898 240 873 238 917 243 890 241 12
879 333 829 333 917 353 860 353 51
904 98 879 97 925 91 897 91 53
906 97 881 95 927 89 899 89 44
906 115 881 114 927 109 899 109 61
907 120 881 120 927 115 900 116 50
906 143 881 142 927 139 899 139 54
904 216 881 216 927 217 905 217 31
909 141 883 140 929 137 902 136 45
910 147 884 147 931 143 903 143 32
907 196 884 198 929 197 899 195 38
913 201 887 201 937 203 907 202 31
917 212 890 211 939 213 910 213 38
919 89 892 88 941 81 912 80 45
922 189 896 187 945 189 916 187 41
920 221 893 223 943 223 914 223 21
922 225 895 227 945 229 916 231 17
919 235 891 237 941 237 912 239 18
926 84 899 85 949 77 920 76 50
926 245 899 247 949 251 920 251 10
924 248 897 249 947 253 918 253 13
931 213 905 212 955 215 926 214 25
930 252 904 251 953 255 924 255 12
930 250 903 250 953 253 924 253 17
939 161 910 161 963 161 931 163 35
942 167 914 167 967 165 936 164 27
949 104 920 103 975 97 944 96 48
946 165 917 165 971 163 941 162 28
943 264 908 263 975 271 936 270 14
952 85 923 84 977 77 946 76 36
950 215 922 214 977 217 950 217 17
956 221 930 221 987 223 956 223 16
959 232 929 232 987 235 954 235 21
951 260 919 260 985 267 950 269 13
968 75 932 75 991 67 954 67 19
965 94 929 95 991 87 956 87 63
963 171 933 171 989 169 956 169 21
963 234 933 234 991 237 959 237 25
965 258 936 259 991 263 958 262 10
961 263 929 263 993 269 960 269 14
972 79 940 79 997 71 961 71 17
968 98 936 98 995 91 963 90 84
979 152 947 152 995 149 957 149 196
970 171 938 171 999 169 965 169 24
968 177 937 177 999 175 966 175 18
964 263 936 264 995 269 963 269 15
980 77 945 77 1005 69 965 70 25
986 165 950 164 1005 163 982 162 75
974 169 941 169 1003 167 969 167 31
974 175 942 173 1003 173 969 173 18
970 217 947 217 1003 219 975 219 14
975 255 945 256 1005 261 971 260 22
977 91 947 90 1007 83 970 83 33
978 234 947 234 1009 237 973 236 23
977 238 944 237 1007 241 973 241 19
978 256 946 256 1009 261 974 260 14
979 269 947 267 1011 273 973 272 13
983 223 953 223 1013 225 979 225 14
986 219 953 218 1017 221 979 220 15
985 268 949 267 1015 273 981 273 8
982 263 949 263 1013 269 979 269 10
986 264 955 264 1015 269 983 269 17
989 219 959 217 1019 221 984 220 20
989 271 955 270 1021 275 985 275 9
995 91 961 92 1029 83 992 83 73
998 225 967 225 1025 227 998 228 17
992 265 958 265 1025 271 990 271 17
998 164 965 164 1033 161 997 161 35
1002 159 969 159 1037 157 1001 156 33
1002 162 969 161 1037 159 1001 159 54
1001 170 970 168 1037 167 1000 167 28
1009 221 976 219 1037 223 1010 221 19
1008 270 974 270 1047 277 1007 277 8
1023 224 988 224 1063 227 1023 226 22
1021 271 987 271 1063 279 1023 279 14
1020 276 982 276 1065 285 1021 284 16
1029 225 992 224 1073 229 1031 228 26
1041 227 1007 227 1089 231 1050 231 14
1037 231 1002 231 1085 235 1042 235 14
1059 164 1020 165 1107 161 1066 163 23
1061 154 1021 154 1109 151 1065 149 33
1044 227 1013 227 1111 233 1069 232 15
1061 256 1022 253 1113 263 1067 264 10
1060 284 1021 284 1109 293 1065 293 10
1066 164 1027 165 1117 161 1074 160 22
1067 277 1026 277 1117 287 1077 289 12
1069 161 1027 160 1121 157 1071 157 39
1075 277 1035 277 1125 289 1082 287 12
1081 42 1034 42 1129 27 1078 27 19
1080 153 1041 152 1131 149 1087 148 33
1080 281 1039 280 1131 291 1085 291 10
1083 278 1043 277 1135 289 1087 291 14
1086 294 1042 294 1137 305 1095 307 16
1080 317 1033 318 1143 333 1088 333 18
1090 290 1050 290 1147 301 1101 301 15
1098 277 1056 280 1153 289 1106 287 12
1099 283 1057 283 1155 293 1109 293 19
1091 237 1049 237 1157 243 1109 243 17
1093 233 1052 233 1161 239 1113 239 17
1094 241 1053 241 1157 247 1110 247 17
1103 282 1062 283 1159 291 1113 291 16
1103 286 1059 286 1157 297 1109 298 15
1105 283 1063 283 1161 293 1115 294 27
1101 297 1056 297 1159 309 1110 309 11
1107 272 1066 273 1163 281 1117 279 17
1106 280 1066 277 1163 289 1118 287 14
1107 293 1063 294 1165 305 1117 306 16
1106 298 1064 299 1165 311 1116 311 11
1101 316 1051 316 1165 333 1109 334 22
1108 243 1066 244 1169 249 1119 250 16
1112 293 1068 293 1171 305 1123 305 13
1111 239 1067 239 1175 245 1127 245 18
1121 256 1078 256 1179 263 1132 263 16
1121 279 1079 279 1179 289 1133 289 16
1121 285 1077 285 1177 295 1126 295 34
1113 287 1072 288 1175 299 1131 300 32
1124 258 1083 258 1183 265 1136 265 16
1124 276 1083 276 1183 287 1137 285 31
1119 290 1075 290 1181 301 1132 302 24
1119 297 1076 297 1181 309 1132 310 15
1124 300 1079 299 1185 311 1133 312 17
1129 254 1085 253 1191 261 1140 261 24
1134 236 1091 237 1201 243 1147 241 18
1134 259 1089 258 1199 267 1149 267 25
1137 257 1092 256 1203 265 1152 264 21
1134 277 1089 278 1199 289 1149 289 32
1138 280 1093 280 1203 291 1153 291 32
1136 284 1088 283 1201 295 1150 295 30
1142 247 1100 248 1205 253 1155 254 20
1140 277 1095 273 1205 287 1155 289 25
1142 289 1097 289 1207 301 1157 301 19
1146 296 1098 294 1209 307 1158 307 19
1147 243 1102 243 1213 249 1162 249 18
1147 239 1104 239 1213 245 1164 245 19
1145 243 1100 243 1211 249 1157 249 14
1161 239 1113 238 1223 245 1174 243 20
