135 265 86 265 75 273 20 272 129
134 299 85 298 73 311 17 311 116
136 310 87 309 75 323 20 322 95
135 323 85 323 73 339 17 338 100
141 256 92 256 81 263 26 263 100
138 290 88 291 77 303 22 302 105
138 299 88 298 77 311 22 310 96
138 312 89 311 77 325 22 324 82
143 258 94 258 83 265 28 265 85
143 265 94 264 83 273 28 272 67
143 267 93 267 83 275 28 274 61
144 299 95 300 85 313 30 312 78
147 304 97 304 87 317 32 316 109
152 272 103 271 93 279 38 280 59
150 302 101 302 91 315 36 314 102
148 299 99 298 89 311 34 310 66
157 250 107 251 99 257 44 256 118
157 278 107 277 99 287 43 287 68
157 285 108 286 99 297 44 297 75
153 290 104 289 95 301 40 300 58
153 322 104 321 95 337 40 336 122
159 246 110 246 101 251 46 251 171
160 266 111 267 103 275 49 275 91
160 279 112 283 105 293 51 292 101
162 287 113 287 107 297 54 297 128
163 308 115 307 107 321 53 321 143
171 279 123 280 117 291 64 291 101
157 170 128 171 123 167 91 167 117
173 303 125 303 119 315 66 313 193
181 343 127 342 121 363 59 362 38
161 167 132 167 127 163 95 163 84
179 303 134 303 125 315 77 314 176
182 308 132 309 129 321 76 321 119
185 338 131 337 127 357 67 356 45
165 163 135 163 131 159 99 159 79
164 160 134 160 131 157 99 157 36
179 163 150 163 145 159 111 159 91
175 163 146 163 143 159 111 159 91
175 172 149 172 143 169 110 169 77
180 247 150 246 147 249 116 247 378
180 249 150 249 147 251 116 249 375
206 336 151 336 147 355 87 354 53
183 79 154 80 151 69 119 69 79
186 84 156 84 153 73 121 73 160
181 84 151 84 149 75 117 75 70
187 229 153 229 153 231 120 231 202
184 251 153 251 151 253 118 254 184
184 256 154 256 151 259 119 260 183
183 264 153 263 149 267 117 266 156
186 260 156 260 153 263 120 263 123
188 285 155 284 151 291 115 290 63
191 323 149 325 153 333 113 333 98
188 161 157 160 157 157 123 157 68
191 169 159 168 159 165 126 165 104
186 172 156 172 155 169 120 169 84
188 256 158 256 155 259 123 259 138
198 293 161 293 159 301 119 300 100
194 297 154 296 155 305 112 304 92
192 79 161 79 161 69 129 70 67
195 172 167 172 165 169 133 169 98
193 249 163 249 161 251 129 251 157
194 263 165 263 161 267 131 266 150
203 260 173 259 171 263 138 263 136
206 279 172 279 171 285 133 284 92
205 172 175 172 175 169 136 169 82
209 258 178 258 177 261 149 263 190
211 287 177 286 177 293 139 292 153
226 337 175 336 175 355 117 354 39
214 305 171 304 179 313 131 313 114
217 157 187 157 187 153 154 153 82
220 263 183 262 185 265 154 266 241
229 174 199 174 201 171 167 171 151
232 260 200 259 201 263 168 262 177
236 302 190 303 199 311 155 310 88
235 303 192 303 201 311 157 310 108
237 267 207 267 207 271 174 270 156
238 274 205 274 207 279 171 279 82
237 279 204 279 205 285 169 285 76
235 153 205 153 209 151 177 149 108
240 169 207 168 211 165 178 165 142
249 225 209 225 213 227 171 227 191
243 237 208 237 209 239 177 239 430
240 256 210 256 211 259 179 259 159
242 258 212 258 213 261 181 261 72
239 263 209 263 211 267 178 267 83
243 265 211 265 213 269 179 269 97
244 270 212 270 213 275 178 275 60
245 157 215 157 217 153 186 153 196
245 163 215 163 217 159 186 159 189
243 159 213 159 215 155 184 155 154
254 223 214 223 219 225 177 225 67
263 343 210 343 215 363 156 363 53
251 133 221 133 223 131 192 129 171
251 154 221 154 223 149 192 150 157
253 156 223 156 225 151 194 152 74
249 159 219 159 221 155 189 155 158
259 223 220 223 223 225 182 225 150
259 227 221 227 225 229 184 229 110
257 227 219 227 223 229 182 229 128
249 264 219 263 221 267 188 266 54
258 291 218 291 223 299 180 299 58
254 168 224 168 227 165 196 165 229
255 267 224 267 227 271 194 271 94
265 233 229 233 235 235 195 235 189
265 231 227 231 233 233 193 233 163
261 256 230 255 233 259 200 258 124
263 283 226 283 233 289 194 289 147
281 341 227 340 235 359 177 358 41
269 222 234 221 239 223 202 223 238
271 222 236 221 241 223 204 223 267
269 229 235 229 239 231 202 231 238
270 228 237 227 241 229 204 229 265
271 231 237 231 241 233 204 233 216
271 237 237 236 241 239 204 239 257
271 271 236 270 241 275 204 274 194
273 279 238 279 243 285 207 284 178
270 287 231 287 241 293 200 293 109
273 291 234 291 239 299 196 299 81
276 214 240 214 245 215 207 215 164
278 252 244 251 249 255 212 255 102
278 277 244 277 249 283 212 282 149
281 296 241 296 247 305 203 305 95
282 216 248 216 253 217 216 217 110
280 214 246 214 251 215 215 215 172
282 224 248 224 253 225 216 225 277
284 226 250 226 255 227 218 227 223
284 232 250 231 255 235 218 235 163
284 249 250 248 255 253 218 253 140
284 275 250 275 255 281 218 281 145
284 287 247 287 251 295 210 295 150
285 301 243 301 251 311 207 310 36
285 307 245 306 251 317 205 317 36
288 222 254 222 259 223 222 223 188
287 228 253 229 259 231 222 231 120
287 235 253 235 259 237 222 237 90
287 254 253 253 259 257 222 257 139
293 296 253 296 261 305 218 305 35
291 303 247 304 257 313 212 313 46
291 218 257 218 263 219 226 219 231
294 217 260 217 265 217 228 217 159
294 222 260 222 267 223 231 223 153
291 226 257 226 263 227 226 227 139
291 275 257 275 263 281 226 281 114
296 293 257 293 265 301 223 301 39
297 214 264 214 271 215 235 215 115
298 218 264 218 271 219 235 219 136
300 222 266 222 273 223 237 223 133
298 224 265 223 271 225 235 225 171
296 267 262 267 269 271 233 270 192
298 276 265 275 271 281 235 281 136
297 281 262 281 269 287 231 287 74
299 291 261 291 269 299 227 299 36
303 293 265 293 273 301 232 301 29
303 307 259 307 271 317 226 316 38
303 250 273 250 279 253 247 253 201
303 269 273 268 279 273 246 273 131
304 290 267 289 275 297 235 296 71
309 300 271 299 279 309 235 308 35
308 247 278 247 285 249 253 249 286
304 245 275 244 281 247 249 247 152
308 258 278 257 285 261 253 261 240
305 263 275 263 281 267 249 267 153
309 272 277 272 283 277 249 277 139
310 279 277 279 285 285 244 285 98
312 293 274 292 283 301 241 301 35
313 297 274 296 283 305 241 305 38
312 303 271 303 281 313 236 313 26
310 245 280 245 287 247 255 247 91
312 249 282 248 289 251 257 251 156
310 252 280 252 287 255 255 255 165
317 305 277 304 287 315 242 315 35
323 315 279 315 291 327 243 327 26
318 256 288 255 295 259 263 259 86
319 263 289 263 297 267 266 267 60
322 281 288 281 297 287 260 287 44
322 290 286 289 295 297 256 297 38
323 294 286 293 295 301 255 301 47
324 298 284 298 295 307 252 307 41
324 317 282 316 293 329 244 329 30
332 337 282 337 295 355 240 354 44
325 261 296 261 303 265 272 264 54
322 269 291 269 299 273 266 273 88
321 265 292 265 299 269 268 269 116
328 279 294 279 303 285 267 285 51
327 288 292 287 301 295 262 295 42
330 305 290 304 301 315 257 315 29
329 265 299 265 307 269 275 269 37
328 272 297 272 305 277 271 277 61
335 293 298 293 309 301 268 301 33
335 303 294 303 307 313 263 313 31
335 301 298 301 309 311 266 311 36
337 307 292 308 309 317 264 317 70
335 113 306 109 315 103 284 102 152
333 197 305 193 313 195 282 197 152
335 210 307 212 315 211 284 211 294
335 223 305 223 315 227 283 225 47
335 231 307 232 315 233 284 232 11
335 243 306 243 315 247 284 245 19
336 274 303 274 313 279 278 279 67
339 287 304 286 315 293 277 292 33
339 297 300 297 313 305 272 305 33
345 317 301 316 315 329 267 329 48
341 97 312 95 321 89 290 90 293
339 99 310 97 319 89 288 91 191
339 166 310 167 319 163 288 165 159
341 231 313 231 321 233 290 234 23
341 246 312 244 321 247 290 245 29
340 265 310 265 319 269 287 269 59
341 290 306 289 317 297 278 297 36
343 300 306 299 317 309 274 309 34
348 321 303 321 317 335 267 335 47
347 105 318 105 327 99 297 97 189
345 156 316 154 325 151 295 152 163
345 165 316 167 325 163 296 162 152
345 205 316 205 325 205 295 206 236
346 206 318 207 327 207 297 208 187
343 215 314 215 323 215 293 215 163
344 229 315 231 323 233 293 232 12
343 264 314 263 323 267 291 267 56
343 259 314 259 323 263 292 263 57
347 262 318 261 327 265 296 265 61
340 269 309 269 323 273 285 274 141
348 267 318 267 327 271 295 271 66
350 292 313 291 325 299 286 299 31
352 300 314 300 327 309 284 309 31
347 307 305 306 323 317 277 317 45
353 309 312 308 325 319 280 319 45
351 313 309 313 323 325 277 324 38
354 270 322 270 333 275 300 275 42
354 284 320 284 331 291 294 291 41
351 281 318 281 329 287 293 287 42
353 288 318 288 329 295 292 295 29
358 308 316 308 331 319 286 319 36
357 315 315 314 329 327 281 326 43
361 313 318 313 333 325 287 324 43
360 318 315 318 331 331 282 331 56
357 253 330 252 339 255 310 254 30
355 274 319 275 335 279 301 279 55
357 279 319 278 335 285 295 283 58
359 281 325 280 335 287 298 287 49
361 302 323 301 337 311 296 310 29
368 311 324 311 339 323 295 322 45
366 295 329 294 343 303 303 303 28
368 311 327 310 343 321 297 321 54
368 251 342 251 351 253 324 252 28
366 251 336 252 349 253 321 253 28
365 262 336 261 347 265 316 265 51
369 288 333 288 347 295 309 295 24
380 337 332 336 351 353 296 353 67
378 339 328 339 347 357 293 356 74
372 100 347 100 357 93 330 93 220
371 101 345 103 355 95 329 93 165
373 108 347 107 357 101 330 101 122
370 258 343 258 353 261 324 261 31
374 274 342 274 355 279 321 279 21
373 274 341 273 353 279 318 279 34
376 284 342 284 355 291 318 291 23
379 322 336 321 353 335 305 334 166
383 335 336 334 355 351 301 351 72
376 30 353 32 361 19 333 19 243
378 149 355 149 363 145 338 145 130
376 261 349 261 359 265 330 264 34
377 265 349 265 359 269 328 269 25
379 269 347 270 361 273 328 273 34
380 267 351 267 363 271 331 271 22
381 271 351 270 363 275 330 275 18
381 281 348 281 361 287 326 287 21
385 295 348 295 363 303 324 303 25
381 106 357 106 365 99 340 99 157
379 111 355 111 365 105 343 106 235
383 151 361 151 369 147 345 147 82
383 156 361 156 369 153 346 153 138
379 219 358 218 367 219 344 218 129
382 224 359 224 367 225 343 225 191
386 226 363 226 369 229 345 229 213
380 236 355 236 365 237 339 237 93
383 234 360 234 369 235 346 235 127
381 252 355 252 365 255 339 255 34
385 258 357 258 369 261 341 261 23
381 260 354 260 365 263 337 262 33
389 293 353 293 369 301 330 301 30
388 303 349 303 365 313 323 313 50
390 316 347 316 365 329 318 329 90
386 107 363 107 373 101 349 101 172
388 111 366 111 375 105 352 105 147
394 280 360 279 375 285 340 285 22
395 284 361 284 375 291 338 291 28
394 296 355 296 371 305 333 304 38
398 306 357 306 375 317 331 317 64
397 317 352 318 373 329 326 329 87
394 50 372 51 381 41 358 42 360
390 52 370 54 377 43 352 43 157
390 103 367 103 377 97 352 97 69
392 172 370 172 379 169 356 169 67
395 262 367 261 379 265 349 265 36
397 283 364 282 379 289 343 289 26
400 315 359 314 377 327 330 327 104
400 53 377 54 387 45 364 45 124
400 240 377 240 387 241 363 241 47
399 251 374 251 385 253 358 253 38
402 254 376 254 387 257 359 257 27
402 268 375 267 385 273 353 273 30
408 305 368 305 387 315 343 315 79
407 320 363 320 383 333 335 333 61
404 258 376 258 389 261 362 260 39
404 262 377 261 389 265 361 265 46
409 276 378 276 393 281 359 281 27
411 290 376 290 393 297 355 297 61
407 288 374 287 389 295 352 295 38
410 303 372 302 389 313 348 312 102
413 305 375 304 393 315 350 315 96
414 274 382 274 397 279 364 279 47
415 296 379 295 395 305 354 305 89
368 173 342 173 403 173 382 173 50
414 242 392 242 403 243 380 243 52
416 263 388 263 401 267 371 267 26
421 274 390 274 405 279 372 279 29
422 63 402 63 411 55 390 55 208
420 67 400 67 409 59 388 59 243
421 120 402 120 411 115 390 115 234
417 118 397 118 407 113 386 113 264
421 154 402 154 411 151 392 151 88
417 156 399 157 407 153 389 155 103
420 211 399 212 409 211 389 211 70
422 211 403 211 411 211 391 211 51
421 217 402 218 411 217 391 218 66
418 246 397 245 407 247 383 247 33
425 263 397 263 411 267 381 267 25
425 260 397 260 411 263 383 263 30
426 270 396 270 411 275 379 275 35
424 277 391 277 407 283 372 283 49
427 281 395 281 411 287 376 287 43
425 28 406 28 415 19 396 20 141
423 34 404 34 413 25 392 24 122
426 52 408 53 417 45 399 46 149
422 56 404 57 413 49 394 50 159
423 74 402 73 413 67 391 66 175
425 76 406 76 415 69 395 69 133
426 117 404 116 413 111 393 111 231
422 150 404 150 413 147 394 147 106
423 156 405 156 413 153 394 153 121
426 157 407 158 415 155 397 155 109
422 169 400 169 415 167 389 167 224
427 212 408 211 417 211 399 211 63
423 216 404 216 413 215 393 216 77
427 217 409 217 417 217 396 219 70
429 248 405 247 417 249 393 249 47
430 257 404 256 417 259 390 259 33
428 269 399 268 413 273 382 273 35
431 284 397 284 415 291 378 291 73
433 282 399 282 417 289 381 289 58
430 27 411 28 421 19 402 19 145
432 31 413 32 423 23 404 23 264
430 33 411 34 421 25 401 26 179
430 171 411 171 421 169 403 169 100
430 177 413 177 421 175 403 175 84
428 231 409 231 419 231 400 231 35
434 242 411 241 423 243 401 243 23
436 269 407 269 423 273 391 273 51
439 297 403 297 423 305 384 305 71
436 30 417 29 427 21 408 21 170
436 36 416 34 427 27 407 26 195
433 71 416 72 425 65 407 66 159
438 139 420 138 429 135 411 135 139
435 201 418 201 427 201 409 201 87
438 206 420 206 429 205 411 206 79
433 211 417 211 427 211 407 209 55
438 215 421 215 429 215 411 215 65
438 225 421 225 429 225 411 225 28
440 240 418 240 429 241 407 241 39
438 265 410 265 425 269 394 269 69
439 272 409 272 425 277 392 277 91
444 293 408 293 427 301 389 301 81
439 33 421 33 431 25 412 25 212
439 42 422 41 431 35 413 35 109
441 63 425 63 433 55 409 53 254
444 133 426 134 435 129 418 127 87
443 138 426 138 435 135 418 136 95
443 169 426 169 435 165 417 167 67
442 174 424 171 433 171 415 169 86
441 196 424 195 433 193 415 194 109
440 199 422 198 431 197 413 197 124
444 205 427 205 435 205 418 205 87
444 229 427 229 435 229 418 229 32
440 233 421 233 431 233 412 233 39
442 244 419 244 431 245 408 245 28
445 250 421 251 435 251 411 251 29
444 274 413 274 431 279 399 278 64
447 291 412 291 431 299 393 299 91
452 297 413 298 435 307 395 306 46
447 305 408 304 431 315 388 315 26
445 27 428 27 437 19 419 19 52
447 41 430 40 439 33 421 33 163
445 227 429 227 437 227 420 227 31
452 247 429 247 441 249 417 249 42
453 269 422 269 441 273 409 273 81
453 279 421 279 439 285 405 285 126
454 282 421 282 439 289 404 289 85
449 23 433 24 443 17 426 17 116
455 29 438 29 447 21 430 21 70
457 43 441 43 447 33 431 34 446
452 38 436 39 445 31 429 32 102
452 51 436 49 445 43 428 45 194
457 96 441 96 447 89 430 89 43
452 136 437 137 445 133 429 134 106
453 171 436 172 445 169 430 169 43
452 177 437 178 445 175 429 176 34
450 207 435 206 443 205 427 205 94
456 231 439 231 447 231 428 231 23
456 240 436 240 447 241 426 241 30
454 256 429 256 443 259 415 259 46
460 283 428 283 447 289 412 289 59
457 33 440 33 449 25 432 25 77
460 51 444 52 453 45 437 45 151
456 53 440 54 449 47 433 47 145
456 90 440 90 449 85 432 85 37
461 89 444 88 453 83 437 83 30
458 92 442 92 451 87 435 87 46
456 133 441 133 449 129 433 129 154
459 129 444 129 451 125 435 125 69
459 135 443 137 451 133 435 134 105
460 171 445 171 453 169 437 169 30
460 177 445 178 453 175 438 176 23
456 206 441 206 449 205 434 205 74
458 210 443 210 451 209 436 208 84
457 223 441 223 449 223 433 223 45
460 245 437 245 449 247 425 247 34
460 249 436 249 449 251 425 251 24
463 261 436 261 453 265 424 265 48
462 281 430 281 449 287 415 287 65
464 284 431 284 451 291 415 291 24
465 298 425 297 451 309 410 309 14
467 303 429 302 451 313 411 312 17
467 312 424 312 449 325 403 325 16
461 56 446 56 455 49 439 50 247
463 196 452 196 457 195 441 195 55
462 221 447 221 455 221 439 221 31
464 227 448 227 457 227 441 227 52
464 240 443 240 455 241 432 241 37
466 238 445 238 457 239 437 239 37
466 247 444 247 457 249 434 249 49
466 271 438 270 455 275 424 275 99
475 318 433 317 459 331 413 330 21
471 141 457 142 465 139 451 140 85
469 169 457 169 465 169 451 167 9
471 177 458 178 465 175 451 175 9
469 202 456 202 463 201 449 202 58
469 207 456 209 463 207 449 207 52
470 220 455 220 463 219 449 219 51
470 243 448 243 461 245 438 245 33
472 253 448 253 463 255 437 255 62
475 256 447 257 465 259 438 259 67
475 260 448 260 465 263 437 263 136
474 294 442 293 461 301 426 300 20
479 304 439 305 465 315 422 315 18
473 65 459 65 467 59 453 60 89
477 70 463 70 471 65 457 65 196
472 101 459 101 467 97 453 96 31
471 106 457 105 467 103 453 103 21
476 136 464 136 471 133 458 133 103
475 140 462 140 469 137 455 138 98
477 142 463 143 471 139 457 140 135
471 169 459 169 467 169 453 167 11
475 171 463 171 471 169 461 170 76
471 179 459 180 467 177 453 177 12
475 195 463 195 469 193 458 193 104
475 202 462 202 469 201 456 201 80
473 204 460 204 467 203 454 203 69
475 208 462 208 469 207 456 207 99
478 227 462 227 471 227 455 227 208
478 247 455 247 469 249 445 249 61
477 254 451 254 467 257 440 257 85
482 261 454 262 471 265 443 265 76
483 288 448 288 471 295 433 295 20
484 300 446 299 471 309 429 309 14
481 308 440 308 467 319 426 318 14
480 72 467 72 475 67 462 67 161
480 102 467 102 473 97 463 99 71
479 107 466 107 473 103 460 104 45
478 143 466 142 473 139 461 138 164
480 223 464 223 473 223 457 223 109
487 254 460 255 477 257 451 257 93
485 293 450 293 475 301 434 301 15
489 311 446 311 475 323 429 323 10
484 70 472 71 479 65 468 67 151
488 76 476 76 483 71 471 72 179
486 178 478 181 481 177 475 178 325
484 190 473 187 479 187 467 186 358
486 199 473 199 481 197 469 198 368
486 206 473 209 481 205 471 204 219
488 212 476 212 483 211 471 211 223
486 233 468 233 479 233 460 234 69
489 247 466 247 481 249 457 249 43
487 253 465 252 479 255 454 255 74
494 279 462 279 483 285 449 285 41
490 278 460 278 479 283 446 283 41
491 284 457 284 479 291 443 291 46
496 309 454 310 483 321 436 320 11
493 313 450 313 479 325 431 325 12
496 325 447 325 483 343 429 344 14
498 330 449 330 483 347 428 347 17
492 78 480 78 487 73 475 73 139
494 97 483 100 489 95 481 94 421
490 134 483 137 485 133 477 135 236
492 173 485 171 487 171 483 172 317
493 191 486 189 489 189 482 187 509
497 253 473 253 489 255 465 255 42
500 289 464 289 489 297 451 296 27
498 293 466 294 485 301 447 301 21
501 299 462 300 489 309 447 309 20
497 302 458 302 485 313 443 312 16
502 312 455 312 485 325 438 325 16
501 321 455 321 487 335 436 335 12
502 334 453 333 487 351 432 351 16
499 64 487 64 495 59 483 59 272
495 74 483 74 491 69 479 69 212
495 85 484 84 491 81 483 82 186
497 139 495 139 495 137 493 137 286
498 145 494 145 495 143 492 143 183
498 151 495 151 495 149 492 149 215
495 177 491 177 491 175 485 175 314
497 181 490 181 493 179 487 179 326
500 194 483 196 495 193 478 193 602
496 214 481 215 491 213 475 214 245
501 227 485 227 495 227 478 227 54
498 231 481 231 491 231 474 231 62
500 231 483 231 493 231 476 231 91
498 242 477 242 491 243 469 243 92
501 238 482 238 495 239 474 239 88
502 278 471 278 493 283 459 283 53
502 70 490 70 497 65 485 65 113
501 89 492 89 497 85 487 85 117
504 142 499 141 501 139 497 138 63
502 147 499 147 499 145 496 145 68
505 179 498 179 501 177 495 177 160
503 208 487 208 497 207 480 207 171
503 214 487 214 497 213 480 213 145
507 223 491 223 501 223 484 223 51
504 231 486 231 497 231 480 231 101
505 227 489 227 499 227 482 227 61
510 238 487 240 501 241 480 241 89
510 272 480 272 501 277 469 277 44
510 278 481 277 501 283 468 283 35
510 296 471 295 499 305 459 304 18
508 306 467 305 497 317 452 317 19
511 309 470 309 499 321 454 320 14
511 320 464 320 497 335 447 335 13
509 102 506 102 507 99 504 99 122
507 106 504 106 505 103 502 103 123
507 114 505 113 505 111 502 112 75
506 115 503 115 503 113 500 113 112
505 120 503 122 503 119 500 119 63
508 127 505 127 505 127 502 127 100
506 131 503 131 503 129 501 129 116
508 135 505 135 505 133 502 133 95
508 147 504 147 505 145 502 145 67
508 145 504 145 505 143 502 143 79
510 149 506 149 507 147 504 147 47
506 159 502 159 503 157 500 157 27
510 161 506 161 507 159 504 159 49
510 167 506 167 507 165 504 165 83
508 175 502 175 505 173 498 173 161
509 200 492 200 503 199 486 199 284
511 204 494 204 505 203 488 203 120
513 231 495 231 507 231 489 231 58
513 244 492 244 507 245 484 246 101
510 264 489 264 503 267 481 268 33
511 260 485 260 503 263 476 263 33
513 307 474 307 503 319 458 318 15
516 322 470 322 505 337 452 336 12
513 99 510 100 511 97 508 97 74
514 103 511 103 511 101 508 101 106
515 108 513 107 513 105 510 105 95
512 109 509 109 509 107 506 107 71
516 113 513 113 513 111 510 111 108
512 114 509 114 509 113 506 114 145
514 127 511 127 511 125 508 125 119
512 157 508 157 509 155 505 155 49
512 167 508 167 509 165 506 165 119
516 169 512 169 513 167 510 167 101
512 171 508 170 509 169 506 169 190
515 202 498 202 509 201 492 201 217
517 211 500 211 511 211 494 211 85
516 217 499 217 511 217 494 217 65
518 227 501 227 511 227 493 227 66
519 232 502 232 513 233 495 233 173
519 256 493 256 511 259 485 257 28
517 262 494 265 511 265 484 265 21
517 283 485 282 509 289 472 289 23
523 283 488 283 513 291 476 291 30
521 287 485 287 511 295 474 293 20
517 287 482 289 509 297 470 297 16
521 330 476 330 513 349 461 349 18
523 338 475 339 511 357 457 358 14
524 343 475 343 513 361 461 361 19
517 119 515 119 515 117 512 117 103
518 129 515 129 515 127 512 127 93
522 135 517 135 519 133 515 133 27
518 133 513 133 515 131 511 131 65
520 139 515 139 517 137 513 137 108
520 145 515 145 517 143 513 143 33
518 151 514 151 515 149 511 149 34
518 167 514 167 515 165 512 165 40
523 188 509 188 519 187 504 187 108
524 204 507 204 519 203 502 203 102
522 206 505 206 517 205 500 205 225
524 209 510 209 519 209 502 209 126
524 213 508 213 519 213 502 213 144
521 238 502 238 515 239 495 239 82
523 274 495 273 517 279 484 279 16
525 294 486 294 515 303 475 302 15
524 291 487 291 515 299 475 299 19
527 324 483 325 517 339 474 340 21
525 97 522 97 523 95 520 95 56
525 111 522 111 523 109 520 109 91
526 119 522 119 523 117 520 117 44
528 141 523 141 525 139 521 139 111
529 181 516 181 525 179 513 179 101
526 190 511 191 521 189 506 189 107
527 200 511 200 523 199 505 199 199
526 229 510 229 521 229 504 229 77
533 252 509 251 525 253 507 251 15
535 296 496 296 525 305 484 305 25
534 305 493 305 525 315 480 316 12
531 103 528 103 529 101 526 101 87
530 108 526 107 527 105 523 105 48
532 120 527 119 529 117 525 117 39
532 131 527 131 529 129 525 129 31
532 127 527 127 529 125 525 125 72
534 135 529 135 531 133 527 133 29
534 139 529 139 531 137 527 137 25
532 151 527 151 529 149 525 149 30
532 159 527 159 529 157 525 157 20
530 177 517 177 527 175 515 175 63
532 186 519 187 527 185 513 185 94
535 200 519 200 531 199 514 199 201
532 211 515 211 527 211 510 211 184
532 217 515 217 527 217 510 217 113
532 221 515 221 527 221 512 221 167
537 247 515 246 531 249 509 248 15
535 277 503 277 529 283 494 283 17
537 289 500 289 529 297 490 297 21
539 294 501 294 531 303 490 303 14
536 296 498 297 529 307 487 307 16
536 301 496 300 527 311 483 313 14
539 105 536 105 537 103 534 103 42
537 113 533 113 535 111 531 111 72
536 126 531 125 533 123 529 123 71
535 129 531 129 533 127 529 127 108
536 137 531 137 533 135 529 135 67
539 139 535 139 537 137 533 137 67
540 143 535 143 537 141 533 141 24
540 147 535 147 537 145 533 145 28
540 159 535 159 537 157 533 157 30
536 167 532 167 533 165 529 165 17
533 181 519 181 533 179 517 179 113
538 191 521 190 533 189 519 189 220
537 200 521 200 533 199 516 199 144
542 204 525 204 537 203 520 203 192
541 231 525 231 537 231 520 231 19
538 260 513 260 533 263 505 263 14
543 281 509 281 537 287 499 288 21
540 301 501 301 533 311 490 311 13
542 323 495 323 533 339 480 339 19
546 320 499 322 537 335 496 336 26
543 99 540 99 541 97 537 97 142
541 97 537 97 539 95 535 95 37
545 105 541 105 543 103 539 103 35
545 117 541 117 543 115 539 115 27
543 129 539 129 541 127 537 127 72
541 127 537 127 539 125 535 125 34
545 141 541 141 543 139 539 139 26
542 156 537 154 539 153 535 153 24
546 165 541 165 543 163 539 163 26
543 175 538 174 539 173 536 171 75
547 185 535 185 543 183 530 183 187
547 192 535 191 543 191 533 189 448
544 199 529 200 541 199 524 199 287
547 202 531 201 543 201 526 201 257
545 208 529 207 541 207 524 207 254
547 208 531 207 543 207 526 207 182
543 231 527 231 539 231 523 231 22
546 245 525 245 541 247 519 247 14
546 251 523 250 541 253 518 252 13
551 275 513 274 543 281 512 281 21
548 291 510 291 541 299 501 299 24
550 303 510 302 543 313 498 313 13
549 332 499 332 539 349 483 349 18
549 97 545 97 547 95 543 95 35
547 111 543 111 545 109 541 109 32
551 111 547 111 549 109 545 109 33
549 115 545 115 547 113 543 113 26
551 121 547 121 549 119 545 119 87
549 125 545 125 547 123 543 123 23
550 137 545 137 547 135 543 135 31
550 149 545 149 547 147 543 147 27
548 149 543 149 545 147 541 147 21
550 156 545 155 547 153 543 154 19
548 159 543 159 545 157 541 157 22
548 167 543 167 545 165 541 165 27
552 190 539 190 549 189 536 189 192
553 198 538 198 549 197 534 197 345
549 224 533 225 545 225 528 223 37
551 227 535 227 547 227 531 227 31
554 249 532 249 549 251 526 251 34
554 288 517 289 547 297 508 295 30
553 299 512 299 545 309 502 309 23
557 309 514 309 549 321 503 321 17
556 332 506 332 547 349 492 349 20
555 95 552 95 553 93 549 93 22
553 117 549 117 551 115 547 115 102
555 119 551 119 553 117 549 117 24
555 129 551 129 553 127 549 127 33
553 153 549 153 551 151 547 151 18
554 161 549 161 551 159 547 159 16
557 194 543 194 553 193 540 193 145
557 202 543 202 553 201 539 201 202
558 198 545 198 555 197 542 198 318
558 215 545 215 555 215 542 216 105
555 221 543 221 551 221 538 221 102
557 227 542 227 553 227 536 227 33
556 238 536 239 553 239 531 239 30
555 245 534 245 551 247 528 247 20
558 254 533 254 553 257 526 257 20
559 275 529 274 555 281 521 281 22
556 291 519 291 551 299 511 299 36
558 335 507 335 551 353 493 355 16
563 339 512 339 555 359 495 359 16
559 117 555 118 557 115 553 115 28
563 121 557 119 561 119 558 119 26
559 131 555 131 557 129 553 129 28
563 127 559 127 561 125 557 125 97
563 133 559 133 561 131 557 131 26
563 141 559 141 561 139 557 139 45
561 145 557 145 559 143 554 143 39
559 167 555 168 557 167 552 165 43
560 187 547 187 557 187 544 188 163
564 190 552 190 561 189 549 189 161
560 197 547 196 557 195 544 194 173
564 207 552 206 561 205 548 205 84
560 207 547 206 557 205 543 206 82
563 219 550 219 559 219 546 219 37
561 270 529 270 557 273 527 271 16
566 282 530 282 561 289 523 289 35
566 285 531 285 561 293 522 293 57
568 319 521 318 561 333 510 333 14
568 323 525 322 557 337 521 336 26
565 99 562 99 563 97 560 97 96
565 105 562 105 563 103 560 103 92
569 111 565 110 567 109 563 108 34
565 131 561 131 563 129 559 129 24
569 127 566 127 567 125 564 125 17
569 133 565 133 567 131 564 130 31
565 157 560 157 563 155 558 155 93
566 177 560 176 563 175 558 175 67
570 178 564 179 567 177 562 177 58
568 192 556 192 565 191 553 191 114
566 202 557 202 563 201 555 201 266
564 232 547 231 565 233 541 231 26
569 249 546 249 565 251 541 251 27
568 253 541 252 563 255 537 255 22
571 254 547 254 567 257 542 257 22
565 281 534 280 563 287 524 288 42
569 291 532 290 563 299 523 299 23
572 327 522 328 565 345 510 345 18
571 103 567 103 569 101 565 101 31
576 113 571 113 573 111 569 111 122
571 119 568 119 569 117 565 117 21
575 121 571 121 573 119 569 119 35
571 131 567 131 569 129 566 128 86
574 137 569 137 571 135 567 135 129
571 143 567 143 569 141 564 141 75
573 147 568 147 571 145 565 145 141
571 149 566 149 569 147 564 147 51
575 149 570 149 573 147 567 147 146
573 151 568 151 571 149 565 149 69
573 173 568 173 571 171 565 171 61
574 289 538 289 569 297 529 297 44
575 293 537 293 571 301 530 301 30
578 310 536 309 573 323 525 323 15
575 330 525 332 569 347 513 349 12
578 340 527 339 573 359 518 361 16
585 79 579 79 579 77 576 77 12
579 107 575 107 577 105 573 104 44
579 109 575 109 577 107 573 107 140
577 117 573 117 575 115 571 115 58
577 125 573 125 575 123 571 123 30
579 127 575 127 577 125 573 125 72
577 143 573 143 575 141 571 141 84
579 172 574 171 577 169 571 170 35
577 187 571 186 575 185 569 185 60
582 236 560 236 577 237 556 237 18
581 260 555 260 577 263 549 262 20
579 280 544 280 575 287 537 287 43
579 285 544 285 575 293 537 293 67
584 303 542 303 579 315 535 313 19
580 317 535 318 575 331 526 332 14
587 109 582 109 585 107 580 107 89
587 117 582 117 585 115 580 117 180
585 129 580 129 583 127 578 127 135
587 133 582 133 585 131 580 131 73
583 175 577 175 581 173 576 173 19
585 182 579 182 583 181 578 181 69
586 188 578 188 583 187 576 187 91
584 188 577 188 581 187 574 187 51
585 192 578 192 583 191 576 191 78
583 204 576 204 581 203 574 203 65
585 215 571 215 583 215 569 215 27
584 249 561 249 581 251 559 249 17
589 258 563 258 581 261 553 261 20
589 287 552 287 585 295 545 295 62
589 317 543 314 583 327 535 327 31
585 319 539 319 581 333 529 334 18
593 99 589 99 591 97 588 96 54
591 113 586 113 589 111 584 111 136
594 118 589 118 591 117 587 116 284
591 133 586 133 589 131 584 131 89
591 139 586 139 589 137 584 137 102
589 151 584 152 587 149 582 150 102
589 159 585 160 587 157 583 158 116
593 161 588 161 591 159 586 159 176
591 178 585 178 587 177 583 178 30
590 184 583 184 587 183 581 183 42
593 192 586 192 591 191 583 191 101
589 197 582 196 587 195 579 195 77
593 206 585 206 591 205 583 205 69
588 220 577 219 587 219 572 219 21
594 232 576 232 591 233 572 233 27
591 234 573 234 589 235 570 235 27
595 284 558 284 591 291 553 291 60
594 317 549 317 591 331 540 332 16
592 321 546 321 589 335 537 336 20
593 327 545 326 589 343 535 343 15
595 335 545 335 591 353 534 353 14
591 341 535 342 587 361 526 359 18
600 86 593 85 595 85 593 84 87
596 102 593 101 595 99 592 98 49
597 103 593 103 595 101 591 101 74
593 109 590 109 593 107 590 107 287
597 113 592 113 595 111 590 111 138
599 111 594 111 597 109 592 109 145
599 125 594 125 597 123 592 123 129
595 141 590 141 593 139 588 139 106
595 157 590 156 593 155 588 155 138
599 163 594 163 597 161 592 161 128
599 194 591 194 597 193 589 193 76
597 202 589 202 595 201 587 201 96
597 228 578 228 595 229 577 228 22
598 234 579 234 595 235 576 235 27
596 245 571 243 593 247 567 246 22
597 244 575 243 595 245 571 243 30
599 258 571 257 593 261 567 261 22
599 254 574 254 597 257 568 257 17
597 275 566 275 595 281 561 280 72
595 305 553 305 593 317 547 317 34
593 310 549 311 593 323 541 323 33
598 314 553 313 595 327 546 328 29
601 105 596 105 599 103 594 103 163
601 159 596 159 599 157 594 157 233
601 165 596 165 599 163 594 163 129
606 179 599 180 603 179 597 179 83
605 188 597 188 603 187 595 187 84
601 190 593 190 599 189 591 189 99
603 192 595 192 601 191 593 191 101
601 196 593 196 599 195 591 195 75
605 204 597 204 603 203 595 203 127
601 208 593 208 599 207 590 207 60
603 254 578 254 601 257 575 257 18
604 280 569 280 601 287 562 287 46
604 285 568 285 601 293 562 293 61
603 292 566 291 601 301 560 301 42
603 297 563 297 601 307 561 307 41
602 306 560 306 601 317 554 317 18
602 336 550 337 599 355 542 355 19
607 113 602 113 605 111 601 110 192
607 119 602 119 605 117 600 117 136
611 123 605 123 609 121 604 121 80
609 143 603 143 607 141 602 141 136
609 147 604 147 607 145 602 145 206
609 153 603 153 607 151 602 151 264
607 151 602 150 605 149 600 149 128
607 167 601 167 605 165 599 165 169
609 163 603 162 607 161 602 161 279
611 165 605 164 609 163 604 163 190
607 178 601 178 605 177 600 176 151
607 190 599 190 605 189 597 189 122
611 231 593 229 609 231 591 230 30
611 236 587 236 607 237 588 237 29
606 243 585 243 605 245 583 245 22
606 251 583 250 605 253 580 253 17
610 293 572 291 609 303 568 303 38
612 84 607 84 611 81 607 81 76
613 111 608 111 611 109 606 109 139
617 132 611 135 615 131 610 130 35
613 133 608 133 611 131 606 131 104
613 139 608 139 611 137 606 137 78
613 145 607 145 611 143 606 143 168
613 159 608 159 611 157 606 157 133
617 184 608 184 615 183 606 183 221
613 196 604 196 611 195 602 195 172
615 192 606 192 613 191 604 191 300
615 200 606 200 613 199 604 199 193
615 219 602 219 615 219 602 219 60
613 234 595 234 611 235 592 235 32
615 240 595 240 613 241 589 241 26
613 279 579 279 613 285 577 285 45
614 283 579 283 613 291 575 291 26
614 292 576 292 613 301 572 301 34
614 295 575 295 613 305 570 305 18
615 308 573 307 615 319 569 319 15
618 76 614 75 617 73 613 73 100
621 113 615 113 619 111 614 111 133
621 127 615 127 619 125 614 125 23
623 141 617 141 621 139 616 139 65
623 149 617 149 621 147 616 147 83
621 153 615 153 619 151 613 151 58
621 151 615 150 619 149 614 149 53
621 157 615 157 619 155 613 155 65
623 174 617 174 621 173 616 173 89
619 180 613 180 617 179 611 179 112
622 188 614 188 621 187 612 187 263
619 194 610 194 617 193 608 193 246
619 215 607 215 619 215 607 215 53
617 219 604 219 617 219 604 219 37
621 227 605 227 619 227 603 227 22
623 245 599 245 621 247 597 247 15
621 250 598 251 621 253 596 253 18
618 254 594 254 619 257 592 257 19
618 280 585 281 617 287 581 287 36
618 285 583 285 617 293 580 292 24
626 64 621 63 625 61 620 61 66
626 66 621 65 625 63 620 63 118
625 71 620 71 623 69 619 69 186
628 81 623 80 627 77 621 77 281
629 109 623 105 627 105 621 105 36
627 113 621 113 625 111 619 111 29
627 121 621 121 625 119 619 119 78
625 131 619 133 623 131 617 131 85
627 141 621 141 625 139 620 140 49
627 157 620 156 625 155 620 155 39
628 184 620 184 627 183 618 183 206
626 208 615 207 625 207 613 206 151
625 210 613 212 623 209 611 211 139
629 214 617 214 627 213 615 213 99
623 289 583 288 623 297 583 297 48
626 285 589 285 625 293 586 292 19
627 291 591 290 627 299 587 299 13
625 295 586 295 625 305 590 306 25
623 309 579 311 623 321 575 322 14
632 192 620 193 631 191 615 190 267
630 200 618 200 629 199 617 199 311
632 221 619 221 633 221 619 221 39
634 237 614 238 633 239 612 240 18
630 245 611 245 631 247 608 247 18
633 243 613 244 633 245 611 245 21
628 279 595 279 629 285 594 285 15
629 287 593 287 629 295 591 295 17
631 303 591 303 633 315 592 315 14
639 80 633 80 637 77 633 79 290
640 90 634 89 639 87 633 87 208
636 96 630 96 635 93 629 93 171
639 117 629 118 637 115 629 115 66
638 117 631 117 635 115 627 115 43
638 138 631 137 637 135 629 137 56
638 202 625 202 637 201 624 201 133
636 211 624 212 635 211 623 211 67
635 217 623 217 635 217 623 217 35
635 232 618 232 635 233 616 233 28
635 253 613 254 637 257 610 256 17
634 307 591 306 637 319 590 319 18
646 68 641 67 645 65 641 63 68
642 74 637 73 641 71 636 70 228
642 94 636 94 641 91 635 91 172
644 151 636 150 643 149 635 149 27
646 155 638 155 645 153 637 153 31
646 168 638 168 645 167 637 167 34
644 170 637 171 643 169 635 169 30
644 210 631 210 643 209 630 209 52
642 217 629 217 641 217 628 217 28
640 279 606 279 641 285 603 285 16
639 297 599 297 641 309 601 307 16
643 307 601 307 645 319 599 320 11
640 324 600 323 641 339 604 338 21
648 74 643 73 647 71 642 70 100
648 106 642 105 647 103 640 104 140
652 107 646 107 651 105 645 105 74
650 111 643 111 649 109 643 109 63
652 121 646 121 651 119 645 119 133
648 125 642 126 647 123 641 124 133
648 147 640 146 647 145 640 143 29
652 155 644 155 651 153 643 153 81
650 176 642 176 649 175 641 174 48
652 196 638 195 651 195 637 195 92
650 202 636 202 649 201 636 201 108
651 207 638 207 651 207 637 207 56
651 223 638 223 651 223 637 223 58
649 243 629 244 649 245 628 246 41
651 282 611 281 651 289 610 288 25
649 287 612 287 649 295 610 295 23
645 290 609 291 647 299 610 300 16
658 60 652 60 657 57 651 57 75
654 58 648 58 653 55 648 54 60
656 64 650 64 655 61 649 61 77
658 76 651 79 657 73 651 73 77
656 92 650 91 655 89 649 89 130
658 98 652 97 657 95 651 95 164
654 117 648 117 653 115 647 115 108
658 141 650 141 657 139 649 139 71
656 151 648 151 655 149 647 149 53
656 163 648 162 655 161 647 161 90
658 177 650 176 657 175 649 175 40
654 180 646 180 653 179 645 179 53
655 213 644 213 655 213 643 213 47
656 227 641 228 657 229 641 229 45
654 232 637 232 655 233 637 233 51
656 236 637 236 657 237 637 237 60
653 237 634 237 653 239 634 238 60
657 241 638 241 657 243 637 243 53
652 307 610 307 655 319 609 319 23
653 312 611 312 657 325 609 325 26
664 40 658 40 663 37 657 37 101
662 48 656 48 661 45 655 45 75
664 52 658 52 663 49 657 49 265
660 58 654 58 659 55 653 55 111
660 96 654 95 659 93 653 93 113
662 101 656 102 661 99 655 99 181
662 109 656 109 661 107 655 107 122
664 121 658 121 663 119 657 119 175
664 129 658 129 663 127 657 127 190
660 127 654 129 659 125 653 126 237
664 155 656 155 663 153 655 153 68
662 166 654 166 661 165 653 165 102
664 172 656 172 663 171 655 171 41
662 170 654 170 661 169 653 169 72
660 180 652 180 659 179 651 179 70
659 198 646 197 659 197 646 197 140
660 204 646 204 659 203 646 203 163
659 215 648 215 659 215 647 215 50
662 228 646 227 661 227 645 227 70
662 254 638 254 663 257 638 257 52
663 260 635 259 663 263 635 263 38
658 263 633 264 659 267 631 267 39
658 304 617 303 661 315 616 315 32
657 314 613 314 661 327 612 327 26
666 56 660 56 665 53 659 52 147
668 70 662 69 667 67 661 67 66
666 75 660 75 665 73 659 73 96
670 106 664 105 669 103 663 103 143
666 117 660 117 665 115 659 115 82
668 153 660 153 667 151 659 151 145
669 160 661 160 669 159 660 158 153
666 168 658 168 665 167 657 167 73
670 168 662 168 669 167 661 167 52
669 198 656 197 669 197 656 197 159
669 202 656 201 669 201 655 201 227
666 206 654 206 665 205 651 205 109
669 221 656 221 669 221 656 221 61
665 223 652 223 665 223 651 223 72
665 236 647 236 665 237 646 237 46
665 251 642 251 665 253 639 251 84
666 280 631 280 669 287 632 287 56
662 285 626 283 665 293 627 291 35
662 291 625 290 665 299 625 299 40
665 304 624 303 669 315 624 315 39
669 307 627 307 669 319 623 319 147
664 311 619 310 667 323 620 323 39
672 44 666 44 671 41 665 41 90
674 54 668 54 673 51 667 51 82
676 50 670 50 675 47 669 47 123
672 56 666 56 671 53 665 53 124
672 69 666 69 671 67 665 67 74
672 83 666 83 671 81 665 80 134
675 87 668 87 673 85 667 85 387
672 89 666 89 671 87 665 87 199
672 96 666 95 671 93 665 92 280
674 101 666 101 671 99 664 99 306
676 105 669 105 675 103 669 103 138
674 123 667 123 673 121 667 120 171
672 145 665 143 671 143 661 141 167
676 164 666 165 675 163 666 162 67
672 178 664 177 671 177 663 175 195
671 188 659 188 671 187 658 187 148
671 198 658 197 671 197 658 197 193
671 204 658 204 671 203 658 203 256
670 213 658 213 671 213 658 213 110
675 209 662 209 675 209 662 209 197
671 223 658 223 671 223 657 223 80
671 265 644 265 673 269 644 269 34
670 273 639 271 673 279 641 278 36
678 60 672 60 677 57 671 57 71
680 90 673 89 679 87 672 87 187
679 96 673 95 679 93 673 92 201
680 109 673 109 679 107 672 107 120
678 125 671 125 677 123 670 123 177
680 143 671 142 679 141 671 141 178
678 170 669 170 677 169 669 169 54
679 174 671 174 679 173 671 173 77
681 188 668 188 681 187 668 187 152
679 188 666 188 679 187 666 187 181
679 196 666 195 679 195 666 195 187
681 201 667 203 681 199 668 199 380
679 206 665 205 679 205 665 205 245
679 217 664 215 679 217 665 215 138
676 261 650 261 677 265 649 265 38
673 277 643 276 677 283 644 283 37
673 290 637 289 677 299 637 299 33
673 304 632 304 677 315 632 315 52
674 309 631 308 679 321 632 321 64
673 314 629 314 679 327 630 327 51
681 52 674 51 685 49 669 47 149
684 119 677 119 683 117 676 117 103
688 141 680 141 687 139 680 139 32
683 143 675 143 683 141 675 141 45
687 149 679 149 687 147 679 147 35
687 151 679 150 687 149 679 149 32
683 156 675 156 683 155 675 155 62
687 172 679 172 687 171 679 171 54
686 182 678 182 685 181 677 181 133
685 196 672 196 685 195 672 196 208
685 200 671 197 685 199 672 199 258
682 249 657 252 685 255 657 254 22
681 257 656 257 687 261 661 261 25
678 261 653 261 683 265 655 265 32
677 303 637 303 683 315 637 315 85
689 72 682 71 689 69 682 68 89
691 87 684 85 691 83 684 82 61
691 108 684 107 691 105 684 105 87
689 110 682 109 689 107 682 107 81
691 127 684 127 691 125 684 125 41
689 143 681 142 689 141 681 141 56
692 154 684 154 691 153 683 153 21
693 151 685 151 693 149 685 149 22
693 156 685 156 693 155 685 155 24
690 159 681 158 689 157 681 157 37
689 164 681 164 689 163 681 163 59
694 170 685 170 693 169 685 169 38
687 235 667 235 689 237 668 237 59
689 231 669 232 691 233 670 233 158
683 257 659 257 691 261 664 261 43
687 263 660 263 689 267 661 267 32
683 281 651 281 691 287 658 287 16
698 28 692 27 697 25 690 26 40
695 70 688 69 695 67 688 66 41
697 84 690 81 697 81 690 79 89
695 86 688 85 695 83 688 83 47
700 103 692 103 699 101 691 101 44
695 155 687 155 695 153 687 153 17
699 151 692 150 699 149 691 149 11
699 158 691 158 699 157 691 157 18
695 168 687 168 695 167 687 167 46
695 178 687 178 695 177 687 177 48
695 203 675 202 699 201 677 202 292
690 263 665 263 695 267 666 267 39
691 305 646 303 697 317 651 317 26
690 310 647 311 697 323 650 323 22
701 32 695 31 701 29 695 28 62
705 84 697 84 705 81 697 81 50
701 88 694 87 701 85 693 85 42
705 103 697 103 705 101 697 101 30
703 127 696 127 703 125 696 125 110
704 147 696 147 703 147 695 147 12
701 154 693 157 701 153 693 153 10
701 182 693 182 701 181 693 181 113
705 180 698 180 705 179 697 179 44
698 232 674 231 701 233 676 232 96
697 275 669 275 705 281 670 281 34
709 60 701 60 709 57 701 57 116
707 79 699 81 707 77 699 78 59
709 123 701 123 709 121 701 121 22
711 129 703 129 711 127 703 127 25
711 133 703 133 711 131 703 131 19
711 147 703 147 711 145 703 145 15
709 151 701 151 709 149 701 149 9
711 165 703 164 711 163 703 163 15
707 170 700 170 707 169 700 168 13
709 170 702 169 709 169 701 168 58
711 176 703 176 711 175 703 175 24
708 195 685 195 711 195 687 195 146
707 191 685 191 709 191 686 191 93
707 198 684 198 711 197 687 197 175
703 207 680 207 707 205 683 205 354
707 209 684 208 711 209 687 207 220
705 212 682 212 709 213 684 213 234
705 218 679 217 709 219 683 219 141
707 223 682 223 711 225 685 225 153
706 239 682 239 709 241 684 241 80
705 265 677 265 711 269 679 269 50
703 309 660 308 711 321 664 321 10
703 311 660 310 711 323 664 323 12
715 38 707 38 715 35 707 35 112
713 65 705 66 713 63 705 63 103
715 74 706 74 715 71 707 71 101
713 100 705 99 713 97 705 97 33
717 103 709 103 717 101 709 101 35
715 113 707 114 715 113 707 115 17
715 127 707 127 715 125 707 125 21
717 149 709 148 717 147 709 147 15
713 153 705 154 713 151 705 152 15
717 174 709 174 717 173 709 173 19
713 191 689 191 713 191 691 191 108
709 200 686 199 713 199 689 199 183
709 202 685 203 713 201 689 201 135
713 202 690 203 717 203 692 203 150
709 214 685 214 713 215 687 215 214
715 214 689 214 717 215 691 215 175
711 221 686 221 715 223 689 223 149
710 254 685 254 713 257 689 257 41
702 273 675 273 713 279 680 279 43
712 270 683 270 717 275 686 275 61
708 279 677 279 715 285 682 285 21
707 279 675 279 713 285 679 285 21
721 40 713 40 721 37 713 37 84
719 49 710 51 719 47 711 46 214
721 57 712 56 721 53 713 53 127
721 62 713 62 723 59 715 59 723
720 75 713 73 721 71 714 69 130
721 99 712 100 721 97 713 97 49
723 113 715 113 723 111 715 110 65
723 123 715 123 723 121 715 121 121
721 145 712 143 721 143 713 143 32
721 152 713 152 721 151 713 151 17
719 155 711 155 719 153 711 153 23
719 165 711 165 719 163 711 162 18
721 172 713 172 721 171 713 171 21
719 178 711 178 719 177 711 177 70
718 226 693 225 723 227 697 227 134
715 233 690 233 719 235 693 235 83
718 231 693 231 723 233 697 233 163
720 267 693 267 721 271 689 271 41
713 275 683 275 719 281 687 281 35
724 44 716 43 725 41 717 40 148
728 52 720 52 729 49 721 49 117
724 60 716 60 725 57 717 57 222
724 92 716 91 725 89 717 88 97
727 177 719 177 727 175 719 175 18
725 214 705 214 727 215 710 215 117
724 223 699 223 729 225 703 225 214
722 227 697 227 727 229 701 229 161
721 225 695 225 725 227 699 227 183
723 240 696 240 727 243 701 243 41
724 258 699 258 727 261 700 261 26
723 263 697 263 727 267 700 267 47
725 272 695 272 729 277 697 277 62
730 29 723 28 731 25 723 25 88
732 78 724 77 733 75 724 75 104
730 91 722 90 731 87 723 86 93
732 115 724 115 733 113 725 114 143
734 125 726 127 735 125 727 125 128
731 139 722 137 731 135 723 137 263
734 139 726 141 735 139 727 139 118
732 142 724 143 733 141 725 141 277
731 155 722 154 731 153 723 153 36
730 152 722 152 731 151 722 150 47
734 159 726 158 735 157 727 157 71
731 162 722 162 731 161 723 161 52
728 208 705 208 733 209 711 209 127
726 225 701 225 731 227 705 227 127
726 227 701 227 731 229 705 229 184
726 233 701 233 731 235 705 235 104
730 244 705 244 735 247 709 247 29
727 277 696 277 733 283 700 283 24
740 93 732 93 741 91 733 90 190
740 101 732 101 741 99 732 99 226
738 111 730 111 739 109 731 109 297
738 125 730 125 739 123 730 122 116
740 139 732 139 741 137 732 137 124
738 143 730 143 739 141 730 141 291
741 156 732 156 741 155 733 155 63
735 165 727 164 737 163 727 163 58
735 193 709 193 737 193 713 193 81
735 197 713 197 739 197 715 197 313
736 225 711 225 741 227 715 227 127
733 237 710 237 739 239 714 239 67
731 270 699 269 737 275 705 275 41
730 275 700 275 737 281 706 281 26
727 325 679 325 737 341 681 341 18
746 31 738 30 747 27 739 26 101
746 39 738 38 747 35 739 34 172
742 80 733 79 743 77 734 76 43
742 106 734 105 743 103 734 103 153
744 104 736 103 745 101 736 101 227
742 113 734 113 743 111 734 111 99
744 115 736 115 745 113 736 112 190
742 123 734 123 743 121 735 121 248
744 127 736 127 745 125 736 125 151
744 133 736 133 745 131 737 131 136
741 197 718 197 747 197 723 197 103
738 240 709 241 743 243 718 243 81
750 52 742 52 751 49 743 48 62
750 86 741 85 751 83 742 83 74
747 90 739 90 749 87 740 87 181
750 100 742 99 751 97 743 96 114
750 120 742 118 751 117 743 116 107
750 123 742 123 751 121 743 121 248
752 137 743 136 753 135 744 134 159
749 176 737 175 751 175 739 174 6
745 188 725 189 751 189 725 189 71
742 193 721 193 749 193 726 193 90
745 223 720 223 751 225 725 225 215
743 225 718 225 749 227 723 227 115
744 251 719 253 751 257 719 256 24
746 261 720 261 753 265 727 266 19
745 265 717 264 751 269 723 269 21
756 42 748 42 757 39 749 38 35
758 38 750 38 759 35 751 34 64
754 56 746 56 755 53 747 52 58
758 82 749 81 759 79 751 79 81
756 123 748 123 757 121 749 121 142
754 129 746 129 755 127 747 127 210
758 135 749 135 759 133 751 132 88
756 151 747 150 757 149 749 149 131
753 173 741 172 755 171 743 171 10
757 174 745 174 759 173 747 172 4
749 212 724 212 755 213 729 213 183
750 263 722 262 757 267 727 266 24
743 343 690 343 759 363 700 363 73
740 341 687 341 755 361 696 361 52
742 339 689 339 757 359 698 359 73
762 23 754 22 763 19 755 19 93
760 52 752 51 761 49 753 48 71
762 114 753 117 763 113 754 115 177
764 127 756 126 765 125 757 124 171
762 129 753 129 763 127 755 127 121
760 137 751 137 761 135 753 133 157
764 141 756 141 765 139 757 139 161
761 172 749 172 763 171 751 171 10
757 195 734 195 763 195 739 195 113
755 208 732 208 763 209 738 209 194
758 225 733 225 765 227 739 227 125
754 227 729 227 761 229 735 229 140
756 225 731 225 763 227 737 227 391
757 262 731 263 765 267 736 267 17
755 266 725 264 763 271 733 271 25
755 270 728 271 763 275 731 274 21
752 273 725 274 761 279 730 279 21
770 21 762 20 771 17 763 16 34
768 103 759 103 769 101 761 100 266
768 119 760 119 769 117 761 117 349
770 123 761 123 771 121 763 121 171
768 131 759 131 769 129 760 129 124
766 137 758 137 767 135 759 135 170
768 145 760 144 769 143 761 142 239
768 151 760 150 769 149 761 149 221
770 152 761 152 771 151 763 150 306
769 159 759 158 771 157 760 156 160
765 182 753 181 767 181 755 181 33
768 185 756 185 771 183 758 183 31
763 229 738 229 771 231 745 231 100
762 225 737 225 769 227 742 227 98
764 245 740 244 771 247 745 247 38
761 256 737 256 769 259 743 259 24
761 265 733 265 771 271 741 271 17
757 280 726 280 767 287 733 286 19
760 284 727 282 771 291 736 290 16
771 40 763 40 773 37 765 36 146
773 45 765 44 775 41 767 40 134
776 60 767 60 777 57 769 57 134
775 101 767 101 777 99 769 99 150
776 111 768 111 777 109 769 109 434
772 115 763 115 773 113 765 113 193
772 123 763 123 773 121 765 121 161
774 127 766 127 773 125 767 125 161
772 155 764 154 773 153 764 155 182
774 151 765 150 775 149 767 149 331
776 158 768 158 777 157 769 157 273
770 190 759 190 773 189 761 189 61
768 214 744 214 775 215 750 215 267
768 225 743 225 775 227 749 227 146
765 263 739 262 775 267 746 267 15
767 273 739 274 777 279 746 279 29
766 277 734 276 775 283 741 282 25
765 280 733 280 775 287 741 287 19
767 282 735 282 777 289 743 289 18
758 335 708 335 775 353 718 353 16
778 24 770 24 779 21 771 20 42
778 20 770 20 779 17 771 16 64
777 47 769 46 779 43 771 42 94
779 56 772 56 781 53 773 53 201
778 104 769 103 779 101 771 101 301
779 111 771 111 781 109 773 109 243
780 178 768 178 783 177 771 177 30
776 176 763 176 779 175 766 174 40
777 213 752 212 783 213 756 212 165
771 214 747 214 779 215 751 214 312
775 220 750 220 783 221 757 221 129
775 229 750 229 783 231 756 231 89
772 242 748 242 779 245 753 245 27
772 249 748 249 779 253 754 253 14
772 259 745 258 779 263 754 263 23
775 266 745 265 783 271 753 270 15
768 278 738 279 779 285 744 284 28
761 330 712 330 781 349 721 348 16
766 337 715 337 783 355 726 355 27
764 337 713 337 781 355 724 355 20
788 37 780 36 789 33 781 32 60
785 47 777 46 787 43 779 42 81
783 72 775 71 785 69 776 68 281
787 80 778 79 789 77 780 76 164
785 101 777 101 787 99 778 98 177
783 99 775 99 785 97 777 96 286
785 122 777 121 787 121 778 119 173
787 123 778 121 789 121 780 119 336
785 131 775 132 787 129 778 129 195
784 129 775 128 785 127 777 127 399
785 139 775 142 787 137 777 139 181
785 208 772 206 787 207 778 207 202
779 227 754 227 787 229 761 229 73
779 233 754 233 787 235 761 235 47
781 262 752 263 789 267 755 267 21
778 276 747 277 789 283 755 283 15
778 284 745 284 789 291 755 292 23
771 333 720 333 787 351 726 350 21
791 56 783 56 793 53 784 52 242
791 115 781 119 793 115 783 117 192
789 203 777 203 793 201 786 200 29
790 226 772 226 795 227 776 227 76
783 239 759 238 791 241 767 239 27
783 283 749 282 793 289 757 289 24
780 286 747 286 791 293 755 293 23
785 293 749 293 793 299 756 299 23
799 52 790 51 801 49 792 48 143
797 58 789 58 799 55 791 54 310
796 133 786 133 799 131 789 130 232
798 152 788 155 801 151 791 150 29
796 172 784 171 799 171 787 170 90
793 205 774 205 799 205 780 205 15
793 228 774 228 799 229 780 229 24
786 273 759 273 797 279 769 280 19
787 280 755 280 799 287 764 287 19
784 283 751 283 797 291 761 291 22
781 336 727 335 801 355 744 355 23
779 340 729 340 799 359 741 359 33
805 20 797 19 807 17 799 16 194
801 28 793 28 803 25 795 24 71
804 39 796 38 805 35 797 34 71
803 48 794 47 805 45 797 44 145
801 48 789 46 803 45 794 44 146
802 88 792 87 805 85 794 85 51
800 103 790 99 803 99 793 98 45
800 107 790 105 803 103 793 101 110
803 130 792 131 805 129 795 128 13
802 127 792 127 805 125 795 125 75
803 132 792 133 805 131 795 130 66
804 148 794 148 807 147 797 147 30
802 146 792 146 805 145 795 145 79
804 170 794 170 807 169 797 168 47
803 176 792 176 805 175 795 175 70
798 233 779 233 805 235 785 235 16
790 297 755 298 805 307 765 307 20
783 341 732 342 803 361 746 361 41
806 90 796 89 809 87 799 86 54
810 159 800 155 813 157 802 159 78
808 172 798 172 811 171 801 171 44
806 176 796 176 809 175 798 175 51
806 189 789 189 813 189 795 189 63
804 187 788 188 811 187 793 187 87
804 193 787 193 811 193 793 193 38
802 204 783 204 809 205 789 205 15
803 224 783 223 809 225 789 225 12
788 341 735 341 809 361 750 361 33
817 48 809 45 819 45 806 47 171
814 115 803 115 817 113 804 113 35
816 145 805 144 819 143 809 143 41
814 161 803 163 817 159 806 159 48
816 158 805 155 819 157 808 155 45
816 170 805 170 819 169 807 168 68
811 176 801 176 815 175 804 175 65
814 174 803 174 817 173 806 173 70
811 204 790 204 819 205 797 204 9
808 224 787 223 815 225 794 225 8
808 269 774 271 819 277 781 279 8
819 66 806 66 821 63 810 62 35
821 109 810 109 825 107 813 106 73
811 195 795 195 821 195 802 195 24
815 199 794 199 823 199 802 198 29
817 197 796 197 825 197 804 197 26
815 210 794 209 823 213 801 211 5
806 307 766 307 823 319 780 319 20
807 315 767 316 825 327 779 327 16
825 145 813 147 829 145 817 143 80
822 193 801 193 831 193 808 193 22
818 210 796 209 827 211 804 211 4
817 269 782 272 831 277 793 277 10
812 317 768 316 829 329 782 328 16
829 51 818 50 833 47 822 46 89
835 67 819 68 835 65 819 66 8
829 105 817 105 833 103 821 102 31
832 109 819 109 835 107 824 106 29
828 134 817 136 833 133 821 133 11
832 143 820 142 837 141 824 141 45
828 141 817 140 833 139 821 138 25
827 235 807 236 837 237 813 236 12
824 231 802 230 833 233 814 233 11
822 258 796 257 833 263 807 261 7
822 278 790 278 837 285 802 285 8
820 276 785 276 833 283 797 282 13
817 298 780 299 835 309 793 309 27
818 311 777 311 837 323 792 323 29
816 320 774 321 837 335 788 333 17
836 139 823 138 841 137 828 137 32
834 141 822 140 839 139 826 139 76
836 172 824 172 841 171 828 171 54
833 184 812 183 843 183 819 183 29
831 193 808 193 841 193 817 193 16
831 219 808 219 841 221 816 220 6
829 278 797 278 843 285 813 285 9
824 282 792 282 839 289 803 289 11
827 284 792 284 843 293 807 294 10
822 307 780 306 839 317 795 317 37
822 319 779 319 843 333 794 332 20
843 137 831 136 847 135 835 133 132
840 139 828 138 845 137 831 137 52
840 169 828 168 845 167 832 169 61
833 245 810 244 847 249 823 249 7
827 305 785 303 847 317 801 315 28
824 325 779 324 845 339 795 339 15
848 96 835 96 853 93 835 93 185
846 139 833 138 851 137 838 137 137
848 168 835 167 853 167 841 166 111
844 248 819 248 855 251 830 251 6
837 277 801 273 853 283 819 284 9
837 287 801 286 853 295 814 293 11
838 291 804 290 855 299 818 298 9
852 139 838 141 857 137 849 135 167
843 183 823 183 857 183 833 183 54
847 185 825 185 859 185 834 184 31
845 205 821 203 857 205 831 204 11
845 225 821 224 857 227 831 227 9
846 244 821 242 857 245 834 245 9
837 322 793 323 859 337 811 338 27
850 31 825 30 865 21 839 21 237
859 145 847 144 865 143 858 142 147
852 200 828 197 865 199 838 200 16
852 203 827 201 865 205 840 206 17
855 212 829 210 867 213 841 214 18
850 249 826 249 863 253 838 253 10
849 289 813 287 865 295 829 296 5
845 294 807 293 863 303 823 303 7
840 321 796 321 863 335 815 335 24
856 213 831 213 869 215 842 215 19
860 252 834 251 873 255 846 255 8
847 330 803 333 873 347 819 345 26
861 179 835 179 875 179 848 179 54
861 181 836 181 875 181 847 180 62
863 218 837 217 877 219 850 217 8
863 243 837 243 877 247 849 247 5
861 247 835 247 875 251 848 251 5
859 289 822 289 879 299 840 298 7
857 302 818 302 879 313 835 313 8
857 300 817 300 879 311 835 311 16
869 194 843 191 883 195 855 195 25
869 196 843 195 883 197 855 198 22
867 214 841 215 881 217 853 219 7
867 220 841 220 881 223 853 222 5
868 254 841 254 881 259 854 257 8
869 253 843 253 883 257 855 257 14
868 258 842 259 883 263 855 263 15
861 306 821 306 883 317 841 317 11
858 321 809 321 883 335 828 336 23
856 325 811 326 881 341 830 341 17
873 256 847 255 887 259 859 259 7
871 264 837 263 887 269 855 270 18
867 302 828 302 889 313 847 313 12
867 311 819 315 891 327 845 327 12
856 335 806 334 887 355 833 356 27
859 338 810 338 889 357 835 358 28
890 32 875 31 897 27 882 26 78
863 340 813 340 893 359 837 359 24
894 30 878 30 901 25 887 24 55
893 36 879 35 901 31 886 30 54
892 36 877 35 899 31 884 30 51
894 61 880 60 901 57 887 56 131
896 147 882 151 903 147 889 149 303
891 157 880 160 899 157 887 159 293
896 156 882 156 903 155 889 154 247
886 188 863 186 903 187 874 187 41
888 215 859 215 903 219 872 220 11
886 223 858 222 903 225 872 225 7
884 219 855 219 901 221 871 220 10
884 225 854 224 901 227 871 227 12
887 236 859 236 903 239 874 238 8
884 252 855 252 901 255 871 256 9
886 254 857 254 903 259 875 259 11
883 262 853 261 901 267 871 267 12
883 292 846 291 903 301 864 299 9
870 338 820 339 899 357 844 357 35
897 97 884 93 905 93 891 92 232
898 180 885 180 905 179 892 179 145
888 195 860 195 905 195 876 196 13
891 201 863 201 909 203 879 203 6
890 223 861 224 907 227 877 225 9
873 341 824 343 907 363 850 364 42
908 141 894 141 915 141 901 143 200
906 169 892 167 913 167 899 166 215
906 176 892 175 913 175 899 174 84
898 247 868 247 915 251 884 251 9
911 54 897 52 919 49 904 50 103
909 67 895 66 917 61 903 60 318
902 207 873 207 921 209 889 209 12
900 231 870 231 919 233 887 233 12
899 261 869 261 919 267 885 265 8
887 333 837 335 919 355 867 353 17
919 183 907 185 925 181 910 180 281
905 217 875 216 925 219 892 218 10
904 215 874 215 923 217 891 217 16
905 226 873 228 923 231 890 229 6
904 234 875 236 923 239 891 239 12
906 258 879 259 925 263 897 265 8
906 265 878 265 927 271 893 271 8
905 269 875 271 927 277 893 275 10
909 207 878 207 929 209 897 208 23
913 215 882 214 933 217 900 216 6
908 218 878 221 929 221 896 220 5
909 252 879 251 929 257 896 257 6
903 295 867 296 929 307 888 307 9
905 300 867 300 933 311 889 311 11
897 335 847 335 929 353 874 353 7
915 220 883 220 935 223 902 222 9
919 242 888 241 939 247 905 247 10
918 249 886 249 939 255 904 255 13
919 261 887 261 939 267 907 267 17
917 258 885 257 937 263 904 263 7
910 299 871 298 937 309 894 309 10
909 302 871 304 937 315 894 315 7
903 339 853 340 937 359 881 359 10
933 127 916 125 945 121 927 119 93
931 143 914 143 943 139 925 137 128
933 173 915 173 943 173 931 172 466
922 228 889 227 943 231 910 231 6
920 295 883 293 945 305 904 303 10
935 63 917 62 947 59 929 58 94
939 73 921 73 951 65 933 66 103
935 83 918 80 947 77 929 75 137
938 178 920 177 949 177 931 177 132
928 255 895 253 951 259 916 259 11
941 83 924 79 953 77 935 75 189
941 127 923 127 953 125 935 123 124
933 234 900 234 957 239 921 239 14
932 240 899 239 957 245 921 245 8
932 250 899 250 955 255 919 255 10
932 252 899 252 955 257 919 257 12
934 258 903 256 957 263 923 263 10
934 273 901 273 957 279 922 279 19
930 271 895 272 953 277 918 277 14
932 277 898 276 953 283 917 283 10
949 45 929 45 959 41 941 39 30
948 143 930 141 961 141 941 140 39
950 171 931 174 963 173 944 172 32
949 174 930 175 961 175 943 173 38
951 182 932 181 963 181 944 181 27
938 235 904 235 963 239 926 239 10
940 267 907 268 963 275 929 273 10
936 275 904 275 959 281 927 283 15
955 82 936 81 969 77 950 76 51
953 95 931 95 967 93 946 91 28
954 127 935 127 967 125 948 124 40
956 134 937 135 969 131 950 131 35
954 163 936 165 967 163 948 163 61
956 172 938 169 969 171 950 169 45
939 280 907 279 965 287 929 287 11
942 283 907 283 967 291 931 290 8
960 59 941 59 973 57 954 55 40
960 171 941 171 973 171 954 170 74
960 178 941 177 973 177 954 177 49
947 276 912 276 971 283 934 283 13
962 125 944 125 977 123 957 122 37
965 130 947 129 981 127 963 126 39
964 169 945 169 977 169 958 168 45
952 279 917 280 979 287 941 287 14
954 287 918 285 979 293 940 291 8
975 77 953 77 987 73 964 73 71
972 82 952 81 987 77 967 76 40
973 123 947 123 983 121 962 119 53
971 167 953 168 987 169 966 167 72
973 90 953 89 989 85 967 84 15
976 128 958 127 993 125 969 125 45
976 174 956 173 991 173 970 173 60
960 286 926 286 989 295 953 297 8
981 74 961 73 997 69 976 68 54
983 78 959 78 999 73 976 73 65
982 131 962 130 997 129 976 131 45
980 167 960 169 995 169 974 169 66
969 259 933 258 999 267 960 267 12
969 256 931 256 997 263 959 262 7
966 262 929 261 995 269 957 270 7
967 276 933 275 997 283 958 282 7
969 283 933 283 997 291 958 291 8
987 50 967 49 1003 45 982 44 38
988 168 968 167 1003 167 983 167 92
993 169 970 169 1005 169 987 168 95
987 174 968 173 1003 173 982 173 52
991 184 975 184 1003 183 981 182 74
973 257 936 257 1003 263 963 264 8
975 262 937 262 1003 269 965 268 7
976 269 936 267 1003 277 965 277 12
972 271 935 272 1003 281 964 281 7
971 287 935 288 1001 297 961 297 9
994 23 973 23 1011 17 989 16 43
990 126 970 125 1007 123 986 122 42
992 124 972 123 1009 121 988 120 46
993 181 972 181 1009 181 987 181 27
977 256 940 256 1009 263 968 263 12
977 279 939 278 1007 287 968 287 12
998 107 977 106 1015 103 993 102 13
996 110 975 109 1013 105 992 105 11
1000 116 978 116 1017 113 995 111 13
983 255 946 254 1015 261 974 260 12
981 274 944 275 1013 283 973 283 8
982 289 944 289 1015 299 973 299 8
1004 113 983 109 1021 109 999 108 9
986 245 947 245 1019 251 977 251 10
988 256 950 256 1021 263 977 261 6
990 276 952 276 1021 285 981 285 8
987 273 949 275 1019 281 975 281 11
990 281 952 280 1023 289 981 289 12
990 289 951 289 1023 299 981 299 9
1012 61 990 61 1027 57 1009 55 17
1009 132 989 129 1029 127 1006 127 6
1007 146 984 147 1025 145 1002 145 11
1010 183 983 180 1029 181 1002 183 12
995 251 956 250 1029 257 987 256 14
991 254 952 254 1025 261 983 261 10
991 260 953 261 1025 267 983 268 12
1014 26 992 25 1033 19 1010 17 18
1012 37 990 38 1031 31 1009 29 12
1011 141 990 142 1031 141 1008 139 7
999 261 960 262 1035 269 992 269 6
997 281 959 282 1031 291 987 291 11
1018 131 996 133 1037 133 1017 135 17
1003 274 963 275 1037 283 994 282 10
1004 283 965 282 1039 291 997 291 7
1027 181 1004 181 1047 181 1023 181 22
1031 177 1008 177 1051 177 1028 177 29
1036 171 1013 171 1057 169 1033 171 53
1040 77 1017 76 1065 69 1041 68 8
1043 157 1020 157 1065 157 1041 156 83
1040 155 1017 155 1061 155 1037 156 68
1040 170 1017 169 1061 169 1037 168 67
1041 175 1017 175 1061 175 1037 175 57
1009 212 970 212 1063 221 1018 220 29
1045 177 1023 177 1069 177 1043 177 47
1025 331 975 331 1077 349 1018 350 10
1059 118 1036 117 1081 115 1057 114 108
1056 155 1032 155 1079 153 1054 153 159
1061 171 1034 171 1081 171 1055 171 97
1038 246 993 247 1081 255 1033 254 12
1063 62 1039 61 1087 55 1061 53 27
1062 89 1039 87 1087 83 1061 81 11
1041 245 996 246 1087 253 1037 253 10
1039 251 994 251 1085 259 1034 259 10
1043 249 999 249 1089 257 1040 257 14
1043 307 999 307 1087 321 1041 322 14
1039 310 996 311 1087 325 1035 324 4
1066 111 1042 110 1091 107 1065 106 43
1068 117 1043 116 1093 113 1067 112 51
1066 173 1042 173 1091 173 1065 172 55
1068 181 1043 181 1093 181 1067 181 19
1045 236 1001 236 1091 243 1042 242 8
1053 249 1008 249 1101 257 1051 257 11
1053 278 1007 278 1101 289 1050 289 10
1049 288 1003 287 1097 301 1047 301 9
1054 302 1009 302 1099 315 1049 315 13
1054 315 1010 316 1101 329 1053 331 10
1050 330 997 330 1101 349 1043 350 5
1054 217 1008 217 1103 225 1052 225 30
1056 226 1010 226 1105 231 1053 230 11
1056 236 1009 236 1105 243 1054 243 10
1054 231 1007 232 1103 239 1051 239 11
1056 281 1010 281 1105 293 1054 293 10
1053 334 1002 334 1107 353 1050 354 8
1050 336 1000 336 1103 355 1045 355 12
1059 241 1013 237 1109 247 1057 248 9
1062 248 1015 248 1111 255 1059 256 10
1061 246 1014 245 1111 253 1059 253 11
1063 303 1020 303 1111 317 1063 317 13
1066 281 1016 280 1115 293 1064 292 11
1065 289 1015 290 1117 303 1063 302 8
1065 294 1018 294 1115 307 1063 307 9
1066 291 1021 293 1119 305 1065 305 13
1073 202 1029 200 1125 205 1073 205 18
1071 233 1022 234 1123 241 1071 240 11
1071 262 1023 261 1125 271 1071 271 13
1068 279 1021 279 1121 291 1068 291 7
1079 203 1032 203 1129 207 1079 206 25
1075 201 1030 199 1127 203 1076 202 24
1075 206 1028 206 1127 209 1075 209 15
1074 240 1026 240 1129 247 1075 248 14
1078 242 1028 243 1131 251 1079 252 10
1077 254 1028 255 1131 265 1077 265 11
1078 295 1029 295 1131 309 1078 310 10
1074 293 1026 293 1127 307 1073 306 8
1079 312 1031 312 1131 327 1077 327 17
1081 225 1031 225 1137 231 1081 231 12
1081 278 1033 279 1137 291 1082 291 12
1083 223 1034 224 1139 229 1083 229 6
1085 243 1034 245 1139 253 1085 251 12
1084 271 1035 274 1141 285 1086 286 15
1085 283 1035 283 1139 295 1085 295 12
1084 289 1035 289 1139 303 1087 302 19
1090 310 1041 310 1141 325 1090 326 23
1085 323 1037 324 1139 339 1085 340 18
1085 323 1037 324 1141 341 1086 341 14
1093 199 1044 199 1147 201 1094 201 15
1089 219 1041 220 1149 225 1094 225 7
1087 243 1038 243 1145 251 1089 251 10
1088 258 1038 258 1145 269 1090 269 12
1088 269 1039 268 1145 279 1090 277 14
1089 281 1040 281 1145 293 1089 293 13
1090 289 1041 290 1147 303 1093 303 13
1090 294 1041 294 1145 307 1091 308 11
1091 303 1046 302 1147 319 1096 318 25
1095 192 1048 191 1151 195 1097 193 17
1097 212 1047 212 1155 217 1100 216 9
1093 214 1044 216 1151 219 1096 221 9
1094 246 1045 247 1153 255 1096 255 10
1095 284 1043 283 1153 301 1098 301 18
1095 312 1047 312 1153 329 1099 330 19
1091 341 1041 341 1153 361 1093 362 13
1100 197 1052 197 1157 199 1103 199 15
1096 255 1050 253 1157 265 1099 265 13
1103 288 1052 289 1161 303 1106 302 9
1102 296 1052 295 1159 311 1103 311 11
1100 305 1048 306 1157 321 1102 322 11
1100 318 1050 318 1159 335 1103 336 17
1099 331 1050 332 1157 351 1099 350 11
1106 220 1055 220 1165 227 1109 226 6
1104 224 1053 225 1163 231 1108 231 9
1103 259 1051 259 1163 269 1107 269 9
1106 267 1057 268 1167 279 1111 280 13
1105 295 1054 295 1163 309 1108 309 9
1106 300 1056 300 1167 315 1109 314 14
1104 302 1055 303 1163 319 1108 318 7
1105 307 1056 307 1165 323 1109 323 14
1107 314 1055 314 1165 331 1109 329 21
1105 320 1054 321 1163 337 1108 338 19
1110 203 1062 203 1171 207 1116 207 12
1111 259 1060 259 1171 269 1117 268 12
1111 265 1060 264 1173 273 1115 275 13
1108 284 1059 284 1169 297 1113 297 8
1111 327 1063 323 1171 345 1115 345 16
1109 330 1061 331 1171 349 1119 349 15
1119 193 1068 192 1177 195 1122 194 23
1116 190 1068 190 1175 193 1123 191 21
1115 197 1067 197 1175 199 1121 199 18
1114 232 1063 231 1175 237 1119 236 9
1115 237 1067 237 1177 245 1124 245 17
1117 266 1067 266 1179 277 1123 278 9
1117 304 1069 303 1177 321 1121 322 13
1117 319 1072 320 1179 339 1124 337 13
1113 334 1065 333 1175 353 1120 354 14
1125 199 1074 198 1185 201 1130 201 17
1120 212 1070 212 1183 217 1126 216 7
1126 240 1078 239 1185 247 1136 245 13
1122 258 1071 257 1185 267 1128 268 11
1121 263 1072 264 1185 275 1128 275 12
1123 293 1075 291 1185 307 1129 307 8
1127 277 1079 274 1189 289 1133 287 15
1128 286 1075 286 1189 299 1135 301 10
1122 330 1071 331 1187 349 1129 350 14
1134 232 1085 231 1193 239 1141 238 16
1131 259 1080 259 1197 271 1140 271 12
1129 326 1077 327 1193 345 1133 346 10
1136 207 1085 207 1201 211 1144 211 19
1133 240 1083 241 1199 249 1141 249 11
1136 300 1086 300 1199 315 1145 316 9
1141 205 1093 206 1207 209 1153 210 26
1140 223 1093 222 1205 229 1150 230 19
1142 330 1091 327 1207 349 1150 350 13
1147 202 1098 202 1211 205 1157 205 37
1151 207 1102 207 1215 209 1161 209 29
1152 214 1101 213 1219 217 1164 219 20
1155 333 1105 334 1221 353 1162 354 13
1161 198 1112 199 1227 199 1175 198 58
1156 216 1107 215 1223 221 1167 221 14
