139 325 91 324 83 337 24 337 68
144 315 93 315 89 325 35 324 32
146 322 97 321 91 333 36 332 48
150 320 101 319 97 331 41 330 56
178 307 134 306 131 315 81 314 50
179 316 133 315 131 325 80 324 51
186 311 142 310 139 321 88 320 47
186 317 140 316 137 327 86 326 49
189 303 144 303 143 311 95 310 40
189 307 145 306 143 315 95 314 51
190 307 144 307 145 315 97 314 53
197 167 155 167 155 159 109 159 139
201 164 159 164 159 157 113 157 199
201 172 160 172 159 165 113 165 127
203 168 161 168 161 161 115 161 230
209 315 163 314 163 325 109 324 31
212 45 170 45 171 25 125 25 112
210 53 168 53 169 33 123 34 188
212 56 170 55 171 37 125 37 189
209 98 168 98 169 79 123 79 21
208 135 166 136 167 125 121 126 253
209 297 169 296 169 303 122 303 37
210 301 170 300 171 307 127 306 42
214 133 175 133 177 123 131 123 213
214 299 173 298 175 305 130 304 27
216 40 174 40 179 21 132 21 118
218 82 177 82 181 67 136 67 31
223 289 181 289 183 295 137 295 19
225 130 182 130 185 119 139 119 125
223 143 185 144 187 135 145 134 201
221 148 183 148 185 139 143 139 215
223 292 182 292 187 297 141 297 41
223 297 181 297 185 303 137 303 29
228 300 186 300 189 307 143 307 26
232 317 185 316 189 327 137 326 35
227 71 187 71 191 55 147 55 65
228 135 189 135 191 125 147 125 207
229 150 191 150 193 141 149 141 183
227 162 187 162 193 155 147 155 197
229 262 190 259 193 265 150 265 191
235 320 187 320 191 331 146 330 60
237 58 197 58 201 41 159 42 96
235 69 196 69 199 53 159 54 58
231 164 191 164 201 157 165 157 73
227 169 188 169 197 163 155 163 106
226 175 186 175 197 169 147 169 55
235 276 196 276 201 279 158 279 102
240 322 192 321 197 333 143 332 29
234 147 200 148 203 139 165 139 129
239 153 203 153 207 145 167 145 136
240 263 203 263 207 265 168 264 282
238 269 201 268 205 271 166 270 210
243 282 200 283 207 287 167 286 40
241 290 203 290 207 295 163 295 23
242 307 199 306 203 315 155 314 27
242 71 204 71 213 57 172 57 69
242 270 205 270 209 273 172 272 142
246 281 207 281 213 285 170 285 60
245 281 206 281 211 285 169 285 79
246 285 208 285 213 289 174 288 43
244 287 204 287 211 291 168 291 42
251 305 205 305 211 313 164 311 22
246 77 209 77 217 63 176 63 123
250 140 215 140 219 131 181 131 84
246 149 211 149 215 141 177 141 82
245 251 210 250 215 251 177 250 157
247 289 211 288 215 293 175 292 43
252 309 209 308 215 317 165 317 24
251 169 217 169 223 163 177 163 295
246 175 209 175 221 169 173 169 58
254 279 216 279 221 283 179 283 36
260 297 216 297 225 303 174 304 47
257 61 223 62 227 45 189 46 148
257 71 222 71 229 55 190 56 267
252 175 217 175 229 169 187 169 33
260 281 222 281 227 285 186 285 36
257 285 223 285 227 289 189 288 33
259 286 221 286 229 291 186 290 32
266 319 220 318 227 329 175 329 34
263 63 229 63 235 47 197 48 120
267 274 233 273 237 277 200 276 34
267 280 232 279 237 283 199 282 45
267 292 227 291 237 295 195 295 44
263 165 231 165 239 159 199 159 76
274 292 235 292 243 297 201 296 29
278 306 235 305 243 313 195 313 30
272 167 239 167 245 161 208 161 79
272 173 239 173 245 167 208 167 75
273 288 235 288 245 293 200 292 36
280 301 237 300 247 307 197 308 38
282 317 236 316 245 327 194 326 29
283 320 237 319 245 331 194 330 30
281 269 247 269 251 273 215 272 65
279 280 244 280 251 283 214 283 53
284 306 241 305 251 313 203 312 20
287 310 243 309 251 319 209 321 49
296 339 243 338 255 355 195 354 41
297 344 243 344 255 361 194 360 60
284 269 249 269 257 271 223 270 24
283 275 249 274 257 277 221 277 31
288 295 248 295 257 301 213 301 33
292 299 252 298 261 305 216 305 24
289 267 255 267 263 269 229 268 27
291 275 259 274 265 277 227 277 37
294 297 255 296 263 303 220 302 33
299 304 257 303 267 311 220 311 35
298 306 256 305 265 313 218 313 29
307 339 255 339 267 355 208 354 62
295 272 263 271 271 273 235 273 35
296 278 262 278 269 281 232 281 53
297 281 260 282 269 285 231 285 43
298 291 262 290 273 295 232 294 33
299 301 254 301 269 307 225 306 41
298 299 259 298 269 305 223 305 24
299 270 267 269 275 271 240 271 38
303 271 270 271 279 273 243 273 39
299 273 267 272 275 275 239 275 49
307 288 267 288 277 293 237 292 30
304 294 267 293 277 299 235 299 33
311 287 274 286 285 291 244 291 25
317 169 288 169 297 163 266 163 56
317 175 288 175 297 169 266 169 81
317 263 289 262 297 263 265 263 58
318 284 283 283 295 287 255 287 33
322 300 281 300 293 307 248 306 29
324 307 293 306 295 315 258 315 60
321 90 292 90 301 79 270 79 137
319 93 290 97 299 83 268 81 108
323 117 293 117 303 107 271 105 30
321 141 292 141 301 133 270 133 169
319 145 290 147 299 141 268 139 185
321 156 292 156 301 149 270 149 212
319 173 290 173 299 167 268 167 92
321 261 292 260 301 261 269 261 49
321 264 291 264 299 265 267 265 48
323 273 291 272 299 275 267 275 43
327 279 293 278 303 281 266 281 39
327 285 292 285 303 289 263 289 21
328 98 301 98 309 87 278 87 188
326 103 299 103 309 93 279 93 116
328 139 300 139 307 131 276 131 194
325 146 298 147 307 139 278 140 417
324 154 296 154 305 147 274 147 425
325 156 298 156 307 149 278 149 341
327 177 299 177 307 171 276 171 97
330 254 299 255 309 255 280 254 28
328 266 297 266 307 267 277 266 47
327 271 295 271 305 273 272 272 43
333 91 305 91 311 79 279 79 169
332 105 305 105 315 95 286 95 116
327 121 298 123 311 115 282 115 56
329 148 302 149 311 141 282 143 322
332 144 305 144 315 137 286 137 386
332 150 306 150 315 143 287 142 385
336 173 310 173 315 167 285 167 66
333 173 307 173 313 167 285 167 98
329 178 301 178 313 173 281 173 118
333 233 306 233 315 231 286 231 192
331 231 304 230 313 229 283 229 268
333 264 303 264 313 265 281 265 54
329 263 299 263 311 263 279 263 39
339 283 302 283 315 287 275 287 35
337 283 301 283 313 287 275 286 39
333 31 305 31 317 17 285 16 87
335 93 310 94 319 83 289 83 117
336 141 310 141 317 133 287 133 277
336 146 310 146 319 139 291 139 288
334 154 308 154 317 147 289 147 322
335 227 311 226 317 225 288 225 120
336 253 308 253 317 253 283 254 93
335 261 308 260 317 261 286 261 39
336 259 306 259 317 259 287 259 28
342 271 309 271 321 273 287 273 37
337 268 309 267 317 269 284 269 44
338 275 306 274 317 277 282 276 40
343 101 317 101 327 91 300 91 163
339 110 314 113 323 101 296 101 72
343 125 318 126 327 117 300 118 20
341 121 316 121 325 113 297 113 64
341 131 316 131 325 123 298 123 40
339 142 313 142 323 135 296 135 178
343 169 317 169 325 163 295 163 85
347 268 317 267 327 269 294 269 27
347 282 313 281 325 285 287 285 41
347 277 311 278 323 281 287 280 65
349 289 314 288 327 293 286 293 39
347 39 322 40 331 25 304 26 138
349 41 321 40 333 27 303 26 117
347 97 321 97 331 87 304 87 85
341 252 313 252 331 249 303 249 43
346 249 321 248 333 247 305 247 35
343 255 316 255 331 253 302 253 37
351 287 313 286 329 291 287 290 31
354 33 328 33 339 19 311 19 244
352 36 327 37 337 23 310 24 319
352 171 327 171 337 165 311 165 180
350 173 325 173 335 167 308 167 107
352 176 327 176 337 171 311 171 138
354 254 328 254 339 253 314 252 44
359 267 327 267 339 269 306 268 23
355 267 325 267 335 269 302 269 23
358 292 320 292 335 297 294 296 33
360 253 332 254 343 253 315 253 45
361 259 335 258 345 259 319 257 24
358 257 334 256 341 257 317 255 35
361 262 332 262 343 263 312 263 20
364 283 329 283 343 287 306 287 30
364 291 328 290 343 295 303 295 31
367 293 329 293 343 299 301 299 39
365 126 341 126 351 117 326 118 119
363 129 339 129 349 121 323 119 72
365 163 341 165 351 159 326 157 165
365 170 341 173 351 165 326 167 308
365 190 341 191 351 187 326 185 147
365 200 341 201 351 197 326 196 157
363 211 339 210 349 207 324 207 185
365 227 341 227 351 225 326 223 74
365 234 341 233 351 231 326 232 75
363 244 339 244 349 243 324 242 77
363 242 339 242 349 241 323 242 56
363 248 339 248 349 247 323 247 61
364 255 338 255 347 255 318 255 36
369 276 337 276 351 279 316 279 45
369 278 331 278 349 281 312 281 32
367 42 343 40 353 29 327 31 97
367 53 343 53 353 37 327 35 96
370 120 347 119 357 111 332 111 102
370 124 347 125 357 117 332 117 97
367 129 343 129 353 119 328 121 87
367 139 343 139 353 131 328 132 91
369 155 345 154 355 147 331 146 342
371 167 347 169 357 163 332 164 101
367 173 343 172 353 167 328 168 87
367 188 343 189 353 185 328 185 92
371 191 347 191 357 187 332 187 121
369 205 345 205 355 201 330 201 164
367 207 343 206 353 203 328 203 216
367 217 343 218 353 215 328 215 173
371 229 347 227 357 225 332 225 110
367 229 343 229 353 227 328 227 31
371 232 347 233 357 231 332 230 28
367 239 343 236 353 235 328 235 35
367 244 343 244 353 243 328 243 49
371 242 347 242 357 241 332 241 58
370 263 347 261 353 263 322 263 44
371 271 340 271 353 273 319 273 29
374 268 345 267 357 269 324 269 42
377 284 343 283 357 287 319 286 41
378 292 341 292 357 297 317 297 44
378 310 335 309 353 319 306 318 79
374 211 351 211 361 207 336 207 186
372 209 349 209 359 205 334 205 122
372 218 349 218 359 215 334 215 159
377 244 355 244 363 243 338 243 43
373 241 353 240 361 239 337 239 60
373 246 349 246 359 245 336 244 46
375 260 347 260 359 261 329 261 41
377 264 352 264 361 265 334 265 47
380 285 345 285 361 289 323 289 49
382 290 345 290 361 295 320 295 44
385 297 346 297 363 303 319 303 59
383 308 336 310 359 317 311 317 77
384 314 342 313 361 323 312 323 103
375 207 351 207 365 203 341 203 111
377 211 355 211 369 207 346 207 140
379 239 356 239 367 237 343 237 50
383 242 358 243 369 241 345 241 25
384 262 356 262 369 263 339 262 38
384 271 352 271 367 273 333 273 45
389 277 354 279 369 283 333 283 35
389 310 345 310 365 319 317 319 90
385 255 359 255 371 255 341 255 23
390 269 359 269 373 271 339 271 30
390 275 359 274 373 277 339 277 34
395 311 354 310 373 319 328 318 90
392 66 372 67 381 55 358 55 74
392 115 371 115 381 107 358 107 168
392 126 370 126 381 119 358 119 154
391 170 370 170 381 165 358 165 46
387 205 368 205 381 201 358 201 98
389 201 367 201 381 197 357 197 30
392 216 371 216 381 213 359 213 236
392 229 371 229 381 227 359 227 84
395 266 365 265 379 267 347 267 32
394 269 363 269 377 271 344 271 27
394 273 362 273 377 275 343 275 35
399 285 363 285 381 289 342 289 68
399 288 362 288 379 293 340 293 56
396 68 373 67 385 57 364 58 69
394 174 373 174 383 169 360 169 45
397 178 377 178 387 173 365 173 77
393 197 371 197 387 195 363 193 22
397 203 374 203 387 199 363 199 46
394 214 373 214 383 211 361 211 261
397 216 377 216 387 213 366 213 242
396 218 375 218 385 215 363 215 166
396 223 375 226 385 223 364 222 119
398 231 376 232 387 229 366 229 200
400 253 375 253 387 253 360 253 24
396 257 370 257 383 257 354 257 23
401 273 368 273 385 275 351 275 20
400 281 365 281 383 285 346 285 33
402 280 367 280 385 283 348 283 42
405 294 368 293 387 299 346 299 69
407 298 368 298 387 305 345 304 98
399 115 379 115 389 107 367 107 126
403 117 384 117 393 109 372 109 95
401 126 383 125 391 119 371 119 190
399 170 380 170 389 165 368 165 40
401 199 382 199 393 195 372 195 29
400 207 381 207 391 203 372 203 95
401 220 381 221 391 217 370 217 181
400 237 379 237 389 235 367 235 81
401 246 378 246 389 245 365 245 35
406 262 379 262 393 263 363 263 26
407 268 379 267 393 269 361 269 35
409 292 374 291 391 297 350 297 72
410 297 373 296 391 303 348 303 72
413 300 372 301 393 307 350 307 76
407 303 369 302 389 309 347 308 80
412 306 373 305 393 313 349 313 88
405 170 383 170 395 165 373 164 47
404 176 385 176 395 171 374 171 58
408 229 389 229 397 227 377 227 51
405 235 385 235 395 233 374 233 36
407 243 385 242 395 241 372 241 27
406 248 382 248 395 247 369 247 22
415 269 385 269 399 271 367 271 33
412 283 378 283 395 287 358 287 41
407 195 387 195 401 193 379 191 23
413 201 393 201 405 197 386 197 44
409 201 387 201 401 197 382 197 24
408 207 389 207 401 203 380 203 36
415 239 395 239 405 237 382 237 37
416 246 394 246 405 245 381 245 47
417 250 392 249 405 249 379 249 44
413 254 388 254 403 253 376 253 39
417 273 385 273 403 275 369 275 37
419 280 386 280 403 283 367 283 62
422 292 385 292 405 297 365 297 73
422 301 385 300 405 307 363 307 73
424 313 381 312 405 321 357 321 28
423 318 381 317 405 327 356 327 21
413 195 395 195 409 193 387 191 28
415 205 397 205 409 201 390 201 76
419 248 396 248 409 247 390 249 75
418 256 393 255 407 255 379 255 18
419 259 389 259 407 259 378 259 27
421 257 395 257 409 257 381 257 21
423 275 392 274 409 277 375 277 47
423 283 389 283 407 287 369 287 60
425 296 389 295 409 301 368 301 59
427 304 389 302 407 311 362 311 52
424 43 407 45 417 35 398 37 105
425 133 407 131 417 125 399 127 125
423 158 407 156 417 151 399 150 28
423 161 407 163 417 157 398 158 32
427 193 405 193 417 191 395 189 26
424 213 408 215 417 211 399 210 101
424 217 407 218 417 217 399 217 151
419 223 403 223 413 221 393 219 138
421 230 403 230 413 227 394 227 94
428 285 394 285 413 289 375 289 66
430 283 396 283 415 287 378 287 60
431 292 394 292 415 297 377 296 56
434 315 390 315 415 325 366 325 18
426 41 409 39 419 31 400 30 153
431 90 412 89 423 81 403 80 23
429 130 411 129 421 123 403 123 306
427 128 409 128 419 121 401 121 122
426 135 409 135 419 129 401 129 164
427 159 409 158 419 153 401 152 47
430 157 414 156 423 151 405 150 32
430 163 414 163 423 157 407 157 32
429 169 411 169 423 165 403 163 30
423 169 407 169 419 165 397 163 35
428 174 411 174 421 169 402 169 25
427 176 409 176 419 171 400 171 17
432 178 412 178 423 173 403 173 16
426 209 409 209 419 205 401 205 113
430 220 414 220 423 217 406 217 182
429 241 407 241 419 239 397 238 87
435 243 410 242 423 241 400 241 127
433 247 408 246 421 245 398 245 95
435 255 408 257 423 255 397 255 69
435 268 408 267 423 269 392 269 49
434 285 400 285 419 289 382 289 69
437 298 399 298 421 305 379 305 37
441 307 397 311 423 319 375 319 17
442 315 398 315 423 325 374 325 20
438 319 394 319 419 329 372 328 22
433 43 417 43 427 33 410 33 136
437 84 420 81 429 75 413 76 19
433 86 416 86 425 77 407 77 36
433 126 416 126 425 119 405 118 123
432 127 418 128 427 121 410 121 141
436 172 420 172 429 167 412 167 32
435 179 419 179 429 173 412 174 37
434 199 414 199 425 195 410 195 86
432 209 416 208 425 205 408 205 100
432 215 416 214 425 211 408 211 96
432 222 416 222 425 219 408 219 148
438 256 413 256 427 257 399 257 51
440 271 409 271 427 273 394 273 44
440 277 409 276 427 279 393 279 91
442 278 410 278 429 281 394 281 54
441 285 407 285 427 289 391 289 51
440 32 427 35 435 23 416 21 79
443 252 419 251 433 251 407 251 54
447 271 417 271 435 273 402 273 67
443 275 412 275 431 277 397 277 82
447 277 417 276 435 279 401 279 61
447 307 405 306 431 315 385 315 19
450 311 407 311 433 321 385 320 15
449 317 405 317 431 327 381 327 22
446 47 432 49 441 39 425 40 135
447 130 432 129 441 123 425 123 141
443 135 429 135 439 131 423 129 145
447 193 432 191 441 189 425 188 312
447 203 432 203 441 199 425 199 394
450 229 427 230 441 227 417 228 92
446 244 424 244 437 243 412 243 59
450 254 427 254 441 253 415 253 73
453 269 423 269 441 271 409 271 103
449 275 418 275 437 277 404 277 69
453 295 416 295 439 301 398 301 33
453 48 438 48 447 39 432 39 183
452 56 438 56 447 47 431 47 121
451 76 436 76 445 69 429 71 215
451 183 438 185 445 181 432 182 525
456 218 433 217 447 215 423 215 255
452 231 429 232 443 229 418 230 143
457 244 431 244 445 243 422 243 94
456 250 432 250 447 249 422 249 80
454 268 424 268 443 269 410 270 72
456 285 422 285 443 289 406 289 35
455 81 440 80 449 73 433 73 276
455 123 446 123 453 117 441 117 391
455 117 444 119 451 113 440 113 272
456 127 444 127 451 121 439 121 272
456 173 451 173 453 169 448 168 693
456 206 434 205 449 201 425 200 498
465 230 446 230 453 227 433 228 198
461 244 439 244 453 243 430 243 73
462 273 432 273 451 275 421 274 66
465 285 430 285 453 289 416 289 36
465 314 422 314 451 325 402 324 11
464 43 449 43 459 33 443 33 110
463 75 451 74 459 67 447 67 194
459 92 448 92 455 85 443 85 375
459 119 448 117 455 113 443 113 280
461 132 450 132 457 127 445 127 195
466 204 446 204 459 201 438 201 317
467 214 444 214 459 211 435 211 197
463 225 441 225 455 223 432 223 125
463 241 441 240 455 239 432 239 78
464 257 438 257 455 257 427 257 150
469 310 427 310 455 319 415 317 8
464 70 454 71 461 63 449 63 108
469 80 458 80 465 73 454 73 164
464 150 462 150 463 145 461 145 336
466 158 464 158 465 153 462 153 358
463 162 460 162 461 157 459 157 467
469 216 446 216 461 213 437 213 202
470 257 444 257 461 257 434 257 73
473 283 438 283 461 287 421 288 16
470 72 459 72 467 65 454 65 74
472 134 470 134 471 129 469 129 108
468 138 466 137 467 133 465 133 134
468 148 466 148 467 143 464 143 218
471 156 467 156 469 151 465 151 134
469 162 466 162 467 157 464 157 260
469 169 464 170 467 165 461 165 227
471 172 466 174 469 169 463 169 203
474 182 467 181 471 177 463 177 255
479 227 455 227 471 225 447 225 75
474 223 452 223 467 221 443 221 66
475 229 452 229 467 227 442 227 59
477 246 454 246 469 245 445 245 87
480 280 447 280 469 283 434 283 12
480 303 438 305 467 313 422 313 12
484 318 439 319 471 329 420 329 17
474 138 472 138 473 133 471 133 83
478 142 476 142 477 137 474 137 90
477 166 473 166 475 161 471 161 174
482 199 461 200 475 195 457 196 143
479 204 462 204 473 201 454 201 180
482 210 459 210 475 207 451 207 66
482 216 459 216 475 213 451 213 69
482 223 460 223 475 221 448 221 98
481 231 458 231 473 229 448 229 46
482 250 459 250 475 249 451 249 132
484 246 462 246 477 245 453 245 63
483 259 456 260 475 259 448 259 89
483 278 451 278 473 281 441 279 20
480 128 478 128 479 123 477 123 47
484 136 482 136 483 131 480 130 74
485 144 481 144 483 139 479 139 91
482 148 479 148 481 143 477 143 58
483 153 479 154 481 149 478 149 40
485 160 481 160 483 155 479 155 26
484 178 476 177 481 173 473 173 270
482 184 474 183 479 179 470 179 229
488 208 466 208 481 205 457 205 111
488 210 465 210 481 207 457 207 65
486 212 463 212 479 209 455 209 102
488 216 466 215 481 213 457 213 66
488 223 467 223 481 221 459 221 116
486 227 463 227 479 225 455 225 55
488 225 465 225 481 223 457 223 65
490 231 467 231 483 229 458 229 72
488 231 464 231 481 229 456 229 60
491 263 465 262 483 263 455 263 67
488 272 457 271 479 273 446 275 34
493 275 461 274 483 277 449 276 12
490 311 447 312 479 321 429 321 13
492 315 448 314 479 325 430 324 16
492 316 448 316 479 327 430 327 14
490 112 487 112 489 107 486 107 93
490 117 487 118 489 113 486 114 108
490 130 487 130 489 125 486 125 71
490 136 487 136 489 131 486 131 65
491 152 487 152 489 147 485 147 51
487 156 484 156 485 151 481 151 61
489 168 485 168 487 163 483 163 95
487 166 483 166 485 161 481 161 92
487 175 481 176 485 171 477 171 159
495 193 475 193 489 189 470 189 119
493 212 471 212 487 209 465 209 150
494 227 471 227 487 225 463 225 93
496 223 473 223 489 221 465 221 110
496 229 473 229 489 227 465 227 58
492 257 466 258 485 259 457 258 48
493 270 464 268 485 271 453 270 22
498 271 465 272 487 275 452 273 15
495 285 461 284 485 289 448 288 13
499 289 462 288 489 293 449 293 10
497 296 458 297 487 303 445 302 11
494 102 491 102 493 97 489 98 61
492 110 489 110 491 105 488 105 89
494 128 491 128 493 123 490 123 100
495 144 490 144 493 139 489 139 87
495 148 491 148 493 143 489 143 32
493 156 489 156 491 151 487 151 30
496 157 492 157 495 153 490 153 21
493 170 489 170 491 165 487 165 85
500 185 483 185 495 181 478 181 329
502 243 478 244 495 243 471 243 35
502 262 476 262 495 263 467 263 18
498 265 474 264 491 265 464 266 14
505 285 471 285 495 289 456 289 17
505 290 469 290 495 295 456 295 14
505 314 462 313 493 323 445 323 15
498 94 495 94 497 89 493 89 63
498 100 495 100 497 95 494 95 111
502 102 499 102 501 97 498 97 91
498 106 495 106 497 101 494 101 117
498 124 495 124 497 119 493 119 84
503 142 497 141 501 137 496 137 170
503 154 498 154 501 149 496 149 61
505 189 484 189 499 185 478 185 153
503 210 480 210 497 207 473 207 153
505 227 482 227 499 225 474 225 93
507 233 485 233 501 231 477 231 100
503 250 480 250 497 249 473 249 28
506 258 481 258 499 259 470 259 29
515 281 482 280 501 285 472 283 26
508 110 505 110 507 105 503 105 83
508 122 505 123 507 117 502 117 42
511 208 487 207 505 205 480 205 264
509 212 486 212 503 209 479 209 298
513 219 490 219 507 217 483 217 133
509 229 486 229 503 227 479 227 67
514 260 486 260 507 261 478 261 12
513 283 479 283 505 287 467 287 20
514 288 477 288 505 293 466 293 24
515 297 476 296 505 303 463 303 22
517 293 485 293 507 299 469 299 32
515 96 511 96 513 91 509 91 122
512 100 509 100 511 95 507 95 62
513 118 508 118 511 113 506 113 46
511 142 506 142 509 137 504 137 54
511 148 506 148 509 143 504 143 56
514 206 492 206 509 203 486 203 201
518 210 497 210 513 207 490 207 258
518 223 496 223 513 221 489 221 126
515 255 491 255 509 257 484 255 22
517 267 491 267 511 269 483 267 16
521 288 487 288 513 293 474 293 25
521 304 475 305 511 313 465 313 13
523 311 480 311 513 321 465 321 17
521 311 478 311 511 321 462 321 19
516 102 511 102 515 97 510 97 83
520 110 515 110 519 105 514 105 72
516 114 511 114 515 109 510 109 43
518 122 513 121 517 117 512 117 86
520 120 516 120 519 115 514 115 87
517 127 513 126 517 121 512 121 121
520 126 516 126 519 121 514 121 69
521 134 516 134 519 129 514 129 62
520 130 516 130 519 125 514 125 57
518 132 514 132 517 127 512 127 63
520 138 516 138 519 133 514 133 76
519 136 514 136 517 131 512 131 81
521 142 516 142 519 137 514 137 78
516 150 512 150 515 145 510 145 68
519 154 514 154 517 149 512 149 32
517 158 511 157 515 153 510 153 33
521 166 516 166 519 161 514 161 21
516 169 514 169 517 165 503 163 79
522 208 501 208 517 205 496 206 216
520 212 498 212 515 209 492 209 204
524 237 502 237 519 235 496 235 84
520 242 498 242 515 241 492 241 62
523 256 497 256 517 257 490 257 21
523 264 491 267 515 267 483 267 18
526 273 496 272 519 275 487 275 16
523 294 485 293 515 299 477 300 18
526 302 481 303 515 311 471 310 21
526 122 522 122 525 117 520 117 48
526 128 522 128 525 123 520 123 72
527 136 522 136 525 131 520 131 65
525 144 520 144 523 139 518 139 79
523 152 518 152 521 147 516 147 44
524 157 520 158 523 153 518 153 49
527 175 522 175 525 171 520 171 112
527 198 508 199 523 195 502 195 232
525 204 506 203 521 201 501 200 255
529 202 510 202 525 199 505 199 300
525 229 506 229 521 227 501 227 119
527 231 508 231 523 229 503 229 117
528 241 508 240 523 239 502 239 62
531 271 501 271 525 273 492 273 14
527 274 498 275 523 277 489 278 12
532 104 527 104 531 99 526 99 41
528 116 523 116 527 111 522 111 49
530 112 525 111 529 107 524 107 36
528 126 524 126 527 121 522 121 61
532 157 528 158 531 153 526 153 31
529 167 524 167 527 163 522 163 40
531 181 515 179 529 177 508 178 145
530 191 513 193 527 189 509 189 168
530 195 513 195 527 191 509 191 191
534 197 517 197 531 193 513 193 244
533 204 514 204 529 201 508 201 216
534 208 518 208 531 205 513 205 134
530 212 514 212 527 209 509 209 157
533 267 503 268 527 269 495 269 9
533 273 504 272 527 275 495 275 18
535 283 501 283 529 287 488 289 18
534 290 495 290 527 295 483 293 18
536 295 496 295 529 301 488 301 15
536 92 532 92 535 87 530 87 60
534 90 530 90 533 85 529 85 53
534 96 530 96 533 91 529 91 54
534 103 529 102 533 97 528 97 57
538 106 533 106 537 101 532 101 72
536 112 532 112 535 107 530 107 54
534 116 529 116 533 111 528 111 53
536 120 531 119 535 115 530 115 61
534 134 530 133 533 129 528 129 41
534 152 530 152 533 147 528 147 36
535 165 530 165 533 161 528 161 38
538 173 533 173 537 169 532 169 46
538 181 523 185 535 177 518 179 124
540 197 525 197 537 193 522 193 273
536 202 519 201 533 199 515 199 221
536 206 519 206 533 203 515 203 164
538 213 521 213 535 209 517 209 119
538 225 521 225 535 223 517 223 71
540 230 524 229 537 227 520 227 40
537 253 513 253 535 253 509 253 10
541 304 501 304 535 313 494 315 29
543 64 532 65 539 59 534 59 12
542 96 539 96 541 91 537 92 67
542 124 538 124 541 119 536 119 58
543 154 538 155 541 151 536 151 35
541 157 536 157 539 153 534 153 29
542 167 537 167 541 163 536 165 37
544 193 529 193 541 189 525 189 203
546 191 531 191 543 187 527 187 188
542 191 527 191 539 187 523 187 179
546 197 531 196 543 193 527 193 179
542 216 533 215 539 213 529 213 150
544 239 525 238 541 237 520 237 28
544 253 519 253 541 253 514 253 18
546 263 517 264 539 265 510 265 17
545 282 513 282 541 287 503 287 16
547 296 509 296 541 303 499 303 25
550 299 511 298 543 305 501 305 22
549 312 506 311 543 321 495 321 16
546 110 541 110 545 105 540 105 60
548 114 544 114 547 109 542 109 53
546 120 542 120 545 115 540 115 63
548 122 543 122 547 117 542 117 77
546 128 541 128 545 123 540 123 63
548 142 543 142 547 137 542 137 85
551 181 543 181 547 177 539 177 47
546 177 541 177 545 173 540 173 42
551 197 544 197 549 193 542 193 142
550 201 543 201 549 197 541 197 101
551 205 541 205 549 201 539 201 39
551 235 533 235 549 233 529 233 23
549 252 525 251 549 251 518 249 12
550 285 515 285 545 289 505 289 15
554 283 519 283 549 287 512 286 9
552 94 548 94 551 89 547 89 62
554 100 550 100 553 95 549 95 89
552 108 548 108 551 103 547 103 68
552 118 548 117 551 113 547 113 57
552 156 548 155 551 151 546 151 64
556 159 551 160 555 155 549 155 51
556 179 550 179 555 175 549 175 26
553 185 546 185 551 181 543 180 57
552 254 529 254 551 255 523 255 14
556 288 521 288 551 291 513 293 14
557 63 553 63 561 57 556 57 13
560 98 556 98 559 93 555 93 112
558 122 554 121 557 117 553 117 62
560 128 555 128 559 123 554 123 73
558 130 553 130 557 125 552 125 95
558 140 552 140 557 135 551 135 136
562 144 556 144 561 139 554 139 141
558 146 552 146 557 141 550 141 105
560 148 554 148 559 143 552 143 91
560 170 554 169 559 165 552 165 64
561 195 554 195 559 191 551 191 44
557 211 549 210 557 207 547 207 26
556 230 543 229 557 227 540 227 17
566 229 548 229 561 227 543 227 16
562 255 533 255 559 255 531 254 11
564 258 535 259 561 259 534 259 18
563 269 534 267 559 271 527 270 14
561 280 530 280 559 283 524 285 13
565 71 561 70 567 65 565 64 9
561 72 553 73 563 67 555 67 8
568 102 563 102 567 97 561 97 183
568 110 563 110 567 105 562 105 134
566 106 561 106 565 101 560 101 106
564 116 559 116 563 111 558 111 57
566 122 561 122 565 117 560 117 67
564 120 559 120 563 115 558 114 81
567 128 562 128 567 123 562 123 103
564 140 559 140 563 135 558 135 97
568 136 563 136 567 131 562 131 102
564 146 558 146 563 141 556 141 105
568 149 563 146 567 145 562 145 180
566 170 560 169 565 165 558 166 58
564 174 558 173 563 171 556 169 28
564 175 558 178 563 173 557 172 69
567 181 560 181 565 177 559 177 39
563 187 557 187 563 183 555 182 43
565 222 551 224 563 221 549 221 14
565 235 547 235 563 233 541 233 10
570 293 534 291 567 297 527 297 8
572 108 567 108 571 103 566 103 154
573 178 568 179 573 175 567 175 29
574 187 565 187 573 183 564 183 52
572 193 564 193 571 189 562 189 35
570 197 562 197 569 193 560 193 37
572 203 564 202 571 199 562 199 25
571 207 562 207 569 203 560 203 31
571 239 553 239 571 237 548 237 27
575 279 541 279 571 283 540 283 14
576 102 571 102 575 97 570 97 201
576 104 571 104 575 99 569 99 202
576 124 570 124 575 119 569 119 106
576 130 571 130 575 125 569 125 135
577 179 572 179 577 175 570 175 24
576 183 570 183 575 179 568 179 53
576 185 567 185 575 181 566 181 37
578 199 569 199 577 195 568 195 53
581 209 570 208 579 205 569 205 22
575 228 561 227 575 225 557 225 14
577 247 552 247 575 249 552 247 68
581 249 556 249 579 249 552 249 40
579 253 554 253 577 253 550 253 33
581 255 556 255 579 255 552 255 38
579 257 553 257 575 257 549 257 61
580 290 543 289 577 295 537 296 11
575 67 575 67 581 61 576 61 12
584 92 579 92 583 87 579 86 102
586 96 581 96 585 91 580 91 86
583 102 579 102 583 97 578 97 222
585 109 580 108 585 103 579 103 272
582 134 576 134 581 129 575 129 257
584 138 579 138 583 133 578 133 190
582 158 577 158 581 153 575 153 162
586 187 577 187 585 183 576 183 141
582 193 573 193 581 189 572 189 47
582 197 573 197 581 193 572 193 52
586 205 577 204 585 201 576 201 41
581 294 545 294 581 301 537 301 13
582 310 545 310 583 319 539 319 20
592 88 587 88 591 83 586 83 112
588 94 583 94 587 89 582 89 57
590 98 584 98 589 93 584 93 129
590 104 584 104 589 99 584 99 205
590 160 584 160 589 155 583 155 266
590 197 581 197 589 193 580 193 70
592 205 583 205 591 201 581 201 49
589 210 579 210 591 207 580 207 37
588 227 572 227 587 225 569 225 19
588 246 566 246 587 245 563 245 30
589 288 553 287 587 293 547 293 8
595 64 592 64 593 59 585 59 48
598 112 593 111 597 107 592 106 82
598 120 592 120 597 115 591 115 77
594 122 588 122 593 117 587 117 141
598 141 593 141 597 137 591 137 131
598 148 592 148 597 143 592 143 126
594 158 588 158 593 153 587 153 150
593 163 588 164 593 159 587 159 194
598 166 592 165 597 161 591 161 243
597 178 589 179 595 175 588 175 53
599 176 593 175 597 173 592 171 62
591 183 583 183 593 179 582 179 171
596 189 586 189 595 185 585 185 135
594 193 585 193 593 189 583 189 96
596 206 586 207 595 203 585 203 71
599 226 580 225 595 223 579 223 50
596 233 576 233 595 231 574 229 18
594 252 570 252 593 253 566 252 11
596 267 566 267 595 269 562 269 51
595 271 564 271 593 273 560 273 13
596 291 559 291 595 297 555 296 15
603 74 598 74 603 69 598 69 179
604 104 598 104 603 99 597 100 60
599 116 594 116 599 111 593 111 142
597 123 591 123 599 119 593 119 180
604 136 598 135 603 131 597 131 130
604 141 598 141 603 137 597 137 166
602 147 596 147 601 143 595 143 114
604 147 598 147 603 143 597 143 158
604 158 598 157 603 153 597 153 120
599 161 594 161 599 157 593 157 208
604 163 598 163 603 159 597 159 111
604 177 598 176 603 173 597 172 70
602 211 592 211 601 207 590 207 69
600 212 594 213 601 209 589 209 97
602 240 581 241 601 239 579 240 17
604 253 579 251 603 253 576 253 22
600 258 573 258 599 259 568 259 24
606 262 576 260 603 263 573 261 27
602 265 572 265 603 267 569 267 22
609 67 604 66 609 61 604 61 122
609 87 603 88 609 81 603 82 117
607 91 603 89 607 85 602 84 115
607 131 601 130 607 123 601 121 84
608 185 597 185 607 181 596 181 128
606 187 595 187 605 183 594 183 117
608 193 597 193 607 189 596 189 189
610 195 599 195 609 191 598 191 241
608 201 597 201 607 197 596 197 225
608 232 590 232 609 231 589 231 19
606 255 581 254 605 255 578 255 26
611 269 583 269 609 271 575 271 19
611 57 606 56 611 51 606 51 68
611 69 606 68 611 63 606 63 145
613 103 607 102 613 97 606 97 51
615 101 609 102 615 97 609 96 34
611 122 605 122 611 117 605 117 49
613 120 607 120 613 115 606 115 109
613 136 607 136 613 131 607 131 68
614 150 607 149 613 145 606 145 47
611 159 605 159 611 153 605 152 74
614 153 607 153 613 149 607 149 125
615 172 609 171 615 169 608 167 50
611 223 594 223 613 221 596 221 53
611 229 596 229 613 227 598 227 30
611 242 590 242 611 241 588 241 20
615 254 590 254 615 255 587 255 18
611 263 581 263 611 267 580 265 16
614 272 583 272 615 275 581 275 17
611 277 577 277 613 279 578 279 22
610 285 576 284 611 289 573 289 22
613 291 577 290 613 297 572 297 12
619 57 613 56 619 51 614 51 54
621 69 615 69 621 63 614 63 137
619 67 613 66 619 61 612 62 132
621 120 615 120 621 115 614 115 44
619 135 613 136 619 131 613 131 49
619 153 613 153 619 149 613 149 53
617 189 605 188 617 185 605 185 301
619 205 603 204 619 201 605 201 229
621 239 600 236 621 237 600 238 31
620 248 601 247 617 247 599 247 21
620 308 583 308 621 317 583 317 14
623 87 617 86 623 81 616 81 167
625 118 619 118 625 113 618 113 67
626 181 613 180 625 177 612 176 191
623 185 614 185 623 181 612 181 263
625 198 610 199 625 195 609 196 272
627 200 612 201 627 197 611 198 293
625 203 610 202 625 199 610 199 281
623 222 608 222 623 219 608 219 48
621 229 606 229 623 227 605 227 35
624 236 603 235 623 235 602 235 42
624 257 597 256 625 257 596 257 21
621 266 593 266 623 269 590 269 27
621 272 594 272 623 275 588 275 15
623 288 587 289 625 295 585 294 12
631 67 625 67 631 61 624 61 226
630 72 621 69 629 65 623 66 234
633 79 626 78 633 73 626 73 224
631 84 624 85 631 79 624 78 347
630 110 622 110 629 105 624 104 43
633 114 625 114 633 109 626 109 77
633 130 624 132 633 125 624 125 77
633 216 618 216 633 213 617 213 55
631 225 617 225 633 223 617 223 56
631 240 609 240 631 239 609 239 18
630 258 603 255 631 259 602 258 14
631 262 602 262 633 265 600 263 24
634 275 601 275 633 277 600 279 20
629 287 593 286 631 291 592 291 13
629 286 593 286 629 289 592 290 14
635 62 628 63 635 57 628 57 102
637 67 631 67 637 61 630 61 89
637 77 630 76 637 71 630 71 239
637 82 630 82 637 77 630 77 407
635 114 628 114 635 109 628 109 47
637 142 628 141 637 137 628 137 39
637 152 628 152 637 147 627 146 26
639 156 630 156 639 151 629 151 26
639 167 630 167 639 163 630 163 27
638 185 622 187 639 181 622 183 108
637 192 622 191 637 189 622 187 113
634 208 619 208 635 205 618 206 106
636 206 620 206 637 203 620 203 58
635 218 619 218 635 215 618 215 49
634 231 617 231 635 229 611 228 23
634 249 610 249 637 249 613 250 14
636 253 610 252 637 253 611 253 13
635 267 606 267 637 269 605 269 21
637 266 607 263 639 269 607 269 20
636 275 609 276 635 277 602 279 24
644 102 638 102 645 97 638 97 137
645 141 636 139 645 137 636 135 32
643 150 634 149 643 145 633 145 54
641 165 632 165 641 161 631 161 17
645 177 636 177 645 173 637 173 72
644 206 627 207 645 203 627 203 63
642 227 626 227 643 225 625 225 19
642 224 626 223 643 221 626 221 24
638 257 611 259 641 257 611 258 13
640 288 603 289 643 295 603 293 8
648 79 642 76 649 71 642 70 120
651 144 641 143 651 139 641 139 36
648 148 639 147 649 143 639 143 57
651 161 641 161 651 157 641 157 25
649 167 639 167 649 163 639 163 15
648 181 631 181 649 177 631 177 62
648 185 632 185 649 181 632 181 51
648 196 631 197 649 193 632 193 91
648 202 631 202 649 199 631 199 87
650 206 633 206 651 203 634 203 81
648 247 626 246 649 247 627 245 12
650 253 625 253 651 253 625 253 7
646 254 615 254 647 255 621 255 20
654 44 647 44 655 37 648 37 117
657 84 650 84 657 79 651 77 108
656 100 649 100 657 95 649 95 80
655 123 647 123 655 117 647 117 234
655 125 647 124 655 119 647 119 208
654 134 645 134 655 129 645 129 109
656 138 647 138 657 133 647 133 77
654 141 645 142 655 137 645 137 38
650 143 643 146 653 141 643 141 48
656 175 647 175 657 171 647 171 27
656 181 639 181 657 177 639 177 91
652 200 635 200 653 197 635 197 110
651 213 637 214 653 211 636 211 67
652 256 627 256 655 257 626 257 38
655 271 624 271 657 273 624 274 43
652 267 624 266 655 269 623 269 26
662 28 655 28 663 21 656 21 144
662 30 656 29 663 23 656 23 122
658 39 652 39 659 33 652 33 118
660 36 654 34 661 29 654 29 111
662 41 656 40 663 35 656 34 159
662 63 656 62 663 57 656 56 104
659 91 652 90 659 85 652 85 111
661 108 653 108 661 103 653 103 232
659 114 651 113 659 109 652 111 199
662 151 653 151 663 147 653 147 43
662 164 653 163 663 159 653 159 38
660 166 651 165 661 161 651 161 44
662 169 653 169 663 165 653 165 50
659 179 649 179 659 175 648 175 45
657 198 641 198 659 195 640 195 71
662 249 637 249 663 249 639 249 37
659 279 624 277 663 283 625 281 39
668 41 662 41 669 35 662 35 63
668 43 662 42 669 37 662 37 76
664 47 658 46 665 41 658 41 92
666 147 657 148 667 143 657 143 68
664 151 655 151 665 147 655 147 75
664 168 655 167 665 163 655 163 40
664 175 655 175 665 171 655 171 33
664 171 655 171 665 167 655 167 51
668 179 659 180 669 175 659 176 61
663 202 646 202 665 199 647 199 106
667 206 651 206 669 203 651 203 133
663 208 646 208 665 205 647 205 156
662 223 645 224 665 221 647 221 81
666 237 647 237 667 235 647 235 41
660 254 637 255 665 255 637 255 41
666 264 637 265 669 267 638 267 51
661 275 629 275 665 279 630 279 59
663 288 626 290 667 293 629 293 23
660 295 622 295 665 303 623 303 14
672 37 670 38 673 31 667 31 108
674 47 668 46 675 41 668 41 54
674 61 667 60 675 55 673 55 133
672 77 665 76 673 71 665 71 262
672 81 665 80 673 75 666 75 305
671 92 664 92 671 87 664 87 210
670 98 663 98 671 93 664 93 154
674 114 661 113 675 109 664 109 227
672 122 661 122 673 117 662 117 171
674 171 664 171 675 167 665 167 52
672 177 662 177 673 173 663 174 79
671 198 654 198 673 195 655 195 138
673 202 656 202 675 199 657 199 294
673 233 657 233 675 231 657 231 45
668 249 645 249 671 249 646 248 46
669 265 641 265 673 265 642 267 43
668 269 638 269 671 271 640 271 69
678 26 674 24 677 21 673 20 37
680 55 673 55 681 49 674 49 49
676 92 668 92 677 87 669 87 206
678 98 670 98 679 93 671 92 154
676 98 668 98 677 93 669 92 187
679 129 669 127 681 123 669 124 120
675 160 664 160 677 155 665 155 79
678 167 669 167 679 163 669 163 63
677 173 667 173 679 169 668 169 73
680 171 671 171 681 167 671 167 48
679 190 663 190 681 187 664 187 212
679 198 662 197 681 195 664 195 227
675 206 658 206 677 203 659 203 219
676 221 660 221 679 219 662 219 50
674 229 658 229 677 227 659 227 57
679 233 662 233 681 231 665 232 139
679 237 662 237 681 235 662 235 50
677 258 651 258 681 259 654 259 38
674 286 637 285 679 291 639 290 35
686 69 677 69 687 63 679 62 78
684 104 676 104 685 99 677 99 121
686 125 677 125 687 121 678 121 79
686 132 677 132 687 127 677 126 60
682 132 672 132 683 127 673 127 98
683 151 674 151 685 147 675 147 151
682 159 672 159 683 155 673 155 102
684 167 674 167 685 163 675 163 80
684 177 675 177 685 173 675 173 138
685 190 668 190 687 187 670 187 142
683 194 667 194 685 191 668 191 281
683 215 666 215 685 213 668 213 119
681 225 665 225 683 223 666 223 149
683 223 667 223 685 221 668 221 93
683 229 666 229 685 227 668 227 87
683 235 666 235 685 233 667 233 89
681 254 659 257 685 255 657 254 25
678 284 643 284 683 289 644 288 33
691 52 683 51 693 45 685 44 83
691 74 683 73 693 67 684 67 51
689 99 681 98 691 93 682 93 52
692 96 683 96 693 91 684 91 83
692 110 683 110 693 105 684 105 50
692 118 684 119 693 113 684 113 65
690 134 681 134 691 129 682 129 50
692 136 682 135 693 131 683 131 41
689 148 679 148 691 143 681 143 146
692 160 682 159 693 155 683 155 41
688 189 672 190 691 187 673 185 256
690 208 674 207 693 205 675 205 137
687 212 670 211 689 209 672 209 172
689 225 672 227 691 225 674 224 138
691 229 674 229 693 227 676 227 138
685 256 657 253 689 257 663 258 25
684 296 647 297 691 303 650 304 29
695 44 687 43 697 37 685 39 89
698 41 689 41 699 35 690 35 111
699 84 689 84 699 79 691 78 29
696 116 687 116 697 111 688 111 83
694 142 684 141 695 137 685 137 53
698 145 688 145 699 141 689 141 39
694 149 684 149 695 145 685 145 61
698 169 688 169 699 165 689 165 41
696 167 686 167 697 163 687 163 57
698 175 688 175 699 171 689 171 41
692 200 675 200 695 197 677 197 151
692 210 676 209 695 207 677 207 183
693 219 676 219 695 217 678 217 176
694 223 678 223 697 221 680 221 162
695 238 677 238 699 237 679 237 133
688 294 650 294 695 301 653 301 26
699 69 691 67 701 63 692 62 73
703 73 695 72 705 67 696 67 71
701 79 691 79 703 73 693 73 26
703 89 693 89 705 83 695 83 30
704 149 694 149 705 145 695 145 37
700 149 690 149 701 145 691 145 29
701 153 692 153 703 149 693 149 51
701 167 692 167 703 163 693 163 40
702 171 692 171 703 167 693 167 30
702 185 692 184 703 181 693 181 29
707 47 698 47 709 41 700 40 224
705 62 696 63 707 57 698 55 85
705 59 696 59 707 55 698 53 124
709 65 700 64 711 59 701 59 117
709 91 700 90 711 85 702 84 58
705 95 697 94 707 89 698 89 129
709 98 700 98 711 93 702 92 129
709 120 701 120 711 115 702 115 61
707 118 699 118 709 113 700 113 62
709 127 700 126 711 123 702 123 37
710 175 701 175 711 171 702 171 18
706 171 696 171 707 167 697 167 31
706 181 696 180 707 177 697 177 23
710 187 701 186 711 183 702 183 15
707 191 701 191 707 187 698 187 46
708 191 699 191 709 187 700 187 46
696 295 655 294 707 303 662 301 28
702 307 659 307 711 317 664 317 35
697 311 653 311 707 321 659 321 46
713 69 704 69 715 63 706 62 47
715 124 706 124 717 119 708 120 30
712 150 703 151 713 147 704 146 18
710 241 681 243 717 241 685 243 115
710 261 681 262 717 265 686 267 21
704 301 666 301 715 309 671 309 32
720 34 711 34 723 27 713 26 96
721 55 711 55 723 49 713 49 109
718 86 708 86 719 81 709 81 83
717 120 708 120 719 115 709 115 41
721 130 711 129 723 127 713 127 24
719 148 710 149 721 143 712 141 24
721 166 712 166 723 163 714 161 42
720 177 713 176 723 173 712 173 28
713 219 682 217 721 217 686 217 198
714 239 684 239 721 239 689 240 122
716 241 686 240 723 241 690 241 67
714 259 684 259 721 261 689 261 65
716 256 686 256 723 257 691 258 39
716 263 686 263 723 265 691 265 36
709 297 670 297 721 305 676 305 26
709 311 664 311 719 321 668 321 45
727 38 717 37 729 31 719 31 183
723 53 713 53 725 47 715 47 104
727 55 718 54 729 49 719 49 79
723 71 712 71 725 65 714 65 59
722 83 714 82 725 77 714 77 59
725 88 715 89 727 83 717 83 33
725 100 716 100 727 95 717 95 40
727 122 717 122 729 117 719 117 27
727 140 717 139 729 135 719 135 21
723 144 713 143 725 139 714 139 52
727 150 718 149 729 145 719 146 88
725 164 716 165 727 161 718 159 16
725 173 716 173 727 169 717 169 23
727 175 718 175 729 171 719 170 22
724 184 715 184 727 181 716 181 49
721 223 689 223 729 223 695 223 116
717 303 677 303 727 311 679 310 37
716 305 675 304 727 313 681 313 41
730 42 721 41 733 35 723 35 153
729 103 719 104 731 99 721 99 40
733 116 723 116 735 111 725 110 62
729 112 719 112 731 107 721 107 50
729 147 719 145 731 143 721 143 23
729 172 719 169 731 167 721 166 18
733 187 723 186 735 183 725 183 49
725 226 693 225 733 225 699 225 72
723 305 684 305 733 313 688 313 35
734 26 724 25 737 19 727 18 71
735 58 726 57 739 51 728 51 47
737 75 728 75 741 69 730 68 51
738 94 728 94 741 89 731 88 238
729 210 697 210 739 207 704 208 77
731 301 694 301 739 309 694 309 21
741 37 732 36 745 29 735 28 202
740 62 730 61 743 55 732 55 74
742 81 733 80 745 75 735 74 141
744 97 734 96 747 91 737 89 243
742 103 732 102 745 97 734 96 134
740 119 730 119 743 113 733 113 231
742 136 732 135 745 131 735 131 325
740 142 730 142 743 137 733 136 138
741 149 731 149 743 145 733 144 83
741 151 731 151 743 147 733 147 29
744 153 734 153 747 149 737 148 30
740 157 731 156 743 153 733 153 22
745 181 735 181 747 179 737 177 23
732 253 697 251 743 255 704 254 114
735 315 692 315 745 325 701 326 23
731 315 689 315 743 325 694 325 25
746 25 736 26 749 19 739 18 145
748 31 739 28 751 25 741 24 68
748 42 738 41 751 35 741 34 140
748 59 738 58 751 53 741 51 61
750 87 740 86 753 81 742 80 244
748 83 738 83 751 77 741 77 184
746 99 736 98 749 93 739 93 179
748 138 739 137 751 133 741 133 147
748 136 738 136 751 131 741 131 275
746 146 737 145 749 141 739 141 61
746 155 736 155 749 151 739 151 22
741 253 703 253 753 257 711 256 79
745 305 703 305 753 313 708 313 25
754 54 744 53 757 47 747 46 40
752 63 741 63 755 57 744 57 36
754 63 744 63 757 57 746 57 33
752 79 743 78 755 73 744 72 234
754 83 744 82 757 77 747 76 148
754 91 744 90 757 85 747 84 238
754 102 744 102 757 97 747 97 245
752 106 742 106 755 101 745 101 327
756 116 746 116 759 111 749 111 257
754 141 744 141 757 137 746 136 111
754 179 741 180 759 179 745 177 14
747 205 711 204 759 203 720 203 258
743 257 704 255 755 261 713 260 80
743 274 706 274 755 279 714 278 60
745 271 708 273 757 275 716 277 82
743 280 706 280 755 285 714 285 52
750 317 706 317 759 327 709 327 23
758 34 748 33 761 27 751 26 85
760 59 750 59 763 53 753 52 27
759 75 749 75 763 69 753 68 102
760 81 750 80 763 75 753 74 221
762 85 752 84 765 79 755 79 163
760 110 750 110 763 105 753 104 186
760 140 750 139 763 135 753 135 46
760 149 750 149 763 145 753 144 67
759 168 744 170 763 165 748 165 22
748 199 714 199 761 197 723 197 132
748 230 711 230 761 231 720 231 214
747 247 705 246 763 251 721 252 124
765 50 756 49 769 43 759 42 110
765 65 755 65 769 59 758 58 34
768 89 758 89 771 85 761 83 335
768 95 758 97 771 93 761 92 341
768 112 758 112 771 107 761 106 244
768 120 758 120 771 115 761 115 146
764 128 754 128 767 123 757 123 75
766 130 756 129 769 125 759 125 100
766 141 756 141 769 137 759 137 74
757 197 724 197 767 195 733 195 125
757 206 721 206 769 205 730 205 163
754 211 718 210 767 209 728 208 168
756 232 718 232 769 233 726 233 234
754 254 713 253 769 257 724 257 156
753 275 715 276 767 281 723 281 91
765 308 727 308 771 315 726 315 41
771 38 762 37 775 31 765 30 103
770 69 759 69 773 63 763 62 33
773 65 763 65 777 59 766 59 25
770 83 760 82 773 77 763 77 143
771 100 761 100 775 93 765 92 200
769 95 760 93 773 89 763 87 182
773 114 764 113 777 109 766 109 227
774 120 764 119 777 115 767 115 246
774 141 764 141 777 137 767 137 96
772 165 758 164 777 161 762 161 26
773 180 758 180 777 177 762 177 11
773 200 736 200 777 199 740 199 292
762 210 725 210 775 209 736 207 129
763 224 726 225 777 225 736 225 122
761 222 724 222 775 223 734 223 131
759 228 721 228 773 229 732 229 144
761 228 723 228 775 229 734 229 131
757 238 717 238 773 241 727 240 179
759 236 720 237 775 239 730 239 195
760 249 718 249 775 253 729 253 272
762 264 721 264 777 269 732 269 151
763 277 722 277 777 283 732 283 59
761 281 722 281 775 287 734 288 33
778 50 768 49 781 43 770 42 68
775 85 765 84 779 79 769 79 229
780 83 769 82 783 77 772 76 119
775 102 766 99 779 95 769 94 199
780 108 770 108 783 103 773 103 378
778 116 768 115 781 111 771 110 275
779 133 770 133 783 129 773 129 137
778 135 768 135 781 131 771 131 199
778 171 765 169 783 167 775 167 19
777 179 763 180 783 177 768 177 8
776 192 743 193 781 189 744 190 85
766 228 729 228 781 229 740 229 89
764 247 722 247 779 251 733 251 123
767 262 726 262 783 267 735 267 206
766 266 724 266 781 271 735 271 149
764 270 723 270 779 275 734 275 122
765 283 724 283 779 289 734 289 15
787 83 775 82 789 77 781 77 228
783 89 773 88 787 83 777 82 317
781 96 772 96 785 91 775 91 230
783 112 774 112 787 107 777 107 321
783 120 773 120 787 115 777 115 360
783 123 774 121 787 117 776 119 178
781 128 772 130 785 125 775 125 176
784 137 774 137 787 133 777 132 219
782 195 749 195 789 193 751 193 350
771 255 730 255 787 259 741 259 158
773 266 732 266 789 271 743 271 161
771 268 730 268 787 273 741 273 180
778 195 747 195 795 193 760 193 78
777 273 735 273 795 279 750 279 115
777 321 730 321 795 333 745 333 16
795 38 785 37 799 31 789 30 101
793 36 783 35 797 29 786 28 96
797 89 783 89 801 83 787 84 844
797 97 787 96 801 91 791 91 161
793 97 783 96 797 91 787 91 408
797 116 787 116 801 111 791 111 185
797 143 788 142 801 139 791 139 215
795 167 780 166 801 163 785 163 17
782 253 740 253 799 257 753 257 168
781 260 740 260 799 265 753 265 273
779 279 739 279 797 285 751 285 30
801 44 791 44 805 37 795 37 166
799 53 789 52 803 47 793 45 340
799 65 789 65 803 59 793 59 149
803 111 793 111 807 107 797 107 769
803 114 793 113 807 109 797 109 204
799 168 785 167 805 165 790 165 19
800 172 789 171 807 169 791 170 11
787 251 746 251 805 255 759 255 181
787 255 746 255 805 259 759 259 539
789 262 749 262 805 267 761 267 581
785 259 744 259 803 263 757 263 378
788 280 746 281 805 287 760 287 34
785 304 745 304 803 313 758 313 23
788 319 743 319 807 331 756 331 30
784 323 737 323 803 335 751 335 21
804 56 794 54 809 49 799 47 229
806 81 795 80 811 75 797 73 209
794 266 753 266 813 271 768 271 263
791 284 750 284 809 291 764 291 63
793 286 752 286 811 293 766 293 25
791 310 750 312 809 321 764 322 32
814 38 804 37 819 31 809 30 182
798 259 757 258 817 263 771 263 236
796 264 755 264 815 269 769 269 197
820 28 811 27 825 21 815 20 136
817 66 805 65 823 59 809 59 21
816 163 802 163 823 159 808 159 50
819 188 804 187 825 185 810 185 179
805 203 767 202 821 201 781 201 107
803 215 767 216 821 215 782 215 107
803 253 762 253 823 257 778 257 140
804 266 762 266 823 271 778 271 142
806 302 764 301 825 311 779 310 11
801 316 758 318 823 329 774 330 13
821 113 808 117 827 109 815 107 76
820 160 805 159 827 157 812 157 75
811 199 775 199 827 197 789 197 151
809 204 773 204 827 203 788 203 155
811 211 775 212 829 211 787 210 81
813 251 771 251 831 255 787 255 94
829 57 816 56 837 49 822 49 27
829 137 816 137 835 133 822 132 32
829 143 817 143 835 139 822 139 31
827 167 813 167 833 165 819 163 48
828 176 814 176 835 173 820 173 59
818 217 781 217 837 217 796 217 120
816 251 775 251 837 255 791 255 97
814 251 773 251 835 255 789 255 102
813 255 771 255 833 259 787 259 151
822 266 783 266 837 271 795 271 198
833 52 814 54 839 45 824 45 93
835 64 823 63 843 57 827 57 46
836 99 823 99 843 93 831 92 43
834 95 822 94 841 89 828 88 52
835 105 821 105 843 99 833 98 36
836 135 821 135 841 131 828 130 36
837 161 824 163 843 159 830 159 42
833 165 821 165 839 161 826 160 55
835 171 823 170 841 167 828 167 50
824 204 788 204 843 203 804 203 149
820 215 782 214 839 215 798 215 130
821 226 783 226 841 227 799 227 101
818 244 777 244 839 247 793 247 69
821 245 783 243 843 249 798 249 88
822 260 780 260 843 265 797 265 382
823 271 785 271 841 277 797 277 112
822 305 780 305 843 315 797 315 11
842 61 827 61 847 55 834 54 33
839 81 826 81 845 75 832 74 37
839 91 827 90 847 83 832 81 62
838 97 827 96 845 91 831 91 35
841 101 826 101 849 95 833 95 31
838 169 827 168 845 165 832 165 68
829 202 794 202 849 201 810 201 225
826 206 789 205 845 205 805 204 172
829 222 793 221 847 223 809 221 158
829 226 791 226 849 227 806 227 104
824 257 782 257 845 261 799 261 202
827 255 786 255 849 259 803 259 191
827 260 786 260 849 265 803 265 215
824 311 782 312 845 321 797 321 30
847 50 831 50 853 43 837 43 18
845 66 832 65 853 59 839 58 61
846 81 832 83 853 77 839 77 48
846 89 832 89 853 85 839 83 48
848 93 835 92 855 87 841 87 53
846 99 833 98 853 93 839 93 28
844 172 831 172 851 169 837 169 22
848 174 835 174 855 171 841 171 31
848 170 835 170 855 167 841 167 32
833 200 795 199 853 199 814 199 200
833 206 797 206 853 205 813 205 181
835 230 798 230 855 231 815 231 99
831 245 795 245 851 249 811 249 150
832 260 791 260 855 265 809 265 336
831 276 787 277 853 283 806 283 31
835 283 797 283 855 291 813 289 16
833 290 796 289 855 299 815 298 11
833 296 795 296 853 303 811 303 11
831 294 793 294 851 301 809 301 15
831 300 791 300 851 307 809 307 14
833 334 785 334 855 347 805 349 30
851 40 835 40 857 33 843 32 20
855 38 841 37 861 31 847 30 39
850 67 836 71 857 61 843 62 39
840 213 805 215 859 211 820 212 213
838 228 801 228 859 229 818 229 164
834 260 793 260 857 265 811 265 197
835 300 798 300 857 307 814 308 19
858 91 843 90 867 85 851 85 24
858 169 840 171 865 163 848 161 38
850 194 825 194 865 191 838 191 22
844 224 806 224 865 225 824 225 120
842 222 804 222 863 223 822 223 189
842 228 804 228 863 229 822 229 136
840 253 799 253 863 257 817 257 110
844 260 802 260 867 265 821 265 144
840 258 799 258 863 263 817 263 164
864 48 848 48 871 41 856 40 13
853 207 829 208 869 207 842 207 55
847 228 809 228 869 229 827 229 184
851 230 813 230 873 231 831 231 177
845 245 804 245 869 249 823 249 91
849 258 808 258 873 263 834 263 295
851 267 809 267 871 273 825 273 59
846 293 807 292 869 301 825 300 9
843 321 796 320 869 333 817 333 24
870 85 855 85 879 79 863 78 19
868 109 853 110 877 105 861 106 8
870 124 855 123 879 119 862 119 25
866 171 852 170 875 167 860 167 21
862 206 837 206 879 205 850 204 6
853 226 816 226 875 227 834 227 112
854 231 816 231 879 233 837 233 88
851 249 810 249 875 253 829 253 104
851 251 809 251 875 255 829 255 98
856 271 815 271 879 277 835 277 50
849 319 802 318 875 331 822 330 21
849 325 802 326 877 339 823 339 21
850 332 800 332 879 347 823 347 19
876 161 860 158 885 159 869 157 59
872 167 857 167 881 163 865 163 26
869 212 841 209 885 211 856 211 7
858 256 817 256 883 261 827 261 241
857 281 819 280 881 287 830 288 35
862 290 825 291 885 297 843 298 9
879 42 865 41 891 33 869 35 21
879 128 864 127 889 123 873 122 69
877 130 862 129 887 125 870 125 45
881 167 866 167 891 163 875 161 30
874 213 846 214 891 213 862 212 12
860 243 819 243 887 245 839 247 137
865 247 824 247 889 251 844 251 118
864 282 826 285 887 289 845 287 14
856 329 809 331 887 345 832 346 25
885 88 871 87 897 81 880 80 14
887 130 871 130 897 125 880 125 53
884 169 868 168 893 165 877 165 28
877 212 849 212 895 211 864 211 11
867 236 826 236 893 239 848 239 148
869 262 829 262 893 267 848 267 95
870 270 831 270 897 275 854 275 45
889 151 873 150 899 147 882 145 56
893 165 877 164 903 161 887 161 36
874 233 833 233 899 235 854 235 137
874 243 833 244 901 247 855 246 158
876 254 835 254 903 259 857 259 98
873 258 831 258 899 263 854 263 76
874 260 833 260 901 265 855 265 46
872 266 831 266 899 271 854 271 35
876 268 835 268 903 273 858 273 21
874 297 836 297 899 305 857 305 6
898 33 883 32 907 25 888 25 22
895 100 879 100 907 95 887 93 7
895 158 878 157 905 155 888 155 61
894 190 876 190 905 187 887 187 23
888 227 858 226 907 227 875 227 34
904 47 889 46 915 39 899 38 41
903 86 888 85 913 79 897 78 38
904 163 888 165 915 161 898 160 33
893 213 861 217 911 215 879 214 7
895 224 866 224 915 225 882 225 8
880 321 831 320 911 335 857 335 7
906 82 890 81 917 75 900 74 30
908 168 891 168 919 165 902 165 27
883 326 835 326 917 341 862 341 13
915 37 899 36 927 29 910 28 33
912 45 896 44 923 37 906 36 35
915 43 899 43 927 35 910 34 32
914 80 898 79 925 73 908 72 43
905 219 874 220 927 219 893 219 5
917 71 902 69 929 63 912 62 49
917 76 901 75 929 69 911 68 42
918 120 901 117 931 115 910 115 22
921 124 904 124 933 119 915 118 43
921 166 904 166 933 163 915 162 33
920 170 901 170 929 167 911 167 51
910 211 877 213 931 213 897 213 6
907 238 875 238 929 239 894 239 12
924 117 907 120 937 115 921 115 29
923 130 906 130 935 125 917 126 22
923 168 906 168 935 165 917 165 43
915 200 883 200 939 199 904 198 38
931 75 916 79 945 69 928 68 19
918 197 887 197 941 197 909 195 35
920 205 887 205 945 205 909 204 8
934 130 917 131 947 125 929 126 10
926 221 892 220 951 221 914 221 7
939 70 923 69 953 63 933 62 23
927 240 893 240 953 243 916 242 4
936 191 899 191 963 189 925 191 14
932 197 898 197 959 195 922 193 19
934 205 900 205 961 205 924 205 8
940 180 906 180 967 177 931 177 46
940 221 905 221 967 223 929 222 6
938 259 904 257 967 263 933 264 10
957 125 939 127 971 123 952 124 85
959 123 941 126 973 121 954 123 215
961 150 943 149 975 145 956 144 277
945 240 907 239 975 243 935 243 8
944 272 913 272 971 277 934 276 6
967 152 949 151 981 147 963 147 169
952 197 915 196 981 195 940 194 7
945 277 908 276 977 283 934 283 9
953 193 917 193 983 191 943 191 9
957 229 919 228 987 231 946 230 6
961 271 928 268 993 275 956 276 8
961 291 928 291 995 297 952 298 16
976 213 940 211 1011 213 973 212 18
976 225 937 225 1011 227 967 227 6
981 200 942 201 1017 201 974 200 9
981 224 942 223 1017 225 974 225 11
979 249 940 249 1015 253 971 253 9
986 225 945 226 1023 227 978 227 9
990 199 950 201 1027 201 983 201 8
988 212 948 211 1025 213 981 211 10
996 236 955 236 1035 239 989 239 11
993 245 953 244 1033 249 988 248 10
997 285 953 283 1035 293 989 291 7
1001 216 959 215 1041 217 993 219 7
1000 225 958 225 1041 227 993 227 9
1000 258 959 257 1039 263 993 261 8
1002 239 960 239 1043 245 995 243 8
1014 229 972 228 1057 231 1009 230 16
1016 237 973 237 1061 241 1012 241 14
1019 283 976 285 1065 293 1016 291 9
1022 295 976 295 1065 305 1014 304 11
1046 174 1022 173 1071 171 1045 170 477
1026 219 982 219 1071 221 1022 221 14
1022 232 978 232 1067 235 1018 236 11
1022 230 978 231 1067 233 1018 232 32
1026 247 982 245 1071 253 1022 253 16
1021 290 978 290 1069 301 1018 300 11
1034 211 990 211 1081 215 1031 215 22
1032 220 988 221 1079 223 1029 222 17
1040 286 994 287 1087 295 1037 295 10
1043 303 998 303 1089 313 1039 314 11
1041 301 996 300 1087 311 1036 311 9
1041 309 994 307 1087 319 1036 319 8
1072 89 1043 90 1101 81 1069 83 20
1070 89 1044 88 1097 81 1070 81 15
1073 85 1047 84 1103 77 1076 76 9
1080 174 1054 173 1109 171 1081 170 39
1059 235 1011 235 1113 239 1060 238 6
1091 159 1065 157 1121 155 1093 154 48
1100 98 1068 99 1137 91 1098 91 38
1108 96 1075 96 1141 89 1109 88 21
1107 103 1074 103 1143 95 1108 95 36
1110 103 1077 103 1147 95 1111 95 39
1119 73 1091 73 1153 63 1124 64 12
1124 95 1091 95 1161 87 1126 86 27
1122 101 1089 101 1159 93 1123 93 37
1125 105 1091 105 1165 97 1129 97 57
1130 111 1101 110 1167 103 1137 102 31
1132 99 1104 98 1169 91 1138 90 54
1134 97 1105 96 1171 89 1140 88 59
1132 106 1101 106 1169 99 1138 98 40
1136 103 1097 101 1173 95 1133 93 72
1111 185 1063 184 1173 183 1115 182 25
1141 93 1110 92 1177 85 1146 84 44
1115 186 1068 187 1179 185 1124 185 17
1121 194 1071 194 1185 193 1129 193 24
1151 91 1114 91 1189 83 1151 81 40
1124 190 1077 192 1187 189 1131 189 18
1163 168 1132 167 1203 165 1171 164 41
1160 172 1130 171 1201 169 1168 168 35
1165 177 1134 177 1205 175 1173 174 23
1164 176 1134 176 1205 173 1173 172 22
1145 209 1093 209 1219 211 1158 211 23
1153 207 1101 208 1227 213 1167 213 49
