129 266 81 266 75 267 23 266 187
105 101 53 101 79 87 25 87 85
132 277 85 278 79 281 27 281 197
130 281 83 281 77 283 25 282 263
137 263 89 263 87 263 37 262 79
140 291 93 291 85 295 35 294 105
143 56 95 56 93 33 45 34 80
143 121 99 121 93 105 46 106 145
140 126 97 129 91 111 43 113 181
144 267 95 267 93 267 39 267 136
139 263 91 263 89 263 34 263 105
148 49 101 49 97 25 45 25 84
145 121 102 122 95 105 46 105 133
156 55 110 55 105 31 54 31 42
143 153 101 153 105 141 56 141 107
132 99 83 99 107 85 57 85 42
141 119 97 119 109 107 61 107 578
155 51 108 51 113 29 62 29 82
150 99 104 99 115 83 66 83 97
147 137 105 137 113 125 67 123 718
149 139 108 139 117 129 72 129 636
143 183 97 186 115 177 68 177 65
163 57 117 57 119 35 70 35 153
153 124 112 124 121 113 76 113 807
169 54 119 53 125 31 73 31 387
175 56 133 57 131 33 86 34 138
165 161 122 162 141 151 95 151 92
182 180 139 181 139 171 94 171 46
175 174 136 174 149 163 103 163 189
210 289 170 289 175 289 133 288 40
215 299 174 298 177 301 131 300 43
214 283 174 283 179 283 138 282 53
218 281 178 281 183 281 143 280 40
218 287 178 287 183 287 142 286 49
221 76 184 77 187 57 147 59 159
221 77 184 79 187 59 147 61 118
221 85 184 87 187 69 147 69 120
223 117 185 113 189 99 149 101 89
222 135 185 135 189 123 149 123 101
222 157 185 157 189 147 149 146 136
227 85 190 84 193 67 153 68 136
229 109 191 109 195 95 155 95 299
224 173 187 173 191 165 151 163 76
224 175 187 175 191 167 151 169 127
225 221 188 221 193 215 153 214 154
227 231 190 231 195 227 155 229 112
227 251 190 251 195 251 155 252 97
226 277 189 276 195 275 154 275 108
227 282 189 282 195 281 155 280 93
234 74 197 75 201 55 161 53 151
232 85 195 86 199 67 159 67 140
232 93 195 93 199 75 159 76 174
232 90 195 91 199 73 159 73 133
230 155 193 156 197 143 157 144 198
230 165 193 165 197 153 157 152 128
233 169 196 166 201 155 162 155 150
233 185 196 183 201 171 161 169 144
232 195 196 195 201 187 161 186 162
229 197 193 197 197 189 157 189 172
232 203 196 203 201 195 162 194 174
229 203 192 203 197 195 157 195 168
232 212 195 212 201 205 162 204 255
231 214 194 214 199 207 159 207 355
229 219 192 219 197 213 157 212 181
231 221 194 221 199 215 160 215 218
233 235 196 235 201 231 161 231 131
231 237 194 237 199 233 159 233 172
229 251 192 251 197 251 157 252 79
229 261 192 260 197 257 157 256 85
232 267 195 266 201 265 161 263 94
231 291 191 290 197 291 155 290 65
236 83 199 81 203 61 163 61 273
235 155 198 155 203 143 163 141 327
237 166 200 164 205 153 166 155 112
234 196 198 197 203 189 164 191 242
238 207 202 209 207 199 168 201 184
236 214 199 213 205 207 166 207 232
238 223 201 223 207 217 167 217 341
236 252 199 252 205 249 165 247 106
236 260 199 261 205 257 165 259 96
234 280 197 280 203 279 163 278 114
243 213 205 213 213 209 171 207 62
240 221 203 221 209 215 169 215 147
242 225 205 225 211 219 171 219 109
244 225 207 225 213 219 173 219 167
240 238 203 237 209 233 169 232 98
240 280 202 280 209 279 170 278 64
246 299 205 298 213 301 168 300 26
239 317 201 318 209 325 165 324 37
244 249 207 247 215 245 173 243 74
251 296 210 295 219 297 175 296 29
253 275 217 275 225 273 189 272 38
251 271 219 270 223 269 187 268 45
252 284 216 283 223 283 183 282 31
253 291 211 290 223 291 179 290 23
260 306 216 305 225 309 185 307 40
260 223 225 223 229 217 189 217 45
259 273 224 273 231 271 195 270 40
257 282 218 282 229 281 186 281 25
251 213 216 215 233 207 195 207 46
253 219 218 219 235 211 197 211 51
261 268 229 267 235 265 198 265 32
263 273 228 273 235 271 199 270 56
266 299 227 298 235 301 190 300 22
269 297 227 297 237 299 192 298 34
271 310 226 310 237 313 189 312 29
257 211 219 211 241 205 201 203 52
268 221 234 221 239 215 201 215 77
269 270 232 271 239 269 201 269 38
268 274 233 275 241 273 203 272 52
265 280 231 280 239 279 201 278 26
271 274 237 273 245 271 209 271 36
277 291 234 290 245 291 202 290 30
280 297 239 297 249 299 203 299 25
279 306 237 305 247 309 199 308 29
282 307 238 307 249 311 201 310 22
279 314 234 313 245 319 199 317 33
275 269 241 269 255 265 213 266 82
285 318 239 317 251 323 208 323 46
288 219 257 219 257 213 223 213 60
282 267 249 267 259 263 224 263 30
281 273 249 273 257 271 220 271 42
287 282 251 282 261 281 222 281 27
288 294 247 294 259 295 216 294 33
294 304 250 305 261 309 212 308 30
293 311 249 310 261 315 213 314 29
287 81 255 81 263 63 229 63 70
289 83 257 83 265 65 231 65 46
288 95 257 95 265 79 231 77 92
288 103 257 103 265 89 231 89 70
290 162 258 162 267 151 234 151 86
290 170 259 170 267 159 234 159 107
286 166 255 166 263 155 229 155 68
288 172 257 172 265 161 232 161 80
283 211 251 211 263 203 229 203 37
283 219 251 219 265 211 230 211 49
289 259 257 259 267 255 234 255 59
285 261 253 261 263 257 229 257 29
287 265 255 265 265 261 233 260 33
288 291 250 290 265 289 224 288 32
296 309 253 308 265 313 215 313 29
293 79 261 79 269 61 235 61 43
293 97 263 97 271 81 238 81 124
291 160 259 157 271 149 237 149 105
293 263 261 263 271 259 233 260 55
296 270 262 270 273 267 240 267 38
297 275 263 275 273 273 237 272 24
295 279 261 279 271 277 232 277 18
301 103 271 103 279 87 248 87 135
295 106 268 107 275 91 244 90 88
295 209 263 209 277 201 241 201 34
295 213 264 213 277 205 243 205 39
297 217 265 217 279 209 245 209 64
296 233 266 233 275 227 243 227 233
300 252 274 251 279 247 249 246 261
297 266 263 266 275 263 239 263 43
303 273 269 273 279 271 244 270 29
302 82 271 82 281 65 248 65 77
300 104 273 105 281 89 251 89 132
299 205 269 205 283 199 249 197 30
301 217 269 217 283 209 249 209 71
303 227 273 227 281 221 248 221 160
311 302 269 302 283 305 239 303 48
309 95 283 94 291 79 262 79 209
307 162 279 162 289 151 260 151 94
307 168 280 168 289 157 260 157 159
305 207 279 207 289 199 257 199 35
309 211 280 211 291 203 258 203 51
308 215 279 215 291 207 258 207 41
305 249 277 248 287 243 257 242 131
316 265 283 266 291 265 256 265 43
314 299 273 299 287 301 238 302 36
316 301 275 301 289 303 244 302 23
311 85 281 85 293 69 262 69 128
313 91 285 91 295 75 265 75 161
311 164 284 164 293 153 264 152 66
313 203 281 203 295 197 261 195 41
314 209 284 209 295 201 262 201 34
312 215 283 215 295 207 263 207 37
313 256 285 256 295 251 265 251 98
315 275 279 275 293 273 255 272 25
315 279 280 279 293 277 253 277 21
322 287 285 287 293 289 257 287 43
323 308 280 307 295 311 248 310 25
316 168 289 168 299 157 270 157 89
321 166 293 166 303 155 274 155 79
320 172 293 172 303 161 274 161 101
321 209 293 209 303 201 272 201 33
321 205 293 205 303 197 271 197 44
322 213 293 213 303 205 272 205 36
317 254 289 254 299 249 269 249 93
321 258 292 258 303 253 273 253 69
319 276 286 275 299 273 263 272 21
324 277 290 277 303 275 266 274 32
323 280 286 281 299 279 262 278 23
328 292 288 292 303 293 261 292 24
325 300 284 299 299 301 255 300 30
327 213 301 213 309 205 281 205 52
321 237 294 237 305 231 278 230 35
325 251 297 251 309 245 282 244 46
327 265 298 264 309 261 277 260 67
329 272 296 271 309 269 273 269 46
330 289 292 289 307 289 265 289 23
327 201 299 201 311 195 277 193 27
329 209 302 209 311 201 281 201 52
329 245 302 245 313 239 284 239 23
336 279 300 279 315 277 276 277 64
343 319 313 318 315 325 281 324 189
333 203 307 203 317 195 285 195 28
335 207 308 207 317 199 288 199 34
334 211 308 211 317 203 287 203 31
334 244 311 243 321 237 293 237 44
339 262 308 263 321 259 289 258 125
339 271 306 272 319 269 284 269 74
343 291 304 291 321 291 281 290 29
345 301 304 301 321 303 277 302 22
345 297 305 297 321 299 278 298 29
339 199 313 199 323 193 293 191 34
340 211 314 211 325 203 299 203 44
337 229 312 227 323 223 282 223 36
337 242 309 242 323 235 299 233 52
340 259 310 259 323 255 292 254 60
344 261 313 262 327 257 294 258 65
341 267 309 267 323 263 291 262 95
346 275 313 275 327 273 291 273 56
344 273 311 273 325 271 290 271 69
347 201 323 201 331 193 302 193 44
347 205 323 205 329 197 301 197 63
347 209 322 209 331 201 303 201 37
346 245 321 245 331 239 304 239 119
356 292 317 292 333 293 291 293 27
353 197 329 197 337 191 307 189 38
354 203 332 203 337 195 309 195 55
353 209 329 209 337 201 309 201 102
351 253 324 252 337 247 309 246 202
349 259 322 258 335 253 302 254 79
355 273 323 274 339 271 305 270 26
354 281 318 280 335 279 298 279 36
361 302 319 302 337 305 290 305 56
361 203 338 203 343 195 317 195 76
362 199 337 199 345 191 317 189 35
361 207 337 207 343 199 317 199 169
360 277 327 276 341 275 305 274 27
358 289 317 291 341 287 303 286 48
362 106 338 105 349 91 324 90 256
360 104 336 104 347 89 322 89 192
360 117 336 116 347 103 322 102 212
360 127 336 126 347 113 322 112 120
363 149 340 149 351 137 328 137 191
359 149 336 150 347 139 322 137 231
360 165 336 166 347 155 322 155 130
360 172 336 172 347 161 323 161 75
369 269 335 268 351 265 316 266 28
368 277 334 276 349 275 312 275 39
367 41 345 43 355 25 333 24 162
366 47 344 48 353 29 330 30 122
365 51 343 52 355 35 333 36 97
366 103 343 103 355 89 331 89 145
368 103 345 103 357 89 333 89 129
365 120 342 120 355 107 333 107 269
368 128 346 128 357 115 334 114 100
368 145 346 145 357 133 335 133 84
366 153 345 153 355 141 333 141 133
368 151 347 151 357 139 335 139 105
364 158 343 158 353 147 331 147 130
367 170 344 170 355 159 331 159 47
368 165 344 166 355 155 328 155 125
374 248 339 247 355 243 317 243 145
371 245 336 245 353 241 315 241 258
376 253 340 254 357 251 319 250 112
374 277 340 277 357 275 321 275 36
376 289 339 289 357 289 317 288 47
376 49 353 49 363 31 343 33 109
372 51 349 51 359 33 333 32 109
375 106 350 105 361 91 338 91 179
374 109 352 109 363 95 340 95 148
372 118 351 118 361 105 339 105 206
370 174 345 174 363 163 339 163 66
379 201 350 202 361 193 329 194 294
377 243 341 243 359 239 321 239 125
381 251 345 251 363 247 324 247 59
376 267 343 269 359 267 325 269 28
381 283 346 282 363 281 326 280 32
377 293 339 293 359 293 313 294 62
376 107 354 107 365 93 342 93 110
375 170 353 170 365 159 341 159 45
377 165 355 165 369 155 345 154 79
379 172 358 172 369 161 347 161 80
387 231 351 231 369 225 331 225 113
383 253 347 252 365 249 326 248 36
386 302 344 302 365 305 319 305 85
388 210 354 211 371 203 335 203 159
390 229 355 229 373 223 335 223 169
392 231 357 231 375 225 337 225 107
388 232 352 232 371 227 333 227 157
387 239 351 239 371 235 332 235 120
388 245 353 245 371 241 335 241 60
389 253 357 252 373 249 336 249 29
391 267 358 267 375 265 341 264 50
397 191 364 192 381 183 347 183 150
395 199 364 198 379 191 343 192 189
397 248 362 247 381 243 342 243 41
395 265 365 264 381 261 348 260 45
393 283 357 283 377 281 338 281 40
398 289 362 288 381 289 341 288 101
401 306 359 306 381 309 334 309 69
401 236 370 236 385 231 353 230 192
403 253 367 253 387 249 348 249 48
400 283 365 283 385 281 347 281 66
401 292 362 292 383 293 342 292 128
402 207 373 207 389 199 358 197 126
406 210 377 210 393 203 362 203 152
409 249 373 249 393 245 354 245 81
408 255 372 255 393 251 354 251 55
407 281 373 280 393 279 355 279 78
407 303 366 303 389 305 344 305 79
407 35 389 37 399 19 386 21 269
403 45 389 41 399 29 387 28 382
408 198 382 197 397 189 370 189 246
414 245 379 245 399 241 360 241 69
413 283 377 283 399 281 360 281 71
410 290 374 289 395 289 354 289 109
416 296 377 296 399 297 358 296 75
410 69 395 69 403 55 389 55 361
406 97 393 96 401 83 388 83 433
406 100 395 102 403 89 390 89 434
410 145 397 145 405 133 392 133 373
409 145 395 143 403 131 389 130 436
413 199 386 200 401 191 375 189 144
419 205 388 205 405 197 372 197 117
416 245 380 245 401 241 361 241 91
420 249 384 249 405 245 367 245 91
416 251 380 251 401 247 363 247 81
419 313 375 312 401 317 351 317 16
413 65 399 66 407 51 395 51 211
414 75 401 75 409 61 395 61 327
416 73 403 73 411 59 397 59 207
412 102 399 102 407 89 394 89 319
414 104 401 104 409 91 396 91 353
414 141 401 141 409 129 396 129 395
416 137 403 137 411 125 398 125 338
412 150 399 150 407 139 394 139 388
412 158 399 158 407 147 394 147 384
414 168 401 168 409 157 396 157 410
424 225 388 225 409 219 371 219 72
423 231 388 231 409 225 371 225 60
421 227 386 227 407 221 369 221 69
421 245 386 245 407 241 369 241 77
422 253 386 253 407 249 368 249 112
421 255 385 255 409 251 367 251 80
421 279 387 279 407 277 370 277 65
424 304 377 306 407 307 362 306 90
420 49 402 48 417 35 402 35 40
422 71 409 71 417 57 403 57 374
418 96 405 96 413 83 399 84 330
422 102 409 102 417 89 404 89 271
420 104 407 104 415 91 401 91 333
422 135 409 135 417 123 404 123 393
418 137 405 137 413 125 400 125 250
418 145 405 145 413 133 400 133 318
418 143 405 143 413 131 400 131 313
418 187 404 187 413 177 399 177 401
423 191 411 191 417 181 408 181 527
427 245 392 245 413 241 375 241 126
431 249 395 249 417 245 378 245 66
427 278 393 275 415 275 378 274 39
427 282 392 282 413 281 377 280 49
431 314 385 314 413 319 363 319 16
426 40 412 40 421 25 407 25 41
429 40 415 40 423 25 408 25 38
426 56 412 56 421 41 407 41 81
424 64 411 62 419 49 406 48 97
426 69 413 69 421 55 408 55 230
427 104 415 103 423 91 413 91 367
424 111 411 111 421 99 407 98 360
423 112 411 112 419 99 406 99 284
426 161 417 161 423 149 414 150 1113
423 168 410 168 419 157 406 157 448
426 170 416 169 423 159 413 158 385
423 174 411 174 419 163 406 163 442
423 178 409 178 421 167 405 167 911
433 245 398 245 421 241 383 241 58
434 253 399 253 421 249 383 249 44
435 283 401 283 423 281 385 281 30
435 302 394 305 419 305 377 303 27
429 86 417 83 425 73 413 72 172
433 92 423 92 429 79 419 79 123
430 126 420 126 427 115 417 113 97
430 174 422 175 427 163 417 163 422
434 188 424 187 429 177 423 179 321
439 248 403 247 425 243 387 243 75
440 243 407 243 427 239 392 239 98
442 277 411 276 429 275 397 274 32
441 286 407 285 429 285 391 284 30
443 289 406 288 429 289 388 288 24
438 293 404 294 425 293 384 293 32
440 301 398 302 425 303 381 303 17
434 43 422 44 431 29 417 29 77
440 52 426 52 435 37 421 37 56
436 86 426 86 433 73 423 73 113
434 180 428 180 433 169 427 169 457
444 206 412 205 433 197 399 197 80
443 207 410 207 431 199 397 199 76
447 229 412 229 435 223 397 223 189
445 293 413 292 433 293 392 292 23
447 308 403 307 431 313 379 313 14
442 46 428 46 437 31 423 31 90
440 88 430 88 437 75 427 75 151
437 138 435 138 437 127 422 126 228
437 150 435 150 437 139 435 139 179
442 166 436 166 441 155 435 155 162
451 203 421 204 441 195 409 195 43
449 223 414 223 437 217 400 217 215
453 232 419 232 441 227 403 227 243
452 238 418 238 441 233 404 233 167
449 243 415 243 437 239 400 239 104
452 245 418 246 441 241 404 241 102
451 253 417 253 441 249 404 249 31
449 281 414 281 437 279 400 279 14
451 281 416 281 439 279 402 279 14
458 312 418 313 441 317 392 317 17
446 119 441 120 443 109 433 107 12
448 160 441 157 447 149 444 149 172
456 221 422 222 445 215 408 215 193
456 225 422 225 445 219 408 219 233
455 231 419 231 443 225 405 225 268
458 227 424 227 447 221 410 221 215
458 232 423 232 447 227 409 227 275
456 244 421 244 445 239 408 239 113
458 246 424 245 447 241 409 241 124
456 251 422 251 445 247 408 247 43
458 255 423 255 447 251 409 251 48
455 279 421 279 443 277 409 276 17
457 289 422 289 447 289 406 289 20
451 134 449 134 451 123 449 123 87
449 138 447 138 449 127 447 127 87
449 152 446 151 449 141 447 141 97
452 164 446 164 451 153 445 153 176
460 216 425 216 449 209 409 208 200
460 278 426 278 451 275 417 274 29
465 307 422 307 451 311 404 311 17
455 140 453 140 455 129 453 129 138
459 144 456 144 459 133 457 133 187
455 146 453 146 455 135 453 135 109
456 167 450 168 455 157 449 158 231
467 214 434 214 457 207 422 207 75
465 225 431 225 455 219 418 219 145
469 223 435 223 459 217 423 217 113
466 253 431 253 455 249 418 248 44
467 260 432 260 457 257 421 256 32
466 262 431 262 455 259 419 257 19
465 276 431 276 455 273 420 273 30
469 311 431 311 455 315 418 314 35
465 130 463 130 465 119 463 119 65
463 140 460 140 463 129 460 129 140
461 140 458 140 461 129 458 129 128
461 146 458 147 461 135 458 135 113
462 148 458 148 461 137 458 137 161
464 151 460 150 463 139 459 139 105
467 178 457 177 465 167 456 166 289
472 218 441 218 463 211 431 211 144
471 242 437 242 461 237 425 237 88
475 236 441 237 465 233 429 231 111
474 276 440 276 465 273 429 273 22
474 293 435 293 463 293 420 293 9
477 304 434 304 465 307 418 307 15
467 126 465 126 467 115 465 115 49
469 130 467 130 469 119 467 119 66
467 132 465 132 467 121 465 121 80
472 169 465 170 471 159 463 159 183
469 172 461 172 467 161 459 161 194
473 176 464 175 471 165 463 164 220
479 249 447 249 471 245 436 245 123
480 257 447 256 471 253 436 252 160
480 263 447 263 471 259 436 258 129
479 270 447 270 471 267 436 267 65
477 291 440 291 467 291 424 291 13
483 306 440 306 471 309 424 309 17
476 140 472 140 475 129 471 129 35
477 136 473 136 477 125 473 125 46
475 152 473 152 475 141 472 141 42
482 198 456 198 475 189 447 189 221
480 217 452 217 473 209 443 208 181
482 247 449 246 473 241 439 241 195
482 259 449 259 473 255 438 255 111
486 258 455 259 477 253 443 254 197
486 262 453 263 477 259 443 259 100
481 274 449 274 473 271 438 271 47
489 317 449 317 477 323 433 323 18
485 101 479 103 483 91 480 91 76
481 150 477 150 481 139 477 139 42
483 148 479 148 483 137 479 137 48
479 154 475 154 479 143 475 143 46
479 158 475 158 479 147 475 147 34
482 160 477 160 481 149 477 149 51
481 187 471 187 479 177 465 176 216
486 191 474 192 483 181 470 181 211
489 230 463 230 483 223 455 222 82
489 87 486 86 489 75 486 75 62
487 101 484 100 487 89 484 89 42
489 103 486 102 489 91 486 91 109
485 110 482 111 485 99 482 99 61
490 124 485 124 489 113 484 113 63
485 140 481 140 485 129 481 129 59
489 150 485 150 489 139 484 138 20
487 160 483 160 487 149 483 149 32
489 164 485 164 489 153 485 153 50
491 177 477 178 487 167 471 168 177
494 202 471 202 489 193 465 193 174
493 232 467 232 487 225 459 224 100
495 230 469 230 489 223 461 222 98
495 247 469 246 489 241 461 241 89
491 255 465 254 485 249 457 249 145
493 263 463 263 485 259 454 259 56
497 287 460 286 489 287 449 287 11
499 304 455 304 489 307 441 307 22
490 57 487 57 491 45 473 45 7
491 85 488 85 491 73 488 73 58
495 87 492 87 495 75 492 75 72
493 89 490 89 493 77 490 77 43
495 92 492 92 495 81 492 81 92
491 103 488 102 491 91 488 90 48
491 111 488 110 491 99 488 99 47
491 114 488 114 491 103 488 105 121
495 146 490 146 495 135 490 135 21
491 156 487 156 491 145 487 145 23
495 162 491 162 495 151 491 151 25
499 205 474 205 493 197 468 197 165
502 301 461 300 493 303 447 303 14
504 299 462 298 495 301 449 301 22
504 303 462 303 495 307 448 306 21
507 51 495 52 499 39 487 39 9
501 99 498 98 501 87 498 87 42
500 111 495 111 499 99 494 99 50
501 132 496 132 501 121 496 121 40
497 138 492 138 497 127 492 127 53
500 164 497 164 501 153 496 153 50
497 160 493 160 497 149 493 149 22
497 166 493 166 497 155 494 156 33
505 195 483 194 501 185 477 185 140
501 215 479 215 497 207 473 207 81
503 219 481 219 499 211 475 211 97
504 221 481 221 499 213 475 213 83
505 238 484 238 501 231 479 231 68
510 309 466 309 501 313 451 313 16
504 82 502 83 505 71 502 71 28
508 91 501 90 507 79 501 78 73
505 89 501 89 505 77 501 76 31
507 100 502 101 507 89 502 89 82
503 103 499 102 503 91 499 90 70
505 107 500 107 505 95 500 95 50
503 128 498 128 503 117 498 117 85
507 142 502 142 507 131 502 131 32
506 160 501 160 505 147 500 147 28
511 227 489 226 507 219 483 219 86
511 240 489 240 507 233 484 233 59
509 252 483 252 503 247 476 248 37
516 59 510 59 513 47 503 47 10
509 85 505 84 509 73 505 72 86
509 97 504 97 509 85 504 85 64
511 99 506 99 511 87 506 87 49
509 102 504 103 509 91 504 91 41
512 109 506 109 511 97 506 97 31
511 117 505 117 511 105 506 105 68
514 115 508 115 513 103 508 103 29
511 122 507 123 511 111 506 111 79
513 128 508 128 513 117 508 117 46
509 126 504 126 509 115 504 115 53
511 136 506 136 511 125 506 125 34
511 146 506 146 511 135 506 135 49
509 150 504 150 509 139 504 139 35
513 172 508 172 513 161 508 161 121
515 195 494 195 511 185 490 185 372
517 206 495 206 513 197 490 197 170
513 217 490 218 509 209 485 209 115
515 238 492 238 511 231 488 231 50
514 255 487 254 509 249 481 248 15
519 257 489 258 513 253 483 253 13
514 261 485 262 509 257 478 257 16
515 273 483 273 509 271 474 271 12
518 272 485 271 513 269 477 269 9
519 89 514 88 519 77 514 76 47
517 106 512 107 517 95 512 95 35
519 110 514 111 519 99 514 99 27
519 116 514 117 519 105 514 105 32
516 118 510 118 515 107 510 107 33
516 121 511 121 517 109 512 109 37
518 127 513 127 517 115 512 115 88
517 130 512 130 517 119 512 119 47
515 140 510 140 515 129 510 129 30
515 144 510 144 515 133 510 133 28
515 150 510 150 515 139 510 139 25
519 164 514 164 519 153 514 153 49
519 170 514 169 519 159 513 159 41
519 176 514 176 519 165 514 165 85
520 228 499 229 517 221 495 220 64
519 240 497 240 515 233 492 233 42
532 49 524 49 525 37 520 36 11
523 81 519 81 523 69 519 69 32
523 95 518 95 523 83 518 83 40
521 105 516 105 521 93 516 93 59
525 101 520 101 525 89 520 89 30
525 110 520 111 525 99 520 99 25
525 115 520 115 525 103 520 103 46
521 114 516 115 521 103 516 103 50
525 117 520 116 525 105 520 105 28
523 128 518 128 523 117 518 117 45
525 140 520 140 525 129 520 129 38
525 156 520 156 525 145 520 145 27
521 160 515 160 521 149 515 149 28
523 172 517 171 523 161 517 160 56
524 193 504 193 521 183 501 183 253
528 189 508 187 525 179 503 178 212
527 197 508 196 525 187 505 186 102
528 195 508 194 525 185 505 185 110
524 201 505 200 521 191 503 190 126
524 225 505 226 521 217 501 217 58
530 256 502 256 525 251 497 251 12
527 301 487 303 521 307 472 307 11
531 81 527 81 531 69 527 69 29
529 79 525 79 529 67 525 67 23
527 83 523 83 527 71 523 71 64
529 85 525 85 529 73 525 73 34
527 93 522 93 527 81 522 81 51
531 93 526 93 531 81 526 81 42
531 105 526 105 531 93 526 93 61
529 101 524 101 529 89 524 89 53
529 109 524 109 529 97 524 97 48
530 137 524 138 529 127 524 126 44
527 158 522 158 527 147 522 147 29
527 160 521 160 527 149 521 149 40
527 170 522 170 527 159 521 159 41
527 176 521 176 527 165 521 165 39
531 251 504 251 527 245 499 245 13
530 260 497 260 529 255 492 256 16
533 261 500 261 527 257 489 257 12
535 267 506 267 531 263 499 261 9
537 295 491 295 531 299 485 297 15
535 303 493 303 531 307 483 306 14
535 302 492 302 529 305 482 304 20
540 338 484 339 531 351 470 350 10
535 85 531 85 535 73 531 73 25
533 111 528 111 533 99 528 99 41
537 121 532 121 537 109 532 109 30
533 150 528 150 533 139 528 139 17
537 172 532 172 537 161 532 161 15
538 209 526 209 537 199 525 199 11
543 345 485 344 535 359 470 359 10
546 57 540 59 543 45 534 45 9
543 79 539 79 543 67 539 67 15
543 87 539 87 543 75 539 75 20
541 85 537 85 541 73 537 73 25
541 91 537 91 541 79 537 79 52
541 99 536 99 541 87 536 87 29
543 103 538 103 543 91 538 91 35
543 111 538 110 543 99 538 99 46
541 117 536 117 541 105 536 105 30
539 134 534 134 539 123 534 123 21
541 136 536 136 541 125 536 125 81
543 174 537 174 543 163 538 163 17
542 191 534 191 541 181 534 181 46
543 197 535 197 543 187 535 187 34
539 205 528 205 539 195 528 194 20
544 207 532 207 543 197 532 197 24
542 246 514 246 541 239 514 239 17
540 256 509 256 541 251 505 251 15
547 284 510 284 543 283 502 282 26
544 294 504 294 539 295 495 295 13
549 336 495 335 541 347 481 345 11
549 97 545 96 549 85 545 85 46
544 95 540 95 545 83 541 83 26
545 101 541 101 545 89 541 89 22
545 121 540 120 545 109 540 109 65
547 146 541 146 547 135 541 135 46
549 172 542 171 549 161 543 161 23
547 190 539 190 549 179 539 179 38
545 193 538 193 545 183 538 183 32
544 241 522 241 547 233 522 234 10
547 254 519 254 545 249 516 248 12
555 87 550 87 555 75 551 75 52
553 91 549 91 553 79 549 79 39
551 94 546 94 551 83 547 83 26
550 114 546 114 551 103 547 102 35
553 112 548 112 553 101 549 101 53
552 119 547 119 553 107 549 106 61
555 128 550 129 555 117 550 117 130
556 133 549 133 555 121 548 121 83
551 135 545 135 551 123 544 123 67
555 137 548 137 555 125 548 125 71
551 150 545 150 551 139 545 139 61
555 162 548 162 555 151 548 151 23
555 196 547 196 553 185 546 185 84
554 211 541 211 553 201 539 200 18
559 103 554 103 559 91 554 91 73
557 116 551 117 557 105 552 105 55
558 135 549 134 557 123 550 123 75
559 152 552 152 559 141 552 141 32
561 162 554 162 561 151 554 151 29
559 180 551 180 559 169 549 167 50
557 213 545 215 559 205 545 205 10
560 220 544 219 561 211 543 210 10
561 291 520 291 557 293 511 293 43
563 295 521 295 559 297 513 297 60
563 299 521 299 559 301 513 301 66
565 312 518 312 561 317 510 317 15
565 89 559 89 565 77 560 77 74
563 99 557 99 563 87 557 87 135
563 111 557 110 563 99 558 99 31
565 144 559 144 565 133 560 133 74
563 148 556 149 563 137 557 137 66
563 155 556 156 563 145 556 144 27
567 187 558 187 567 177 557 177 74
566 185 554 186 565 175 555 175 37
567 201 557 201 567 191 557 191 20
565 203 555 203 565 193 555 193 23
566 208 559 211 567 199 556 201 30
566 216 551 216 567 207 550 206 10
559 237 539 237 563 229 540 229 12
569 273 535 273 567 271 530 271 6
573 91 567 91 573 79 567 79 108
569 101 563 101 569 89 564 89 90
573 119 567 119 573 107 567 107 53
571 178 562 177 571 167 564 167 76
571 187 561 188 571 177 561 177 43
569 205 558 205 569 195 559 195 34
572 270 538 269 573 267 533 268 12
574 267 542 266 573 263 538 261 11
571 305 525 306 569 309 519 309 57
579 78 573 79 579 67 576 65 62
579 89 573 89 579 77 577 77 227
577 117 571 117 577 105 571 105 129
579 124 573 124 579 113 573 113 279
579 149 572 148 579 137 573 137 131
577 193 566 193 577 183 567 183 31
575 201 565 201 575 191 565 191 28
575 207 563 207 575 197 563 197 25
579 223 561 224 579 215 559 214 19
578 233 559 232 579 225 557 225 9
580 249 553 249 579 243 549 242 15
575 245 552 244 575 239 548 238 13
570 258 541 258 577 253 537 253 14
580 282 544 282 579 281 539 281 14
581 300 538 300 579 303 533 303 21
577 312 530 312 575 317 523 317 15
585 81 581 80 585 69 581 68 79
583 83 577 83 583 71 578 71 37
584 95 579 95 585 83 579 83 269
582 111 577 111 583 99 577 99 66
581 127 575 127 581 115 575 115 77
581 145 575 145 581 133 575 133 109
583 181 573 181 583 171 573 170 107
581 197 570 197 581 187 571 187 55
584 230 562 230 583 223 563 221 20
581 237 559 237 581 229 557 229 12
583 238 560 239 583 231 559 231 13
581 258 551 258 585 253 551 253 8
589 293 551 292 585 295 546 293 25
582 297 541 297 581 299 535 299 20
586 299 544 299 585 301 539 301 21
587 306 541 306 585 311 537 313 18
586 340 530 340 585 353 521 353 27
584 344 528 345 583 359 518 359 19
592 43 590 43 591 31 582 31 7
586 86 581 85 587 73 581 73 167
586 91 581 91 587 79 582 79 103
586 105 580 106 587 93 581 93 194
589 117 583 117 589 105 584 105 80
586 150 580 150 587 139 581 139 128
590 154 583 154 591 143 585 143 242
587 177 579 177 587 167 579 166 67
589 187 578 187 589 177 578 177 87
587 191 576 191 587 181 576 181 82
590 189 579 189 591 179 580 179 84
588 193 578 193 589 183 578 183 73
590 203 579 203 591 193 579 193 45
593 211 579 211 591 201 579 201 45
586 221 568 220 587 213 568 211 23
590 219 573 219 591 211 574 212 33
590 225 573 225 591 217 573 217 17
591 231 571 231 591 223 571 223 15
587 244 562 243 587 237 559 236 10
591 342 534 342 589 355 524 355 51
597 40 589 37 595 27 589 26 10
594 99 588 99 595 87 590 86 73
596 103 590 103 597 91 591 91 72
594 107 589 106 595 95 589 95 41
593 111 587 111 593 99 588 99 74
596 130 590 130 597 119 591 119 163
592 138 586 137 593 125 587 126 238
596 156 590 156 597 145 592 145 140
594 187 583 187 595 177 583 177 146
593 185 581 185 593 175 581 175 113
595 221 579 221 595 211 577 211 35
596 223 578 223 597 215 578 215 45
596 229 576 229 597 221 576 221 32
597 256 567 256 597 251 566 251 16
597 270 563 267 597 267 562 265 13
597 292 557 292 597 293 553 293 20
595 293 557 294 597 295 552 295 14
593 297 551 297 593 299 547 299 21
594 336 539 335 593 349 527 349 36
597 348 540 348 597 363 531 363 29
602 59 597 59 603 47 597 47 111
597 65 595 61 601 49 594 51 53
599 78 593 78 599 67 594 66 113
599 86 593 86 599 75 594 74 76
600 92 594 92 601 79 595 79 60
600 101 594 101 601 89 593 88 100
600 109 593 109 601 97 594 97 32
600 117 594 117 601 105 595 105 88
602 125 596 125 603 113 597 113 196
598 134 593 134 599 123 594 123 243
602 130 596 130 603 119 597 119 180
601 138 594 138 601 127 595 127 204
602 148 596 148 603 137 597 137 215
602 154 596 154 603 143 597 143 293
600 187 588 187 601 177 589 177 109
598 205 586 205 599 195 587 195 42
602 209 590 209 603 199 590 199 42
601 227 583 227 601 219 582 219 24
600 265 569 267 601 263 567 265 17
603 279 566 278 603 277 564 276 21
602 319 556 318 603 325 549 325 15
606 56 601 56 607 43 602 43 112
604 54 599 53 605 41 600 40 79
607 73 602 72 609 59 602 61 176
605 77 600 76 607 63 601 63 70
608 103 604 102 609 91 601 91 33
608 105 601 105 609 93 604 92 49
608 142 601 142 609 131 602 131 98
608 174 600 174 609 163 601 162 87
604 175 595 175 605 165 596 164 100
606 187 594 187 607 177 595 176 109
606 189 594 189 607 179 595 179 137
605 213 592 213 605 203 592 203 29
607 261 577 261 609 257 576 257 14
606 262 575 262 607 259 573 257 18
607 277 570 276 607 275 568 274 19
613 37 607 37 611 25 605 25 154
614 46 608 46 615 29 610 28 226
610 52 605 52 611 39 606 39 84
614 87 607 88 615 75 608 75 80
612 109 605 109 613 97 606 97 46
614 107 607 107 615 95 608 95 56
614 144 607 144 615 133 608 133 98
614 168 607 168 615 157 608 157 65
610 191 598 191 611 181 599 181 151
614 195 602 195 615 185 603 185 261
614 228 597 228 615 219 597 219 23
616 223 593 223 615 215 590 215 42
613 249 585 249 613 243 585 243 11
613 247 589 247 615 241 588 240 15
614 266 581 267 615 263 581 263 11
611 275 575 276 611 273 573 272 16
613 311 567 310 615 315 563 315 12
620 81 613 81 621 71 614 69 36
616 85 609 85 617 73 610 72 62
619 91 611 91 619 79 613 78 38
620 101 612 101 621 89 613 89 39
616 146 609 146 617 135 610 135 44
616 165 609 165 617 155 610 154 35
620 167 613 168 621 157 614 157 49
620 185 608 185 621 175 609 175 249
622 217 603 216 621 207 605 206 60
619 234 604 235 621 227 599 227 28
613 238 592 238 617 231 590 230 32
615 261 585 261 617 257 585 256 12
616 268 583 268 619 265 584 265 9
615 273 582 273 619 271 582 270 13
618 287 581 287 621 287 575 286 20
616 300 576 301 619 303 572 302 9
622 70 614 69 623 57 616 57 92
626 80 618 82 627 69 620 67 41
624 84 617 84 625 71 618 71 39
623 89 615 89 623 77 615 77 35
626 103 619 103 627 91 620 90 35
622 117 615 117 623 103 616 103 80
622 209 608 208 623 199 608 198 160
622 213 606 212 623 203 607 202 94
623 223 604 223 625 215 605 215 43
625 225 606 225 627 217 607 217 44
621 238 599 238 623 231 600 231 22
620 253 595 254 625 249 594 248 15
621 252 593 252 623 247 594 247 8
626 307 580 307 627 311 579 310 7
631 87 622 87 631 75 624 74 32
634 95 625 95 633 83 626 82 22
629 146 620 146 631 135 621 134 21
628 175 614 175 629 165 619 166 68
627 185 615 185 629 175 617 175 324
631 187 616 187 633 177 618 177 451
629 189 615 189 631 179 617 178 560
629 197 611 197 631 187 612 187 330
631 199 612 199 633 189 614 189 322
631 222 612 221 633 213 613 213 44
627 233 607 234 629 227 604 225 33
626 240 603 240 629 233 607 233 20
628 263 595 263 629 259 597 258 16
628 279 592 280 631 279 591 278 8
638 58 630 58 639 45 631 44 307
636 60 628 60 637 47 629 47 205
637 95 626 96 639 83 630 83 50
633 193 612 193 635 183 613 183 440
635 202 616 202 637 193 617 193 182
643 43 637 41 645 29 639 27 61
639 46 632 46 641 33 634 33 92
641 129 631 128 643 117 633 116 17
643 131 633 131 645 119 634 119 18
641 139 630 138 643 127 632 127 33
637 258 609 258 641 253 611 254 8
638 261 607 261 641 257 608 257 9
646 51 638 50 647 37 640 37 57
647 76 639 76 649 63 641 63 57
645 78 637 78 647 65 639 65 38
649 82 642 81 651 69 643 69 46
648 86 640 86 649 73 642 73 43
645 89 637 90 647 77 639 76 40
647 102 638 102 649 89 640 89 94
647 139 637 138 649 127 639 126 58
645 146 634 146 647 135 636 135 22
645 158 634 158 647 147 636 147 16
646 191 623 189 649 181 628 180 210
644 195 624 196 647 185 626 186 144
646 225 624 225 649 217 626 217 19
646 229 624 229 649 221 626 222 37
645 296 604 298 649 299 609 301 12
643 300 601 302 649 305 601 304 12
644 307 598 307 649 311 599 311 9
645 345 585 345 649 359 583 359 29
655 51 648 49 657 37 649 38 56
651 63 644 61 653 49 645 49 44
655 90 644 90 657 77 647 76 100
653 93 644 91 655 81 646 79 77
651 97 642 97 653 85 644 85 163
651 129 640 129 653 117 640 115 87
651 141 640 141 653 129 642 129 28
651 146 640 146 653 135 642 135 42
653 150 642 150 655 139 644 139 24
653 158 642 158 655 147 644 147 27
653 183 635 180 657 171 637 169 88
652 195 628 195 655 185 630 186 119
652 202 631 201 655 193 633 194 89
654 210 632 210 657 201 634 201 69
650 230 628 230 653 223 630 223 23
655 238 631 238 657 231 634 231 32
649 247 619 247 653 243 624 242 17
653 275 614 276 657 273 608 273 15
651 306 607 306 657 311 607 311 11
646 324 594 323 653 335 594 333 13
659 31 652 29 661 17 653 19 48
657 54 650 53 659 41 651 41 46
659 58 651 58 661 45 653 45 29
657 70 649 70 659 57 651 57 73
661 108 653 109 663 95 655 96 171
661 119 650 119 663 107 652 107 52
657 139 646 139 659 127 648 127 38
661 146 650 146 663 135 652 135 31
657 144 646 144 659 133 648 133 58
660 193 637 195 663 183 640 185 78
655 208 633 208 659 199 635 200 89
662 206 637 206 663 197 639 197 164
656 256 628 255 661 251 627 249 11
656 264 624 264 661 261 626 259 10
652 329 600 329 659 341 600 340 22
651 341 589 341 659 355 595 355 38
667 42 659 43 669 29 661 29 26
665 46 657 45 667 33 659 32 25
667 54 659 55 669 41 661 41 51
663 60 655 61 665 47 657 47 50
665 87 657 87 667 75 659 75 150
668 93 658 93 669 81 663 81 433
665 129 654 129 667 117 656 117 61
665 125 654 124 667 113 656 112 55
665 143 653 142 667 131 656 131 29
666 150 655 150 669 139 657 138 51
663 150 651 150 665 139 653 139 24
663 158 652 158 665 147 654 147 33
663 160 652 160 665 149 654 149 39
661 181 639 181 665 171 642 171 63
661 191 639 189 665 179 642 179 60
663 202 641 202 667 193 643 193 127
661 223 638 223 665 215 641 215 25
663 266 636 267 669 263 639 264 10
665 288 624 288 669 289 626 289 12
656 294 617 293 665 295 619 295 14
661 299 617 299 667 301 621 300 10
663 298 621 298 669 299 623 298 7
659 323 609 325 669 335 612 335 12
661 347 603 347 667 361 602 361 24
671 33 663 32 673 19 666 18 24
669 36 661 36 671 23 664 22 21
673 36 665 37 675 23 668 21 90
671 44 663 45 673 31 665 31 30
670 99 663 99 673 87 665 87 459
672 124 661 125 675 113 664 113 69
671 135 659 134 673 123 662 122 54
671 141 659 140 673 129 662 129 38
673 139 661 138 675 127 664 127 54
668 146 657 146 671 135 660 135 41
670 152 659 152 673 141 662 141 39
669 156 657 156 671 145 660 145 55
672 162 661 162 675 151 664 151 42
670 160 659 160 673 149 662 148 60
673 166 661 166 675 155 664 155 37
669 219 648 219 675 211 651 211 46
671 221 648 221 675 213 651 213 10
669 274 632 276 673 273 637 272 10
666 321 615 322 675 329 619 329 13
667 333 613 332 675 343 615 342 20
677 58 669 58 679 45 671 44 202
675 80 667 80 677 67 669 66 241
677 80 669 80 679 67 671 66 222
676 135 665 134 679 123 668 123 62
675 133 663 132 677 121 666 120 68
676 141 665 141 679 129 668 129 72
674 158 663 157 677 147 666 146 58
675 198 654 198 681 189 658 189 49
673 214 651 214 677 205 654 205 35
679 229 660 229 679 221 660 221 15
673 287 636 288 681 287 640 288 14
668 314 621 313 677 319 625 318 10
671 348 613 348 681 363 615 363 33
681 43 673 42 683 29 675 31 17
683 58 674 58 685 45 676 44 193
683 64 673 64 685 51 676 50 217
684 80 675 80 687 67 678 66 300
682 88 671 89 685 75 673 75 329
680 133 670 132 683 121 673 119 184
680 138 669 140 683 127 671 128 92
680 144 669 144 683 133 671 132 74
680 172 669 172 683 161 672 161 75
681 233 657 233 687 225 670 225 27
678 253 651 253 683 247 655 247 31
680 280 643 280 687 279 648 279 14
677 283 643 284 687 283 648 283 13
674 281 636 281 683 281 643 281 16
678 287 638 287 685 287 643 287 12
672 344 615 344 683 359 618 359 19
687 33 679 32 689 19 682 18 18
689 65 680 64 693 51 682 51 215
686 94 673 94 691 81 675 80 289
689 125 676 124 693 111 679 109 102
689 119 681 119 693 109 685 107 224
686 184 663 183 691 175 669 173 31
684 206 661 206 689 197 665 197 129
685 212 662 212 689 203 665 203 93
685 215 661 215 689 207 664 207 63
687 246 658 246 693 239 668 239 65
683 251 657 251 689 245 662 245 36
681 294 641 294 689 295 646 296 19
683 293 641 294 691 295 648 295 12
681 318 631 316 691 325 636 325 10
694 76 685 76 697 63 688 62 67
692 82 683 81 695 69 685 68 174
694 84 685 84 697 71 687 70 98
694 103 680 107 697 91 683 89 228
691 101 678 102 695 89 681 88 241
696 114 681 111 699 101 689 101 118
696 119 685 118 699 107 688 106 83
693 137 683 136 697 125 686 124 176
696 158 685 158 699 147 688 147 56
691 194 668 194 697 185 673 185 155
693 198 671 198 699 189 675 189 194
690 196 667 196 695 187 671 187 78
690 208 667 208 695 199 671 199 170
691 214 669 214 697 205 673 205 114
691 266 660 266 699 263 664 261 26
690 273 657 274 699 273 662 272 29
689 285 651 285 699 285 655 284 13
686 295 646 295 697 297 651 297 18
683 312 637 312 697 319 645 318 11
698 32 685 34 701 19 688 20 83
702 36 692 36 705 23 695 21 38
702 43 692 43 705 29 695 30 82
702 47 692 48 705 35 695 34 78
702 78 692 78 705 65 695 65 25
702 92 692 92 705 79 695 79 74
700 102 691 101 703 89 693 89 88
700 114 690 113 703 101 693 101 51
700 121 689 121 703 109 692 108 69
702 119 691 119 705 107 695 107 65
702 129 691 129 705 117 694 117 57
702 125 690 125 705 113 693 113 57
702 135 691 134 705 123 694 122 37
698 181 677 181 703 171 682 171 92
694 177 673 177 701 167 677 167 46
695 202 673 202 701 193 677 193 259
695 208 672 208 701 199 677 199 187
697 237 673 236 701 229 680 229 60
700 246 677 246 705 239 681 239 83
696 263 664 259 703 259 671 259 29
699 266 668 266 705 261 671 259 29
693 291 653 292 703 293 662 293 17
692 330 640 329 703 339 645 339 25
691 337 636 337 703 349 641 349 36
706 52 696 52 709 39 699 38 33
701 55 693 55 709 41 699 40 74
703 64 694 63 709 49 698 49 31
704 83 694 84 707 71 697 70 33
706 99 696 99 709 87 699 87 78
704 112 693 109 707 99 696 97 37
705 123 694 123 709 111 698 110 29
707 127 697 126 711 115 700 114 34
703 141 693 141 707 129 696 129 71
703 147 692 146 707 135 696 135 61
706 160 694 159 709 149 698 149 60
705 185 684 185 711 175 689 175 132
701 196 680 196 707 187 685 187 254
703 196 682 196 709 187 687 186 161
703 206 680 206 709 197 685 197 215
703 212 680 212 709 203 685 203 126
705 223 683 223 711 215 689 215 45
700 230 679 230 709 223 686 223 163
704 234 683 234 711 227 688 227 69
703 244 682 245 709 237 689 239 98
704 248 679 247 709 241 683 240 81
700 251 675 251 709 245 684 245 39
697 251 675 251 707 245 681 245 39
697 287 659 287 707 287 666 287 17
699 335 646 335 711 347 651 346 35
709 62 703 59 715 47 705 46 26
714 70 703 70 717 57 707 56 24
714 102 703 101 717 89 707 88 31
711 108 701 108 715 95 705 95 35
711 133 700 133 715 121 704 120 31
709 138 698 138 713 127 702 127 45
709 156 698 156 713 145 702 145 53
711 166 700 166 715 155 703 155 77
707 177 687 177 713 167 692 167 162
709 184 687 183 715 173 693 175 113
709 189 688 189 715 179 693 180 150
711 196 689 197 717 187 694 187 217
711 223 689 223 717 215 694 215 73
711 238 690 238 717 231 694 231 80
709 259 686 257 715 255 692 254 19
717 37 707 37 721 25 711 23 49
715 49 705 49 719 35 709 34 39
715 55 704 55 719 41 707 41 40
719 81 709 81 723 69 713 69 23
717 132 707 132 721 121 710 120 25
717 150 707 150 721 139 710 139 42
717 156 706 156 721 145 710 145 35
713 187 691 187 719 177 696 176 87
713 194 691 195 719 185 696 185 211
714 208 691 209 721 199 697 199 146
716 216 694 216 723 207 699 207 163
716 214 694 214 723 205 699 205 146
715 219 692 219 721 211 699 210 182
725 37 714 35 729 23 718 24 48
721 43 710 43 725 29 714 28 43
721 72 710 73 725 59 714 59 51
723 125 713 125 727 115 716 113 10
721 141 712 142 725 129 716 131 30
723 144 712 144 727 133 716 133 16
725 158 715 158 729 147 719 147 15
721 160 711 160 725 149 715 149 39
724 165 715 168 729 157 718 156 19
722 214 699 214 729 205 705 205 106
720 225 698 225 727 217 703 218 71
722 237 700 237 729 229 706 229 101
731 98 720 98 735 85 724 85 25
727 104 716 104 731 91 720 91 60
729 152 718 152 733 141 722 141 16
727 170 716 169 731 159 720 159 24
727 177 717 177 733 167 722 167 24
728 185 715 183 731 175 719 174 77
729 223 705 223 733 215 714 215 132
724 240 702 240 731 233 708 233 113
724 244 701 244 731 237 707 237 70
725 247 701 247 733 241 707 241 87
727 262 702 265 735 257 705 256 17
717 316 670 316 731 321 678 322 47
717 319 669 319 731 323 677 325 48
734 63 724 62 739 49 729 48 48
733 104 722 103 737 91 726 90 29
737 132 726 133 741 121 730 121 26
733 167 722 166 737 155 726 155 26
733 182 723 182 737 171 727 171 24
730 245 706 245 737 239 713 238 69
741 48 726 49 747 33 734 33 35
741 59 730 58 745 45 733 45 22
740 87 730 88 745 75 734 73 52
742 92 732 91 747 79 736 78 52
740 95 730 96 745 83 734 82 45
739 105 728 105 743 93 732 92 36
739 123 729 123 745 111 733 110 23
742 129 731 128 747 117 736 116 34
743 134 732 135 747 123 736 123 33
743 154 732 153 747 143 736 142 20
741 168 731 168 745 157 736 157 23
742 179 729 179 747 169 737 169 20
739 195 729 192 743 183 731 185 11
741 215 723 215 745 207 728 206 22
738 231 719 231 745 223 725 223 48
744 65 733 64 749 51 738 50 45
746 74 739 71 751 59 745 57 238
744 94 734 93 749 81 738 80 60
746 125 735 125 751 113 740 112 49
748 131 737 131 753 119 742 121 26
746 137 735 138 751 125 740 124 55
749 151 738 151 753 137 742 137 37
746 156 736 157 751 145 741 146 52
744 164 733 164 749 153 738 153 29
746 165 736 166 751 155 740 155 45
745 182 733 181 749 171 738 170 12
742 227 723 227 749 219 729 219 34
745 226 727 225 753 217 734 217 43
749 231 727 231 753 223 732 223 30
752 113 741 114 757 101 746 103 62
754 113 743 115 759 101 748 103 61
752 139 741 139 757 127 746 126 38
754 137 743 136 759 125 748 125 48
754 148 743 147 759 137 747 135 38
750 160 739 162 755 151 744 152 42
754 180 743 180 759 169 748 169 27
749 211 726 210 757 201 729 201 17
752 231 732 231 759 223 741 223 23
758 62 746 60 763 47 751 45 64
760 75 748 74 765 61 753 60 167
760 73 748 72 765 59 754 58 57
758 109 746 109 763 97 751 97 202
758 123 746 123 763 111 752 110 112
758 138 746 138 763 127 751 126 46
758 173 747 174 763 163 752 163 16
760 183 748 183 765 173 754 173 20
757 210 738 209 765 201 745 200 16
758 218 737 217 765 209 747 209 18
756 223 738 223 765 215 747 215 38
757 229 738 229 765 221 745 221 28
754 245 730 245 763 239 738 238 9
765 55 753 55 771 41 759 40 122
763 71 751 71 769 57 757 56 57
763 95 752 98 769 85 757 84 117
766 135 753 134 771 123 759 122 31
763 137 752 136 769 125 757 124 61
766 143 754 143 771 131 759 131 24
764 174 752 174 769 163 758 163 17
762 215 743 214 769 207 750 207 16
767 74 756 71 773 59 761 59 301
771 92 760 92 777 79 765 78 252
768 96 756 96 773 83 761 82 270
769 110 758 109 775 97 763 96 161
768 129 756 129 773 117 761 116 43
769 139 758 138 775 127 763 126 21
767 149 756 148 773 137 761 137 42
768 159 756 158 773 147 761 147 12
769 160 758 159 775 149 763 148 7
767 218 751 217 775 209 757 208 21
767 224 747 224 773 215 753 215 20
765 231 745 231 773 223 753 223 17
777 53 765 53 783 39 771 38 107
773 65 761 64 779 51 767 50 104
777 75 766 73 783 61 772 59 83
773 113 762 113 779 101 767 100 132
774 138 762 138 779 127 767 126 19
777 141 766 140 783 129 771 128 16
773 169 761 169 779 159 767 158 8
775 199 753 197 783 189 761 188 12
775 214 757 215 783 207 766 205 34
779 57 767 57 785 43 773 42 118
779 59 767 59 785 45 773 44 149
779 65 767 65 785 51 773 50 117
779 73 767 73 785 59 772 60 80
781 88 769 88 787 75 775 74 79
779 86 767 86 785 73 773 72 75
781 125 769 125 787 113 775 113 28
781 131 769 130 787 119 775 118 18
779 221 760 221 789 213 769 213 28
774 221 755 221 785 213 766 213 27
776 225 756 225 787 217 767 217 37
787 55 775 55 793 41 781 40 150
785 117 773 117 791 105 779 104 46
787 125 775 125 793 113 781 112 16
789 133 777 133 795 121 783 120 29
789 135 777 134 795 123 784 121 41
787 139 775 139 793 127 781 126 75
789 145 777 144 795 133 783 132 68
785 178 773 178 791 167 779 167 12
784 199 764 199 793 191 772 190 15
784 209 763 210 793 201 772 201 21
785 216 764 215 793 207 772 205 31
785 225 765 225 793 217 771 217 25
794 44 782 43 801 29 789 27 99
790 46 778 45 797 31 784 29 99
790 55 779 55 797 41 785 40 138
793 68 781 68 799 55 787 54 102
795 125 783 124 801 113 789 112 31
795 190 782 192 801 181 788 181 10
791 211 770 211 801 203 779 203 29
789 219 769 219 799 211 778 210 32
791 223 770 223 801 215 779 215 35
798 59 787 59 805 45 793 44 125
796 57 785 57 803 43 791 42 130
797 89 785 90 803 77 791 76 139
796 99 785 100 803 87 791 86 186
798 124 787 123 805 111 793 111 32
798 128 787 129 805 117 793 116 90
799 138 787 138 805 127 793 126 132
796 179 777 180 805 169 787 167 14
798 184 779 186 807 175 787 175 9
795 201 774 201 805 191 783 192 13
797 217 776 217 807 209 785 208 42
797 223 775 223 807 215 785 215 64
804 59 793 59 811 45 799 44 121
804 77 793 75 811 63 799 63 148
802 94 791 93 809 81 797 80 268
802 110 791 109 809 97 797 97 174
804 191 788 191 811 181 796 180 11
808 57 797 57 815 43 803 42 250
810 81 799 80 817 67 805 66 268
812 92 801 92 819 79 807 78 242
812 111 801 111 819 99 807 98 155
803 211 782 211 815 203 792 201 34
806 221 787 221 817 213 797 213 98
804 225 785 225 815 217 792 217 126
815 57 807 57 823 43 810 42 207
814 65 802 65 821 51 809 50 235
816 63 804 63 823 49 811 48 246
814 90 803 89 821 77 810 76 450
816 96 807 95 823 83 811 82 401
814 115 802 115 821 103 809 102 268
816 113 804 113 823 101 811 100 196
814 197 802 198 823 187 809 188 8
822 63 810 62 829 49 817 48 179
822 81 811 80 829 67 817 66 232
818 127 810 127 827 115 813 114 221
819 164 798 161 829 153 810 151 11
817 168 798 168 827 157 808 157 13
802 311 748 311 829 319 768 319 64
803 319 749 319 829 327 769 328 65
804 320 750 319 831 329 771 330 64
802 323 748 322 829 333 768 332 42
804 330 750 330 831 341 770 341 30
829 32 818 32 837 17 825 16 246
826 192 813 191 837 181 823 182 10
826 203 807 205 835 195 816 195 78
806 316 754 317 833 325 772 325 133
807 317 752 316 835 327 773 326 81
807 334 753 334 835 345 773 345 20
830 151 811 151 841 139 822 138 15
833 187 815 187 843 177 823 177 8
827 183 810 184 839 173 819 172 16
839 55 831 54 847 41 842 40 278
843 34 831 33 851 19 839 18 129
851 200 837 199 861 191 846 190 146
856 123 841 126 865 111 851 111 113
851 143 832 143 863 131 843 130 93
859 180 842 180 871 169 853 169 15
865 135 847 135 877 123 858 122 123
864 159 845 160 877 149 856 147 9
867 198 851 198 877 189 862 188 95
872 98 857 98 883 85 868 84 27
868 151 849 150 881 139 861 137 18
872 174 853 174 885 163 865 163 23
868 187 850 187 881 177 859 176 17
868 183 850 183 881 173 861 172 25
872 194 857 194 883 185 868 185 17
879 51 863 55 891 35 875 33 36
880 95 864 95 891 81 875 82 31
878 98 863 98 889 85 874 83 29
878 160 858 161 891 149 870 150 13
878 177 859 177 891 167 872 165 20
881 75 866 75 893 61 877 60 28
885 122 870 121 897 109 881 108 44
885 124 869 125 897 111 881 111 54
884 166 863 167 897 155 878 155 43
887 187 870 187 897 177 879 176 19
888 33 872 32 899 17 881 16 62
892 47 877 48 903 33 888 32 9
888 143 872 146 899 133 883 133 50
892 149 876 151 903 139 896 141 186
854 292 783 293 901 305 816 304 102
895 77 877 77 905 63 884 63 35
892 169 873 169 905 159 886 158 52
859 291 787 291 907 303 822 303 104
899 71 883 70 915 55 894 55 22
899 75 882 74 915 59 895 59 24
903 182 887 183 913 173 903 172 15
902 195 884 195 913 185 897 185 31
863 297 790 297 913 311 826 311 81
907 37 890 37 921 21 903 22 68
907 39 890 39 921 23 903 25 20
907 47 889 51 921 31 903 30 65
906 118 889 118 919 105 902 104 54
908 152 892 152 921 139 905 140 76
908 158 891 158 921 147 904 146 41
909 63 892 62 923 47 906 46 33
910 164 893 164 923 153 906 152 17
923 74 906 73 937 59 920 57 9
930 189 911 189 943 179 931 179 11
934 56 914 54 951 39 931 38 15
936 47 916 47 953 31 932 29 25
940 88 921 87 957 73 937 72 11
946 82 926 81 963 67 943 65 13
945 88 926 87 963 73 942 72 14
948 100 928 99 965 85 944 86 24
947 105 928 104 965 91 944 90 28
951 105 930 105 969 91 948 90 50
948 155 927 152 965 143 944 142 24
951 191 933 191 967 181 946 180 13
954 35 933 35 975 17 951 17 12
955 155 935 153 973 143 952 143 21
953 157 933 156 971 145 950 144 25
957 39 936 38 977 21 954 20 18
959 51 938 50 981 33 957 32 17
960 117 940 113 979 101 958 100 46
963 155 942 154 981 143 960 142 26
963 37 941 36 983 19 960 18 27
967 111 946 110 987 97 965 96 42
964 139 944 140 983 129 962 128 25
968 143 947 145 987 133 965 133 27
967 189 948 188 987 179 968 179 11
973 35 951 34 993 17 962 18 28
969 101 948 101 989 87 967 86 55
971 154 950 153 991 143 969 142 18
977 133 956 133 997 123 975 121 59
979 143 958 141 999 131 977 129 46
988 103 968 102 1005 89 990 87 117
983 139 961 139 1003 129 981 127 80
981 155 960 154 1001 143 979 143 28
991 105 971 104 1009 91 992 90 92
994 45 970 44 1015 27 989 26 45
994 98 973 97 1017 83 994 82 59
995 157 974 156 1017 145 995 144 28
995 59 976 58 1019 43 990 43 11
1000 158 977 158 1021 147 999 146 34
1005 41 984 40 1027 23 1005 21 44
1003 155 981 154 1025 143 1002 142 27
1003 163 979 162 1025 151 1003 150 17
1012 105 990 105 1035 91 1012 90 44
1009 155 988 154 1031 143 1008 142 19
1014 111 992 112 1037 97 1014 98 18
1017 159 997 158 1039 147 1017 146 17
1016 179 994 177 1039 169 1015 168 28
1025 136 1003 137 1049 123 1026 123 92
1033 153 1010 152 1057 141 1033 140 25
1035 182 1012 181 1059 171 1033 171 28
1034 89 1014 90 1061 75 1037 74 16
1037 160 1012 161 1061 149 1037 148 20
1041 177 1014 176 1065 167 1041 166 20
1038 177 1016 177 1063 167 1046 168 23
1053 179 1031 178 1079 169 1055 168 18
1056 184 1032 183 1083 173 1058 172 19
1060 179 1039 180 1087 169 1063 168 14
1060 185 1036 185 1087 175 1062 174 25
1081 185 1055 185 1113 175 1085 174 39
1089 109 1065 109 1119 95 1094 94 143
1087 119 1063 119 1117 105 1091 103 91
1085 185 1059 185 1117 175 1089 175 30
1088 180 1061 180 1121 171 1092 170 32
1095 187 1069 187 1127 177 1097 176 51
1096 183 1071 182 1127 173 1101 171 42
1112 148 1088 147 1143 135 1118 134 151
1116 139 1092 142 1147 129 1122 128 125
1116 155 1092 155 1147 143 1122 142 97
1121 160 1098 161 1153 149 1127 147 97
1178 134 1155 133 1213 121 1189 119 222
1180 153 1157 152 1215 141 1191 140 170
1178 159 1156 158 1213 147 1189 146 419
1194 157 1167 156 1227 145 1204 144 351
