102 251 49 251 79 261 22 261 64
170 305 99 304 99 333 16 332 300
172 286 101 284 101 311 17 310 173
174 307 102 307 103 335 18 334 141
178 267 106 269 107 291 23 291 129
178 315 106 314 107 345 21 343 125
183 309 110 308 113 337 27 337 111
183 312 110 311 113 341 28 341 80
183 318 110 318 113 349 26 348 76
195 260 124 259 129 279 46 278 69
192 263 119 262 125 283 41 282 62
198 283 126 283 127 307 41 306 22
197 259 126 259 131 279 48 278 78
193 39 152 39 159 31 114 30 58
191 59 150 60 157 57 112 57 65
197 53 156 51 163 45 118 44 60
199 52 158 54 165 47 120 48 95
203 51 161 52 169 45 124 45 79
201 55 159 56 167 49 121 50 76
227 207 160 207 169 217 94 218 376
241 263 168 263 181 283 95 283 135
248 255 174 257 187 277 102 277 81
246 263 174 263 187 283 112 281 66
243 289 172 289 185 315 99 314 116
250 291 177 291 191 317 105 316 253
254 291 181 291 195 317 109 316 223
253 303 180 303 195 331 109 330 202
250 330 177 330 191 363 104 362 91
215 193 193 193 201 199 178 199 331
259 289 187 289 201 315 114 314 122
255 295 182 295 197 321 111 320 335
259 296 186 296 201 323 115 322 277
219 189 197 189 205 195 181 195 178
262 293 189 293 205 319 118 318 170
264 305 191 305 207 333 121 332 164
256 318 184 317 203 349 117 348 129
266 291 192 291 209 317 125 316 255
269 305 195 305 213 333 127 332 134
268 328 194 328 213 361 126 360 36
229 177 207 178 215 183 193 182 48
229 188 207 189 215 195 192 195 192
271 309 197 309 215 337 128 337 135
275 325 201 325 219 357 133 356 37
269 321 196 321 215 353 130 352 50
236 184 214 184 223 189 200 189 108
235 186 212 186 221 191 198 192 85
276 293 203 293 221 319 134 319 191
279 291 205 291 225 317 139 316 260
282 293 209 293 229 319 143 318 206
282 299 210 297 229 325 143 324 323
281 304 207 303 227 331 141 330 407
282 305 209 305 229 333 143 332 198
287 293 214 293 235 319 149 319 208
285 309 212 309 233 337 147 336 157
298 256 226 256 243 275 159 275 38
294 304 221 303 243 331 157 330 227
297 290 227 290 247 315 162 314 280
299 303 227 299 249 327 163 329 172
296 309 223 308 245 337 159 336 170
304 279 233 279 255 303 170 302 107
305 292 231 292 255 317 170 316 111
303 305 230 304 253 333 167 333 79
307 285 235 285 259 309 174 309 97
309 281 237 281 261 305 176 305 74
310 287 237 287 261 311 175 310 93
314 314 250 312 273 343 197 341 37
310 322 246 320 269 351 193 350 58
290 21 271 20 279 19 257 19 151
299 129 278 128 289 129 267 127 198
297 131 276 131 287 137 265 138 158
301 188 280 185 291 193 269 191 237
299 193 278 193 289 199 266 199 362
306 26 284 29 295 25 272 26 187
303 129 282 129 293 131 270 129 222
339 327 267 326 297 357 212 356 145
310 181 289 181 301 185 279 185 273
312 186 291 186 303 191 281 191 419
343 301 271 301 301 329 216 329 178
342 307 270 307 301 335 216 334 150
343 314 271 314 301 343 216 342 154
341 325 269 324 299 355 214 354 95
343 332 271 331 301 363 215 362 126
317 60 296 60 307 59 285 59 142
316 65 296 66 307 65 285 65 198
315 75 293 75 305 75 282 75 98
315 121 294 121 305 123 283 123 129
319 123 297 123 309 125 287 125 266
316 136 296 137 307 139 285 139 251
318 171 298 170 309 175 287 175 138
314 182 293 182 305 187 283 187 112
351 295 277 295 309 321 226 320 241
346 304 274 304 305 331 221 330 193
348 308 276 308 307 335 224 334 247
325 75 299 75 313 75 289 75 106
321 117 299 117 313 119 289 119 66
320 134 299 134 311 137 289 137 361
320 153 299 151 311 157 289 157 118
320 151 299 149 311 155 289 155 119
322 155 301 156 313 159 291 159 218
322 169 301 169 313 173 291 173 110
320 192 299 192 311 197 289 197 203
352 257 281 257 313 275 230 273 244
354 266 283 266 315 285 232 284 226
354 295 282 295 315 321 231 319 394
330 23 309 24 321 21 297 21 145
330 67 309 68 321 67 299 67 274
326 119 306 119 319 121 295 121 94
329 144 309 144 321 147 299 147 294
326 148 305 148 317 151 295 151 190
329 155 309 155 321 159 299 158 178
328 152 307 152 319 155 297 155 166
326 160 305 160 317 163 295 163 239
325 186 305 186 319 191 299 191 243
330 192 308 192 321 197 298 199 217
359 294 288 294 321 319 238 318 373
356 313 287 312 319 341 237 340 247
334 19 313 20 325 17 302 17 156
334 21 313 22 325 19 302 19 286
336 27 315 28 327 25 305 27 196
336 43 315 43 327 39 305 41 190
332 58 311 58 323 57 301 57 205
334 63 313 64 325 63 303 63 261
334 59 313 60 325 59 303 59 221
332 65 311 66 323 65 301 65 260
332 71 311 72 323 71 301 71 187
335 81 311 81 325 81 304 81 91
331 129 311 129 323 131 301 131 171
335 135 314 135 327 137 305 137 288
331 173 310 173 323 177 301 177 138
333 171 313 171 325 175 303 175 352
335 174 314 174 327 179 305 179 134
331 178 311 179 323 183 301 183 206
333 178 313 179 325 183 303 183 361
363 289 293 289 325 313 243 312 225
362 301 290 301 323 327 240 325 288
361 317 290 317 323 345 240 345 307
364 315 294 314 327 343 245 342 228
366 321 295 321 327 351 245 350 205
363 326 293 325 325 357 242 356 157
340 64 319 67 331 65 309 64 190
338 71 317 71 329 71 307 71 228
337 121 316 121 329 123 307 123 225
339 139 318 139 331 145 309 143 281
369 259 299 259 333 277 252 278 224
366 264 297 265 329 281 248 282 215
366 298 296 298 329 323 247 322 219
367 301 297 301 331 327 249 326 261
347 81 326 81 339 81 317 81 109
371 263 301 263 335 281 254 282 149
351 123 330 123 343 125 321 125 172
351 170 330 169 343 173 322 172 127
352 179 332 179 345 183 324 183 223
352 184 332 184 345 189 323 189 353
351 180 330 181 343 185 321 185 233
375 309 306 308 341 335 259 335 100
357 24 335 22 349 21 326 19 124
356 38 337 39 349 37 328 37 167
357 77 337 78 349 77 327 77 165
355 121 334 121 347 123 326 123 88
356 123 336 123 349 125 328 125 105
356 180 336 181 349 185 328 185 107
356 186 336 186 349 191 329 191 237
383 249 317 249 351 265 270 264 78
383 303 313 302 349 329 268 330 44
381 308 312 308 347 335 266 334 70
386 248 321 246 355 263 281 263 53
386 253 323 253 357 269 283 269 53
386 320 318 320 355 347 273 348 48
367 56 349 58 361 57 343 57 253
369 73 351 73 363 73 345 73 132
364 156 347 156 359 159 341 159 111
366 156 349 156 361 159 343 159 137
368 159 351 160 363 163 345 163 107
366 161 349 161 361 165 343 165 152
366 163 350 164 361 167 343 167 71
392 260 329 259 363 275 289 276 56
374 51 357 50 369 51 352 50 209
374 57 357 57 369 57 353 58 238
374 78 357 79 369 79 352 79 164
372 76 355 76 367 77 349 77 176
373 141 356 141 369 145 352 146 84
371 155 355 156 367 159 350 159 84
373 157 357 158 369 161 361 163 271
394 254 331 253 367 269 294 269 50
395 262 332 263 367 279 294 280 49
378 64 362 64 373 65 356 66 203
379 70 364 70 375 71 360 72 260
377 83 362 84 373 85 357 85 123
379 136 364 136 375 139 359 139 68
380 141 364 142 375 145 359 146 62
377 161 361 161 373 165 357 165 82
375 165 359 165 371 169 355 169 71
384 111 370 111 381 113 367 112 75
381 115 367 115 379 119 364 118 87
383 116 370 117 381 119 367 119 87
379 177 368 179 379 183 365 183 57
381 184 368 185 379 189 364 188 203
390 72 377 71 387 73 374 72 304
386 113 372 113 383 115 369 115 93
389 110 375 110 387 113 373 113 194
390 116 377 117 387 119 373 119 263
386 144 372 144 383 147 369 148 106
395 31 384 34 393 35 382 36 272
396 63 382 62 393 63 379 63 349
393 85 381 85 391 87 379 87 310
393 91 382 92 391 93 380 95 296
390 122 380 122 389 125 378 125 251
394 155 384 156 393 159 382 159 191
392 163 382 159 391 165 380 167 200
390 173 380 169 389 177 378 179 241
392 181 382 182 391 185 380 185 288
398 20 388 20 397 21 387 21 136
396 93 386 93 395 95 385 95 335
399 97 391 96 399 99 391 98 399
399 102 391 103 399 107 393 107 471
396 135 388 135 397 139 387 137 349
399 155 390 155 399 159 390 159 553
399 163 391 163 399 167 390 165 375
405 42 397 43 405 45 397 45 174
405 49 397 49 405 51 397 51 272
405 78 397 79 405 81 397 81 198
403 101 396 100 403 103 396 103 369
403 113 402 111 403 117 403 115 455
404 120 399 120 405 123 400 124 475
404 126 398 125 405 129 398 129 467
403 146 399 147 405 151 401 151 251
401 144 397 146 403 149 398 149 358
400 167 393 168 401 171 393 171 361
400 175 393 175 401 177 393 179 424
404 175 398 176 405 181 400 183 318
402 187 396 187 403 191 397 193 444
421 299 365 299 401 319 336 319 54
419 334 371 334 403 355 349 355 65
406 104 401 104 407 107 402 108 385
407 121 403 123 409 125 405 125 308
407 139 402 140 409 143 404 143 291
406 159 404 161 409 165 406 164 454
428 299 373 300 409 319 346 320 41
425 302 372 301 407 321 345 321 52
409 50 402 51 413 53 404 53 97
413 148 409 147 415 151 411 151 143
429 329 381 329 413 349 360 349 42
420 147 419 147 423 151 422 151 145
419 183 411 182 421 187 414 187 670
420 191 411 191 421 195 411 195 376
424 147 423 147 427 151 426 151 51
424 151 423 152 427 155 426 155 57
426 151 425 151 429 155 428 155 51
426 161 425 161 429 165 428 165 190
440 304 394 303 427 321 375 321 107
442 306 396 308 429 325 377 323 70
440 323 393 323 427 343 376 342 37
427 46 417 47 431 49 421 49 18
432 136 429 136 433 139 430 139 19
430 165 425 163 433 169 424 169 210
432 173 425 173 433 177 425 177 299
433 186 423 185 433 189 422 189 251
431 183 421 183 431 187 420 187 360
431 191 421 188 431 193 420 193 311
435 198 421 199 433 203 417 204 275
433 204 419 205 431 209 417 209 319
434 204 420 204 433 209 418 208 131
433 218 420 218 433 223 424 223 213
437 222 423 222 435 227 421 227 223
445 289 400 289 433 305 383 305 227
446 300 400 301 433 317 382 318 181
447 326 399 327 431 347 379 347 36
448 339 397 339 435 361 378 361 14
438 149 437 150 441 153 440 153 52
437 153 437 153 441 157 440 157 54
434 161 433 161 437 165 436 165 147
436 157 435 157 439 161 438 161 77
438 165 429 163 441 169 432 167 217
440 173 432 173 441 177 433 177 272
440 169 433 169 441 173 433 173 212
437 179 427 179 437 183 427 183 312
438 197 425 197 437 201 424 201 237
443 193 429 193 441 197 428 197 222
442 199 429 199 441 203 428 203 209
449 294 404 293 437 309 387 308 139
453 301 409 301 441 315 392 314 112
444 145 443 145 447 149 446 149 107
442 145 441 145 445 149 444 149 42
440 151 439 151 443 155 442 155 55
444 171 436 171 445 175 437 175 231
444 179 437 179 445 183 437 183 232
448 195 435 195 447 199 433 199 272
444 208 430 209 443 213 429 213 110
444 216 430 216 443 221 429 221 134
445 231 429 233 443 239 426 239 405
459 331 412 330 447 351 395 350 23
453 333 402 333 443 353 390 353 32
443 136 439 137 449 139 444 139 41
450 145 449 145 453 149 451 149 48
448 161 446 161 451 165 448 165 120
451 185 441 185 451 189 440 189 298
454 197 440 197 453 201 439 201 222
452 193 439 193 451 197 437 197 273
450 199 436 199 449 203 435 203 249
454 208 440 209 453 213 439 213 124
454 224 441 224 453 229 441 229 208
452 224 439 224 451 229 437 229 165
457 261 431 261 453 269 425 269 93
460 301 422 301 451 315 410 315 70
455 145 454 145 459 149 458 149 44
454 151 452 152 457 155 455 155 57
455 161 451 161 457 165 454 165 87
452 165 450 166 455 169 452 169 197
455 183 444 183 455 187 444 187 329
458 203 444 203 457 207 443 207 190
459 214 445 214 459 219 444 219 144
456 228 442 228 455 233 440 233 182
461 263 437 262 457 271 430 271 49
461 273 429 271 457 283 423 281 57
463 287 430 287 457 299 419 299 30
463 299 426 299 455 313 414 313 19
468 307 427 306 459 321 419 319 16
470 337 421 336 459 359 403 359 14
462 157 460 158 465 161 462 161 79
463 161 460 161 465 165 462 165 80
461 207 448 207 461 211 447 211 172
463 210 450 211 463 215 449 215 138
465 221 452 222 465 227 451 227 89
463 232 448 232 463 237 447 237 80
465 259 441 259 461 267 435 267 33
469 268 441 268 465 277 435 277 17
467 269 439 270 463 279 433 278 16
466 284 435 283 461 295 425 295 17
471 285 438 286 465 297 430 296 10
468 124 463 125 471 129 456 130 23
467 139 465 139 469 143 467 143 69
469 156 465 156 471 159 467 159 85
465 153 462 153 467 157 464 157 127
467 159 464 160 469 163 466 164 80
467 163 464 163 469 167 466 167 49
465 171 462 171 467 175 464 175 129
468 189 465 189 471 193 467 193 133
468 209 454 207 467 211 453 211 92
472 212 461 213 471 217 459 217 97
467 213 454 212 467 217 453 217 143
469 220 456 220 469 225 455 224 99
469 226 455 226 469 231 455 231 76
467 226 454 226 467 231 453 231 88
473 243 453 243 471 249 451 248 20
474 277 445 275 469 287 437 286 14
475 129 468 130 475 133 471 133 67
470 142 468 142 473 145 471 145 120
475 170 471 170 477 173 473 173 31
470 183 467 184 473 187 469 187 70
476 230 460 230 475 235 461 235 51
475 241 458 241 475 247 457 248 19
478 261 454 261 475 269 448 269 16
476 154 473 154 479 157 474 157 61
477 160 473 160 479 163 475 163 54
476 166 472 166 479 169 475 169 72
477 197 471 197 479 201 473 201 63
479 193 474 193 481 197 475 197 55
478 213 469 213 481 217 471 217 45
477 220 465 220 479 225 466 225 46
484 237 466 237 483 243 464 243 25
482 239 464 239 481 245 462 245 16
485 263 459 263 483 271 455 271 23
482 264 456 264 479 273 452 272 13
484 267 458 267 483 275 454 275 18
484 138 483 138 487 141 485 142 104
482 168 478 168 485 171 481 171 30
484 187 478 185 487 189 480 189 115
483 188 477 186 485 191 479 189 77
487 189 481 189 489 193 482 194 63
485 191 479 191 487 195 481 195 64
487 195 481 195 489 199 483 199 139
487 217 475 217 487 221 476 221 39
490 241 471 241 489 247 469 247 19
486 243 468 243 485 249 467 251 21
490 244 470 244 489 251 467 251 22
488 252 466 252 487 259 463 258 19
491 256 467 256 489 263 465 263 16
488 264 462 264 485 273 457 272 19
494 277 463 277 489 287 457 286 9
491 311 449 310 485 327 438 327 8
479 45 478 46 491 47 484 47 11
489 156 485 156 491 159 487 159 62
489 168 484 168 491 171 487 171 35
492 179 489 179 495 183 491 183 70
491 176 486 175 493 179 489 179 37
491 187 485 187 493 191 486 193 85
491 191 485 191 493 195 486 195 130
494 213 486 213 495 217 491 217 57
492 226 478 226 491 231 475 231 92
493 228 479 228 495 233 479 233 53
495 235 478 236 493 241 476 241 38
495 247 474 248 493 255 471 255 27
498 260 471 261 495 269 467 269 17
496 273 466 273 493 283 461 283 10
501 40 499 41 501 43 497 43 14
495 51 493 51 497 53 495 53 11
496 106 493 106 499 109 495 109 84
495 118 489 118 497 121 491 121 98
497 124 491 125 499 127 493 127 123
497 126 492 126 499 129 493 129 76
497 142 491 142 499 145 493 145 78
499 152 495 152 501 155 495 155 106
499 167 494 168 501 171 497 171 57
497 178 492 177 499 181 495 181 100
495 192 488 192 497 195 490 195 140
498 209 489 209 499 213 489 213 23
495 205 487 205 497 209 494 210 77
500 243 480 243 499 249 478 249 9
507 301 467 301 501 319 467 318 13
507 314 463 314 501 331 453 331 21
507 319 462 319 501 337 453 337 14
505 90 501 90 507 93 503 93 138
503 88 499 88 505 91 501 91 67
501 94 497 94 503 97 499 97 67
501 130 495 130 503 133 497 133 221
503 138 497 138 505 141 499 141 63
503 142 497 142 505 145 499 145 59
505 158 500 158 507 161 502 161 35
505 169 501 169 507 173 503 173 48
501 189 495 189 503 193 496 193 127
501 195 494 196 503 199 496 199 73
500 207 493 207 503 211 496 211 30
503 215 489 215 503 219 488 219 35
506 218 494 218 507 223 494 223 43
502 222 489 222 503 227 489 227 90
503 228 489 228 503 233 488 233 59
505 237 486 237 505 243 485 243 33
506 243 487 242 505 249 485 249 10
511 309 465 312 505 329 458 328 19
509 315 465 315 503 333 455 333 20
511 319 470 320 505 337 457 337 24
509 82 505 82 511 85 507 85 108
509 88 505 89 511 91 508 91 83
509 94 505 94 511 97 507 97 191
509 116 503 116 511 119 505 119 73
511 130 505 130 513 133 507 133 114
509 136 503 136 511 139 505 139 84
507 140 501 140 509 143 503 143 70
509 142 503 142 511 145 505 145 35
507 161 502 162 509 165 504 163 52
511 191 504 192 513 195 506 195 149
506 197 499 197 509 201 502 201 116
511 215 497 215 511 219 501 219 27
510 220 497 220 511 225 498 225 22
514 316 471 315 509 333 461 333 21
517 319 474 319 511 337 462 337 17
514 43 514 43 519 45 505 46 8
515 79 513 79 517 83 512 82 165
517 87 511 86 519 89 513 88 112
513 92 510 92 515 95 509 94 105
515 105 509 105 517 107 511 107 66
513 122 507 122 515 125 509 125 90
513 132 507 132 515 135 509 135 93
517 146 511 146 519 149 513 149 41
517 156 511 156 519 159 513 159 32
515 154 509 154 517 157 511 157 32
515 162 509 162 517 165 511 165 21
517 172 511 172 519 175 513 175 18
517 177 511 178 519 181 513 181 45
515 187 508 188 517 191 510 191 229
515 195 508 196 517 199 510 199 100
517 201 510 201 519 205 512 205 73
523 241 501 245 519 247 497 247 25
518 259 493 259 517 267 490 267 9
520 263 495 263 517 271 489 271 12
516 261 490 260 515 269 487 268 7
520 49 517 49 525 51 516 51 13
523 95 517 95 525 97 519 97 29
521 101 515 100 523 103 517 103 33
521 108 515 108 523 111 517 111 34
519 106 513 106 521 109 515 109 39
519 110 513 110 521 113 515 113 32
523 115 518 115 525 117 519 117 48
519 116 513 117 521 119 515 119 84
519 124 513 124 521 127 515 127 74
519 122 513 122 521 125 515 125 55
523 130 517 130 525 133 519 133 65
519 128 513 128 521 131 515 131 66
523 144 517 144 525 147 519 147 33
521 140 515 140 523 143 517 143 92
519 150 513 150 521 153 515 153 32
523 148 517 148 525 151 519 151 46
523 156 517 156 525 159 519 159 40
523 162 517 162 525 165 519 165 20
520 182 515 182 523 185 517 185 43
523 197 515 198 523 201 517 201 82
521 203 514 203 523 207 516 207 106
523 209 515 209 525 213 517 213 41
519 213 509 213 521 217 511 217 39
524 217 513 217 521 221 511 221 76
522 221 511 221 525 225 512 225 24
521 237 502 237 521 243 502 243 21
524 233 508 233 525 239 501 237 23
521 256 495 256 521 263 489 264 12
525 87 519 87 527 89 521 89 123
527 105 521 105 529 107 523 107 30
529 111 523 110 531 113 525 113 30
529 117 523 117 531 119 525 119 45
527 126 521 126 529 129 523 129 56
527 122 521 122 529 125 523 125 116
529 128 523 128 531 131 525 131 64
527 132 521 132 529 135 523 135 58
527 138 521 138 529 141 523 141 91
527 145 521 145 529 147 523 148 31
525 142 519 142 527 145 521 145 42
527 156 521 156 529 159 523 159 32
529 152 523 152 531 155 525 155 42
527 160 521 160 529 163 523 163 68
529 172 523 172 531 175 525 175 27
529 180 522 179 531 183 524 182 54
527 186 520 186 529 189 522 189 43
528 219 515 219 529 223 516 223 30
527 241 507 241 527 247 507 245 14
530 243 510 243 531 251 509 250 15
531 251 509 251 531 257 508 257 12
533 83 527 83 535 85 529 85 33
531 85 525 85 533 87 527 87 36
533 91 527 91 535 93 529 93 22
535 87 529 87 537 89 531 89 29
533 103 527 103 535 105 529 105 19
531 101 525 101 533 103 527 103 23
531 115 525 114 533 117 527 117 36
535 110 529 110 537 113 531 113 30
535 116 529 117 537 119 531 119 33
531 124 525 124 533 127 527 127 48
535 130 529 130 537 133 531 133 46
531 134 525 134 533 137 527 137 53
531 146 525 146 533 149 527 149 30
535 162 528 161 537 165 531 165 29
535 168 529 168 537 171 530 171 89
531 166 525 166 533 169 527 169 33
533 177 526 177 535 181 528 181 34
531 182 524 182 533 185 527 185 75
530 191 524 193 533 197 527 199 16
535 209 526 209 537 213 529 213 51
531 205 523 205 533 209 525 209 32
530 211 521 211 533 215 524 215 38
535 227 514 229 537 233 521 231 56
536 232 519 232 537 237 519 237 34
536 236 518 236 537 241 519 241 27
534 234 517 234 535 239 517 239 39
533 248 511 249 533 255 510 255 20
535 259 510 258 535 267 509 266 8
538 275 508 275 537 285 504 285 9
541 81 536 81 543 83 538 83 93
537 83 532 84 539 85 534 86 33
539 89 533 89 541 91 535 91 44
541 91 535 91 543 93 537 93 29
537 99 531 99 539 101 533 101 95
541 99 535 99 543 101 537 101 18
541 108 535 108 543 111 537 111 28
537 114 531 114 539 117 533 117 31
539 132 533 132 541 135 535 135 44
539 142 533 142 541 145 535 145 39
537 152 531 152 539 155 533 155 95
541 154 535 154 543 157 537 157 32
537 156 531 156 539 159 533 159 35
536 166 531 166 539 169 533 169 31
537 179 530 180 539 183 532 183 46
536 186 530 186 539 189 532 189 28
536 205 528 205 539 209 531 209 33
541 219 529 219 543 223 531 223 30
541 224 526 225 543 229 529 229 32
537 243 519 247 541 251 517 251 18
542 251 523 255 543 259 526 258 27
539 256 515 255 539 263 508 262 10
543 338 490 339 541 359 486 359 9
550 37 543 37 549 39 545 39 15
543 77 539 77 545 79 540 79 48
547 85 542 85 549 87 544 87 66
545 83 540 83 547 85 542 85 86
544 97 539 97 547 99 540 99 22
545 103 539 103 547 105 541 105 22
545 111 539 111 547 113 541 113 24
543 110 537 111 545 113 539 113 25
545 123 539 123 547 125 541 125 26
543 129 537 129 545 131 539 131 32
545 128 539 129 547 131 541 131 23
547 170 540 168 549 171 542 170 24
544 177 538 178 547 181 540 180 28
546 186 539 186 549 189 541 189 17
542 200 535 200 545 203 538 203 27
545 204 538 204 547 207 540 207 38
543 215 534 216 545 219 534 219 42
545 221 532 221 547 225 534 225 31
544 241 524 241 545 247 524 247 24
559 43 553 43 555 45 551 45 14
554 47 549 48 553 49 541 49 13
551 76 546 75 553 79 550 78 39
551 83 546 83 553 85 548 85 124
551 92 546 92 553 95 548 94 48
548 99 543 99 551 101 545 101 35
551 106 545 107 553 109 547 109 88
551 110 545 111 553 113 547 113 29
551 121 545 121 553 123 547 123 96
551 136 545 136 553 139 547 138 45
548 169 542 170 551 173 544 172 25
549 180 542 180 551 183 544 183 23
551 207 542 207 553 211 543 211 32
549 215 538 215 551 219 540 219 35
551 233 534 233 553 239 535 239 23
551 277 519 277 551 287 508 287 13
551 283 517 281 551 295 512 293 12
554 79 550 79 557 81 552 81 48
559 77 554 77 561 79 556 79 39
558 82 554 83 561 85 556 85 71
555 96 550 96 557 99 552 99 32
559 105 554 105 561 107 556 107 84
557 110 550 112 559 113 553 113 43
559 120 553 120 561 123 555 123 63
555 134 549 134 557 137 551 137 199
555 140 548 140 557 143 550 143 110
556 168 549 168 559 171 552 171 29
554 180 548 180 557 183 546 184 49
552 184 543 185 559 187 552 187 34
558 182 551 182 561 185 553 186 29
555 198 545 197 557 201 549 200 47
555 205 545 205 557 209 547 208 37
554 209 545 209 557 213 548 213 41
559 221 546 221 561 225 548 225 53
555 223 542 223 557 227 544 226 25
561 227 546 227 561 231 547 231 25
557 294 520 294 557 307 517 307 11
560 85 556 85 563 87 558 87 61
560 80 556 81 563 83 558 83 54
564 97 560 97 567 99 562 99 79
560 95 556 95 563 97 558 97 73
563 129 555 128 565 131 557 130 132
562 139 556 138 565 141 558 142 134
563 135 554 135 565 137 558 138 105
564 154 557 154 567 157 560 157 126
560 152 554 152 563 155 556 155 83
560 170 551 171 563 173 549 171 63
564 213 554 213 567 217 557 217 83
564 254 541 254 565 261 540 261 18
575 39 570 39 573 41 563 41 13
568 102 564 102 571 105 567 105 83
570 104 565 104 573 107 567 106 73
566 114 562 114 569 117 564 116 35
568 112 564 112 571 115 566 114 69
568 119 561 120 571 121 565 121 131
570 129 562 129 571 131 562 130 116
569 133 560 133 571 135 562 135 157
571 129 564 129 573 131 567 132 138
567 137 559 137 569 139 561 141 141
571 135 562 135 573 137 564 137 151
568 168 560 168 571 171 562 171 46
570 225 557 225 571 229 558 229 39
569 240 548 240 569 245 549 245 27
569 247 544 246 571 253 549 253 37
570 256 545 256 571 263 545 264 18
567 279 535 280 569 291 534 291 10
572 309 545 307 573 325 535 324 20
579 46 572 45 577 47 573 46 12
576 101 570 101 579 103 573 103 45
572 117 566 117 575 119 569 119 35
573 122 569 121 579 123 572 123 59
572 151 564 155 575 155 566 157 195
574 169 566 167 577 171 568 171 85
575 179 568 181 579 185 570 185 59
575 192 565 192 577 195 567 195 87
576 201 562 201 579 205 564 205 70
575 203 561 203 577 207 563 207 69
574 209 561 209 577 213 563 213 123
574 210 561 211 577 215 563 215 81
572 221 559 221 575 225 561 225 67
576 217 563 217 579 221 565 221 42
574 225 561 225 577 229 563 229 37
573 285 539 285 575 297 525 299 21
584 37 576 37 583 39 571 39 11
583 60 574 59 585 61 570 62 9
581 70 575 69 583 73 577 71 99
578 89 574 88 581 91 574 92 164
581 95 575 95 583 97 577 97 90
580 107 574 107 583 109 577 107 69
582 115 576 115 585 117 576 118 72
580 111 574 111 583 113 577 113 111
580 131 574 133 583 133 577 133 102
582 127 576 127 585 131 579 130 147
578 153 571 153 581 155 574 155 148
578 161 570 160 581 163 573 162 100
581 175 572 176 583 179 575 179 42
585 188 575 188 585 191 575 191 118
582 201 568 202 585 205 571 205 177
580 205 567 205 583 209 569 209 118
582 215 571 215 585 219 573 219 224
578 220 565 220 581 223 567 224 53
582 223 569 222 585 227 571 226 54
580 226 565 226 583 231 569 231 98
578 243 562 241 581 247 560 247 33
578 245 557 245 581 251 559 251 19
583 270 554 270 585 279 554 279 16
580 284 549 283 583 295 547 294 14
583 295 543 293 585 309 544 307 25
583 301 544 301 585 315 543 315 19
584 318 553 319 585 337 550 337 25
583 333 533 334 585 355 528 354 26
589 78 582 77 591 79 584 78 81
588 92 582 91 591 93 584 93 213
586 97 580 96 589 99 583 99 82
586 102 580 103 589 103 583 102 70
586 107 580 107 589 109 583 109 90
586 125 581 124 589 127 582 127 58
585 153 580 152 589 155 580 155 70
584 159 576 160 587 163 579 162 42
585 166 578 166 589 169 580 169 11
588 226 574 227 591 231 575 231 76
587 230 571 230 591 235 574 235 48
586 236 569 236 589 241 571 241 59
587 255 566 254 589 263 567 263 31
590 263 562 263 591 271 559 270 15
587 267 557 266 589 275 558 274 14
588 270 562 273 591 279 561 280 21
585 299 546 299 587 313 544 313 17
589 301 550 301 591 315 549 315 21
586 304 549 303 591 317 548 317 25
591 311 546 313 591 329 543 329 19
587 336 533 337 589 357 532 359 31
587 332 537 332 589 353 533 353 17
589 334 539 334 591 355 536 355 22
598 39 591 39 595 41 589 41 15
598 44 593 43 597 45 595 45 11
591 85 584 85 593 87 586 87 194
594 90 588 89 597 91 591 91 105
590 93 584 93 593 95 586 95 85
590 111 583 112 593 113 586 113 109
592 119 585 119 595 121 588 121 100
594 169 586 169 597 171 588 171 9
592 186 584 186 595 189 586 189 58
594 205 579 206 597 209 581 209 102
592 213 577 213 595 217 579 217 61
590 217 575 217 593 221 578 221 51
594 225 579 225 597 229 582 231 108
589 228 574 228 593 233 578 233 90
591 234 573 234 593 239 576 239 66
599 83 592 83 601 85 596 85 160
600 127 593 127 603 129 596 129 106
598 125 591 125 601 127 594 127 167
598 146 591 145 601 149 594 147 193
598 153 591 153 601 155 594 156 163
596 160 587 160 599 163 590 162 55
598 207 583 207 601 211 586 211 120
599 216 585 217 603 221 587 221 70
596 219 581 219 599 223 583 223 57
598 223 583 223 601 227 585 227 118
596 223 581 225 599 229 583 230 67
598 228 583 228 601 233 585 233 79
596 230 579 230 599 235 584 235 62
597 259 571 260 599 267 572 267 17
597 277 565 276 601 287 566 285 25
596 303 556 303 599 319 555 317 35
598 312 554 313 601 329 553 329 18
603 73 597 73 605 75 598 75 65
607 75 600 76 609 77 603 77 115
605 77 598 78 607 79 601 79 59
606 89 600 89 609 91 602 91 213
605 155 597 155 607 157 599 157 359
603 192 594 191 607 195 597 195 113
601 188 590 187 605 191 595 191 91
602 197 587 197 605 201 589 201 97
602 204 587 204 605 207 589 207 152
603 236 589 237 605 241 587 241 63
601 242 583 242 605 247 589 248 47
600 273 569 273 605 285 570 283 22
602 303 562 302 605 317 561 317 20
611 42 604 41 613 43 603 45 14
610 80 604 80 613 81 606 81 152
607 85 600 85 611 87 605 87 408
610 113 603 113 613 115 607 115 36
606 121 603 121 613 123 603 123 147
609 117 604 117 613 119 607 119 63
609 127 603 127 615 129 607 129 143
612 153 604 153 615 155 606 155 176
611 160 604 161 615 163 607 163 244
611 209 596 210 615 213 598 213 149
609 213 594 213 613 217 597 217 115
611 221 595 221 615 225 597 225 100
607 229 591 229 611 233 593 231 58
609 232 592 232 613 237 595 237 63
609 287 574 288 613 299 575 301 22
611 316 566 317 615 333 566 334 51
609 312 564 313 613 329 567 328 44
619 86 613 85 621 89 615 87 158
616 94 608 94 619 95 611 95 126
618 99 611 99 621 101 614 101 118
618 105 612 105 621 107 614 107 59
614 107 607 107 617 109 610 109 56
614 113 608 113 617 115 611 115 33
615 211 598 211 619 215 601 215 136
613 219 596 219 617 223 599 223 80
617 244 596 244 619 249 599 249 37
615 266 587 266 619 275 589 275 12
615 271 586 272 619 281 587 281 8
615 298 576 298 619 311 577 311 31
620 25 613 27 625 27 617 25 10
623 55 617 55 627 55 621 54 79
624 111 616 111 627 113 619 113 89
624 117 616 117 627 119 619 119 80
624 127 616 127 627 129 619 129 144
622 137 615 137 625 139 618 139 275
620 135 613 135 623 137 616 137 132
623 141 616 141 627 143 620 143 138
623 151 616 151 627 153 620 153 202
620 155 613 155 623 157 616 157 286
623 159 616 159 627 161 619 161 135
623 179 616 177 627 181 619 180 55
621 182 613 180 625 185 612 186 76
621 192 608 191 625 195 611 194 172
624 187 612 188 627 191 615 191 151
619 196 602 196 623 199 606 199 148
619 209 602 209 623 213 605 213 145
623 213 605 213 627 217 609 217 123
619 217 601 217 623 221 605 221 172
619 232 602 232 623 237 605 237 70
621 239 602 239 627 245 607 245 55
622 249 600 249 627 255 605 255 36
623 254 600 255 627 261 601 261 22
617 302 578 301 623 317 579 317 40
617 309 576 309 623 325 577 325 36
629 36 619 36 631 37 623 37 46
630 42 623 42 633 43 626 43 120
626 84 620 83 629 85 622 85 153
628 103 620 103 631 105 623 105 56
627 113 620 113 631 115 623 115 64
626 111 618 111 629 113 621 113 70
626 119 618 119 629 121 621 121 106
626 125 618 125 629 127 621 127 168
630 130 622 130 633 133 625 133 97
626 135 618 135 629 137 621 137 274
627 155 620 155 631 157 623 157 186
625 160 618 161 629 163 621 163 270
627 186 615 187 631 189 617 190 130
627 221 608 220 631 225 612 226 165
625 225 606 225 629 229 609 229 118
629 228 610 229 633 233 613 233 76
625 240 606 240 629 245 609 245 47
625 245 606 245 633 251 612 251 43
625 246 603 245 629 251 608 251 28
624 253 603 252 629 259 609 259 17
623 273 591 273 629 285 597 287 10
623 291 587 291 629 303 589 303 21
624 307 583 305 631 323 585 323 56
625 313 583 313 629 329 582 329 27
636 38 630 38 639 39 633 39 110
635 127 627 127 639 129 630 128 131
635 123 627 123 639 125 631 125 84
633 143 625 143 637 145 628 145 82
633 149 625 149 637 151 629 150 51
633 154 625 154 637 155 629 153 136
635 192 615 191 639 195 618 194 171
634 217 615 217 639 221 619 221 160
630 239 612 237 635 243 615 243 63
631 241 612 242 635 247 616 247 45
631 304 587 306 637 319 589 321 31
630 311 588 311 635 327 589 327 30
638 26 632 26 641 27 634 27 109
640 36 634 36 643 37 637 37 121
642 44 634 45 645 45 636 45 118
639 79 631 78 643 79 634 79 90
639 96 627 97 643 97 633 97 99
640 103 631 104 643 105 635 105 85
641 100 633 100 645 101 636 101 58
639 114 631 113 643 115 635 115 97
641 122 633 122 645 123 636 123 50
642 137 634 137 645 139 635 139 52
637 145 629 145 641 147 632 147 123
639 141 631 141 643 143 634 143 38
637 150 629 151 641 153 633 153 36
641 147 633 147 645 149 636 149 104
641 155 633 155 645 157 636 158 25
641 178 632 178 645 181 636 181 33
641 185 629 186 645 189 633 189 88
636 198 617 198 641 201 621 201 161
638 200 620 199 643 203 623 203 190
641 200 621 200 645 203 627 203 293
636 209 618 209 641 213 621 213 178
640 213 621 213 645 217 625 217 286
636 211 617 211 641 215 621 215 186
640 224 621 224 645 229 625 229 140
638 232 619 232 643 237 623 237 123
635 262 609 261 643 271 616 273 18
637 301 599 299 645 315 607 314 45
633 307 593 307 641 321 595 322 33
648 25 639 24 651 25 642 24 111
644 32 637 32 647 33 640 33 110
647 74 639 75 651 75 642 75 99
645 80 637 80 649 81 640 81 71
643 109 635 109 647 109 638 110 68
645 115 637 115 649 119 640 118 66
645 133 636 132 649 135 640 133 53
647 139 638 139 651 141 642 141 53
647 147 639 147 651 149 641 148 38
645 176 637 175 649 179 640 179 39
646 201 625 201 651 205 631 205 118
642 209 623 209 647 213 627 213 134
644 205 625 205 649 209 629 209 139
646 207 627 207 651 211 631 211 107
646 221 627 221 651 225 631 225 156
644 232 625 232 649 237 629 237 169
647 236 629 236 651 241 631 241 119
642 245 622 246 647 251 626 251 65
642 251 621 251 647 257 625 257 58
643 256 623 257 647 263 625 263 48
652 25 643 25 655 25 646 25 141
652 29 643 28 655 29 646 28 112
651 49 644 48 655 49 648 47 98
649 60 641 63 653 61 644 61 95
653 67 645 63 657 65 648 63 108
651 92 642 92 655 93 647 92 58
649 121 641 122 653 123 644 123 88
653 147 644 147 657 149 648 149 59
649 213 630 213 655 217 635 217 85
647 213 628 213 653 217 632 217 88
649 217 630 217 655 221 635 221 100
654 229 633 228 655 233 637 233 231
647 242 628 242 653 247 633 247 136
652 246 633 246 657 251 637 251 129
650 254 629 255 657 261 634 261 91
647 287 613 286 655 299 618 299 11
647 294 609 295 653 307 613 305 18
647 305 607 305 657 319 613 319 19
657 51 648 51 661 51 652 50 89
655 53 646 53 659 53 650 52 65
659 69 650 69 663 69 654 67 46
655 70 646 70 659 71 650 71 107
657 122 648 121 661 123 651 122 69
654 182 643 182 659 185 647 185 62
653 194 636 194 661 197 639 197 115
657 202 639 202 663 205 644 205 137
657 205 639 206 663 209 644 209 112
657 213 638 213 663 217 643 217 153
658 224 637 224 663 229 642 229 117
653 241 632 241 659 247 637 247 85
653 254 632 255 659 261 636 261 62
649 291 613 292 659 303 621 302 32
665 25 656 25 669 25 660 25 131
661 45 652 45 665 45 656 44 74
661 73 652 73 665 73 656 72 67
662 173 649 173 667 177 654 176 65
663 198 643 198 665 201 646 201 271
663 205 645 205 669 209 650 209 112
662 213 643 213 667 217 648 217 142
663 219 644 219 669 223 649 223 116
661 236 643 236 667 241 648 241 169
660 242 641 242 665 247 646 247 140
659 249 638 249 665 255 643 255 87
662 251 642 251 669 257 647 257 95
661 267 631 269 667 277 637 277 16
658 299 622 298 667 313 626 313 18
655 299 615 299 665 313 623 313 21
671 39 661 39 675 39 665 39 121
669 55 659 55 673 55 663 55 83
669 61 660 60 673 61 663 61 51
669 198 651 198 675 201 656 201 93
666 200 647 200 671 203 652 203 174
666 234 646 234 671 239 652 239 111
667 238 648 238 673 243 654 243 127
666 260 643 261 673 267 647 267 65
675 23 667 23 679 23 670 23 181
673 43 664 43 677 43 667 43 565
673 49 664 48 677 49 667 49 118
677 53 668 52 681 53 671 53 94
676 91 666 91 681 91 670 91 60
673 88 663 89 677 89 667 89 48
672 107 660 109 677 109 664 109 73
671 207 651 207 677 211 657 211 145
674 213 656 213 681 217 661 217 211
674 225 656 224 681 229 661 229 184
671 242 652 242 677 247 658 247 188
679 20 670 20 683 19 674 19 125
683 29 674 29 687 29 678 29 177
679 35 671 34 683 35 675 34 451
679 41 670 41 683 41 674 41 106
679 49 668 51 683 49 673 49 109
680 95 668 94 685 95 672 94 34
679 152 667 154 685 155 672 156 21
678 162 663 162 683 165 669 164 14
677 209 658 209 683 213 663 213 174
676 217 658 215 683 219 663 219 187
680 221 662 220 687 225 668 223 185
678 227 659 227 685 231 665 231 167
676 229 657 229 683 233 663 233 147
689 45 679 44 693 45 683 44 56
684 62 675 60 689 61 678 61 64
689 65 678 65 693 65 682 65 64
688 71 679 71 693 71 683 71 56
688 83 676 83 693 83 680 83 104
688 89 675 89 693 89 680 90 112
687 140 669 143 693 141 675 142 35
691 25 681 25 695 25 685 24 44
695 27 685 28 699 27 689 27 37
693 48 683 47 697 47 687 47 52
691 55 681 55 695 55 685 55 48
690 64 680 63 695 63 685 62 104
694 83 687 82 699 83 692 83 221
694 89 685 89 699 89 690 91 231
693 120 678 120 699 121 684 121 30
689 124 674 124 695 125 679 125 54
691 134 675 134 697 135 681 134 98
691 138 675 138 697 139 681 139 59
689 136 673 136 695 137 679 137 42
691 142 675 142 697 143 680 143 47
693 151 677 151 699 153 683 152 30
690 157 675 158 697 159 680 159 17
689 156 673 155 695 157 680 159 20
693 163 677 163 699 165 682 165 17
699 31 689 31 703 31 693 30 152
697 36 687 35 701 35 691 35 91
696 78 688 80 701 79 693 79 167
695 122 680 122 701 123 685 122 35
695 136 679 136 701 137 684 137 68
695 146 678 146 701 147 684 147 40
694 148 678 148 701 149 684 149 35
697 151 681 152 703 153 686 152 31
694 155 679 156 701 157 684 157 41
698 165 682 165 705 165 688 166 20
695 177 681 176 701 179 687 179 11
690 299 646 300 703 313 654 313 54
703 38 693 38 707 39 697 38 121
704 36 695 35 709 35 699 34 132
704 44 694 44 709 43 698 44 40
702 53 692 53 707 53 697 53 39
702 67 692 67 707 67 697 66 43
705 71 696 71 711 71 699 71 73
704 122 688 121 711 121 693 120 30
701 126 684 126 707 127 690 126 35
704 126 688 126 711 127 694 127 38
701 135 686 135 707 135 690 134 108
705 152 689 152 711 153 694 153 76
701 147 684 148 707 149 690 149 41
702 154 687 153 709 155 692 155 34
702 170 687 171 707 171 693 172 13
701 213 681 213 709 217 692 217 101
698 283 655 281 711 297 662 296 93
696 289 652 288 709 303 660 303 93
694 303 650 304 707 317 658 317 48
712 29 700 33 717 27 707 27 72
708 28 699 27 713 27 703 26 114
712 67 702 67 717 67 706 67 76
708 69 697 69 713 69 702 68 82
710 73 700 72 715 73 704 73 85
708 85 696 84 713 85 701 83 244
711 93 698 93 717 93 704 94 214
711 111 695 111 717 111 701 110 90
710 119 694 119 717 119 700 119 58
710 132 694 133 717 133 700 133 37
710 146 694 145 717 147 700 147 55
708 142 691 142 715 143 698 143 56
710 154 695 153 717 155 700 155 73
708 163 692 163 715 165 698 165 22
706 161 690 161 713 163 696 162 28
710 185 693 185 717 187 701 187 22
699 290 654 291 713 305 663 305 70
703 302 658 302 717 317 667 317 57
701 314 655 315 715 331 665 331 25
717 20 707 21 721 21 711 21 68
714 57 704 57 719 57 709 57 127
715 59 706 59 721 59 711 59 177
718 65 708 65 723 65 712 64 147
714 71 704 71 719 71 709 70 81
714 77 704 77 719 77 709 76 127
718 83 705 82 723 83 709 82 157
715 87 702 86 721 87 707 86 258
717 101 704 101 723 101 710 101 215
714 128 698 128 721 129 704 128 55
716 130 700 130 723 131 706 131 45
714 146 697 146 721 147 703 146 63
716 150 699 150 723 151 706 151 65
712 167 695 168 719 169 702 169 20
712 184 696 184 719 187 702 187 20
714 189 698 188 721 191 705 191 62
706 309 661 308 721 325 670 325 37
723 50 713 50 729 49 718 49 300
722 54 712 54 727 55 716 53 191
721 87 711 86 727 87 716 86 239
719 97 706 99 725 97 711 99 267
721 115 704 115 729 115 712 114 228
721 121 705 121 729 121 711 120 98
720 128 703 128 727 129 709 129 63
720 132 703 132 727 133 710 133 52
722 146 705 146 729 147 712 147 78
719 152 704 152 727 153 709 153 47
718 148 701 148 725 149 708 149 55
721 150 705 150 729 151 712 151 74
721 160 704 159 729 161 711 161 58
728 20 719 19 733 19 723 18 93
731 34 717 33 735 33 717 33 316
728 62 718 61 733 61 723 61 161
725 107 712 107 731 105 718 107 216
723 117 706 117 731 117 713 117 155
723 165 706 165 731 167 714 167 45
723 171 707 171 731 173 714 173 59
727 176 711 175 735 177 718 177 56
732 17 722 18 737 17 727 16 39
735 48 723 47 741 47 728 46 252
732 67 721 67 737 67 727 66 207
730 85 713 81 737 85 721 84 301
731 92 721 92 737 93 726 92 277
729 123 713 122 737 123 720 122 113
733 127 718 126 741 127 724 126 116
733 136 716 136 741 137 723 136 74
729 142 713 141 737 143 720 142 74
730 151 712 151 741 153 724 153 111
729 148 713 148 737 149 720 149 82
733 167 716 167 741 169 724 169 71
733 175 717 175 741 177 724 177 78
729 183 713 183 737 185 720 185 61
737 54 725 54 743 53 730 52 247
741 59 729 59 747 59 735 57 214
736 85 725 85 743 85 727 84 161
737 90 725 90 743 91 730 89 177
735 131 720 131 743 131 727 131 110
735 166 719 165 743 167 726 167 82
735 177 719 177 743 179 726 179 107
736 181 718 180 743 183 726 183 88
739 187 722 187 747 189 730 189 123
747 74 734 73 753 73 740 72 61
743 76 730 75 749 75 736 74 104
743 107 729 107 751 107 735 106 118
743 138 726 138 751 139 733 139 77
741 144 724 144 749 145 732 144 75
745 142 728 142 753 143 736 143 59
741 152 724 152 749 153 731 153 74
743 163 726 163 751 165 734 164 67
741 181 724 181 749 183 731 183 99
744 179 728 179 753 181 735 181 73
744 187 728 187 753 189 736 189 95
748 61 736 63 755 63 742 61 302
748 72 736 72 755 71 742 71 55
748 100 733 99 757 99 740 99 85
748 148 732 148 757 149 739 148 74
749 154 732 154 757 155 740 155 84
746 158 730 158 755 159 737 159 76
747 184 730 184 755 187 738 187 130
749 190 729 189 757 193 740 192 128
757 105 740 105 765 105 747 105 91
757 116 740 115 765 115 748 116 120
754 132 738 132 763 133 746 133 96
756 135 740 134 765 135 747 135 65
752 138 735 138 761 139 743 139 81
752 151 736 152 761 153 744 153 98
754 156 738 156 763 157 746 157 110
752 158 736 158 761 159 744 159 83
754 164 738 164 763 165 746 165 55
752 175 736 174 761 177 744 176 72
756 171 740 171 765 173 748 173 60
754 177 737 176 763 179 746 179 54
754 184 738 184 763 187 746 187 91
762 111 746 111 771 111 754 111 155
762 123 746 123 771 123 754 123 128
758 130 742 130 767 131 750 130 71
761 141 745 140 771 141 753 141 101
758 159 741 159 767 161 749 161 69
758 175 741 174 767 177 750 177 56
760 181 744 181 769 183 752 183 57
762 183 746 183 771 185 754 185 76
767 23 752 23 773 21 759 20 44
764 98 748 97 773 97 756 96 163
763 103 746 103 773 105 755 104 143
764 160 747 159 773 161 756 160 143
764 179 747 179 773 181 756 181 62
771 53 749 53 783 49 763 50 323
770 98 751 96 779 97 761 96 333
772 106 759 107 781 105 765 107 409
771 166 753 165 781 167 763 167 141
772 179 752 178 781 181 763 180 107
770 185 752 185 779 187 761 188 100
775 59 749 58 787 55 764 55 191
775 123 763 124 787 123 773 125 388
779 55 756 55 791 51 767 51 287
780 51 758 51 793 47 769 47 206
781 57 758 57 793 53 769 53 259
783 72 760 73 795 67 771 66 165
784 180 768 179 795 181 778 181 80
793 45 779 45 801 43 786 42 158
789 123 773 123 799 123 782 123 176
789 121 772 121 799 121 782 120 167
789 144 773 144 799 145 781 144 191
787 169 770 169 797 171 780 171 108
798 50 784 49 807 47 792 46 69
798 59 784 59 807 57 792 56 80
798 81 784 80 807 79 792 78 77
795 135 778 135 805 135 788 135 100
793 143 777 142 803 143 786 142 102
795 144 778 144 805 145 788 145 114
792 152 776 152 803 153 785 153 86
796 162 779 162 807 163 789 163 82
800 53 786 51 809 49 794 48 60
804 55 790 54 813 53 798 52 48
804 59 790 58 813 57 798 56 45
800 61 786 61 809 59 794 58 47
804 65 790 64 813 63 798 63 45
800 79 786 78 809 77 794 76 34
804 80 790 80 813 79 798 78 39
804 88 793 87 813 87 798 89 54
801 119 785 119 811 119 794 119 38
803 141 786 140 813 141 796 141 37
801 154 787 154 809 155 792 155 100
802 160 786 160 813 161 795 161 60
802 169 786 170 813 171 795 170 37
808 34 793 33 817 31 801 30 38
810 75 795 76 819 75 804 74 36
806 124 791 123 817 123 800 123 26
809 130 793 130 819 131 803 130 31
807 137 791 137 817 137 800 136 39
808 145 791 145 819 145 801 145 42
807 173 791 172 817 175 801 174 21
813 22 797 23 823 21 808 19 98
815 96 799 96 825 95 808 95 42
812 111 796 112 823 111 806 110 23
812 123 797 122 823 123 807 121 29
814 127 798 127 825 127 808 127 27
813 132 797 132 823 133 806 132 33
814 143 798 143 825 143 808 143 22
814 152 797 151 825 153 808 152 20
812 166 799 165 823 167 807 168 37
810 175 794 175 821 177 804 177 14
813 179 795 179 823 181 806 181 26
814 183 799 183 825 185 808 185 35
820 79 805 78 831 77 814 77 38
817 81 801 79 827 79 811 78 53
816 100 800 100 827 99 810 98 37
818 97 802 96 829 95 812 94 19
819 104 803 104 829 103 813 102 18
815 122 799 122 827 121 809 121 43
818 162 802 162 829 163 812 163 20
816 169 799 169 827 171 810 171 50
819 175 802 175 829 177 813 177 39
820 171 804 172 831 173 814 173 16
820 177 804 177 831 179 815 178 21
824 25 809 24 835 21 817 21 68
824 100 808 102 835 103 819 101 29
822 136 807 137 833 137 817 137 21
824 150 809 151 835 151 819 150 28
824 158 809 157 835 159 819 158 29
822 160 807 160 833 161 817 160 23
822 168 807 165 833 169 817 168 24
829 31 813 30 839 27 823 26 40
829 51 813 55 839 51 823 49 37
830 85 815 84 841 83 825 82 33
830 87 814 88 841 85 824 86 34
830 105 815 106 841 105 825 104 17
830 107 814 107 841 107 824 105 23
834 36 819 36 845 33 828 32 43
838 59 822 59 849 55 833 56 48
836 56 821 55 847 53 831 52 116
834 62 818 59 845 59 828 57 31
838 67 822 69 849 67 832 67 53
838 130 822 132 849 131 833 129 36
836 139 820 138 847 139 831 138 53
844 40 828 40 855 37 838 36 40
840 46 824 46 851 43 834 42 66
844 50 828 49 855 47 838 49 38
842 71 826 71 853 69 836 68 65
842 73 825 73 853 71 837 70 76
841 83 825 83 853 81 836 81 33
838 103 818 101 851 101 828 100 26
840 107 819 106 853 105 835 104 29
840 105 825 104 853 103 835 103 24
837 114 820 114 853 113 831 113 45
841 125 825 125 853 125 836 124 29
841 135 825 135 853 135 836 135 34
841 139 826 139 853 139 837 138 37
841 168 825 168 853 169 836 169 36
847 21 829 21 857 21 839 21 141
847 76 831 75 859 73 842 73 96
849 91 833 93 861 89 843 87 51
847 116 831 115 859 115 842 114 57
845 124 828 123 857 123 840 123 38
845 162 829 161 857 163 840 164 32
849 165 833 168 861 169 844 168 36
849 176 832 178 861 179 844 179 29
818 264 749 265 859 279 777 281 104
855 85 838 85 867 83 850 83 58
855 91 838 90 867 89 850 88 50
853 132 836 132 865 133 847 133 58
860 55 843 55 873 51 855 50 54
859 105 842 102 871 101 853 99 44
858 117 842 113 871 113 854 112 35
859 133 842 133 871 133 854 132 50
856 145 840 145 869 145 852 144 44
860 150 843 150 873 151 855 150 36
856 162 839 164 869 165 851 167 34
825 304 752 304 869 327 782 328 117
825 324 751 323 869 351 782 351 39
862 35 845 34 875 31 857 30 39
866 38 849 38 879 35 861 34 43
866 68 849 67 879 65 861 64 53
864 93 847 92 877 91 859 90 48
862 101 845 100 875 99 857 99 37
864 149 846 148 877 149 859 148 21
865 175 848 175 879 177 860 175 35
865 178 848 177 879 181 861 180 31
834 282 761 282 879 303 792 303 106
830 331 753 331 875 357 788 357 42
872 37 855 36 885 33 867 32 67
870 35 853 34 883 31 865 30 90
868 51 850 49 881 47 862 45 61
870 66 852 66 883 63 865 62 100
868 81 850 81 881 79 862 78 92
868 85 850 87 881 83 863 82 62
872 93 854 90 885 89 867 89 65
868 95 850 95 881 93 863 93 54
870 110 852 110 883 109 865 108 26
867 114 850 114 881 113 863 113 31
869 135 852 135 883 135 865 135 38
867 139 850 139 881 139 863 138 34
869 154 852 154 883 155 865 155 14
869 183 852 183 883 185 865 185 34
838 260 765 261 885 277 798 277 45
836 280 763 280 883 301 796 301 162
839 294 766 294 885 317 798 317 316
838 297 765 298 885 321 797 321 238
838 302 765 302 885 327 797 327 339
837 317 763 316 883 341 796 342 115
875 69 858 66 889 65 870 64 90
873 95 856 95 887 93 869 92 141
872 131 855 131 887 131 868 130 25
873 139 856 139 887 139 869 138 29
875 152 858 152 889 153 871 152 16
840 256 767 256 887 273 800 273 49
844 261 771 262 891 277 804 278 51
843 284 767 284 891 305 803 303 243
842 299 767 299 889 323 801 323 291
882 90 864 90 897 89 878 89 254
882 141 864 141 897 141 878 140 64
880 140 862 139 895 139 876 138 46
880 145 862 145 895 145 876 145 74
885 161 864 160 897 161 878 161 44
848 282 776 282 897 305 810 303 174
847 303 773 303 895 327 807 327 144
885 38 866 37 899 33 880 33 159
885 54 867 53 899 51 880 50 221
887 64 869 64 901 61 882 60 160
887 74 869 73 901 71 882 70 258
887 86 868 87 901 85 882 84 179
886 105 867 104 901 103 882 103 301
885 103 866 102 899 101 880 100 160
884 124 866 124 899 123 880 123 125
888 130 868 127 903 129 884 128 81
884 132 866 131 899 131 880 130 81
888 141 869 141 903 141 884 140 67
888 147 869 147 903 147 884 146 106
888 158 867 158 903 159 883 158 55
851 269 779 271 901 289 813 288 55
854 299 780 300 903 323 815 323 137
850 317 776 316 899 345 810 346 254
890 78 872 77 905 75 886 74 303
894 133 876 133 909 133 890 132 82
892 154 875 153 905 155 886 155 67
855 267 781 267 905 285 817 285 27
856 296 781 295 905 319 817 319 149
900 59 882 58 915 55 896 54 161
896 89 878 88 911 87 892 86 243
898 114 880 114 913 113 894 112 81
900 126 882 125 915 125 896 125 54
900 128 882 127 915 127 897 126 50
898 141 880 141 913 141 894 140 90
900 157 881 159 915 157 896 156 38
896 158 881 161 911 159 892 158 47
895 166 879 165 911 167 892 166 66
899 171 882 170 915 171 896 171 46
897 181 882 185 913 183 893 182 73
865 269 789 269 915 287 825 287 21
862 325 785 324 915 353 824 353 106
904 36 886 35 919 31 900 30 305
906 45 888 45 921 41 902 40 275
906 59 888 58 921 55 902 54 254
905 103 887 103 921 101 901 101 128
903 106 885 106 919 105 899 104 79
906 110 887 110 921 109 901 108 94
905 141 887 139 921 141 902 140 73
903 151 885 153 919 153 900 151 48
903 173 884 172 919 173 898 171 21
910 57 892 56 925 53 906 52 161
908 70 890 70 923 67 904 66 125
910 68 892 67 925 65 906 64 115
911 95 893 95 927 93 907 92 137
909 99 890 99 925 97 905 96 81
908 146 891 146 925 147 906 146 68
911 151 892 151 927 151 907 151 51
916 25 898 24 931 19 911 21 199
916 26 898 25 931 21 911 21 206
915 61 897 60 931 57 911 56 241
913 148 894 149 929 149 907 151 80
915 168 896 168 931 169 908 167 88
920 152 903 151 937 151 911 151 162
918 184 900 184 935 185 913 187 96
927 24 909 23 943 19 924 18 283
925 41 907 39 941 35 922 34 181
929 49 911 47 945 45 925 44 134
924 144 906 143 941 143 922 143 91
926 152 910 153 945 153 926 152 105
933 61 915 60 949 57 930 56 168
935 71 917 70 951 67 932 66 246
934 130 915 129 949 129 930 128 123
933 139 914 139 949 139 930 138 138
931 138 912 137 947 137 928 136 150
933 146 914 147 949 147 930 147 107
930 157 913 156 947 157 928 156 132
932 165 912 166 947 167 928 167 144
932 171 914 170 949 171 930 171 154
937 32 919 32 953 27 934 27 122
936 85 919 85 953 83 934 82 153
936 107 918 106 953 105 934 104 90
936 153 918 153 953 153 934 152 108
939 165 921 164 957 165 938 164 114
898 300 822 300 957 325 867 325 41
896 322 821 322 957 351 866 351 60
943 66 925 66 959 63 940 62 218
943 72 924 72 959 69 940 68 223
944 77 926 76 961 73 942 72 182
942 103 922 103 959 101 940 100 149
945 107 927 106 963 105 943 104 187
944 124 926 124 961 123 942 122 155
942 126 924 126 959 125 940 124 132
944 138 926 137 961 137 942 136 123
945 146 928 145 963 145 944 144 147
944 155 926 155 961 155 942 154 140
946 161 928 161 963 161 944 160 148
941 180 922 179 961 181 939 180 65
903 313 828 313 963 337 873 335 106
900 320 825 320 961 349 870 348 73
899 318 824 318 959 347 869 346 131
952 48 935 45 969 43 950 43 306
952 63 934 63 969 59 950 59 289
950 128 932 127 967 127 948 126 219
950 136 932 135 967 135 948 135 168
950 147 932 147 967 147 949 146 146
951 155 933 155 969 155 950 154 211
949 157 932 157 967 157 949 156 190
949 170 932 170 967 171 948 170 171
945 192 925 192 967 193 947 191 127
905 306 829 305 965 331 875 331 244
904 317 829 318 965 345 875 346 144
959 59 941 59 975 55 957 53 232
955 57 938 56 971 53 953 52 173
954 65 936 64 971 61 952 60 252
958 76 940 76 975 73 956 72 208
955 111 936 111 973 109 953 108 156
957 140 940 139 975 139 957 138 285
955 144 938 143 971 143 952 142 389
957 151 940 151 975 151 957 150 196
954 172 935 172 975 173 953 173 274
912 309 837 308 973 333 884 333 204
911 312 836 312 973 339 883 338 346
909 326 833 326 971 355 879 355 120
960 61 943 60 977 57 959 56 270
959 123 942 122 977 121 958 121 285
961 127 944 126 979 125 961 124 423
960 130 942 129 977 129 959 129 462
959 136 942 136 977 135 959 134 448
961 151 944 149 979 149 961 147 253
959 165 942 164 977 165 959 164 242
918 308 843 308 981 333 892 333 294
916 308 842 308 979 333 890 333 289
915 311 840 312 977 337 887 337 327
916 312 841 313 979 339 889 339 379
915 316 840 316 977 343 887 343 324
916 320 841 320 979 347 889 347 213
969 71 955 70 983 67 970 66 412
969 93 949 93 987 91 967 90 223
964 96 945 95 983 93 963 92 248
963 119 946 118 983 117 963 116 264
966 123 948 122 983 121 966 121 269
967 136 950 135 985 135 967 134 327
965 151 948 150 983 151 965 149 293
965 157 948 157 983 157 965 157 262
965 165 948 164 983 165 965 164 230
970 173 951 172 987 173 969 173 189
920 304 845 304 983 329 894 329 338
923 320 848 320 987 347 897 347 196
972 42 955 41 989 37 971 36 265
975 49 958 48 993 45 975 44 259
976 55 958 54 993 51 975 50 239
973 65 956 64 991 61 973 60 268
971 132 954 131 989 131 971 130 304
973 151 955 149 991 151 973 150 217
971 155 953 155 989 155 971 154 314
973 157 955 157 991 157 972 157 231
975 165 957 164 993 165 975 164 156
975 170 958 170 993 171 975 170 147
929 304 854 304 993 329 904 329 173
927 308 852 308 991 333 902 334 261
925 313 850 313 989 339 899 339 492
978 121 962 120 997 119 979 118 279
983 59 965 59 1001 57 982 58 164
983 119 967 118 1003 117 983 117 346
984 153 966 157 1003 155 984 156 283
986 171 968 170 1005 171 987 171 286
982 172 965 172 1001 173 982 172 197
934 277 860 277 1001 297 912 296 289
937 283 862 284 1003 303 913 303 216
937 304 862 304 1003 329 914 329 183
938 308 864 308 1005 333 916 333 339
992 75 975 73 1011 71 993 69 220
988 113 971 113 1007 111 989 111 141
990 169 973 167 1009 169 991 167 197
988 173 970 172 1007 173 988 172 210
992 174 974 174 1011 175 993 174 230
990 176 972 176 1009 177 990 177 243
941 294 865 294 1009 317 918 317 156
944 304 869 304 1011 329 922 329 271
942 304 867 304 1009 329 920 329 259
943 312 869 311 1007 339 925 337 534
942 311 867 311 1009 337 920 339 388
998 145 981 144 1017 145 999 144 183
996 149 979 148 1015 149 997 148 223
996 167 979 166 1015 167 997 166 228
994 178 976 178 1013 179 993 179 289
993 184 976 184 1013 185 995 184 301
995 197 979 195 1017 197 997 198 232
955 214 893 215 1013 221 940 221 193
945 283 870 283 1013 303 924 304 245
949 306 874 306 1017 331 928 331 313
1004 128 986 128 1023 127 1005 126 133
1001 158 984 157 1021 157 1003 156 222
1004 162 987 162 1023 163 1006 161 261
1003 180 986 180 1023 181 1005 180 228
1001 194 984 194 1021 195 1003 195 278
1004 197 986 197 1023 197 1005 198 217
950 304 876 304 1019 329 930 329 322
1006 132 986 135 1025 131 1007 130 160
1007 140 990 140 1027 139 1009 138 182
1009 144 992 144 1029 143 1011 142 232
953 298 881 297 1025 321 935 320 111
959 302 884 302 1029 327 940 327 199
955 313 881 313 1025 339 936 339 345
959 330 885 330 1025 359 943 359 179
1013 127 996 126 1033 125 1015 124 117
1015 138 998 137 1035 137 1017 136 161
1014 151 997 150 1033 151 1015 150 177
1013 157 996 157 1033 157 1015 157 151
1013 163 996 162 1033 163 1015 162 207
1011 171 994 170 1031 171 1013 170 297
1015 173 998 172 1035 173 1017 173 205
1013 182 996 182 1033 183 1015 183 177
1011 200 994 200 1031 201 1013 201 169
960 302 886 303 1031 327 942 327 227
962 311 888 312 1033 337 944 337 333
1021 121 1005 119 1041 119 1024 117 83
1017 181 1000 180 1037 181 1019 180 177
964 301 891 301 1037 325 948 325 99
1023 119 1006 118 1043 117 1025 116 73
1027 153 1010 153 1047 153 1029 152 123
1024 157 1007 157 1045 157 1027 156 113
971 303 897 303 1043 327 955 327 78
971 308 897 309 1043 333 955 335 353
970 315 896 315 1043 341 954 342 289
972 318 898 319 1045 345 956 345 283
971 323 897 324 1045 351 955 351 118
1033 119 1016 118 1053 117 1035 116 116
1029 121 1012 121 1049 119 1031 119 223
1032 125 1016 124 1053 123 1034 123 111
1028 134 1011 134 1049 133 1031 132 179
1033 138 1016 137 1053 137 1035 136 138
1028 150 1011 149 1049 149 1031 148 145
1032 157 1015 157 1053 157 1035 156 165
1028 161 1011 161 1049 161 1031 160 157
1028 194 1012 193 1049 195 1040 195 137
981 271 911 271 1053 289 974 288 37
975 291 901 291 1051 315 962 313 54
977 295 904 297 1051 321 962 320 62
979 318 904 318 1053 345 963 345 105
1038 117 1021 116 1059 115 1041 114 79
1036 115 1018 115 1057 113 1038 112 59
1034 134 1017 134 1055 133 1037 132 155
1036 159 1016 157 1057 159 1039 158 205
1034 171 1014 170 1055 171 1038 170 179
984 289 910 290 1059 313 970 312 19
980 299 906 299 1055 323 967 323 65
1042 136 1026 136 1063 135 1045 134 237
988 295 913 295 1063 317 975 317 17
990 309 916 308 1065 333 977 332 18
989 314 916 315 1065 339 976 338 39
987 325 913 325 1061 353 972 354 25
998 282 923 283 1077 303 988 301 32
1001 324 925 324 1079 351 990 352 48
1001 328 927 329 1083 355 991 357 38
1012 257 941 258 1089 273 1004 273 103
1010 255 939 256 1087 271 1002 271 80
1010 261 939 261 1087 277 1002 277 88
1011 281 937 281 1089 301 1004 300 308
1009 322 936 322 1087 349 1000 349 129
1017 256 946 256 1093 271 1008 270 70
1014 302 942 302 1091 325 1006 325 312
1013 309 939 309 1091 335 1005 334 240
1048 267 1001 267 1101 277 1049 277 84
1021 282 949 281 1099 301 1014 300 215
1022 289 951 291 1101 309 1016 310 266
1019 297 948 297 1097 319 1013 320 272
1018 304 946 304 1097 327 1011 327 339
1019 302 947 302 1097 325 1012 325 305
1019 310 946 310 1097 335 1011 334 320
1079 176 1040 175 1129 175 1085 175 21
1068 255 1019 253 1127 261 1072 259 38
1072 249 1023 249 1131 257 1076 256 30
1072 270 1023 270 1131 281 1076 281 49
1070 279 1021 278 1129 291 1074 291 43
1072 276 1023 276 1131 287 1076 288 48
1071 281 1021 280 1131 293 1075 293 45
1085 184 1043 184 1135 185 1088 186 12
1076 249 1028 249 1135 255 1083 256 25
1074 267 1025 267 1133 277 1078 277 44
1076 272 1026 272 1135 283 1080 283 44
1094 188 1051 187 1147 189 1100 188 11
1101 156 1059 155 1155 153 1108 153 19
1098 221 1053 221 1151 225 1103 225 17
1109 107 1070 107 1157 101 1116 100 64
1105 139 1065 143 1159 137 1112 136 10
1106 181 1063 180 1159 181 1114 180 18
1105 199 1061 198 1161 201 1112 200 15
1110 153 1067 153 1165 151 1118 150 13
1110 151 1068 151 1167 149 1118 148 15
1110 173 1068 171 1163 173 1117 172 19
1111 191 1067 191 1167 193 1123 193 15
1111 197 1069 196 1167 199 1121 198 11
1108 210 1065 210 1165 213 1117 213 10
1107 221 1063 220 1163 225 1113 225 10
1111 216 1069 217 1167 221 1121 220 9
1110 227 1069 228 1167 233 1120 232 13
1107 236 1061 237 1163 241 1115 241 15
1116 316 1064 317 1167 329 1110 330 82
1123 98 1083 97 1173 91 1130 90 34
1113 205 1070 207 1169 209 1122 208 12
1105 325 1051 326 1173 343 1110 344 50
1130 105 1091 104 1177 97 1140 97 59
1123 130 1080 129 1177 123 1131 123 15
1119 193 1078 193 1179 195 1131 194 14
1109 318 1055 318 1175 335 1117 336 96
1111 324 1059 324 1177 341 1119 342 48
1134 102 1095 101 1185 95 1143 93 37
1133 108 1094 107 1185 101 1143 100 39
1125 217 1086 219 1185 223 1139 223 11
1129 187 1085 188 1189 187 1142 187 11
1134 212 1087 212 1191 215 1145 215 17
1133 233 1092 233 1191 239 1144 239 13
1138 119 1098 119 1193 113 1149 111 20
1138 172 1091 171 1195 171 1147 171 12
1137 179 1093 179 1195 179 1148 179 12
1133 181 1090 184 1193 183 1145 184 10
1137 187 1094 186 1195 187 1149 187 14
1136 198 1092 199 1197 201 1147 199 21
1124 308 1070 307 1195 323 1135 323 75
1141 233 1100 234 1199 239 1153 238 15
1147 220 1105 220 1207 223 1159 223 20
1132 309 1077 309 1207 325 1143 324 86
1148 178 1104 177 1211 177 1159 175 14
1152 181 1106 181 1215 181 1164 181 15
1155 186 1111 185 1215 185 1165 184 26
1136 306 1081 306 1213 323 1173 324 75
1155 143 1111 143 1217 139 1168 138 9
1159 141 1115 141 1221 137 1172 136 16
1156 151 1111 150 1219 147 1169 147 8
1156 157 1110 157 1219 155 1169 154 8
1155 168 1110 168 1219 167 1168 166 12
1159 155 1113 155 1223 153 1175 153 12
1163 187 1118 185 1227 187 1174 188 47
1147 317 1093 313 1225 333 1164 332 125
