72 177 47 177 45 171 19 171 118
71 186 46 186 45 181 17 180 145
76 170 50 170 51 163 23 163 59
77 175 52 175 51 169 23 169 59
73 179 48 179 47 173 19 173 102
75 188 50 188 49 183 21 183 109
73 192 47 192 47 187 19 187 133
75 202 49 201 49 197 21 197 129
82 94 53 94 53 83 21 83 117
82 167 57 167 57 161 29 161 116
79 177 54 177 53 171 25 171 62
81 173 55 173 55 167 27 167 52
83 175 57 175 57 169 29 169 64
81 187 55 186 55 179 27 181 178
87 154 61 154 61 147 33 147 83
85 169 60 169 59 163 32 163 168
89 173 63 173 63 167 35 167 233
89 184 63 183 63 175 36 175 296
86 202 61 201 61 197 33 197 166
97 108 69 108 69 97 38 97 74
93 106 66 106 65 95 34 96 75
93 156 67 156 67 149 39 149 83
94 171 69 172 69 165 41 165 119
93 170 67 169 67 163 39 163 111
94 177 68 177 69 171 41 171 196
90 205 65 204 65 201 37 201 249
94 202 68 201 69 197 41 197 202
100 103 73 104 73 93 43 94 96
99 103 71 103 71 93 42 94 107
101 115 73 115 73 105 44 107 28
102 110 74 111 75 101 44 101 45
101 147 74 146 75 139 47 139 88
97 159 71 160 71 153 44 152 114
101 158 74 158 75 151 47 151 157
98 167 72 167 73 161 45 161 125
98 169 72 169 73 163 45 163 243
96 188 70 189 71 183 44 182 163
96 204 70 203 71 199 43 198 320
102 99 74 99 79 89 49 89 48
105 113 77 113 77 103 47 103 37
106 135 80 135 81 127 53 128 188
105 145 78 145 79 137 51 137 95
104 162 78 162 79 155 51 155 193
114 102 86 102 87 91 55 91 108
110 139 84 139 85 131 57 132 182
112 146 86 147 87 139 59 139 239
110 158 84 158 85 151 57 151 150
115 97 90 98 91 87 61 87 102
114 105 87 105 89 95 53 95 219
118 121 92 121 93 111 65 111 197
116 132 90 132 91 123 63 123 177
116 171 89 169 91 163 63 163 103
122 104 95 104 97 93 69 94 76
123 109 97 109 99 99 71 99 69
123 111 97 111 99 101 71 101 83
120 116 94 117 95 107 67 107 182
123 123 97 122 99 113 71 113 132
123 148 97 149 99 141 71 142 119
123 159 97 160 99 153 71 153 92
121 158 95 158 97 151 69 152 159
123 171 97 171 99 165 71 165 72
120 175 95 175 97 169 69 169 61
119 173 93 173 95 167 67 167 85
120 180 95 180 97 175 69 174 204
127 107 101 107 103 97 75 97 63
127 115 101 115 103 105 75 106 55
127 123 101 123 103 115 75 115 102
127 131 101 131 103 123 75 123 75
125 135 99 135 101 127 73 127 114
127 139 101 140 103 131 75 131 96
127 158 101 158 103 151 75 151 64
127 167 101 167 103 161 75 161 64
125 171 99 171 101 165 73 165 78
129 175 103 175 105 169 77 169 46
125 179 99 178 101 173 73 173 75
127 181 101 180 103 175 75 175 131
126 198 98 197 101 193 72 193 262
130 133 104 133 107 125 79 125 50
132 139 106 139 107 131 80 131 57
130 169 104 169 107 163 79 163 66
132 175 105 175 107 169 79 169 48
135 192 108 192 111 187 82 187 147
131 196 105 196 107 191 77 191 291
137 188 109 188 113 183 84 183 121
141 198 114 197 117 193 88 193 295
144 182 116 182 121 177 90 177 65
144 195 118 195 121 191 92 191 168
148 186 122 186 125 181 97 181 103
148 197 122 197 125 193 96 193 249
161 194 135 194 139 189 110 189 215
173 175 146 177 151 171 125 169 99
170 190 144 190 149 185 121 185 170
178 177 152 177 157 171 129 171 67
176 181 150 181 155 175 127 175 79
180 179 154 179 159 173 131 173 57
178 183 152 182 157 177 129 177 91
261 164 235 161 245 157 218 159 115
271 48 245 49 255 35 227 36 92
277 33 251 34 261 19 234 20 91
276 39 251 39 261 25 234 26 163
273 52 247 52 257 39 229 39 173
274 107 249 107 259 97 232 97 137
276 125 251 124 261 115 234 115 192
276 183 251 183 261 177 234 177 268
272 179 247 179 257 173 230 173 99
272 185 247 185 257 179 230 179 129
276 203 251 203 261 197 234 196 302
274 237 245 237 257 233 239 233 344
282 31 257 32 267 17 239 17 126
282 45 257 45 267 31 240 32 151
278 111 253 111 263 101 236 102 117
281 122 256 122 267 113 240 113 392
278 127 253 126 263 117 236 117 143
281 133 257 132 267 123 240 124 195
281 159 257 156 267 149 240 147 91
283 37 257 37 273 23 241 23 442
282 52 261 53 269 39 239 39 109
281 58 255 58 269 45 241 46 134
284 103 257 104 269 93 240 93 54
284 117 259 117 269 107 242 107 182
284 129 259 129 269 121 242 121 203
283 143 259 143 269 135 242 135 96
283 146 259 147 269 139 242 139 98
283 154 258 154 269 147 243 147 144
287 156 262 157 273 149 247 149 111
287 166 262 166 273 159 247 159 100
283 171 258 171 269 165 242 165 76
287 175 263 175 273 169 246 169 88
291 105 268 105 279 95 253 95 100
292 111 266 111 277 101 249 101 166
291 141 266 141 277 133 251 133 137
289 151 265 151 275 143 249 143 394
295 31 270 32 281 17 254 17 151
297 33 272 34 283 19 256 19 270
297 37 272 37 283 23 256 23 278
299 43 274 45 285 31 258 32 151
295 46 270 47 281 33 254 33 261
297 117 272 117 283 107 256 107 129
294 149 270 149 281 143 255 142 235
294 166 270 166 281 159 255 159 295
296 170 271 170 283 163 256 163 142
298 175 273 175 285 169 258 169 174
298 189 273 189 285 183 258 183 121
297 190 271 191 283 185 256 185 111
295 203 269 204 281 199 254 199 129
301 215 271 215 281 211 251 211 337
301 46 276 47 287 33 260 34 224
301 50 276 51 287 37 259 37 286
305 107 279 107 291 97 264 97 193
301 111 275 111 287 101 260 101 213
300 121 276 120 287 111 260 111 423
301 122 275 123 287 113 260 113 242
300 147 275 146 287 139 260 138 117
300 166 276 166 287 159 260 159 338
302 171 277 171 289 165 262 163 365
304 175 279 175 291 169 264 169 172
307 48 282 49 293 35 266 35 151
307 114 282 112 293 103 266 102 122
307 137 281 133 293 127 266 125 188
307 147 281 147 293 141 266 139 124
309 256 281 255 293 253 266 253 221
313 58 287 58 299 45 273 46 181
315 163 291 162 303 155 276 156 114
315 167 291 168 303 161 276 161 102
316 181 290 181 303 175 277 175 76
314 187 289 187 301 181 274 181 56
318 42 293 41 305 27 279 25 147
318 56 293 56 305 43 279 44 214
322 64 296 63 309 51 284 52 102
322 114 297 113 309 103 283 103 326
317 114 293 116 305 105 279 107 125
320 111 295 111 307 101 281 101 124
319 120 295 120 307 111 281 111 167
321 134 297 133 309 125 283 125 110
318 137 293 136 305 127 279 129 158
319 164 295 163 307 157 281 156 68
321 162 297 162 309 155 283 154 91
317 170 293 170 305 163 280 164 127
321 168 297 168 309 161 283 161 64
319 183 295 183 307 177 281 177 49
317 179 292 179 305 173 278 173 133
322 209 297 209 309 205 283 205 51
319 215 294 215 307 211 280 211 55
321 221 296 220 309 217 282 217 130
324 42 299 40 311 27 286 28 107
323 46 299 46 311 33 286 33 168
325 62 301 62 315 51 289 51 261
326 109 302 109 313 99 287 99 104
325 110 301 110 315 101 289 101 177
326 171 303 172 315 167 291 167 89
324 175 301 175 313 169 288 169 72
322 183 297 183 311 177 285 177 278
324 187 297 187 313 181 288 181 106
327 213 301 213 313 209 286 209 46
325 230 300 230 313 227 287 227 211
330 59 307 60 319 47 295 48 92
329 179 307 179 319 173 295 173 84
329 185 307 185 319 179 295 179 82
331 207 304 208 319 203 289 204 56
328 232 305 232 317 229 292 229 239
329 231 307 230 319 227 294 227 181
338 205 316 205 325 201 301 201 48
345 203 323 203 333 199 311 199 47
346 209 323 209 333 205 314 204 59
345 226 320 227 333 223 310 223 52
345 56 328 59 339 47 320 49 191
343 127 323 126 335 117 313 116 184
345 122 325 122 337 113 315 113 206
345 129 325 128 337 121 316 122 229
345 150 326 149 337 143 316 143 234
347 150 328 150 339 143 318 143 135
347 156 327 156 339 149 318 149 131
342 209 323 208 337 203 314 203 79
347 225 327 225 339 221 318 222 65
346 236 325 236 337 233 316 232 50
348 240 327 240 339 237 317 237 81
353 37 334 37 345 25 325 25 252
350 35 330 35 341 23 321 23 309
350 40 330 41 341 29 321 29 293
351 56 331 56 343 45 323 46 215
352 120 332 120 343 111 322 111 145
349 125 329 126 341 117 320 118 213
352 121 334 122 345 113 324 113 170
351 129 331 130 343 121 323 121 170
351 154 331 154 343 147 322 147 171
348 158 329 158 341 151 320 151 124
350 224 331 223 343 219 322 220 103
348 220 329 219 341 215 320 215 91
349 225 329 226 341 221 320 222 98
351 245 330 244 343 241 319 241 38
355 53 336 53 347 41 327 42 560
354 150 335 150 347 143 327 143 170
354 156 336 156 347 149 327 149 168
355 207 337 206 349 201 329 201 129
354 220 335 219 347 215 327 215 146
360 252 336 251 351 249 326 249 83
356 248 333 247 347 245 324 244 82
363 67 345 67 357 57 338 57 158
360 70 342 70 353 59 333 58 123
359 127 341 127 353 119 334 119 201
359 132 341 134 353 125 334 127 176
362 152 344 152 355 145 336 145 128
363 156 346 156 357 149 338 149 145
361 158 344 158 355 151 336 151 119
359 202 341 202 353 197 334 197 69
362 228 343 229 355 225 336 225 71
359 248 337 247 353 245 327 245 71
366 255 341 255 357 253 330 253 55
365 38 348 39 359 27 339 26 110
365 40 347 39 359 29 340 29 146
369 50 353 51 363 39 345 39 193
365 52 348 52 359 41 341 41 286
365 125 348 125 359 117 341 117 88
365 127 348 127 359 119 341 119 115
365 133 348 133 359 125 340 127 105
365 152 348 152 359 145 340 145 106
366 152 349 152 361 145 342 145 100
367 158 350 158 361 151 343 151 124
365 216 347 216 359 211 341 211 115
369 235 352 234 363 231 343 231 46
365 233 347 233 359 229 339 229 44
371 257 349 258 361 255 335 254 52
373 133 355 133 369 125 352 125 124
374 139 359 140 369 131 353 133 80
370 225 355 225 365 221 348 221 175
374 248 351 248 365 245 342 245 23
376 257 352 256 367 255 339 255 83
379 47 365 48 375 37 359 36 134
376 57 360 57 371 47 355 48 237
378 65 363 64 373 55 356 53 216
376 67 361 66 371 57 354 58 257
377 137 362 137 373 129 357 129 83
380 133 363 132 375 125 359 125 48
379 139 364 139 375 131 359 132 73
377 175 363 175 373 169 358 169 117
377 179 362 179 373 173 357 173 108
377 212 362 212 373 207 357 207 70
374 213 360 214 371 209 355 209 102
383 50 369 49 379 39 364 39 365
383 73 371 73 379 63 366 63 172
382 100 363 98 377 91 359 90 204
381 106 367 107 377 97 359 99 190
381 139 367 138 377 131 361 132 79
384 195 371 195 381 189 368 189 103
383 199 371 199 381 193 365 192 56
382 197 369 197 379 191 365 191 43
381 208 366 208 377 203 360 202 146
384 218 370 218 381 213 366 213 129
384 214 371 214 381 209 368 209 159
382 216 369 216 379 211 364 211 235
382 222 369 222 379 217 364 217 110
384 233 367 233 379 229 360 229 65
382 237 365 236 377 233 355 233 59
385 241 366 240 379 237 359 237 39
385 255 359 254 377 253 350 253 21
389 264 361 264 379 263 349 263 65
387 58 376 58 385 49 372 49 246
388 78 376 78 385 69 372 69 233
388 191 375 190 385 185 372 185 125
388 197 375 197 385 191 372 191 76
388 216 375 216 385 211 372 210 140
391 224 375 224 387 219 371 219 64
393 268 364 267 383 267 353 267 47
394 272 366 271 385 271 353 271 37
394 275 363 275 383 275 350 275 55
395 28 384 27 393 17 381 17 385
395 82 384 82 393 73 381 73 267
393 97 384 98 391 87 379 88 382
391 113 380 112 389 105 377 105 134
393 150 382 150 391 143 379 143 310
393 167 382 165 391 161 379 161 253
395 178 383 177 393 171 381 171 287
395 189 384 189 393 183 381 181 166
393 199 382 198 391 193 379 193 181
391 208 380 209 389 203 377 203 117
394 237 375 237 389 233 369 233 26
397 246 375 246 391 243 369 242 32
401 263 379 260 393 261 365 261 52
397 259 372 258 389 257 365 255 25
402 280 370 280 391 281 357 281 64
401 33 391 34 399 23 388 23 299
397 75 386 76 395 67 383 67 322
398 133 389 131 397 125 387 124 141
397 148 386 148 395 141 383 141 152
398 152 389 152 397 145 388 145 279
400 207 390 207 399 201 389 201 166
398 203 388 203 397 197 387 197 262
397 211 386 210 395 205 383 205 177
403 245 381 244 397 241 374 241 27
403 248 383 247 397 245 373 245 32
403 255 378 255 395 253 369 253 25
409 273 378 273 399 273 366 273 87
405 28 395 28 403 19 392 19 274
406 30 398 30 405 21 396 21 303
403 42 393 42 401 33 390 34 429
404 50 395 50 403 41 393 41 233
406 65 398 65 405 57 396 57 236
404 141 396 139 403 135 394 135 143
402 150 393 150 401 143 391 143 221
402 169 387 171 401 163 385 163 627
402 181 393 181 401 175 391 177 247
402 196 393 198 401 191 391 193 171
405 213 393 212 403 207 391 207 168
409 222 394 222 405 217 390 217 186
404 220 390 220 401 215 386 215 134
404 226 389 226 401 221 385 221 83
407 237 386 237 401 233 381 233 50
410 241 390 240 405 237 383 237 27
409 255 384 255 401 253 375 253 48
409 259 384 258 401 257 374 257 63
414 274 385 273 405 273 373 273 62
412 275 381 276 401 277 368 277 117
408 38 399 39 407 29 398 29 188
410 62 402 62 409 53 400 53 162
410 69 402 69 409 61 400 61 125
408 86 403 86 409 79 401 79 264
411 99 405 99 411 91 404 90 284
407 107 400 106 407 99 399 99 624
411 118 404 118 411 111 404 111 388
409 116 402 116 409 109 402 109 543
407 157 405 158 407 151 404 150 459
407 163 399 165 407 157 398 159 293
411 175 404 175 411 169 404 169 601
407 179 400 179 407 173 399 173 411
407 187 400 187 407 181 399 181 290
416 245 395 244 411 241 389 241 33
414 252 390 252 407 249 381 250 30
414 257 389 257 407 255 380 255 63
419 264 391 264 411 263 381 263 64
417 264 389 264 409 263 380 262 55
420 269 391 269 411 269 380 269 93
413 89 407 89 413 81 406 81 123
413 113 406 112 413 105 406 105 293
412 125 407 124 413 117 408 116 278
416 136 411 136 417 129 412 130 207
416 145 412 144 417 137 413 138 345
412 162 407 161 413 155 407 155 278
412 183 403 184 413 177 400 177 885
412 187 406 189 413 183 406 183 347
417 211 403 210 415 205 399 205 145
419 217 405 216 417 211 401 211 115
421 268 394 267 413 267 381 268 106
424 271 395 271 415 271 384 271 83
422 273 393 273 413 273 382 273 94
418 138 413 137 419 131 414 131 219
417 147 415 149 419 141 414 139 174
420 155 418 156 423 151 420 151 249
426 200 411 200 423 195 407 194 320
424 203 409 202 421 197 405 196 208
422 220 407 220 419 215 403 215 177
425 233 407 233 421 229 402 229 59
427 250 404 250 421 247 397 247 74
431 253 407 253 423 253 398 252 66
430 261 405 260 423 259 395 259 109
424 131 421 131 425 123 422 124 201
430 203 413 205 427 197 411 197 189
427 224 412 223 425 219 408 219 108
432 228 415 228 429 223 412 223 124
430 233 412 233 427 229 408 229 96
435 255 410 255 429 253 403 253 86
432 263 405 263 425 261 397 261 99
432 145 432 145 435 139 434 139 90
436 182 425 181 435 175 423 175 318
434 179 423 179 433 173 421 173 546
432 186 421 185 431 179 419 177 459
437 195 423 195 435 189 419 189 329
436 201 420 200 433 195 417 195 156
434 197 419 197 431 191 415 191 283
438 250 415 250 433 247 409 247 94
442 262 417 262 435 261 408 261 74
438 268 411 268 431 267 402 267 63
443 280 411 280 435 281 399 281 34
441 44 437 43 441 35 433 35 17
436 144 436 143 439 137 438 137 41
436 150 436 149 439 143 438 143 55
441 170 433 169 441 163 433 163 301
437 172 429 172 437 165 429 165 350
440 175 429 176 439 169 430 169 532
442 187 431 187 441 181 425 181 271
441 197 426 196 439 191 422 190 187
444 208 428 208 441 203 424 203 193
443 224 429 223 441 219 423 219 105
442 233 424 233 439 229 420 229 113
449 283 417 282 441 283 408 282 19
440 130 441 130 443 123 437 123 41
440 142 441 141 443 135 442 135 96
440 148 440 148 443 141 442 141 39
443 158 441 157 445 151 444 151 184
444 163 437 164 445 157 437 157 228
443 174 434 174 443 167 433 167 239
444 181 433 181 443 175 432 175 256
445 189 431 189 443 183 428 183 239
449 193 434 193 447 187 431 187 284
446 235 428 235 443 231 424 230 130
448 231 431 231 445 227 427 227 135
450 239 432 238 447 235 427 235 136
451 252 429 252 447 249 424 249 54
452 277 421 278 445 279 410 279 21
446 159 440 162 449 155 440 155 159
451 166 442 165 451 159 443 159 214
449 170 441 169 449 163 441 163 233
453 195 438 195 451 189 435 188 204
451 191 436 191 449 185 433 185 298
451 197 436 196 449 191 433 191 182
451 207 436 207 449 201 433 201 199
451 218 436 218 449 213 434 213 170
451 226 437 226 449 221 433 221 109
451 232 435 231 449 227 432 226 92
456 245 437 244 453 241 433 240 58
458 270 427 271 453 269 420 270 12
459 273 429 273 453 273 421 273 12
459 298 419 299 449 303 407 303 20
459 298 422 297 451 301 410 299 17
452 139 455 139 457 133 457 133 50
454 145 453 145 457 139 456 139 41
454 149 453 149 457 143 456 143 59
456 184 444 183 455 177 443 177 302
457 179 446 179 457 173 445 173 410
459 201 444 201 457 195 441 195 215
459 214 446 214 459 209 444 209 225
459 226 444 226 457 221 441 221 76
461 256 439 253 457 251 430 249 37
460 262 434 262 455 261 426 261 20
463 141 462 141 465 135 464 135 55
459 140 458 139 461 133 460 133 86
458 145 458 146 461 139 460 139 108
461 158 458 157 463 151 460 151 101
463 204 447 205 461 199 445 198 161
465 210 449 210 463 205 447 205 140
461 214 447 214 461 209 445 209 98
466 223 451 223 465 219 449 219 93
468 233 449 233 461 229 442 229 102
468 261 442 259 461 259 434 259 17
470 269 441 269 463 269 432 269 17
473 35 465 35 469 27 465 27 12
479 125 473 125 471 119 467 119 31
464 139 464 139 467 133 467 132 105
468 145 467 146 471 139 469 139 76
465 160 462 159 467 153 464 153 109
471 209 455 206 469 201 452 199 191
473 207 457 204 471 199 456 199 132
468 206 453 206 467 201 450 201 142
469 212 453 212 467 207 451 207 132
472 220 458 220 471 215 455 213 102
468 228 453 228 467 223 451 223 74
470 250 448 250 467 247 442 245 18
471 258 447 256 467 255 439 256 16
477 270 446 271 471 271 439 270 21
478 304 439 304 471 309 426 309 12
483 27 477 27 477 19 469 18 9
475 160 472 159 477 153 474 153 80
475 156 472 155 477 149 474 149 83
471 162 468 161 473 155 470 155 67
471 180 468 179 473 173 470 173 102
471 189 467 189 473 183 468 183 169
480 244 458 244 477 241 454 241 17
475 249 453 248 475 245 449 245 20
479 257 453 257 475 255 448 255 19
477 258 451 258 473 257 446 256 19
483 300 443 300 475 305 431 305 9
482 317 443 316 473 325 439 324 8
481 158 478 157 483 151 480 151 65
479 168 476 167 481 161 477 160 59
479 172 476 171 481 165 478 165 75
477 176 474 175 479 169 476 169 64
481 174 478 173 483 167 480 167 81
479 178 477 179 481 171 478 171 69
477 182 474 179 479 175 476 175 60
481 207 474 207 483 201 474 201 31
484 246 463 246 481 243 458 243 22
483 242 463 242 481 239 459 239 18
484 250 460 249 481 247 456 246 24
488 265 459 266 483 265 453 265 17
488 278 456 278 483 279 448 279 8
485 281 454 280 481 281 446 281 16
482 134 480 134 485 127 481 128 107
485 138 483 137 487 131 485 131 115
483 144 480 143 485 137 481 137 132
487 164 483 163 489 157 484 157 47
489 191 481 191 487 185 481 185 70
488 201 481 201 489 195 481 195 28
491 271 462 271 489 271 456 271 14
492 282 459 282 487 283 459 281 15
493 41 489 41 495 33 483 34 12
490 148 486 148 491 141 488 141 77
489 152 485 152 491 145 492 145 172
491 156 488 155 493 149 489 149 44
489 162 486 161 491 155 486 155 85
493 167 489 167 495 161 490 161 91
493 183 488 182 495 177 490 175 90
489 193 484 193 491 187 485 187 67
497 207 485 205 495 201 485 200 29
495 232 481 232 493 227 471 227 36
497 128 494 127 499 121 496 120 150
497 126 493 126 499 119 495 119 123
499 132 496 132 501 125 497 125 116
495 182 489 182 497 175 492 173 115
500 185 493 186 501 179 494 179 78
496 187 489 187 497 181 490 181 102
496 199 489 199 497 193 489 193 36
502 211 490 211 501 205 490 205 24
501 222 487 221 501 217 485 216 65
501 241 477 240 499 237 474 235 21
501 244 478 244 499 241 475 241 17
501 250 478 250 499 247 474 247 23
505 113 499 112 507 105 501 105 109
502 119 496 119 503 113 497 112 82
505 138 500 138 507 131 501 131 78
503 162 499 161 505 155 500 155 73
505 175 501 175 507 169 502 168 91
504 183 497 183 505 177 498 177 86
502 187 495 187 503 181 496 181 97
502 191 495 191 503 185 495 187 147
503 201 496 201 505 195 497 195 28
502 205 494 205 503 199 497 201 35
507 222 493 222 507 217 492 217 52
503 226 487 226 503 221 485 221 77
507 228 492 228 507 223 490 223 61
509 244 486 244 507 241 484 241 26
506 253 482 252 503 249 477 249 24
509 250 485 250 507 247 482 247 20
506 257 478 255 503 255 477 255 17
510 273 479 273 507 273 475 271 12
511 98 507 98 513 91 509 91 83
511 106 507 105 513 99 508 98 133
508 118 502 118 509 111 503 111 129
510 118 504 118 511 111 505 111 115
509 136 504 136 511 129 505 129 80
515 146 511 146 513 139 507 139 123
509 162 505 162 511 155 506 155 33
512 185 504 185 513 179 505 179 167
511 191 504 191 513 185 505 185 104
511 207 502 207 511 201 500 200 35
509 203 502 203 511 197 503 197 28
512 215 499 214 513 209 499 209 22
513 218 499 218 513 213 498 213 36
510 216 496 216 509 211 493 211 60
509 235 491 235 509 231 489 231 29
512 273 481 272 509 273 477 273 9
516 276 484 276 513 277 478 277 11
524 35 514 35 517 27 510 27 13
518 80 514 80 519 73 515 73 81
515 86 512 86 517 79 513 79 74
517 98 514 99 519 91 515 92 93
515 130 509 130 517 123 511 123 99
517 132 511 132 519 125 513 125 71
513 134 507 133 515 127 508 127 66
515 156 510 155 517 149 512 149 53
513 164 509 163 515 157 510 157 40
513 168 509 167 515 161 510 161 41
515 170 511 169 517 163 512 163 56
516 240 493 237 515 237 494 237 23
523 274 491 274 517 275 481 275 21
519 78 516 78 521 71 517 71 154
519 84 516 84 521 77 517 77 149
521 144 516 144 523 137 517 137 42
519 160 515 159 521 153 516 153 51
521 175 511 175 523 169 512 167 125
522 180 514 179 523 173 515 173 103
523 187 516 187 525 181 517 181 160
518 193 511 193 521 187 513 187 90
525 220 511 220 525 215 511 215 23
525 230 504 227 525 225 508 226 23
522 241 501 240 521 237 493 237 28
529 77 523 76 531 69 524 68 83
525 75 517 75 527 67 523 65 93
529 85 524 85 531 77 525 77 121
525 106 519 106 527 99 521 100 136
525 114 519 114 527 107 521 106 65
525 124 519 124 527 117 521 117 83
525 132 519 132 527 125 521 125 87
529 141 523 140 531 133 524 133 52
529 148 523 148 531 141 524 141 49
527 156 521 156 529 149 522 149 48
529 190 522 190 531 183 523 183 109
527 192 520 191 529 185 521 185 78
529 197 522 197 531 191 523 191 94
527 199 520 199 529 193 521 193 88
527 215 517 215 527 209 514 209 48
529 232 515 230 529 227 509 228 43
531 239 508 238 529 235 507 235 26
532 99 525 98 533 91 527 91 84
531 102 525 102 533 95 526 94 80
531 109 525 108 533 101 526 101 91
531 116 525 116 533 109 527 109 87
535 122 529 122 537 115 531 115 100
531 120 525 120 533 113 526 113 100
531 126 525 126 533 119 527 119 79
533 132 527 132 535 125 528 125 74
535 140 529 140 537 133 531 133 52
533 144 527 144 535 137 528 137 56
535 150 529 150 537 143 530 143 65
534 186 528 185 535 179 529 178 126
533 193 527 193 535 187 528 187 104
534 247 511 245 533 243 509 243 13
534 255 507 254 533 253 507 252 12
534 261 508 260 533 259 504 259 11
537 264 503 267 533 265 502 264 11
539 61 534 61 539 53 530 53 66
539 89 533 89 541 81 534 81 43
539 107 533 106 541 99 534 99 59
541 109 535 108 543 101 536 101 67
539 118 533 118 541 111 535 111 89
541 124 535 124 543 117 536 117 85
541 130 535 130 543 123 536 123 69
541 150 535 150 543 143 536 143 34
539 154 533 154 541 147 534 147 30
537 164 531 163 539 157 532 157 23
541 166 535 165 543 159 536 159 23
539 174 533 173 541 167 534 166 36
541 180 534 180 543 173 536 173 73
543 231 526 229 543 227 525 226 42
541 233 521 233 541 229 521 229 26
541 239 521 239 541 235 520 235 27
540 255 517 254 539 253 510 252 14
541 261 514 261 541 259 512 259 10
542 280 519 279 541 281 515 281 14
546 37 537 38 545 29 533 29 11
543 69 537 69 545 61 539 60 43
543 75 537 75 545 67 538 67 45
547 81 541 81 549 73 543 73 47
545 106 539 106 547 99 540 98 81
543 102 537 102 545 95 538 94 95
547 109 541 108 549 101 542 101 55
543 126 537 126 545 119 539 120 83
543 146 537 146 545 139 538 139 28
543 156 537 156 545 149 538 149 85
547 172 541 171 549 165 542 165 55
545 178 538 177 547 171 540 171 48
545 190 538 187 547 183 540 182 21
543 201 535 201 545 195 537 195 43
547 207 539 207 549 201 544 202 87
543 203 535 203 545 197 536 197 36
551 213 539 213 549 207 537 207 95
543 209 532 208 545 203 535 203 42
544 215 534 215 545 209 533 209 39
544 220 530 220 545 215 530 215 24
545 235 525 235 545 231 524 231 29
546 233 527 233 547 229 527 229 31
544 241 524 241 545 237 523 237 29
547 239 527 239 547 235 526 235 28
551 67 545 66 553 59 547 59 90
549 77 543 77 551 69 545 69 56
551 79 545 79 553 71 547 71 46
549 89 543 89 551 81 544 81 77
549 85 543 85 551 77 545 77 92
553 95 547 95 555 87 548 87 43
549 107 543 106 551 99 544 99 58
549 103 543 102 551 95 544 95 118
553 116 547 116 555 109 548 109 44
551 116 545 116 553 109 546 109 46
549 122 543 122 551 115 544 115 65
553 124 547 124 555 117 548 117 35
551 126 545 126 553 119 546 119 54
553 134 547 134 555 127 548 127 68
553 140 547 140 555 133 548 133 41
549 138 543 138 551 131 544 131 46
551 160 545 159 553 153 546 153 26
551 162 545 161 553 155 546 155 32
551 166 547 167 555 161 549 160 26
549 176 542 175 551 169 543 169 50
549 182 542 181 551 175 543 175 41
549 195 542 195 551 189 543 189 30
553 203 545 203 555 197 545 197 42
551 207 543 207 553 201 543 201 48
551 217 538 217 551 211 538 211 41
554 219 541 218 555 213 542 213 35
556 251 530 252 555 249 530 249 18
559 93 553 93 561 85 554 85 75
557 91 551 91 559 83 552 83 101
557 103 551 102 559 95 552 95 42
559 114 553 114 561 107 555 107 76
555 148 549 148 557 141 550 141 23
559 150 553 150 561 143 555 142 48
559 172 552 171 561 165 554 165 25
555 176 548 175 557 169 553 169 55
556 195 549 193 559 189 551 189 22
561 198 553 198 561 193 551 193 40
559 252 536 255 561 251 535 252 24
561 32 553 32 563 23 557 23 18
563 71 558 70 565 63 560 63 88
561 75 556 75 563 67 558 67 65
565 73 560 73 567 65 562 65 86
565 83 559 82 567 75 561 75 84
563 89 557 88 565 81 558 81 98
565 101 559 100 567 93 561 93 39
565 97 559 97 567 89 561 87 41
563 105 557 104 565 97 559 97 32
565 136 558 136 567 129 560 129 45
561 162 554 161 563 155 556 156 22
565 166 558 166 567 159 559 157 38
563 176 556 175 565 169 558 169 19
563 203 553 203 565 197 554 197 37
563 209 553 209 565 203 555 203 48
559 227 546 226 563 221 545 222 33
564 256 537 256 565 255 536 253 32
564 261 537 260 565 259 535 259 28
571 69 566 69 573 61 568 61 75
571 162 563 161 573 155 565 154 30
566 180 557 180 569 173 561 173 14
568 195 560 195 571 189 562 188 16
571 203 562 203 573 197 563 197 37
571 207 562 207 573 201 563 201 50
571 211 561 211 573 205 562 205 56
569 220 556 220 573 215 559 215 35
571 226 556 226 573 221 557 221 65
570 273 539 273 571 273 538 274 11
575 71 570 71 577 63 572 63 65
573 67 567 66 575 59 570 59 43
573 73 568 73 575 65 570 65 83
577 85 572 84 579 77 574 77 76
572 91 568 90 575 83 570 83 102
573 103 568 102 575 95 570 95 84
575 119 569 118 579 111 569 111 129
577 127 569 127 579 119 571 120 263
575 144 567 144 577 137 569 137 86
573 178 563 178 575 171 567 172 31
572 199 564 199 575 193 565 193 42
577 221 561 220 577 215 562 215 45
575 239 555 238 577 235 555 235 47
576 245 552 244 577 241 555 241 26
575 247 551 248 577 245 552 245 20
590 25 584 25 585 17 577 17 16
582 119 574 118 585 111 577 111 137
581 123 573 123 583 115 573 115 145
583 129 574 129 585 121 575 123 199
582 142 573 142 585 135 575 133 55
579 149 572 148 581 141 574 141 115
582 154 573 153 585 147 575 146 41
579 158 569 158 581 151 569 151 176
582 162 573 162 585 155 575 155 43
580 211 570 211 583 205 572 205 108
582 245 557 244 583 241 558 241 24
581 255 555 254 583 253 553 253 18
596 33 587 33 589 25 579 26 14
585 65 575 65 591 57 583 59 157
587 79 582 78 589 71 584 70 120
584 84 580 85 587 77 582 78 63
584 102 580 102 587 95 582 95 44
587 121 579 121 589 113 580 113 184
588 133 583 137 591 129 581 127 205
588 143 579 144 591 137 581 139 166
586 153 577 153 589 145 579 145 167
586 160 577 159 589 153 579 152 29
589 161 579 162 591 155 581 155 123
588 182 579 181 591 175 581 175 44
589 207 574 206 591 201 576 201 103
585 220 571 220 587 215 572 215 106
585 226 571 226 587 221 570 221 60
587 243 569 243 587 239 569 239 33
601 30 595 30 593 23 589 22 15
594 68 588 67 597 59 589 61 140
591 74 585 75 593 67 587 67 186
594 78 587 79 595 71 589 71 76
592 91 586 91 595 83 588 83 69
594 97 588 97 597 87 590 89 47
594 91 588 90 597 83 590 82 54
594 103 588 102 597 95 590 95 51
590 113 585 112 593 105 586 105 86
591 154 581 156 593 147 583 147 36
592 178 583 177 595 171 585 171 26
592 199 577 198 595 193 578 192 79
590 201 575 201 593 195 577 195 90
590 218 575 217 593 211 577 211 64
591 224 576 224 593 219 577 219 98
591 232 573 231 593 227 571 226 72
593 255 566 255 595 253 567 253 11
594 285 563 287 597 287 563 289 21
596 70 590 69 599 61 592 61 107
600 68 594 70 603 61 596 61 131
596 85 590 85 599 77 592 77 119
596 100 590 100 599 93 592 92 76
600 99 594 99 603 91 596 91 153
598 105 593 104 601 97 594 97 58
600 109 592 109 603 101 595 101 52
600 126 594 124 603 117 596 117 83
597 142 589 142 599 135 593 134 131
599 146 593 145 601 139 595 138 44
600 154 591 154 603 147 593 146 24
597 179 588 179 599 173 590 172 52
600 209 584 209 603 203 586 203 73
598 222 583 221 601 217 585 216 69
596 226 581 226 599 221 583 221 105
596 246 579 249 599 243 579 245 37
601 261 572 260 603 259 574 259 13
599 259 571 259 601 257 571 257 17
595 264 567 264 599 263 567 263 13
606 72 600 71 609 63 602 62 186
606 74 600 73 609 65 602 64 203
606 83 599 83 609 75 602 75 228
603 80 596 80 607 71 600 71 187
602 84 596 85 605 77 598 77 203
602 91 596 91 605 83 598 83 114
602 97 596 96 605 89 598 88 145
606 133 599 134 609 127 602 126 103
605 157 598 156 609 149 599 149 17
602 160 593 160 605 153 595 153 22
602 197 588 198 605 191 590 192 165
606 211 589 210 609 205 591 205 67
604 214 587 214 607 209 589 209 62
606 216 589 216 609 211 591 211 76
602 220 587 220 605 215 589 215 110
603 233 587 233 609 229 589 229 54
602 235 582 235 605 231 584 231 47
606 237 587 237 609 233 588 233 52
602 241 582 241 605 237 583 237 30
605 259 580 259 609 257 581 257 13
610 77 604 77 613 69 606 69 149
609 109 601 109 611 101 603 101 97
612 121 605 121 615 113 607 114 123
609 182 596 181 611 175 601 175 69
608 203 591 203 611 197 593 197 126
608 207 594 207 611 201 595 199 109
610 213 593 213 613 207 595 207 121
612 220 595 220 615 215 597 215 107
608 228 591 228 611 223 593 223 108
609 242 593 243 615 239 592 239 64
621 60 612 61 621 53 613 53 56
616 103 610 103 619 95 612 95 108
618 117 611 116 621 109 613 109 125
614 115 607 114 617 107 610 106 253
618 142 611 142 621 135 613 135 201
614 144 607 145 617 137 609 138 299
614 167 605 168 617 161 608 161 12
614 213 597 213 617 207 599 208 147
614 230 597 229 617 225 599 225 51
617 230 601 229 621 225 603 225 63
614 228 597 228 617 223 599 223 46
615 239 597 239 619 235 607 236 145
617 268 585 267 619 267 585 267 13
613 264 584 264 617 263 586 263 17
614 271 586 271 619 271 586 271 11
624 77 617 77 627 69 619 69 186
621 193 605 193 625 187 608 187 105
623 197 607 197 627 191 609 191 124
620 201 603 201 623 195 605 195 154
620 207 602 206 623 201 605 201 110
623 240 600 239 623 235 601 235 50
625 247 604 247 627 243 605 243 30
629 55 620 56 631 47 624 47 67
626 75 619 75 629 67 622 67 213
630 86 622 86 633 77 625 77 190
627 103 621 103 631 95 623 95 39
626 107 621 107 631 99 622 99 73
626 111 619 111 629 103 621 103 69
629 152 621 152 633 145 624 145 241
624 177 617 178 629 171 618 170 21
627 183 616 183 629 177 618 177 63
627 195 611 195 631 189 613 189 123
625 211 607 211 629 205 610 205 123
629 216 610 216 633 211 613 211 143
627 232 608 231 631 227 611 227 48
629 235 610 235 633 231 612 231 56
624 255 599 256 631 253 602 253 23
624 282 591 281 629 283 593 283 9
634 82 626 81 637 73 628 73 106
632 91 625 91 635 83 627 83 65
632 97 625 97 635 89 627 89 46
632 103 625 103 635 95 628 95 45
635 143 629 142 639 135 632 134 188
632 187 615 187 635 181 615 181 110
631 222 611 222 635 217 614 217 101
633 220 613 220 637 215 616 215 120
637 245 613 244 639 241 616 241 46
635 249 613 249 637 245 613 245 32
630 248 608 248 635 245 611 245 25
633 262 607 262 639 261 610 261 12
640 26 629 26 641 17 630 17 50
640 54 633 54 643 45 636 45 159
642 88 634 87 645 79 637 79 64
642 101 634 101 645 93 637 93 53
642 107 633 107 645 99 637 99 120
637 112 627 112 641 105 634 104 81
637 125 631 124 641 117 634 117 199
638 130 631 130 641 123 634 123 207
639 141 633 140 643 133 636 133 263
638 146 631 146 641 139 634 139 259
640 169 630 168 643 161 635 161 48
637 200 615 199 641 195 617 194 167
640 218 621 218 645 213 625 214 205
637 225 618 225 641 221 621 220 91
640 236 621 235 645 231 624 231 83
638 239 619 239 643 235 622 235 42
645 39 637 40 647 31 640 31 167
646 86 637 85 649 77 640 77 79
643 97 635 97 647 89 638 89 48
645 101 638 100 649 93 640 92 54
645 109 638 109 649 101 640 101 96
646 115 637 114 649 107 641 107 165
647 119 639 119 651 113 642 112 118
645 124 637 124 649 117 640 117 206
645 131 637 131 649 123 640 124 217
644 132 634 132 647 125 637 125 165
643 141 635 140 647 133 643 133 425
647 148 639 148 651 141 642 141 146
643 151 635 150 647 143 638 143 178
645 154 637 154 649 147 640 147 231
648 172 639 172 651 165 642 164 61
645 185 632 185 649 179 635 179 103
642 189 627 189 647 183 630 183 126
644 193 630 193 649 187 634 187 233
646 210 627 211 651 205 629 205 291
644 214 623 214 649 209 626 209 175
646 223 624 223 651 219 628 219 87
646 229 624 229 651 225 628 225 57
650 30 643 30 653 21 646 21 175
654 28 647 28 657 19 650 18 136
649 42 642 42 653 33 645 33 359
653 110 644 110 657 101 648 101 59
653 132 644 132 657 125 647 125 90
652 224 630 224 657 219 633 219 65
648 228 626 228 653 223 629 223 126
652 231 630 232 657 227 633 227 61
650 240 628 240 655 237 631 238 73
648 245 626 244 653 241 630 242 48
647 251 625 251 657 249 633 249 49
647 252 624 252 653 249 628 249 44
650 262 623 262 655 261 626 261 15
649 277 616 276 655 277 621 276 14
650 280 618 280 657 281 622 280 11
656 32 648 31 659 23 651 22 111
659 64 650 64 663 55 653 55 152
657 84 645 85 661 75 654 74 73
659 92 650 92 663 83 653 83 68
657 100 649 100 661 93 652 91 95
655 111 647 111 659 103 650 103 84
655 117 646 117 659 109 650 109 82
657 131 648 130 661 123 651 123 81
659 131 650 130 663 123 653 123 60
657 142 649 142 661 135 652 135 103
658 178 645 178 663 171 649 171 93
656 180 641 183 659 175 645 176 89
654 200 633 200 659 195 636 195 175
653 287 617 290 661 289 621 290 12
662 28 652 29 665 19 656 19 163
661 39 653 39 665 29 656 29 162
661 59 652 61 665 51 655 52 131
661 88 652 88 665 79 655 79 99
663 95 654 95 667 87 657 87 93
667 121 656 122 669 115 661 113 27
663 127 653 127 667 119 656 119 70
665 141 656 140 669 133 660 133 59
661 139 652 138 665 131 655 131 53
663 172 654 172 667 165 658 165 51
662 183 650 180 667 175 653 175 128
659 189 635 188 665 183 639 182 187
659 195 637 194 665 189 641 189 169
661 212 638 212 667 207 643 207 293
659 216 637 216 665 211 641 211 143
663 237 640 237 669 233 644 233 71
661 239 639 239 667 235 642 235 68
661 244 639 244 667 241 643 240 58
671 42 661 43 675 33 665 33 62
669 39 659 39 673 29 663 28 66
669 112 659 111 673 103 663 103 43
669 172 660 172 673 165 663 164 60
668 179 655 179 673 173 659 172 48
665 197 643 197 671 191 648 191 109
670 208 646 208 675 203 651 203 131
665 214 642 214 671 209 647 209 137
664 252 642 252 671 249 647 249 64
669 254 645 254 675 251 651 251 52
669 268 640 268 675 267 643 267 32
667 270 635 269 671 269 640 269 14
673 78 662 78 677 69 668 68 47
677 82 666 83 681 73 670 74 97
674 201 650 200 679 195 656 195 52
673 206 651 206 679 201 655 201 290
672 221 650 221 679 217 655 217 127
671 233 647 233 677 229 653 229 87
670 261 647 262 677 259 650 259 43
682 28 672 27 687 17 676 17 124
682 57 673 55 687 47 676 47 40
678 214 654 214 685 209 660 209 193
676 214 652 214 683 209 658 209 440
680 223 658 223 687 219 663 219 215
675 235 651 235 683 231 659 231 127
680 252 658 252 687 249 663 249 138
676 248 653 248 683 245 659 245 90
676 254 654 254 683 251 659 251 135
677 263 650 263 683 261 655 261 76
680 265 652 264 687 263 659 264 51
675 287 641 287 685 289 646 289 13
676 304 636 303 683 309 639 310 15
671 340 618 339 683 353 623 353 10
685 73 673 73 691 63 680 63 42
688 126 673 125 693 119 677 119 79
687 141 673 139 693 131 678 129 60
686 182 673 181 691 175 677 176 71
686 195 665 195 693 189 673 189 132
682 191 669 191 691 185 675 185 138
686 199 665 198 693 193 670 193 95
686 205 666 204 693 199 670 199 97
682 210 659 210 689 205 665 205 269
685 224 661 223 691 219 667 219 205
682 222 659 222 689 217 665 217 145
685 227 662 227 691 223 666 223 135
683 231 661 231 691 227 664 227 72
684 257 660 257 693 255 667 255 64
683 276 653 276 693 277 658 277 26
680 282 647 282 691 283 653 283 14
684 287 648 287 693 289 655 289 18
694 75 684 74 699 65 688 65 49
690 79 679 79 697 69 685 69 61
691 76 679 76 695 67 684 67 64
694 86 680 87 699 77 685 77 72
693 187 671 187 699 181 673 180 56
689 187 676 186 695 181 682 180 182
688 212 665 212 695 207 671 207 199
692 220 671 219 699 215 675 215 191
690 227 665 227 695 223 671 223 116
690 241 670 241 697 237 675 237 87
687 250 665 250 695 247 671 247 153
690 256 664 255 697 253 671 253 73
687 273 657 273 697 273 664 273 24
690 275 659 275 699 275 665 275 20
689 285 654 285 699 287 661 288 13
698 72 687 72 703 63 692 63 83
699 81 689 79 705 71 690 71 54
696 84 682 83 701 75 686 74 64
693 149 680 147 701 139 683 140 21
698 198 677 199 705 191 683 193 67
696 206 673 206 703 201 679 201 253
698 208 675 208 705 203 681 203 178
694 224 671 223 701 219 677 219 142
696 231 673 231 705 227 682 227 94
698 239 675 239 705 235 679 235 56
695 259 670 259 703 257 676 257 94
704 66 691 65 711 55 695 56 75
703 85 689 84 709 75 694 74 31
703 120 688 119 709 111 694 111 18
699 193 678 193 707 187 684 187 64
701 235 678 235 709 231 685 231 125
703 231 680 231 711 227 687 227 68
703 241 682 241 711 237 688 237 63
699 243 677 242 707 239 683 239 104
703 247 682 246 711 243 688 243 48
703 276 671 275 711 275 678 275 56
697 291 665 288 709 293 669 295 20
712 47 700 47 717 37 705 37 57
707 63 691 64 713 53 698 53 76
709 69 695 70 715 59 700 60 145
712 155 694 156 715 149 700 149 12
707 227 684 227 715 223 691 223 258
709 231 686 231 717 227 693 227 77
706 289 670 289 717 291 677 291 13
714 28 703 28 719 19 707 20 112
711 229 688 229 719 225 695 225 89
711 241 688 239 719 235 695 235 67
715 241 692 241 723 237 699 237 91
711 262 685 262 721 261 693 261 71
722 64 708 64 729 55 714 54 117
718 69 704 68 725 59 710 58 155
722 108 704 108 729 99 710 99 65
717 118 700 119 725 109 705 109 69
722 120 704 120 729 111 710 111 96
720 127 699 129 727 119 706 120 38
721 145 703 145 729 137 710 137 24
721 185 703 187 727 179 711 179 4
719 243 698 243 727 239 705 239 67
721 251 701 251 729 249 706 249 33
713 284 686 286 725 285 689 285 102
713 298 675 297 725 301 683 301 15
728 49 716 49 735 39 721 38 46
724 86 709 86 731 75 715 75 15
726 100 711 99 733 91 717 89 53
723 105 706 104 731 95 711 94 39
725 124 706 124 733 115 713 115 70
727 132 708 131 735 123 715 123 52
725 141 707 141 733 133 714 133 23
727 145 708 145 735 137 715 137 25
725 155 707 154 733 147 713 147 21
727 205 709 204 735 199 715 199 22
726 210 708 210 735 205 715 205 30
726 221 710 223 735 219 718 221 21
722 235 704 235 731 231 711 231 105
722 241 703 241 731 237 710 237 73
724 255 701 255 735 253 708 253 22
726 263 699 264 735 263 709 261 78
725 276 694 275 735 275 704 276 104
724 279 695 280 735 279 700 278 97
718 297 679 297 731 301 688 301 13
717 305 676 306 731 311 684 310 10
717 309 675 309 731 315 684 315 13
734 53 723 52 741 43 728 42 82
729 138 711 137 737 129 717 128 26
731 141 712 141 739 133 719 133 55
731 207 713 206 739 201 719 201 23
731 274 699 273 741 273 708 273 82
728 277 699 278 739 277 706 277 101
723 306 682 306 737 311 691 312 14
723 317 677 317 739 325 688 325 12
740 50 729 49 747 39 735 38 109
741 48 729 47 747 37 735 36 77
739 53 727 57 745 45 733 43 111
736 74 720 71 743 63 727 63 93
734 119 716 118 743 109 723 109 56
736 122 717 122 745 113 725 113 46
737 143 719 142 745 135 725 135 41
735 161 717 160 743 153 724 153 20
738 178 721 178 747 171 728 171 14
736 205 717 204 745 199 725 199 37
737 211 717 210 745 205 725 205 31
734 271 703 270 747 271 712 270 79
732 312 687 312 747 319 698 319 16
743 53 732 52 749 43 737 42 102
742 60 727 61 749 49 733 51 106
745 71 731 70 753 61 737 60 181
743 69 729 68 751 59 735 58 247
745 80 731 79 753 69 737 69 198
743 93 725 94 751 83 733 82 102
742 99 723 99 751 89 730 89 62
744 115 721 115 753 105 729 106 189
742 140 723 139 751 131 731 131 40
742 144 722 144 749 137 729 137 37
742 151 724 150 751 143 731 143 22
743 174 726 173 751 167 733 166 28
744 201 723 202 751 197 730 196 33
740 207 722 206 749 201 729 201 31
747 201 727 202 753 197 733 196 45
742 212 722 213 751 207 730 207 32
744 209 725 208 753 203 733 203 75
744 232 725 231 753 227 733 227 8
741 250 716 250 751 247 725 247 10
735 256 713 257 749 255 721 254 10
739 267 709 266 749 265 719 265 82
750 49 739 49 757 39 745 38 133
753 67 741 66 759 57 747 56 378
750 99 731 98 759 89 739 88 180
748 105 729 105 757 95 737 95 91
748 117 729 117 757 107 737 107 48
746 143 727 143 755 135 735 135 45
746 147 727 147 755 139 735 139 29
745 159 728 158 755 151 736 150 20
746 165 727 164 755 157 735 157 17
747 167 730 166 757 159 737 159 14
750 178 733 177 759 171 741 170 14
750 184 732 184 759 177 740 177 15
749 180 731 179 757 173 738 173 19
748 209 728 208 757 203 737 203 38
748 234 728 234 757 229 736 229 6
749 247 727 246 759 243 736 243 11
747 254 722 254 759 251 730 251 12
756 31 745 30 763 19 751 18 264
758 39 747 39 765 31 753 29 275
752 101 733 99 761 91 741 90 213
755 108 736 107 765 97 744 97 105
754 121 734 120 763 111 743 111 43
751 128 732 127 761 119 741 119 101
752 132 733 132 761 123 741 123 69
755 136 736 135 765 127 744 127 61
756 149 736 149 765 141 744 141 45
756 155 736 155 765 147 745 147 44
752 153 732 153 761 145 740 145 39
751 158 732 158 761 151 741 151 25
754 179 736 179 763 173 744 173 22
754 190 734 189 763 183 749 184 21
759 193 743 192 765 185 750 185 15
751 228 731 229 761 225 740 225 7
753 241 727 241 763 239 735 238 13
755 256 729 255 765 253 738 253 17
761 86 742 89 769 77 749 77 408
760 105 740 102 769 93 748 91 142
757 113 738 112 767 103 746 103 87
758 146 738 145 767 137 746 136 63
757 162 744 163 767 155 753 156 110
761 231 743 233 771 227 749 225 6
759 235 738 234 769 231 747 230 4
765 53 751 52 775 43 759 42 210
767 146 747 145 777 137 756 137 65
767 149 747 149 777 141 756 141 61
763 155 743 155 773 147 752 147 47
765 159 746 159 775 151 754 151 61
767 161 747 160 777 153 756 153 57
767 170 749 168 777 163 757 162 68
769 194 756 195 777 187 763 187 38
765 212 745 212 775 207 753 207 33
763 233 744 234 773 229 753 230 7
766 240 742 241 775 237 751 237 12
771 31 757 30 779 19 765 18 138
775 34 761 35 783 23 768 25 129
773 45 760 45 781 35 767 34 165
769 124 749 124 779 115 759 115 101
769 140 750 139 779 131 758 131 55
772 151 753 151 783 143 762 143 49
770 153 751 153 781 145 760 145 50
769 176 750 175 779 169 759 168 56
775 189 755 189 783 181 762 181 30
774 212 753 212 783 207 760 207 23
771 266 743 263 781 263 752 263 138
779 32 765 32 787 21 772 21 80
778 43 765 44 787 33 772 32 108
779 90 760 90 789 79 769 79 146
778 99 762 100 789 89 772 89 116
778 101 759 100 789 91 769 90 83
775 126 759 126 785 117 764 116 127
774 136 755 135 785 127 764 127 70
775 157 755 156 785 149 764 149 61
778 161 759 160 789 153 768 152 99
775 159 755 158 785 151 764 151 86
774 164 755 164 785 157 764 157 87
777 170 757 170 787 163 766 163 107
775 174 756 174 785 167 764 167 76
779 180 759 179 789 173 769 173 69
775 182 756 181 785 175 765 175 64
780 208 766 209 789 203 772 203 14
777 240 755 240 789 237 765 237 142
782 37 768 37 791 25 776 25 174
784 35 770 33 793 23 778 22 129
782 103 763 103 793 93 773 93 64
780 108 761 107 791 97 770 96 105
784 111 765 110 795 101 774 100 63
782 129 763 128 793 119 772 119 83
782 140 762 139 793 131 772 131 89
784 147 765 147 795 139 774 139 42
784 161 764 160 795 153 774 152 62
780 165 761 164 791 157 770 157 85
784 178 765 177 795 171 774 171 74
781 182 761 181 791 175 771 175 51
781 190 763 190 791 183 767 182 61
790 98 771 97 801 87 780 87 59
788 126 768 126 799 117 778 117 72
786 138 767 139 797 129 776 128 66
786 155 767 155 797 147 776 147 90
788 151 768 151 799 143 778 143 52
788 159 768 159 799 151 778 151 59
790 157 770 157 801 149 780 149 60
786 182 767 181 797 175 776 175 47
791 179 771 179 801 173 781 173 74
785 212 763 211 797 207 775 206 14
792 78 773 78 803 67 783 66 37
796 90 777 89 807 79 786 78 73
794 94 775 93 805 83 785 83 75
792 134 772 134 803 125 782 125 70
794 184 775 183 805 177 784 177 71
796 185 777 185 807 179 787 179 47
796 192 778 191 807 185 788 185 33
796 206 778 206 807 201 788 200 31
793 211 774 209 803 205 784 204 32
793 237 768 235 805 233 782 233 207
802 89 782 90 813 79 792 79 64
798 88 779 87 809 77 788 77 54
802 91 783 89 813 81 792 81 133
800 97 780 98 811 87 790 87 75
799 119 780 118 811 109 790 108 75
801 134 782 134 813 125 792 125 64
798 145 779 145 809 137 789 137 91
798 153 778 153 809 145 788 145 69
801 163 782 162 813 155 793 155 75
805 37 791 36 815 25 800 24 48
807 49 793 48 817 37 801 37 62
805 97 786 96 817 87 796 85 78
807 105 788 105 819 95 798 94 73
803 114 784 114 815 105 795 105 83
803 130 783 130 815 121 794 120 48
803 149 783 149 815 141 794 141 82
805 148 785 147 817 139 796 139 80
807 151 788 150 819 143 798 142 91
803 166 784 166 815 159 794 158 60
807 187 790 187 819 181 800 181 37
811 29 795 29 821 17 805 16 89
811 37 796 36 821 25 805 24 57
811 47 796 46 821 35 805 34 68
811 96 792 95 823 85 802 85 84
811 124 790 124 823 115 801 115 59
809 126 789 126 821 117 800 116 80
812 129 793 128 825 119 803 119 69
811 136 792 135 823 127 802 126 86
813 180 795 180 825 173 806 173 57
819 92 799 91 831 81 810 80 92
815 105 796 105 827 95 807 95 56
818 155 799 155 831 147 810 147 85
818 161 799 161 831 153 810 153 73
815 159 796 158 827 151 807 151 82
818 190 798 189 829 183 808 182 29
816 193 802 192 827 187 811 185 38
823 64 803 64 835 53 814 52 150
821 97 802 96 833 87 819 87 178
820 94 800 93 833 83 812 82 127
824 109 804 108 837 99 823 97 254
824 132 806 131 837 123 816 122 187
822 164 803 164 835 157 816 155 79
822 182 804 182 835 175 815 175 67
825 87 806 86 839 75 823 73 313
828 151 808 150 841 143 820 142 99
828 153 809 152 841 145 821 145 144
830 165 810 164 843 157 822 156 96
826 169 807 168 839 161 818 161 91
826 178 807 177 839 171 819 170 68
829 176 807 175 841 169 821 169 96
828 182 807 182 841 175 821 175 79
835 93 814 97 849 81 827 79 441
837 161 818 160 851 153 827 153 161
852 146 833 145 867 137 846 137 89
853 165 834 164 867 157 847 157 59
858 53 841 51 871 41 853 39 96
859 115 840 114 873 105 854 105 96
857 125 837 124 871 115 851 115 95
857 144 837 143 871 135 850 134 53
855 178 834 177 869 171 849 171 36
859 186 841 186 873 179 854 179 26
863 93 845 93 877 83 857 82 20
863 107 844 106 877 97 857 96 22
870 58 852 56 885 45 865 44 70
865 59 846 58 881 47 859 46 47
867 75 848 74 881 63 861 63 27
870 79 851 78 885 67 865 66 24
868 81 849 80 883 69 863 68 28
869 109 850 109 883 99 863 98 26
866 105 847 105 881 95 860 95 23
866 123 848 122 881 113 861 112 16
874 143 854 142 885 135 868 134 34
870 175 850 174 883 167 863 167 17
876 49 858 49 891 39 871 37 50
875 53 855 51 889 41 869 40 49
873 82 853 82 887 71 867 70 21
874 89 855 88 889 77 868 76 33
874 121 857 120 889 111 870 110 26
871 149 854 149 887 141 867 141 14
877 148 859 147 891 139 872 139 15
873 163 853 162 889 155 869 154 21
876 169 857 167 889 161 870 161 15
878 146 860 145 893 137 874 136 35
880 149 863 153 895 143 876 142 19
877 165 861 165 893 159 874 158 11
884 63 866 61 899 51 879 50 32
886 108 868 107 901 97 882 96 38
885 140 867 140 901 131 881 131 19
885 157 868 159 901 151 881 150 18
891 79 873 81 907 67 887 66 11
892 109 874 108 907 99 888 98 33
890 128 872 130 905 121 885 119 23
892 146 874 145 907 137 888 137 40
899 81 879 80 915 69 895 68 11
895 152 877 149 911 143 891 141 28
898 155 879 155 913 147 894 147 53
898 157 878 156 913 149 895 148 83
898 163 879 162 913 155 896 154 40
900 75 883 76 917 65 897 67 31
900 83 881 83 917 71 897 70 16
905 115 886 113 921 105 901 104 30
901 119 883 118 917 109 897 109 44
905 121 886 121 921 113 901 112 40
901 169 882 168 917 161 897 161 19
903 171 884 171 919 163 899 163 14
908 49 888 48 925 35 904 34 71
906 67 887 71 923 55 902 53 36
908 94 889 93 925 83 904 82 34
910 157 891 157 927 149 906 148 34
910 159 891 158 927 151 907 151 26
906 162 887 161 923 155 902 154 28
909 168 889 169 925 161 905 160 20
912 45 892 43 929 31 908 30 77
913 62 894 61 931 49 910 48 27
915 78 895 78 933 67 912 67 27
914 125 894 125 931 117 911 115 71
921 33 901 32 939 19 917 18 46
919 37 898 36 937 23 915 22 89
917 43 897 42 935 29 913 28 74
917 51 897 50 935 37 913 37 38
919 70 900 68 937 57 916 56 31
921 119 901 119 939 109 918 108 23
919 129 900 127 937 119 916 118 28
921 152 901 149 939 143 917 143 48
925 61 905 60 943 49 921 48 39
923 92 903 92 941 81 920 79 52
923 115 903 115 941 105 920 104 21
925 155 905 155 943 147 922 146 41
927 150 907 151 945 143 924 141 20
922 159 903 161 941 153 920 155 35
925 167 905 167 943 159 921 158 24
925 182 905 181 943 175 922 175 47
927 190 907 190 945 183 923 182 66
929 163 909 163 947 155 925 153 19
931 168 911 167 949 159 927 158 18
932 184 912 183 951 177 929 177 40
929 186 908 185 947 179 926 179 53
937 89 917 87 957 77 935 76 13
934 120 913 118 953 109 931 109 20
938 118 917 116 957 107 935 107 20
938 138 918 139 957 129 935 129 15
939 57 918 56 959 43 936 43 64
942 81 920 80 961 69 939 67 19
943 85 921 83 963 73 940 72 15
941 113 920 112 961 103 938 102 21
941 135 921 133 961 125 939 123 27
941 165 920 164 961 157 938 157 12
940 176 919 176 959 169 937 169 33
949 54 927 54 969 41 946 40 107
945 60 924 59 965 47 942 46 62
945 144 923 143 965 135 942 134 20
949 153 928 152 969 145 946 145 12
954 34 932 33 975 19 952 17 110
954 90 932 88 975 77 952 76 57
954 129 932 128 975 119 952 118 33
951 149 929 149 971 141 948 141 16
952 177 931 176 973 169 950 169 13
954 180 933 180 975 173 952 172 14
959 50 938 51 981 37 957 35 230
956 53 934 52 977 39 953 38 128
957 70 936 69 979 57 955 56 173
960 78 938 77 981 65 958 65 161
957 95 935 94 979 83 955 82 41
960 121 938 120 981 111 958 110 44
956 125 934 124 977 115 954 114 78
960 129 938 128 981 119 958 118 40
958 149 936 149 979 141 955 140 11
962 100 940 99 983 89 960 88 87
964 102 942 101 985 91 962 90 79
963 111 942 110 985 101 962 100 158
962 125 940 124 983 115 960 114 52
964 131 942 130 985 121 962 121 28
962 167 941 166 983 159 961 159 10
971 55 949 53 993 41 970 40 268
971 82 949 81 993 69 969 69 282
971 80 950 78 993 67 970 66 194
971 127 949 126 993 117 970 116 62
969 131 948 130 991 121 968 120 25
967 150 946 149 989 141 966 140 9
971 151 951 154 993 143 970 142 14
968 159 948 158 991 151 968 151 8
976 47 955 46 999 33 976 32 151
977 101 955 99 999 89 975 88 39
975 108 954 106 997 97 975 95 34
973 129 952 128 995 119 972 118 33
973 146 951 147 995 137 972 136 7
975 160 953 159 997 151 974 150 11
977 172 956 173 999 165 974 165 12
982 83 959 82 1005 71 981 70 95
980 98 959 97 1003 87 979 86 42
983 102 961 101 1005 91 982 90 34
979 121 957 120 1001 111 978 110 38
984 155 963 154 1005 147 983 146 11
977 160 956 159 1001 153 978 153 9
984 51 963 50 1007 37 984 36 106
988 59 965 59 1011 45 988 44 139
984 124 963 124 1007 115 984 114 41
987 139 963 138 1011 129 986 128 16
984 136 962 135 1007 127 983 127 18
983 166 962 166 1007 159 983 158 15
989 180 967 180 1007 173 988 172 18
992 55 970 53 1015 41 991 40 65
992 116 970 115 1015 105 991 104 17
992 148 970 149 1015 141 991 140 12
990 164 968 164 1013 157 986 158 14
995 52 973 50 1019 37 995 36 46
995 57 975 57 1019 43 995 42 57
996 91 974 90 1019 79 995 78 33
1005 57 982 56 1029 43 1005 41 44
1005 74 982 73 1029 61 1005 60 88
1006 163 984 162 1029 155 1006 155 21
1008 95 986 94 1033 83 1009 82 65
1007 101 985 100 1031 89 1007 88 54
1011 138 989 138 1035 129 1012 128 69
1011 144 989 144 1035 135 1011 134 114
1009 151 987 151 1033 143 1010 142 38
1009 159 988 158 1033 151 1010 150 35
1007 157 986 157 1031 149 1008 149 44
1017 55 995 54 1041 41 1018 40 88
1012 57 990 56 1037 43 1013 42 94
1016 85 995 84 1041 73 1018 72 90
1013 125 992 124 1037 115 1014 114 120
1015 151 993 149 1039 143 1016 141 90
1020 119 999 118 1045 109 1022 108 120
1021 129 999 128 1045 119 1022 118 125
1019 134 997 134 1043 125 1020 124 119
1020 152 1001 150 1045 143 1020 142 74
1021 173 1000 172 1045 165 1022 164 15
1024 63 1000 65 1049 49 1025 50 320
1027 157 1005 157 1051 149 1028 149 71
1031 53 1010 52 1057 39 1033 38 261
1030 119 1009 118 1055 109 1032 108 132
1034 129 1013 128 1059 119 1036 118 206
1038 52 1016 52 1063 39 1040 38 127
1038 156 1017 155 1063 147 1040 146 260
1036 160 1015 159 1061 151 1039 151 211
1049 89 1027 88 1075 77 1051 76 356
1052 121 1032 122 1077 113 1055 112 350
1050 131 1029 133 1075 123 1053 125 254
1052 152 1032 151 1077 143 1055 142 312
1056 118 1035 117 1081 107 1059 106 216
1054 147 1034 148 1079 141 1057 140 309
1059 127 1039 126 1085 117 1063 116 226
1061 156 1041 156 1087 147 1065 146 245
1067 132 1047 131 1093 123 1071 123 188
1071 98 1051 97 1097 87 1075 86 129
1075 162 1054 161 1101 153 1079 153 179
1078 159 1058 159 1105 151 1083 150 177
1086 132 1066 131 1113 123 1091 123 167
1082 143 1062 139 1109 133 1087 131 227
1082 161 1061 160 1109 153 1087 152 196
1086 159 1066 159 1113 151 1091 150 314
1090 136 1070 135 1117 127 1095 127 148
1090 167 1069 166 1117 159 1095 158 348
1101 125 1081 124 1129 115 1107 114 162
1101 161 1082 160 1129 153 1108 152 182
1098 171 1077 170 1127 163 1103 162 248
1099 169 1080 169 1127 161 1105 161 291
1105 120 1085 118 1133 109 1112 108 167
1105 156 1085 155 1133 147 1111 146 172
1115 156 1095 154 1143 147 1122 146 134
1113 161 1093 161 1141 153 1120 152 158
1118 138 1099 137 1147 129 1126 128 98
1121 140 1104 140 1151 131 1129 130 96
1126 167 1105 166 1155 159 1133 158 106
1124 184 1105 183 1153 177 1132 178 148
1130 97 1110 96 1159 85 1138 84 184
1128 137 1109 135 1157 127 1136 126 82
1130 163 1110 162 1159 155 1137 154 92
1132 177 1112 176 1161 169 1140 168 83
1128 175 1109 173 1157 167 1136 166 91
1128 186 1109 185 1157 179 1136 179 127
1135 99 1116 97 1165 87 1144 86 170
1133 95 1114 93 1163 83 1142 82 123
1135 160 1113 158 1163 151 1141 150 118
1137 171 1116 170 1167 163 1145 162 77
1141 91 1121 91 1173 81 1152 79 114
1140 94 1120 93 1171 83 1150 82 159
1143 119 1124 118 1173 109 1152 108 131
1143 175 1122 174 1173 167 1151 166 68
1141 188 1121 187 1171 181 1149 180 131
1147 173 1127 172 1177 165 1155 164 72
1151 95 1132 94 1181 83 1160 82 115
1151 101 1130 99 1181 89 1160 88 176
1153 125 1133 124 1183 115 1162 114 203
1154 140 1134 139 1185 131 1164 130 98
1154 184 1135 184 1185 177 1164 176 102
1156 167 1137 166 1187 159 1166 158 113
1157 176 1138 175 1187 169 1167 167 91
1160 181 1140 181 1191 173 1170 172 139
1164 102 1145 101 1195 91 1174 90 187
1166 108 1157 109 1197 97 1187 97 545
1166 110 1147 109 1197 99 1176 98 225
1166 129 1145 127 1197 119 1175 117 102
1166 155 1146 155 1197 147 1176 146 84
1165 167 1146 166 1195 159 1175 158 110
1165 173 1145 173 1195 165 1174 165 98
1169 133 1150 132 1201 123 1179 122 177
1168 160 1148 158 1199 151 1178 151 76
1173 167 1152 166 1203 159 1181 159 65
1171 175 1151 174 1203 167 1182 166 82
1173 97 1159 95 1205 85 1195 85 337
1176 101 1163 101 1207 89 1194 90 339
1175 146 1155 145 1207 137 1187 136 176
1173 161 1154 160 1205 153 1184 152 79
1179 96 1166 97 1211 85 1200 86 215
1179 103 1167 102 1211 91 1198 90 358
1183 156 1164 155 1215 147 1194 146 190
1181 171 1162 170 1213 163 1192 162 139
1188 122 1170 123 1221 113 1200 111 213
1187 165 1168 164 1219 157 1198 156 187
1187 169 1167 168 1219 161 1197 160 178
1187 171 1168 170 1219 163 1198 162 200
1188 177 1169 176 1219 169 1199 169 270
1185 188 1165 186 1217 181 1196 180 354
1191 158 1174 157 1223 151 1203 149 210
