77 212 45 212 49 223 16 223 177
83 175 51 175 55 183 21 183 63
82 186 51 186 55 195 22 195 177
90 184 58 184 63 193 30 193 219
85 206 55 207 59 217 25 217 255
101 283 61 282 63 301 20 300 124
101 291 61 290 63 309 20 308 95
93 173 62 173 67 181 34 181 76
93 178 63 179 67 187 34 187 181
94 197 62 197 67 207 32 206 415
105 287 65 286 67 305 25 304 93
105 297 65 296 67 315 24 317 131
111 255 71 255 75 271 33 272 112
111 263 71 261 75 279 33 279 98
108 267 68 266 71 283 29 282 111
108 281 68 282 71 301 29 301 137
106 168 75 168 81 175 49 175 103
105 228 72 227 77 239 33 241 147
115 267 75 266 79 283 37 282 96
113 184 82 184 87 193 55 193 110
125 303 79 303 91 321 42 321 86
125 297 80 300 91 317 42 317 137
131 278 86 280 97 295 49 297 113
130 286 86 286 97 303 49 303 121
130 301 86 300 97 319 49 318 84
135 307 86 308 99 327 48 327 90
127 207 94 206 101 217 67 216 44
131 205 98 204 105 215 72 215 30
130 210 98 210 105 221 71 221 73
140 286 95 286 101 305 54 303 145
136 295 91 295 103 313 56 312 128
132 208 100 208 107 219 73 218 39
145 221 104 221 111 233 67 233 88
143 225 102 226 109 239 65 240 111
149 310 104 310 111 331 61 331 47
148 223 106 223 113 235 69 235 116
150 230 108 230 115 243 70 243 135
148 230 106 230 113 243 68 243 150
157 225 115 224 123 237 79 237 228
161 233 119 233 127 247 83 246 125
159 307 116 307 125 327 77 327 125
164 310 120 309 129 331 81 330 75
165 218 120 219 131 231 85 231 143
166 223 125 223 133 235 89 235 118
168 227 126 227 135 239 90 239 78
168 234 126 233 135 247 90 246 107
168 263 127 263 135 279 91 279 118
168 272 127 271 135 289 90 289 105
171 291 127 290 135 309 91 308 284
170 247 128 246 137 261 93 260 115
170 274 128 272 137 289 92 289 95
174 293 132 292 141 311 96 310 105
172 306 129 306 137 327 91 326 65
176 310 133 309 141 331 93 330 91
175 229 130 229 145 241 100 241 259
175 232 134 232 143 245 99 245 196
176 237 135 237 145 251 101 251 134
177 250 136 250 145 265 101 265 82
176 267 136 266 145 283 101 282 94
177 285 136 285 145 303 101 302 96
180 225 139 224 149 237 105 237 99
182 232 141 232 151 245 107 244 152
180 244 139 245 149 259 105 258 78
180 243 139 244 149 257 105 256 82
183 251 141 248 151 263 107 262 72
182 271 141 270 151 287 107 287 152
177 297 136 296 149 315 100 315 207
183 298 141 297 151 317 107 316 95
190 215 147 214 157 225 119 225 125
186 225 145 224 155 237 111 237 89
186 232 145 232 155 245 111 245 82
189 234 149 234 159 247 115 247 90
186 241 145 241 155 255 111 254 65
189 238 149 237 159 251 115 251 79
187 255 145 256 155 271 111 269 50
189 267 149 267 159 283 115 283 77
192 225 151 225 163 237 119 237 104
193 228 153 228 163 241 120 241 141
192 247 152 247 163 261 120 261 56
190 252 150 252 161 267 117 267 82
191 265 150 265 161 281 117 281 73
197 299 155 299 165 319 121 318 65
199 227 160 226 171 239 129 238 41
196 241 156 241 167 255 124 255 93
199 252 160 252 171 267 129 266 46
197 250 158 250 169 265 127 264 47
197 256 158 256 169 271 126 270 53
199 263 160 263 171 279 128 279 44
198 273 158 272 169 289 127 288 53
196 289 157 288 167 307 125 306 55
203 306 161 305 171 327 125 326 38
203 247 164 246 175 261 134 260 70
201 291 161 291 173 309 131 308 38
205 293 165 293 177 311 135 310 41
209 308 165 308 177 329 130 328 32
207 310 162 310 175 331 128 330 49
201 211 172 210 183 221 149 221 209
206 229 167 228 179 241 138 241 96
208 275 170 274 181 291 141 290 51
208 180 177 177 189 187 157 186 255
208 195 177 196 189 205 157 207 160
208 201 177 203 189 211 157 213 325
206 209 175 207 187 219 155 217 116
214 268 177 267 189 283 149 282 171
214 282 177 283 189 301 149 300 49
211 288 173 287 185 305 144 304 49
217 297 176 296 189 315 147 315 50
210 133 179 130 191 135 159 133 72
210 148 179 145 191 153 159 151 74
213 178 183 179 195 187 164 189 253
213 187 183 187 195 199 163 201 258
210 203 179 201 191 213 159 213 105
214 201 183 202 195 211 163 212 267
214 216 183 218 195 227 163 227 155
216 274 179 274 191 289 151 288 140
216 286 179 286 191 303 151 302 70
215 175 185 174 197 179 165 178 346
216 209 185 209 197 219 165 218 106
220 209 191 208 201 219 171 219 87
216 221 185 220 197 233 165 231 200
218 229 187 229 199 241 167 240 114
225 296 185 296 199 315 157 314 42
223 299 183 298 197 317 152 317 38
229 300 187 300 201 319 156 319 39
223 171 192 172 205 179 173 180 51
225 171 195 170 207 179 176 178 69
225 177 194 177 207 185 175 185 82
224 251 193 250 205 263 173 262 67
224 263 193 263 205 277 173 277 117
230 281 195 280 207 297 170 296 87
229 282 191 282 203 299 165 299 77
233 300 196 297 205 319 160 319 46
230 88 200 89 213 91 181 91 198
228 86 198 87 211 89 179 89 182
229 175 198 175 211 183 179 183 148
231 187 201 186 213 197 181 198 177
230 205 200 205 213 215 181 214 122
227 228 197 228 209 239 178 239 19
229 235 198 235 211 247 180 247 18
230 239 200 238 213 251 181 251 16
231 263 201 263 213 277 182 276 45
235 288 197 288 211 305 170 305 41
236 293 196 293 211 311 168 311 41
241 303 198 303 213 323 169 322 29
234 103 204 104 217 107 186 108 232
233 107 204 108 217 111 186 112 90
235 117 206 116 219 121 188 121 169
232 147 201 145 215 151 184 149 96
233 150 204 150 217 157 186 157 177
233 156 204 156 217 163 186 163 179
236 166 206 166 219 173 188 173 78
235 171 203 171 217 179 185 179 107
236 187 206 186 219 195 187 195 324
235 182 204 182 217 191 185 191 132
234 191 204 190 217 199 185 200 220
235 203 204 203 217 213 186 213 148
237 215 206 215 219 225 188 225 41
236 224 206 224 219 235 187 235 25
236 249 206 249 219 261 188 261 17
235 259 204 259 217 273 185 272 51
234 263 204 263 217 277 186 277 76
237 271 205 270 219 285 185 284 84
233 267 202 267 215 281 183 281 56
237 269 206 269 219 283 187 283 66
238 283 203 282 219 299 178 299 53
243 301 201 301 215 321 167 321 36
235 28 205 29 223 27 189 28 138
240 84 209 84 225 87 200 87 174
237 113 207 113 221 117 190 115 166
238 134 208 134 221 139 190 139 89
237 143 208 143 221 149 190 149 86
237 154 208 154 221 161 190 159 112
241 158 211 158 225 165 195 165 89
237 162 208 162 221 169 190 169 121
242 165 212 166 225 173 194 173 107
242 190 211 190 225 199 194 199 140
242 224 212 224 225 235 193 235 21
238 228 208 228 221 239 189 238 16
238 241 208 240 221 253 189 253 17
237 251 207 251 221 263 190 263 31
240 258 209 257 223 271 192 271 42
241 261 211 261 225 275 192 274 42
242 267 212 267 225 281 193 281 47
245 279 211 278 223 295 187 294 39
244 124 215 124 229 129 198 129 137
246 139 217 139 231 145 200 145 164
244 145 215 145 229 151 198 152 126
243 154 214 155 227 161 197 161 121
244 215 213 215 227 225 196 225 29
246 256 216 256 229 269 197 269 21
258 302 215 301 231 321 187 320 37
257 307 216 306 231 327 186 326 28
248 114 219 115 233 119 203 120 106
252 116 223 117 237 121 206 122 142
248 128 219 128 233 133 202 133 196
252 137 223 137 237 143 206 143 127
248 152 219 152 233 159 203 160 208
252 156 223 156 237 163 207 163 238
251 179 221 179 235 187 201 187 140
252 185 223 184 237 193 205 193 114
251 201 221 201 235 211 203 212 83
250 213 220 213 235 223 204 223 43
253 232 223 231 237 243 205 243 21
248 230 220 230 233 241 203 241 28
253 239 223 239 237 251 206 251 24
253 258 224 258 237 271 206 271 50
250 255 220 255 233 269 202 269 23
250 262 219 261 233 275 202 275 49
256 271 223 270 237 285 203 285 34
254 279 218 279 233 295 196 294 34
258 288 220 288 235 305 194 305 32
256 98 226 98 241 101 210 102 208
258 156 228 156 243 163 212 163 289
254 160 224 160 239 167 208 167 179
253 165 225 166 239 173 208 173 156
256 167 227 168 241 175 210 175 129
259 171 226 171 243 179 212 179 136
259 185 229 186 243 195 212 194 112
254 183 224 183 239 191 208 191 112
257 188 227 188 241 197 210 195 92
257 215 227 215 241 225 210 225 36
257 222 227 222 241 233 209 233 37
257 237 227 237 241 249 210 249 23
259 252 229 252 243 265 212 265 38
259 258 229 258 243 271 212 271 25
265 295 225 294 241 313 199 312 57
268 306 225 306 241 327 199 325 37
262 86 232 87 247 89 215 89 199
264 94 234 93 249 95 218 97 201
260 101 230 102 245 105 214 105 165
260 163 230 161 245 171 214 172 147
262 167 232 168 247 175 216 175 149
264 215 234 215 249 225 218 225 25
261 220 231 220 245 231 214 231 26
265 225 234 224 249 235 218 235 28
264 231 234 231 249 243 218 243 24
262 243 232 242 247 255 215 255 29
264 250 235 250 249 263 218 263 48
263 262 233 261 247 275 215 274 36
263 265 233 265 247 279 221 278 58
264 280 225 279 247 295 207 295 42
264 279 229 279 245 295 205 294 27
266 211 237 211 251 221 221 221 37
268 216 239 217 253 227 222 227 32
271 222 240 222 255 233 224 233 34
266 243 236 243 251 255 220 255 27
266 248 236 248 251 261 220 261 27
266 257 237 258 251 271 219 270 38
269 275 236 273 251 291 215 289 51
272 273 239 273 255 287 219 287 28
271 283 233 283 251 299 211 299 29
274 302 233 302 251 321 207 320 32
273 170 244 170 259 177 229 177 59
269 175 241 175 257 183 225 183 65
275 179 245 179 261 187 227 187 42
276 232 246 231 261 243 230 243 23
272 234 242 233 257 245 225 245 42
272 239 242 239 257 251 225 251 36
271 248 242 249 257 261 226 261 35
276 260 246 260 261 273 230 273 44
281 288 243 288 261 305 221 304 26
281 307 239 306 257 327 210 327 33
282 310 239 310 257 331 211 330 30
279 26 248 26 265 25 234 26 183
280 90 251 90 267 93 236 93 247
278 93 249 97 265 99 234 97 149
280 120 251 119 267 125 237 125 130
280 148 251 148 267 155 237 153 114
277 152 247 153 263 159 232 159 116
281 154 251 154 267 161 236 161 161
277 158 247 158 263 165 232 165 141
281 160 251 160 267 167 235 167 157
277 171 248 171 263 179 232 179 76
278 175 247 175 263 183 232 183 36
281 177 251 177 267 185 236 185 57
278 181 248 181 263 189 232 189 52
279 215 250 215 265 225 234 225 35
276 223 247 223 263 237 232 235 38
281 222 251 222 267 233 236 233 80
281 230 252 230 267 241 236 241 36
280 241 250 241 265 253 234 253 50
280 257 250 256 265 269 234 270 40
281 257 251 257 267 271 236 271 67
278 264 248 263 263 277 231 277 59
278 262 248 262 263 275 231 275 109
287 290 248 290 267 307 227 306 31
288 302 248 301 267 321 224 320 39
281 17 252 18 269 17 239 18 252
287 36 257 36 273 35 243 36 133
284 94 255 94 271 97 240 97 278
284 119 255 118 271 123 243 124 506
282 121 253 122 269 127 240 126 231
282 151 253 152 269 159 241 161 189
284 159 256 158 271 165 243 165 242
287 175 258 175 273 183 243 183 55
283 181 253 181 269 189 241 189 94
285 181 258 181 273 189 244 189 81
287 207 257 207 273 217 242 217 27
283 207 253 207 269 217 238 217 32
287 211 257 211 273 221 243 221 30
287 260 257 260 273 273 242 273 38
286 265 256 265 271 279 239 279 55
284 271 251 271 269 285 234 285 40
291 282 253 283 271 299 232 299 25
293 295 253 295 273 313 230 313 43
288 38 257 37 277 39 248 40 125
288 90 259 90 275 93 244 93 154
287 114 260 115 275 119 247 119 275
287 164 259 164 275 171 247 173 97
289 160 262 160 277 167 249 167 99
290 163 264 166 279 173 251 173 88
289 167 262 168 277 175 249 175 80
291 230 266 229 279 241 250 241 94
289 232 261 232 277 243 247 243 88
292 235 263 237 279 247 249 249 133
291 249 264 249 279 261 251 261 41
292 262 261 262 279 275 246 275 36
294 271 262 270 279 285 243 285 25
299 311 257 310 277 331 230 331 40
293 93 267 94 283 97 256 98 120
294 175 267 175 283 183 255 183 142
295 205 267 205 281 215 251 215 24
298 216 275 215 285 225 267 227 70
296 238 270 237 285 249 257 249 102
296 233 267 234 283 245 255 245 101
295 239 268 239 283 251 255 251 127
295 245 268 245 283 257 255 257 87
293 249 266 249 281 261 253 261 98
294 260 266 259 281 273 252 272 46
300 273 267 272 285 287 248 287 42
300 283 265 282 283 299 244 299 30
305 307 264 306 283 327 238 326 39
303 309 261 308 281 329 234 329 34
306 312 262 312 283 333 236 332 34
298 179 271 179 287 187 260 187 57
300 209 273 209 287 219 258 219 31
301 263 271 263 287 277 256 276 31
305 271 273 270 291 285 256 285 25
300 277 267 277 287 291 249 292 32
308 291 270 291 289 309 247 309 37
309 290 272 289 291 307 251 306 35
309 207 283 207 297 217 270 217 44
308 249 281 249 297 261 270 261 45
310 260 281 259 297 273 265 273 35
311 284 274 284 293 301 252 301 47
312 229 289 229 303 241 277 241 24
309 255 281 255 299 267 269 267 37
315 267 282 267 301 281 267 281 26
316 278 282 277 301 293 264 293 35
319 299 280 298 301 317 259 316 34
312 201 288 201 309 209 284 209 22
316 199 292 199 305 209 278 209 31
316 220 292 220 309 229 284 228 32
316 256 289 256 305 269 275 269 31
318 279 284 279 305 295 269 295 26
322 285 285 284 305 301 266 301 56
326 290 290 289 309 307 268 307 30
327 293 288 293 309 311 267 311 32
332 327 284 327 309 351 257 350 93
320 22 296 23 313 23 288 24 192
321 30 299 32 315 33 290 33 157
322 106 299 106 315 111 291 111 198
322 118 299 118 315 123 291 123 227
321 138 297 139 313 145 288 146 77
322 146 300 147 315 153 291 153 233
316 205 291 205 313 213 293 212 36
319 238 295 238 311 249 286 249 51
327 252 299 252 315 265 289 264 39
323 255 295 254 313 267 282 267 54
326 283 292 282 311 299 274 297 29
330 295 291 295 313 313 272 312 32
332 295 293 295 315 313 273 313 29
332 302 290 302 313 321 269 321 30
336 329 288 328 313 353 261 352 89
332 332 286 330 311 355 259 354 86
324 27 302 29 317 29 293 30 223
327 106 307 107 321 111 297 111 186
325 143 301 143 317 149 293 149 231
326 148 307 149 321 155 297 155 185
320 205 295 205 317 213 292 213 34
328 221 306 221 321 231 298 231 95
326 217 303 217 319 227 295 227 59
324 219 301 219 317 229 293 229 83
324 224 302 225 317 235 293 236 79
327 265 297 265 317 279 286 278 44
337 286 300 286 321 303 281 303 37
339 327 293 326 317 351 266 350 84
331 28 311 30 327 31 305 32 233
331 108 309 108 325 113 302 113 156
330 115 307 117 325 119 304 118 207
330 135 308 135 323 141 301 141 149
333 140 311 141 327 147 305 147 118
333 146 312 147 327 153 305 153 135
330 219 308 219 323 229 300 229 134
330 225 308 225 323 235 300 235 118
331 244 308 243 323 255 297 255 60
337 245 314 245 327 257 305 256 56
333 256 305 256 323 269 293 269 35
339 260 307 260 327 273 295 273 38
336 266 306 265 325 279 293 279 30
335 267 304 267 323 281 290 281 27
337 275 303 275 323 291 288 290 28
341 281 306 281 327 297 289 297 29
339 286 302 286 323 303 283 303 50
340 295 300 294 323 313 281 313 33
343 293 305 293 327 311 286 310 27
343 298 303 298 325 317 282 317 44
345 298 305 298 327 317 284 317 42
339 198 318 198 333 207 312 207 93
339 233 318 233 333 243 312 243 71
339 258 311 258 329 271 300 271 29
340 262 310 262 329 275 297 275 29
345 265 315 265 333 279 301 279 26
344 269 312 269 333 283 299 283 26
345 302 306 302 329 321 285 321 62
340 19 319 20 335 21 314 22 209
346 52 324 51 339 53 319 54 116
342 115 321 115 337 121 316 121 174
340 121 319 118 335 125 314 124 164
342 142 321 142 337 149 316 149 127
342 148 321 148 337 155 316 155 121
345 211 327 210 339 221 318 221 230
344 217 324 218 339 227 318 228 253
341 227 320 227 335 239 314 237 110
346 244 322 244 339 255 314 255 28
349 278 315 278 337 293 297 293 31
350 284 315 284 335 301 295 301 29
352 307 310 307 335 327 289 327 72
350 18 328 16 345 19 324 19 176
349 30 329 31 345 33 325 34 427
347 42 329 44 343 45 323 46 272
346 47 327 48 343 51 322 51 232
346 117 325 117 341 123 320 123 291
349 114 329 114 343 119 322 119 214
347 115 328 116 343 121 323 121 240
347 121 329 120 343 127 323 128 232
347 146 327 146 343 153 322 153 276
345 150 325 150 341 157 320 157 112
346 215 326 216 341 225 321 225 139
349 212 330 211 345 221 326 221 130
350 217 330 218 345 227 325 228 99
350 225 333 224 345 235 327 234 75
348 229 328 229 343 239 323 239 69
350 235 329 235 345 245 323 245 44
348 240 327 240 341 251 318 251 84
352 255 324 254 343 267 313 267 20
354 251 327 252 345 263 318 264 22
354 266 323 265 343 279 310 279 28
355 276 321 276 343 291 307 291 32
357 286 321 286 343 303 305 302 41
357 292 319 291 343 309 302 309 33
361 296 317 296 345 315 303 314 63
362 307 320 307 345 327 300 327 82
358 303 317 303 341 323 296 323 76
358 309 316 309 341 329 295 329 84
350 144 331 144 347 151 327 151 125
351 150 332 150 347 157 328 157 121
355 249 331 249 349 261 322 261 28
351 246 325 245 347 257 322 257 42
355 253 328 253 349 265 321 265 24
356 260 328 260 347 273 316 273 29
359 262 329 261 349 275 317 275 20
359 274 326 274 347 289 312 289 40
362 278 329 278 351 293 314 293 38
365 284 329 284 351 301 312 301 51
360 283 323 283 347 299 310 298 35
361 288 324 288 347 305 309 304 65
362 221 341 222 357 231 338 231 68
359 222 339 223 353 233 334 233 57
360 229 339 229 355 239 335 239 44
361 242 339 242 357 253 337 253 25
364 251 338 251 357 263 330 263 25
361 256 332 256 353 269 322 269 26
367 295 328 295 353 313 311 313 92
369 307 329 306 353 327 308 327 105
361 43 344 44 359 47 341 47 165
364 91 348 92 363 97 347 98 220
363 123 346 123 361 129 343 129 82
364 129 346 129 361 135 344 136 93
363 167 346 166 361 173 343 174 186
364 169 345 169 361 177 343 177 146
363 175 347 176 361 183 343 183 82
363 204 346 204 361 213 345 212 61
365 208 349 208 363 217 346 217 82
364 210 347 211 361 219 344 220 73
367 233 347 233 363 243 342 243 35
365 238 343 238 359 249 337 249 24
367 242 344 242 361 253 338 253 37
368 258 341 257 361 269 332 269 30
371 266 342 265 363 279 327 281 31
376 310 334 310 361 329 316 329 83
368 70 352 70 367 75 350 75 220
369 77 352 77 367 81 350 79 425
368 81 352 84 367 89 350 87 430
369 101 352 101 367 107 351 108 220
368 120 350 120 367 127 349 125 58
369 123 353 123 367 129 350 129 62
370 127 352 130 367 135 350 136 119
368 137 353 136 367 143 351 143 180
368 145 354 145 367 151 354 152 113
368 141 352 141 367 149 350 148 162
369 169 353 169 367 177 351 177 160
367 171 351 171 365 179 348 179 124
369 178 349 178 367 185 351 185 134
369 204 353 204 367 213 351 213 115
373 227 354 227 369 237 349 237 107
375 258 347 258 367 271 338 270 32
377 257 350 256 369 269 341 268 31
374 264 345 263 365 277 335 276 28
382 288 345 288 369 305 329 305 75
380 297 343 296 367 315 326 314 101
374 35 360 35 373 39 360 40 298
373 70 360 70 373 75 360 75 258
372 72 357 72 371 77 357 77 273
375 74 362 75 375 81 362 80 258
372 97 357 96 371 103 357 102 318
375 93 362 93 375 101 362 99 233
373 100 360 101 373 107 360 107 221
372 141 358 140 371 147 357 147 214
373 136 360 136 373 143 360 143 155
375 141 362 145 375 149 362 148 128
376 189 362 189 375 197 361 197 145
376 193 361 193 375 201 360 201 103
374 193 357 191 373 201 358 201 91
376 210 362 210 375 219 360 219 181
375 216 359 216 373 225 357 225 111
373 212 357 212 371 221 355 221 147
380 233 358 233 375 243 354 243 26
377 240 359 239 375 251 353 250 43
380 249 354 249 373 261 348 260 34
380 253 355 253 375 265 346 265 50
380 269 351 267 373 281 337 283 59
387 294 350 293 375 311 335 311 100
388 295 350 295 375 313 335 313 58
387 302 346 303 373 321 329 322 64
383 299 346 298 371 317 330 316 66
377 31 361 31 377 35 361 35 173
380 41 368 43 381 47 368 48 157
380 185 366 185 379 193 365 193 104
380 191 366 191 379 199 365 199 154
380 206 366 208 379 215 365 217 177
378 212 364 212 377 221 363 221 145
380 220 364 220 379 229 362 229 184
387 258 359 258 379 271 349 271 47
383 262 356 262 377 275 345 275 39
389 276 356 275 379 291 344 290 70
392 281 356 281 381 297 343 297 103
392 287 357 286 381 303 344 302 75
383 73 370 72 383 79 370 78 231
385 177 372 178 385 185 372 185 69
385 189 372 189 385 197 372 197 94
385 205 372 204 385 213 372 213 142
384 220 368 220 383 229 366 229 84
391 239 369 238 387 249 364 249 23
394 260 365 260 387 273 356 273 49
394 267 363 267 385 281 354 280 85
394 273 359 274 383 289 347 289 104
398 292 361 292 387 309 349 308 43
398 307 355 307 385 327 343 325 38
389 28 380 28 393 33 381 32 523
388 40 376 40 389 45 377 45 219
388 55 375 56 389 61 376 61 274
392 68 380 68 393 73 381 73 237
388 69 376 70 389 75 377 76 226
390 103 378 103 391 109 379 110 240
392 115 380 114 393 121 381 121 175
390 113 378 112 391 119 378 119 105
392 144 381 144 393 151 382 151 200
390 142 378 142 391 149 380 148 184
389 172 376 171 389 179 377 179 141
391 191 378 191 391 199 379 199 131
392 231 373 230 389 241 369 241 47
393 234 374 234 391 245 370 245 36
394 242 371 242 389 253 366 253 25
399 246 375 246 391 257 367 257 46
403 304 363 303 391 323 347 322 32
394 24 383 25 395 29 383 29 370
398 36 387 36 399 41 387 41 314
397 51 387 51 399 57 388 58 385
396 64 383 64 397 69 384 70 382
397 66 386 65 399 71 389 69 339
394 140 383 140 395 147 384 147 191
397 144 387 144 399 151 389 151 230
398 157 387 158 399 165 388 165 225
397 183 387 183 399 191 388 192 185
396 192 385 193 397 201 387 200 144
396 203 384 203 397 211 386 211 124
398 220 382 220 397 229 381 229 130
396 218 380 218 395 227 379 227 126
397 224 380 224 395 233 378 233 81
401 244 377 244 397 255 373 255 41
405 264 377 263 399 277 367 277 61
405 271 373 271 397 285 363 285 85
405 276 373 276 397 291 363 290 79
406 303 365 303 395 319 351 321 42
399 26 388 26 401 31 390 31 332
399 39 389 40 401 45 392 45 255
401 99 391 100 403 105 394 104 416
399 101 389 101 401 107 393 105 274
399 124 389 124 401 131 391 131 153
401 138 392 137 403 145 393 143 150
401 142 391 142 403 149 393 149 314
402 167 391 166 403 173 393 171 449
403 185 394 182 405 191 396 189 276
400 203 388 203 401 211 390 211 157
402 209 390 208 403 217 391 217 188
409 242 386 242 405 253 380 254 42
408 249 382 249 403 261 376 261 36
409 255 382 255 403 267 375 267 59
407 264 379 263 401 277 369 277 54
409 267 378 267 401 281 367 282 91
409 273 377 272 401 287 367 287 58
413 276 381 276 405 291 371 291 68
411 297 372 296 401 315 359 315 40
409 33 399 35 411 39 402 41 244
407 45 397 47 409 51 400 50 234
408 53 400 53 411 59 402 59 255
405 65 397 65 407 71 400 70 242
407 82 398 83 409 89 400 89 220
407 96 398 97 409 103 400 103 413
405 108 396 108 407 115 398 115 296
408 112 401 113 411 119 404 119 348
404 123 396 124 407 131 398 131 120
404 134 396 131 407 141 399 143 117
409 127 401 130 411 137 403 137 140
408 151 400 151 411 159 403 159 173
405 163 396 163 407 171 399 171 228
409 165 400 168 411 175 403 175 212
407 169 398 169 409 177 401 177 430
407 175 398 175 409 183 401 183 501
409 177 400 177 411 185 402 185 325
412 214 395 213 411 223 393 223 159
413 226 395 226 411 235 393 235 133
414 235 393 235 411 245 390 245 47
413 237 389 238 407 249 385 249 84
414 269 384 269 407 283 376 282 73
417 278 385 278 409 293 375 293 48
410 48 401 49 413 55 404 55 157
410 57 402 57 413 63 405 63 131
409 76 403 76 413 83 407 83 201
414 110 407 110 417 117 410 117 494
412 106 405 106 415 113 408 113 385
410 134 403 131 413 141 406 139 159
412 170 405 169 415 177 408 177 298
410 172 403 171 413 179 406 179 294
418 211 401 211 417 219 399 219 272
414 209 397 208 413 217 395 217 144
414 216 397 216 413 225 395 225 159
416 221 399 221 415 231 398 231 101
420 251 393 252 415 263 388 263 102
418 253 391 253 413 265 385 265 60
422 271 393 270 415 285 383 285 56
419 268 390 267 413 281 382 281 77
424 269 394 269 417 283 387 282 61
416 78 408 78 419 85 412 85 169
419 158 414 158 423 165 418 165 235
422 198 405 199 421 207 403 207 176
423 228 404 227 421 237 402 237 58
420 223 404 224 419 233 402 233 90
423 256 397 255 419 267 391 267 86
425 251 400 251 421 263 394 263 80
425 260 400 257 421 271 395 269 79
424 27 418 27 427 33 417 33 23
428 28 415 29 429 35 423 35 11
425 104 420 104 429 111 424 111 156
421 104 416 104 425 111 420 111 369
425 128 420 128 429 135 425 135 169
423 129 418 130 427 137 422 137 214
420 134 415 134 425 143 422 145 160
428 179 415 180 429 187 416 187 605
426 193 409 193 425 201 407 201 375
428 197 411 197 427 205 409 205 151
428 204 410 204 427 213 409 213 130
431 235 410 235 429 245 407 245 106
429 240 407 240 427 251 404 251 84
431 251 408 249 427 263 401 262 108
433 259 406 259 429 271 401 271 94
438 275 402 278 429 293 393 293 26
437 288 400 288 429 305 389 305 17
429 112 425 112 433 119 429 119 220
427 118 423 118 431 125 428 125 175
429 140 425 140 433 147 430 147 244
434 176 421 175 435 183 422 183 408
435 187 419 187 435 195 418 195 323
433 191 416 191 433 199 415 198 277
436 204 418 204 435 213 417 213 56
436 229 417 229 435 239 415 239 117
437 236 416 236 435 247 413 247 105
436 257 411 257 433 269 406 269 53
438 281 403 281 431 297 395 296 19
435 85 427 86 437 89 431 88 22
439 165 430 164 441 171 433 172 410
441 185 425 185 441 193 425 193 277
441 204 424 204 441 213 425 213 146
437 221 419 222 437 231 418 231 76
442 227 423 228 441 237 423 236 86
438 225 419 226 437 235 419 235 84
442 233 422 233 441 243 421 243 117
443 244 421 244 441 255 418 255 88
439 241 417 241 437 251 415 250 113
447 293 406 294 441 311 397 311 25
442 162 434 161 445 169 437 169 423
443 175 432 176 445 183 433 183 259
441 181 427 181 443 189 429 189 212
447 204 429 204 447 213 430 213 168
444 214 426 214 443 223 425 223 103
444 224 427 224 443 233 425 233 94
446 229 428 229 445 239 426 239 102
449 242 427 242 447 253 424 253 90
445 246 423 246 443 257 420 257 52
452 271 420 271 447 285 412 285 15
454 279 419 279 447 295 412 296 17
450 283 415 282 443 299 406 298 17
453 301 411 299 445 321 400 319 15
454 306 412 306 445 327 399 326 15
454 319 414 320 445 345 403 343 15
448 24 444 25 449 31 443 31 13
442 119 439 120 453 127 446 127 12
446 137 445 137 451 145 450 145 49
450 161 442 162 453 169 444 169 357
453 183 436 183 453 191 436 191 424
449 191 432 191 449 199 431 199 192
451 200 434 201 451 209 433 209 119
450 231 431 231 449 241 430 241 72
451 238 429 239 449 249 428 249 58
459 273 427 273 453 287 418 287 17
456 286 419 286 451 303 411 302 19
459 284 423 284 453 301 414 301 15
457 291 415 291 449 309 401 307 14
447 123 444 124 455 131 445 131 26
450 135 449 135 455 143 456 142 35
452 139 451 139 457 147 456 147 36
450 141 449 141 455 149 454 149 35
452 152 450 151 457 159 456 159 215
452 159 444 160 455 167 447 167 375
458 174 445 173 459 181 447 181 487
455 197 437 197 455 205 437 205 210
459 200 441 201 459 209 441 209 205
455 225 438 225 455 235 437 235 49
456 234 436 233 455 243 435 243 42
460 250 435 250 459 261 433 261 20
461 269 430 269 457 283 424 283 13
464 279 429 279 459 295 422 295 16
457 124 453 125 465 131 456 132 26
460 157 458 157 465 165 463 165 242
461 169 457 172 465 179 463 179 498
460 192 444 193 461 201 444 201 469
460 208 443 208 461 217 443 217 173
465 210 447 210 465 219 447 219 147
462 224 446 223 463 233 446 233 54
467 227 449 227 465 237 447 237 63
460 224 444 223 461 233 444 233 58
467 234 445 233 463 243 444 243 55
467 260 441 258 465 271 435 271 18
467 294 427 294 461 313 417 312 17
464 133 463 133 469 141 469 141 37
464 139 463 139 469 147 468 147 42
466 157 464 158 471 165 469 165 103
462 159 460 159 467 167 465 167 329
464 167 462 167 469 175 467 175 397
466 172 464 171 471 179 469 179 319
465 187 453 187 467 195 454 195 432
470 208 454 209 471 217 456 217 143
467 225 450 225 467 235 450 235 125
471 231 452 231 467 241 449 241 49
473 247 448 247 471 259 445 259 22
468 253 442 253 467 265 429 263 48
473 264 444 264 471 277 438 277 23
474 266 443 266 471 281 438 280 20
476 276 440 277 469 293 433 293 22
475 283 437 284 471 299 430 299 24
476 303 432 303 467 321 420 321 14
469 27 462 27 473 33 474 33 11
465 123 463 123 473 131 470 131 22
468 133 467 133 473 141 472 141 46
470 135 469 135 475 143 475 143 50
468 151 465 151 473 159 470 159 71
470 149 467 149 475 157 472 157 65
475 214 460 215 477 223 462 223 77
476 231 458 231 475 241 456 241 30
474 247 450 247 473 259 447 259 14
477 251 452 251 475 263 449 263 19
477 286 440 286 475 303 434 303 13
482 289 445 289 477 307 439 306 13
481 298 440 298 475 317 430 317 15
471 21 468 21 479 27 474 27 12
473 128 467 125 479 135 471 134 46
478 140 476 139 483 147 481 147 82
478 142 475 142 483 149 480 149 80
478 161 475 161 483 169 480 169 57
478 173 475 173 483 181 481 181 59
475 179 471 179 479 187 476 187 68
477 183 472 183 481 191 477 191 56
479 191 472 191 483 199 475 199 35
485 156 481 155 489 163 487 163 157
484 173 481 176 489 183 487 183 66
486 218 471 218 489 227 474 227 52
484 221 469 221 485 231 469 231 40
483 228 469 227 485 237 467 237 33
488 231 471 231 489 241 478 243 54
490 245 466 245 489 257 462 257 20
490 256 462 256 489 269 459 269 19
491 127 490 126 495 135 494 134 90
487 135 482 136 491 143 487 143 193
491 137 486 137 495 145 491 145 86
489 142 484 142 493 149 489 149 161
487 162 483 161 491 169 487 168 48
488 167 485 167 493 175 490 175 88
486 170 483 170 491 179 488 177 91
489 179 485 179 493 187 490 187 96
493 213 474 213 491 221 479 221 51
494 221 474 222 493 231 475 231 29
498 225 479 225 495 235 477 235 27
495 254 468 254 493 267 464 267 22
495 260 467 260 493 273 465 272 18
494 132 492 131 499 139 497 139 143
496 141 493 142 501 149 498 149 134
497 155 492 155 501 163 497 163 79
496 167 493 167 501 175 498 175 109
494 187 489 187 499 195 494 195 39
493 185 489 185 497 193 492 193 69
493 198 486 197 497 205 487 205 37
494 226 477 226 499 235 481 235 34
495 250 471 249 497 261 469 261 23
498 253 471 253 497 265 469 265 15
499 117 497 117 503 125 501 125 208
501 128 496 128 505 135 501 135 97
499 134 494 134 503 141 499 141 65
503 163 498 163 507 171 503 171 64
498 162 495 161 503 169 499 169 67
501 177 495 176 505 185 499 183 99
501 181 494 182 505 189 498 189 89
501 193 495 193 505 201 499 200 52
503 226 485 226 505 235 487 235 37
505 249 479 249 505 261 478 261 19
503 249 477 249 503 261 476 261 25
504 122 500 122 509 129 504 129 140
507 126 502 126 511 133 507 133 107
507 142 502 142 511 149 507 149 64
507 148 502 148 511 155 506 155 74
509 156 504 156 513 163 508 163 67
507 154 502 154 511 161 506 161 57
509 177 502 177 513 185 506 185 79
505 180 498 179 509 187 502 187 69
507 185 500 185 511 193 504 193 61
510 207 499 207 511 215 501 215 27
510 214 495 214 513 223 497 223 66
508 222 491 222 509 231 491 231 40
507 228 490 227 509 237 491 237 44
513 102 506 102 517 109 511 109 117
515 110 508 110 519 117 513 117 98
511 119 505 121 515 127 511 125 180
513 132 507 132 517 139 511 139 42
513 170 508 168 517 177 513 177 134
515 175 507 175 519 183 511 183 75
511 174 504 174 515 181 501 179 274
515 185 507 185 519 193 511 193 47
513 193 505 193 517 201 509 201 25
514 202 504 203 517 211 507 211 30
514 216 499 216 517 225 501 225 31
515 220 498 220 517 229 500 229 32
515 241 488 244 517 255 490 255 13
519 255 491 255 519 267 490 267 10
515 253 489 253 515 265 488 265 16
516 259 493 259 517 271 495 271 19
519 296 488 296 519 315 483 315 16
519 98 513 98 523 105 517 105 98
521 114 514 114 525 121 519 121 201
521 122 514 122 525 129 519 129 119
517 128 510 127 521 135 515 135 71
519 144 513 143 523 151 517 151 33
517 156 512 156 521 163 516 163 51
521 157 516 157 525 165 520 165 43
519 164 514 165 523 173 518 173 68
519 183 511 183 523 191 515 191 67
517 185 509 185 521 193 513 193 46
521 195 513 195 525 203 517 203 19
517 199 508 199 521 207 512 207 29
523 206 507 207 523 215 513 215 21
520 207 509 207 525 215 513 215 22
518 214 503 214 521 223 505 223 30
519 220 503 220 521 229 504 229 45
519 244 490 244 521 255 489 256 13
524 74 520 74 529 81 525 81 173
524 77 520 77 529 85 525 84 97
526 82 522 82 531 89 527 89 128
524 92 520 92 529 99 525 99 114
523 102 516 102 527 109 521 109 83
527 126 520 126 531 133 525 133 83
523 128 516 128 527 135 521 135 103
527 136 520 136 531 143 525 143 46
523 149 517 149 527 157 522 157 74
527 174 519 173 531 181 523 181 204
521 177 517 177 529 185 521 185 288
527 177 518 177 531 185 523 185 56
524 187 517 187 529 195 522 195 195
527 227 508 227 529 237 510 237 15
527 231 508 231 529 241 513 243 20
525 229 505 230 527 239 508 239 16
527 240 499 239 531 249 499 247 19
528 255 499 254 529 267 499 267 13
533 64 526 64 537 71 531 70 93
528 70 524 70 533 77 529 77 163
530 80 527 78 535 87 531 85 213
533 99 526 98 537 105 531 105 164
531 106 524 106 535 113 529 113 54
529 122 522 122 533 129 527 129 79
533 146 526 146 537 153 531 153 25
529 181 521 181 533 189 525 189 60
533 179 525 179 537 187 529 187 75
533 185 525 185 537 193 529 193 43
533 225 514 225 535 235 516 235 14
531 248 505 248 533 259 505 259 26
532 246 506 246 535 257 507 257 22
532 251 506 249 535 263 508 263 21
532 266 502 263 533 279 498 280 12
534 269 502 269 535 283 501 283 13
533 270 500 270 533 285 498 285 13
537 83 530 83 541 89 534 89 101
539 108 532 108 543 115 537 115 87
535 112 528 112 539 119 532 119 88
539 112 532 112 543 119 537 119 129
539 118 532 118 543 125 537 125 57
539 124 532 124 543 131 536 131 93
537 132 530 132 541 139 534 140 74
535 142 528 142 539 149 532 149 36
536 159 530 159 541 167 534 167 18
539 168 532 168 543 175 536 176 57
535 183 527 183 539 191 531 191 48
537 193 529 193 541 201 533 201 25
535 193 527 193 539 201 531 201 171
539 219 524 218 543 227 527 227 30
537 249 511 249 539 261 512 261 20
539 251 513 252 541 263 514 263 33
539 265 505 265 539 279 504 279 12
538 271 505 271 539 285 504 285 10
544 67 538 67 549 73 542 74 62
541 79 534 79 545 85 539 85 125
541 83 534 82 545 89 538 88 67
542 86 536 87 547 93 540 93 69
540 90 533 90 545 97 538 97 50
540 94 533 94 545 101 539 101 103
544 102 538 102 549 109 542 109 84
541 110 534 110 545 117 538 117 104
543 114 536 114 547 121 541 121 74
541 126 534 126 545 133 538 133 73
543 130 536 130 547 137 540 137 38
543 134 536 134 547 141 540 141 38
541 136 534 136 545 143 538 143 63
542 149 536 150 547 157 540 157 30
540 169 534 170 545 177 539 177 64
545 195 537 195 549 203 541 203 30
543 216 528 216 547 225 531 225 49
546 220 530 220 549 229 533 229 43
544 222 527 222 547 231 531 231 19
546 238 524 238 549 249 526 249 39
544 234 522 234 545 245 522 245 29
546 242 523 242 549 253 525 253 35
542 240 520 240 545 251 521 251 38
550 19 542 19 551 25 536 26 14
548 62 542 63 553 69 546 69 49
551 58 544 59 555 65 549 65 50
551 64 544 65 555 71 549 71 56
550 82 543 82 555 89 549 89 50
547 98 540 98 551 105 544 105 52
551 95 544 95 555 101 549 102 88
548 100 541 100 553 107 546 107 55
549 106 542 106 553 113 547 113 93
550 114 544 114 555 121 548 121 113
548 116 542 116 553 123 546 123 84
550 118 544 118 555 125 548 125 67
548 122 542 122 553 129 546 129 89
546 128 540 129 551 135 544 135 84
551 140 544 140 555 147 548 147 51
549 142 542 142 553 149 546 149 50
551 150 543 150 555 157 548 157 66
548 160 541 159 553 167 546 166 36
549 175 541 175 553 183 546 183 24
549 197 540 197 553 205 545 205 39
549 199 539 199 553 207 544 207 27
547 234 526 234 551 245 528 245 28
550 240 528 240 553 251 530 251 47
552 247 527 247 555 259 528 259 47
548 249 523 251 553 263 525 263 36
553 254 525 254 555 267 526 267 24
551 259 527 261 551 271 521 271 34
555 263 519 265 555 279 519 278 18
550 289 510 288 551 307 505 309 12
555 63 548 63 559 69 553 69 80
557 67 550 67 561 73 555 73 55
556 78 550 79 561 85 554 84 84
556 76 549 76 561 83 555 83 87
556 94 550 94 561 101 555 101 96
554 100 548 100 559 107 552 107 97
552 110 546 110 557 117 551 117 102
556 130 549 130 561 137 554 137 49
556 149 549 149 561 157 554 157 57
557 156 549 156 561 163 554 163 44
552 154 545 154 557 161 549 161 45
551 166 545 167 557 175 550 175 34
557 169 549 169 561 177 553 177 33
552 171 545 171 557 179 550 179 28
557 175 549 175 561 183 553 183 28
552 184 545 184 557 193 550 193 22
557 191 548 192 561 199 553 199 26
560 200 547 199 561 207 554 208 70
555 203 545 203 559 211 549 211 53
557 203 547 203 561 211 551 211 24
551 210 541 211 557 219 545 219 102
558 215 542 214 561 223 548 223 31
555 224 539 224 559 233 543 232 27
557 240 534 237 561 249 536 249 19
555 266 522 266 557 281 523 281 16
556 294 515 294 557 313 512 313 12
558 292 517 293 559 311 516 310 10
558 58 553 58 563 65 559 65 122
560 69 554 69 565 75 559 75 122
562 67 556 67 567 73 561 73 57
562 72 556 73 567 79 561 79 54
558 99 552 98 563 105 557 104 93
558 104 552 104 563 111 556 111 114
562 102 556 103 567 109 561 110 94
562 108 556 108 567 115 561 115 95
562 106 556 106 567 113 560 113 60
560 118 554 118 565 125 558 125 103
561 127 554 127 565 135 559 134 54
562 125 555 125 567 131 561 130 67
562 140 555 140 567 147 560 147 31
560 146 554 146 565 153 558 153 52
558 142 551 142 563 149 556 149 37
558 154 551 154 563 161 556 161 42
562 169 555 169 567 177 559 177 21
559 173 551 173 563 181 555 181 51
560 216 547 216 565 225 551 225 33
557 225 541 226 563 235 544 235 25
565 270 533 269 567 285 533 284 30
561 285 521 287 563 305 520 304 11
561 295 520 295 563 315 518 315 18
563 293 523 293 565 311 521 311 15
569 17 569 16 573 23 564 23 14
568 60 563 60 573 67 568 67 70
568 64 563 65 573 71 568 71 95
569 78 562 78 573 85 567 85 72
566 85 560 84 571 91 565 91 93
564 82 558 83 569 89 562 89 120
568 92 562 92 573 99 566 99 117
564 90 558 90 569 97 562 97 91
566 95 560 94 571 101 564 101 100
567 106 560 106 571 113 565 112 54
565 114 558 114 569 121 562 121 74
567 144 559 144 571 151 564 151 36
568 155 561 156 573 163 566 164 18
567 166 558 165 571 173 564 173 37
564 191 556 191 569 199 561 199 16
562 197 551 197 569 205 560 205 63
569 209 556 209 573 217 561 217 33
567 225 550 225 569 235 549 236 23
567 261 538 262 571 275 539 275 28
566 268 533 267 569 283 534 281 33
568 276 533 276 571 291 534 291 23
566 272 532 272 569 287 532 287 27
570 286 532 286 573 303 531 302 22
571 283 533 283 573 299 533 300 22
572 62 567 62 577 69 572 69 87
570 66 564 66 575 73 570 73 93
574 64 569 64 579 71 574 71 104
572 74 566 74 577 81 571 81 48
570 80 564 80 575 87 569 87 73
574 92 568 92 579 99 573 99 100
572 96 566 96 577 103 571 103 70
574 122 567 122 579 129 572 129 55
574 128 567 128 579 135 572 135 30
572 159 565 161 577 167 569 165 36
570 169 563 170 575 177 567 177 18
574 184 563 182 579 191 570 191 11
575 203 564 203 579 211 569 211 62
572 213 558 213 575 221 563 221 42
571 236 548 235 575 247 552 247 20
574 291 534 291 577 309 534 310 18
572 294 531 294 575 313 530 313 20
580 60 575 60 585 67 580 67 86
576 58 571 58 581 65 576 65 51
578 87 572 86 583 93 577 93 67
576 124 569 124 581 131 574 131 58
580 148 573 148 585 155 578 155 39
576 199 569 199 581 207 570 207 18
577 195 567 195 581 203 573 203 34
581 209 569 209 585 217 574 217 91
576 220 560 220 581 229 565 229 63
577 226 560 226 581 235 564 235 60
578 274 546 271 583 289 545 288 14
580 289 537 290 583 307 541 306 32
580 23 577 25 587 29 581 29 11
586 62 581 62 591 69 586 69 76
582 58 577 58 587 65 582 65 60
584 68 579 68 589 75 584 75 101
582 64 577 65 587 71 582 71 60
586 76 581 76 591 83 586 83 67
582 82 577 82 587 89 582 89 62
584 88 579 88 589 95 584 95 96
586 111 575 111 591 117 581 117 133
586 117 576 117 591 123 583 124 177
584 138 576 138 589 145 581 145 91
582 172 573 172 587 179 577 180 24
584 220 569 220 589 229 574 229 62
583 224 565 224 587 233 569 233 51
585 265 553 265 589 279 555 279 12
589 53 580 51 593 61 586 61 43
593 111 583 111 597 117 587 117 113
591 115 581 115 595 121 585 121 326
592 119 580 118 597 125 588 125 125
592 156 582 156 597 163 587 163 62
590 160 580 160 595 167 585 167 43
589 207 577 207 593 215 581 215 84
598 73 592 72 603 79 598 78 63
594 76 589 77 599 83 594 83 85
594 88 589 88 599 95 594 95 96
597 113 587 113 601 119 591 119 128
594 117 584 117 599 123 589 123 201
598 128 591 131 603 135 593 137 201
596 138 586 139 601 145 591 147 153
596 154 586 154 601 161 591 161 74
598 156 588 155 603 163 593 163 91
594 220 578 220 599 229 582 229 62
598 224 581 224 603 233 585 233 63
595 231 576 231 601 241 582 241 41
593 242 569 242 603 253 578 253 32
595 260 561 259 601 273 569 273 20
593 263 562 264 599 277 565 277 11
604 17 595 17 607 23 600 23 12
601 65 594 66 605 73 599 73 82
604 81 597 81 609 87 602 87 87
602 83 595 82 607 89 600 89 62
604 94 597 94 609 101 602 101 51
604 130 597 131 609 137 602 137 143
599 169 592 170 607 179 597 179 61
603 209 585 209 607 217 590 218 218
600 216 583 216 605 225 588 225 74
597 247 573 247 607 259 580 259 27
600 296 562 295 605 315 559 315 22
608 59 601 59 613 65 606 65 168
605 75 598 75 611 81 604 81 138
610 79 603 79 615 85 608 85 114
606 92 599 92 611 99 604 99 85
607 97 602 96 613 103 606 103 68
609 101 601 101 615 107 607 107 39
606 114 599 114 611 121 604 121 97
610 115 603 115 615 125 608 125 59
608 139 601 138 615 145 605 145 71
610 199 592 198 615 207 597 207 189
605 200 588 200 611 209 593 209 156
607 229 587 229 613 239 593 239 80
607 252 581 253 615 263 587 263 24
609 294 566 294 615 313 569 313 12
616 61 608 61 621 67 614 67 165
612 59 604 57 617 65 610 65 183
616 63 608 63 621 69 614 68 229
612 77 605 77 617 83 610 83 190
612 90 605 90 617 97 610 97 105
616 111 608 110 621 117 614 117 135
614 136 604 136 619 143 609 143 91
616 149 605 150 621 157 612 156 12
611 154 602 154 617 161 608 160 17
611 160 602 160 617 167 607 167 16
612 175 605 174 621 183 611 183 34
611 199 594 199 617 207 599 207 144
615 214 596 214 621 223 601 223 102
613 218 593 218 617 227 599 227 132
613 238 590 238 619 249 595 249 49
615 240 592 240 621 251 597 251 58
613 244 589 244 619 255 595 255 62
613 249 585 249 621 261 594 261 39
612 292 571 293 619 311 574 311 15
623 18 612 19 623 25 613 25 14
622 67 614 67 627 73 620 73 173
618 73 610 73 623 79 616 79 95
622 84 614 85 627 91 620 90 298
618 92 610 92 623 99 615 99 47
622 97 614 97 627 103 619 103 72
620 105 612 105 625 111 618 111 64
620 101 612 101 625 107 617 107 64
619 200 600 201 625 209 605 209 151
619 210 600 210 625 219 605 219 86
617 210 598 210 623 219 603 219 85
617 231 598 231 623 241 603 241 60
619 229 600 230 625 239 605 239 29
617 235 593 234 623 245 603 245 58
617 259 585 258 625 275 584 276 21
615 270 584 270 623 285 585 283 9
615 297 573 297 623 317 577 317 13
625 55 618 55 631 61 624 61 43
626 106 618 106 631 113 623 113 132
624 164 614 163 629 171 619 171 9
625 222 605 222 631 231 611 232 88
623 220 603 221 629 229 609 229 79
625 229 605 230 631 239 611 239 22
627 237 607 237 633 247 612 247 43
637 16 629 17 639 23 626 24 17
630 51 622 51 635 57 627 57 89
634 55 626 55 639 61 631 61 29
631 63 627 63 637 69 632 69 130
630 67 624 67 635 73 629 73 198
631 73 620 77 635 81 629 79 103
635 140 627 140 639 147 630 147 502
630 164 619 161 635 171 626 172 8
633 173 623 175 639 181 629 181 35
629 181 618 181 635 189 623 189 123
633 189 613 189 639 197 619 197 126
632 191 613 191 639 199 619 199 130
633 197 613 197 639 205 619 205 148
629 208 610 209 635 217 615 217 102
632 206 612 206 639 215 618 215 149
630 233 611 233 637 243 617 243 33
630 237 610 237 635 247 614 247 39
630 249 605 249 639 261 612 261 25
629 275 594 275 637 291 601 290 15
626 270 593 271 635 287 598 287 8
627 278 596 278 635 295 594 296 20
629 282 591 282 637 299 596 299 15
629 292 587 293 635 311 591 310 17
627 296 587 293 635 315 591 315 13
631 299 590 300 639 319 596 319 15
638 46 634 44 645 51 637 52 67
635 67 628 67 641 73 634 73 96
637 65 630 65 643 71 636 71 102
635 91 627 91 641 97 633 97 31
637 103 629 103 643 109 635 109 104
637 171 627 171 643 179 633 179 41
636 195 617 195 643 203 623 203 182
637 246 608 244 643 257 617 257 51
634 251 609 251 643 263 616 263 25
637 269 601 268 645 283 610 282 12
642 19 634 18 651 23 634 23 14
641 75 633 75 647 81 639 81 86
645 81 637 81 651 87 643 87 53
643 87 636 87 649 93 641 93 24
646 95 638 94 651 101 644 101 57
641 144 632 145 647 151 638 151 155
640 180 629 179 647 187 635 187 38
641 191 621 191 647 199 627 199 107
644 206 622 206 651 215 628 214 240
644 222 621 221 651 231 628 231 130
640 220 619 219 647 229 625 229 94
642 232 619 231 649 243 626 241 38
643 235 621 235 651 245 628 245 61
643 286 602 286 649 303 608 302 18
637 289 597 289 647 307 602 305 14
651 43 644 43 657 49 650 49 98
647 71 638 71 653 77 644 77 199
647 85 639 85 653 91 645 91 27
650 95 642 95 655 101 648 101 61
649 124 641 124 655 131 647 131 203
649 140 641 140 655 147 647 147 246
647 137 640 135 653 143 645 143 151
647 142 639 142 653 149 645 149 191
647 187 627 187 653 195 633 195 108
647 202 624 202 655 211 631 211 217
646 220 623 220 653 229 629 229 186
645 229 623 229 653 239 629 239 51
646 240 623 240 653 251 630 251 70
645 249 619 249 653 261 626 261 32
649 251 623 251 657 263 630 263 41
648 255 621 255 655 267 627 267 23
649 259 620 260 657 273 626 273 19
652 279 611 279 657 295 619 295 14
645 277 609 275 653 293 616 292 7
645 282 607 281 653 299 614 298 13
647 297 606 298 657 317 612 317 13
642 301 600 301 653 321 609 322 15
654 31 648 29 661 35 654 35 165
654 37 648 35 659 43 653 42 216
653 48 645 48 659 53 651 54 86
655 63 647 63 661 69 653 68 72
652 66 643 66 659 71 652 69 88
657 75 648 75 663 81 654 81 72
655 77 647 77 661 83 653 83 69
657 83 648 83 663 89 654 89 88
657 89 647 88 663 95 653 95 45
653 99 645 99 659 105 651 105 73
657 101 648 101 663 107 654 107 98
655 111 645 110 661 117 652 117 133
653 120 645 120 659 127 651 127 240
657 118 648 118 663 125 654 125 283
657 124 645 125 663 131 651 131 292
657 135 645 135 663 143 652 142 431
655 144 646 144 661 151 652 151 346
653 150 645 150 659 157 651 157 256
657 148 648 148 663 155 654 155 195
657 160 648 160 663 167 654 166 56
656 176 639 179 663 183 649 183 97
655 206 632 206 663 215 639 215 205
651 214 630 214 659 223 637 223 165
655 218 629 218 663 227 642 229 295
655 244 632 244 663 255 639 255 47
651 250 627 251 661 263 634 263 32
653 272 620 272 663 287 630 289 15
650 275 617 275 659 289 623 290 19
651 276 618 277 661 291 625 291 15
655 283 618 283 663 299 622 297 15
650 300 610 300 661 319 615 319 12
663 20 656 19 669 25 662 25 99
662 17 654 17 667 23 660 23 84
662 33 656 31 669 37 660 39 368
663 30 656 29 669 35 662 35 165
659 92 650 92 665 99 656 98 35
661 113 652 113 667 119 658 118 141
659 142 650 142 665 149 656 149 154
661 166 652 165 667 173 658 172 65
658 181 644 181 665 189 650 189 91
658 185 638 184 665 193 646 192 118
661 189 635 189 669 197 643 197 151
657 200 633 201 665 209 641 207 131
657 208 633 208 665 217 640 217 143
661 227 636 227 669 237 643 237 102
659 231 635 231 667 241 643 242 81
657 253 631 253 665 265 637 265 23
656 257 630 257 665 269 637 269 20
657 265 627 267 667 281 634 282 28
666 17 658 17 671 23 664 23 173
665 24 658 23 671 29 664 29 128
667 100 657 101 673 107 663 107 84
669 103 659 103 675 109 666 109 45
664 110 655 111 671 117 662 119 73
666 132 657 132 673 139 663 139 140
665 175 651 174 673 181 658 181 96
665 187 643 188 673 195 651 195 171
664 217 640 216 673 227 647 226 217
664 225 638 225 673 235 646 235 101
666 236 640 235 675 247 648 246 57
666 251 640 251 675 263 648 264 33
667 259 638 259 675 271 645 271 31
665 259 636 258 673 271 644 271 21
662 279 626 279 671 295 633 295 18
663 283 629 283 675 299 636 299 18
660 296 619 296 671 315 625 314 17
673 17 663 18 679 23 669 23 229
673 28 664 29 679 33 670 35 194
673 41 663 43 679 47 670 48 167
672 54 663 53 679 59 669 59 100
674 80 664 80 681 85 671 85 84
671 122 660 122 677 129 667 129 44
670 128 660 128 677 135 667 135 41
673 134 663 134 679 141 670 140 108
674 131 664 130 681 137 671 137 24
669 179 654 179 677 185 662 185 78
673 183 655 183 681 191 661 191 185
672 187 650 187 681 195 655 195 144
671 217 645 217 681 227 653 227 164
670 234 643 235 679 245 652 246 99
668 245 642 245 677 257 650 256 63
672 249 645 249 681 261 653 261 40
669 274 641 275 679 289 651 290 31
666 275 633 275 677 293 640 294 17
669 293 629 293 681 311 639 311 12
681 28 670 28 687 33 677 32 85
677 26 667 26 683 31 673 30 105
677 47 666 51 683 53 673 53 116
676 78 666 78 683 83 673 83 47
678 92 668 91 685 97 675 97 37
680 96 670 95 687 103 677 101 113
677 101 667 101 683 107 673 106 44
680 114 670 114 687 121 678 119 31
676 119 665 119 683 125 671 123 42
679 133 669 133 685 139 675 139 31
676 138 666 138 683 145 673 146 88
680 165 670 166 687 173 677 173 43
676 168 666 167 683 175 673 175 27
675 172 661 172 683 179 669 179 52
674 210 646 208 683 219 655 218 291
676 219 649 220 685 231 657 231 145
675 270 645 271 687 285 653 285 20
672 294 632 295 685 313 641 313 14
686 33 676 29 693 35 683 33 104
683 49 672 48 689 53 679 53 50
683 70 675 69 691 75 682 74 58
682 80 672 79 689 89 679 87 132
684 101 674 101 691 107 681 107 56
682 110 672 110 689 117 679 116 43
682 123 671 123 689 129 678 129 38
684 132 674 132 691 139 681 139 48
686 147 676 147 693 157 683 155 70
685 173 671 174 693 181 678 181 55
681 187 655 187 691 195 665 195 144
681 193 655 192 691 201 663 201 157
681 213 655 213 691 223 663 223 178
681 219 654 219 691 229 663 230 174
681 221 654 221 691 231 663 231 116
683 228 655 228 693 239 664 239 182
680 243 653 243 691 255 662 255 86
681 240 654 240 691 251 663 251 71
681 251 655 251 691 263 664 263 51
679 254 652 254 691 267 665 267 102
683 264 653 264 693 277 662 277 64
681 274 648 274 693 289 658 289 25
677 276 645 278 689 293 654 293 18
681 286 643 286 693 303 654 303 14
681 290 637 287 693 307 646 305 16
677 314 635 313 691 337 646 338 17
690 37 680 33 697 39 686 41 74
688 105 678 105 695 111 685 111 54
690 121 680 121 697 127 687 127 43
691 131 681 131 699 137 688 137 84
688 168 678 168 695 175 685 175 45
685 195 658 195 695 203 667 203 99
687 206 661 206 697 215 670 215 184
685 215 658 215 695 225 667 225 138
687 232 660 232 697 243 669 243 130
685 234 658 234 695 245 667 245 182
685 241 657 242 695 253 666 253 114
684 260 658 261 695 273 666 273 59
685 256 657 256 697 269 669 269 35
682 298 641 298 695 317 650 317 10
682 306 643 308 695 327 649 327 16
696 23 685 23 703 27 692 27 69
694 19 683 19 701 23 690 23 78
694 42 683 42 701 47 690 46 59
694 70 683 70 701 75 690 75 103
696 85 685 85 703 91 692 91 69
694 101 683 101 701 107 690 107 83
694 122 684 121 701 129 691 128 91
698 166 685 167 705 173 693 173 72
695 172 682 171 703 179 690 178 42
696 176 683 177 705 185 691 185 55
691 185 664 185 701 193 672 193 50
691 189 664 189 705 197 675 197 85
691 202 666 202 703 211 673 211 192
694 200 668 200 705 209 678 209 147
691 209 663 210 701 219 673 219 101
694 205 668 206 705 215 678 215 200
690 223 663 223 701 233 673 233 204
694 225 667 225 705 235 677 235 121
689 228 663 228 701 239 672 239 174
695 232 669 232 705 243 677 243 227
694 238 667 238 705 249 677 249 151
695 241 666 242 705 253 677 253 84
692 239 663 240 701 251 673 251 107
691 245 661 245 701 257 672 257 54
694 260 668 261 705 273 676 273 77
693 271 663 271 705 285 673 285 52
689 279 653 279 701 295 665 295 24
691 283 654 283 703 299 664 299 15
686 301 650 302 701 323 659 322 24
699 145 684 142 707 151 693 153 138
702 168 690 169 709 175 698 176 67
698 203 672 203 709 213 682 213 106
697 245 669 245 707 257 679 257 60
699 269 669 269 711 283 679 283 97
710 66 698 66 717 71 705 71 90
705 95 694 95 713 101 700 103 91
706 118 690 117 715 123 699 121 80
707 117 690 119 715 125 699 123 53
707 201 682 202 717 213 691 213 100
704 208 677 208 715 217 687 217 79
701 215 674 215 713 225 684 225 109
702 221 675 221 713 231 685 231 162
703 256 677 257 715 269 687 269 152
705 261 677 261 715 273 686 273 116
701 258 675 259 713 271 685 271 178
702 299 662 300 717 319 673 319 10
711 62 700 62 719 67 707 67 77
715 91 699 92 723 97 707 98 54
710 196 686 196 721 205 696 204 57
709 209 683 209 721 219 693 219 73
708 211 680 212 719 221 691 221 132
709 215 683 215 721 225 693 225 116
709 219 681 219 719 229 691 229 224
707 223 681 223 719 233 691 233 147
709 259 683 258 721 271 693 271 86
707 266 679 266 719 279 689 279 107
712 270 682 270 723 283 691 283 103
717 35 704 35 725 39 713 39 37
717 209 692 209 727 219 699 219 104
715 223 688 223 727 233 699 233 126
716 238 689 238 729 249 701 249 137
717 244 691 244 729 255 707 255 156
714 247 690 247 727 259 701 259 99
717 266 688 266 729 279 699 279 107
727 37 718 37 735 41 729 41 141
726 51 709 51 735 55 719 54 74
726 71 709 72 735 75 718 76 52
723 195 699 197 735 203 710 205 86
719 202 693 202 731 211 704 211 165
723 208 696 208 735 217 708 217 129
720 221 693 221 733 231 705 231 105
717 225 691 225 733 235 705 235 111
719 230 691 230 731 241 703 241 267
718 242 691 242 731 253 703 253 117
723 245 699 246 735 257 707 257 70
721 253 695 253 735 265 708 265 94
729 27 716 27 737 31 724 31 65
728 55 713 56 737 59 723 60 115
730 83 712 83 739 87 722 87 16
729 105 713 104 739 109 722 109 22
725 186 699 186 739 195 712 195 64
727 193 701 193 739 201 712 201 84
728 240 701 240 741 251 713 251 155
726 249 701 249 739 261 712 261 56
728 247 703 247 741 259 714 259 106
728 253 703 253 741 265 714 265 42
725 267 696 267 739 281 708 281 66
725 290 689 290 741 307 702 307 44
721 293 684 294 737 311 695 311 33
721 303 678 303 739 323 692 323 13
737 17 725 15 745 21 733 20 33
733 151 714 150 743 157 726 157 10
732 207 706 208 745 217 717 216 233
730 244 703 244 745 255 717 255 101
733 271 702 271 747 285 717 287 124
730 273 698 273 743 287 710 287 106
741 41 724 40 751 45 734 44 55
736 214 709 213 749 223 721 223 102
740 212 713 211 753 221 725 221 92
740 217 713 217 753 227 725 227 86
738 224 711 224 751 235 723 235 122
737 230 710 230 751 241 723 241 118
738 236 711 236 751 247 723 247 214
740 234 713 234 753 245 725 245 177
739 244 713 244 753 255 725 255 123
740 259 711 259 753 271 724 271 31
745 32 728 31 755 35 744 34 61
747 32 731 31 757 35 739 34 69
746 70 729 69 757 75 739 73 23
748 94 727 95 759 99 738 99 67
745 110 725 110 757 115 736 115 60
748 116 724 115 759 121 735 119 44
747 122 725 121 759 127 736 126 36
744 192 721 192 755 201 731 199 21
743 227 717 226 757 237 729 237 171
743 225 717 225 757 235 729 235 82
741 246 715 246 755 257 727 257 128
743 251 717 251 757 263 729 263 56
754 22 742 21 763 25 751 24 47
756 39 743 39 765 43 752 42 86
755 45 743 43 765 49 752 51 108
750 108 729 108 761 113 740 113 52
750 129 729 129 761 135 739 135 28
753 131 732 131 765 137 743 137 32
749 204 729 204 761 213 741 213 131
755 241 729 240 765 251 741 251 97
749 248 722 248 761 259 737 259 75
752 246 728 246 765 257 741 257 86
746 255 721 255 761 267 735 266 45
747 278 714 278 763 293 729 294 125
746 282 710 281 761 297 723 296 127
762 23 750 23 771 27 759 26 133
760 31 748 30 769 35 757 34 97
762 35 749 35 771 39 759 39 99
758 33 746 32 767 37 755 36 76
762 45 750 45 771 49 759 49 161
758 97 736 97 771 101 748 100 61
759 105 737 104 771 109 748 108 47
755 110 733 110 767 115 745 115 42
758 126 737 126 771 131 749 131 60
757 141 735 141 769 147 747 147 20
755 149 733 149 767 155 745 155 18
759 206 738 206 771 215 749 215 30
754 266 725 266 769 279 739 278 16
752 285 715 284 769 301 731 301 101
750 283 715 283 767 299 731 300 118
764 33 751 32 773 37 760 36 74
764 39 752 39 773 43 761 43 87
763 55 745 55 775 61 759 61 145
762 62 745 61 773 65 756 65 83
762 90 739 90 773 95 749 94 77
762 109 740 108 775 113 752 113 40
760 118 739 118 773 123 751 123 77
764 120 742 120 777 125 754 125 48
764 126 742 126 777 131 755 130 71
762 128 740 128 775 133 752 133 47
761 151 740 150 773 157 752 156 36
763 154 742 155 775 161 754 161 16
764 214 742 214 777 223 754 223 38
757 225 737 226 773 237 750 237 6
756 282 721 282 775 299 737 299 89
774 20 761 21 783 25 771 23 118
774 35 761 35 783 39 771 38 171
768 53 752 52 779 57 762 57 142
773 59 758 60 783 63 769 63 280
768 63 752 63 779 67 762 67 222
770 93 748 94 783 97 761 96 55
768 111 745 111 781 115 758 114 41
766 130 745 130 779 135 756 135 56
769 172 747 172 781 179 760 179 19
769 208 748 208 783 217 760 217 47
766 260 739 260 783 273 753 273 10
780 35 767 35 789 39 777 38 204
776 87 754 87 789 91 766 91 179
774 92 752 91 787 95 764 94 97
775 113 753 113 789 117 766 117 47
772 110 749 111 785 115 762 114 42
772 120 751 120 785 125 763 124 62
775 130 753 130 789 135 766 135 79
772 135 750 136 785 141 763 140 56
776 140 754 140 789 145 767 145 32
776 146 754 146 789 153 766 153 27
772 143 751 143 785 149 763 149 25
774 161 754 160 787 167 766 167 18
775 208 753 208 789 217 766 217 52
773 214 750 214 787 223 763 223 42
775 214 752 214 789 223 765 223 52
774 235 751 235 789 245 765 245 6
773 239 749 237 789 251 763 249 9
782 28 769 25 791 31 779 31 112
785 33 773 32 795 37 782 36 121
782 59 767 57 793 63 777 61 403
779 68 761 69 791 73 774 72 524
782 101 761 101 795 105 773 104 89
777 124 755 124 791 129 768 128 63
779 128 757 128 793 133 770 133 60
777 151 755 151 791 157 769 157 26
777 159 756 159 791 165 769 165 28
780 160 759 160 793 167 772 167 18
783 169 761 169 795 177 773 177 19
777 176 757 175 791 183 769 183 31
781 180 761 180 795 187 773 187 29
777 208 755 208 791 217 768 217 54
778 236 755 237 793 247 769 247 5
775 253 751 253 791 265 764 264 8
775 268 743 267 793 283 763 284 8
778 277 743 276 793 291 759 291 12
777 272 745 273 795 287 759 287 11
783 54 771 54 797 59 779 58 347
785 107 763 107 799 111 777 111 66
783 111 762 110 797 115 775 115 39
785 116 763 116 799 121 776 121 63
785 123 762 122 799 127 776 127 58
785 128 762 128 799 133 776 133 63
786 139 764 139 801 145 778 145 74
787 149 765 149 801 155 778 155 39
783 153 761 153 797 159 774 159 29
785 161 763 161 799 167 777 167 34
783 168 762 168 797 175 776 173 16
784 171 764 171 797 179 776 178 25
787 179 766 179 801 187 779 187 15
783 178 763 177 797 185 776 185 19
786 216 762 216 801 225 776 225 52
787 253 755 255 801 267 776 265 9
785 259 753 259 797 271 768 271 10
785 263 757 262 801 275 769 275 14
780 267 751 267 799 281 767 281 9
791 37 781 37 803 41 795 41 341
795 62 775 61 805 67 794 66 379
797 70 775 69 807 75 784 75 338
789 103 766 103 803 107 779 106 104
789 136 766 135 803 141 780 141 51
790 156 768 155 805 163 782 161 24
789 187 763 186 803 195 781 195 28
791 185 769 184 805 193 788 193 30
788 211 764 211 803 221 778 221 58
788 218 764 218 803 227 778 227 36
789 251 764 249 807 261 778 262 8
786 276 754 276 805 291 771 291 12
802 21 788 19 813 23 799 21 182
798 30 787 33 809 35 798 37 286
795 128 772 128 809 133 786 133 87
794 134 772 133 809 139 785 139 62
796 138 773 137 811 143 787 143 50
797 147 775 147 813 153 789 153 100
798 144 775 143 813 149 789 149 73
798 153 775 152 813 159 791 159 132
794 149 771 149 809 155 785 155 41
798 157 775 156 813 163 789 163 83
800 206 775 206 813 215 787 214 50
795 218 770 218 811 227 786 227 38
797 239 769 237 811 247 785 247 4
793 239 768 239 809 251 783 250 6
796 252 768 253 811 265 781 264 10
789 268 760 269 809 283 777 283 8
803 18 788 19 815 19 800 17 174
807 27 791 27 819 31 803 30 167
807 34 792 34 819 37 803 36 169
802 124 779 124 817 129 799 128 132
802 138 779 137 817 143 793 142 64
803 141 781 141 819 147 795 147 74
802 155 779 155 817 161 794 161 36
804 163 781 164 819 171 796 170 59
804 170 781 170 819 177 796 177 63
801 244 777 244 819 255 793 255 15
797 262 770 260 815 273 786 273 9
795 267 767 267 815 281 782 281 11
793 299 767 300 819 319 787 319 277
811 19 795 18 823 21 807 20 80
813 24 797 23 825 27 809 26 79
808 86 786 85 823 89 800 88 86
809 94 786 93 823 97 800 96 82
808 100 785 99 823 103 800 103 91
809 106 787 107 825 111 801 109 84
808 111 785 110 823 115 800 115 97
806 113 784 113 821 117 798 117 82
808 135 785 135 823 141 799 141 62
809 153 787 152 825 159 801 159 54
809 159 786 158 825 165 802 165 81
809 168 786 168 825 175 801 174 97
809 179 787 179 825 187 802 187 65
809 185 787 185 825 193 802 193 39
817 43 794 43 831 45 809 44 124
813 79 791 78 829 81 806 81 50
816 84 795 83 831 87 808 86 141
816 88 793 87 831 91 808 91 67
812 103 789 103 827 107 804 107 96
811 109 789 109 827 113 804 113 88
811 124 788 124 827 129 803 129 61
812 126 789 126 827 131 803 131 63
811 134 789 134 827 139 804 139 57
813 134 791 134 829 139 806 139 76
811 151 788 151 827 157 803 157 92
813 155 790 154 829 161 806 161 105
814 187 792 187 829 195 807 195 51
816 185 793 185 831 193 808 193 31
812 214 787 214 829 223 806 224 9
812 249 785 248 831 261 803 261 12
811 247 781 247 829 259 802 259 13
809 260 781 260 829 273 799 273 23
809 265 779 264 831 279 797 278 11
821 27 805 26 833 29 817 29 34
819 48 797 47 835 49 812 48 78
819 65 797 64 835 67 812 66 24
818 80 795 80 833 83 810 82 50
820 90 797 89 835 93 812 93 63
817 93 795 93 833 97 810 96 73
821 117 798 117 837 121 813 121 53
821 130 797 130 837 135 813 135 100
819 211 792 210 833 219 805 220 11
816 229 790 230 833 239 809 238 6
819 244 793 244 837 255 808 255 9
816 247 790 247 835 259 807 259 15
815 246 789 246 833 257 806 257 11
817 260 790 260 835 273 805 273 7
815 274 782 275 837 289 802 290 7
827 65 804 65 843 67 820 66 40
825 76 802 75 841 79 818 78 55
825 81 803 80 841 83 818 83 97
827 121 804 120 843 125 820 125 53
824 128 801 128 841 133 817 132 65
822 132 800 132 839 137 815 137 81
823 137 801 137 839 143 816 142 76
826 137 804 137 843 143 820 143 75
826 143 804 143 843 149 820 149 70
823 148 801 147 839 155 815 154 97
826 159 804 158 843 165 819 165 71
823 155 801 157 839 161 815 160 112
826 176 803 176 843 183 819 183 103
822 180 800 180 839 187 816 187 60
821 251 795 251 839 263 812 263 23
821 255 793 255 839 267 810 267 12
829 61 806 61 845 63 821 63 39
832 77 810 77 849 79 826 79 81
829 82 806 82 845 85 822 85 74
828 97 805 98 845 101 821 101 94
828 107 809 105 845 111 825 109 157
830 113 807 113 847 117 823 117 52
828 109 805 109 845 113 821 113 104
828 132 806 132 845 137 821 137 86
832 138 810 137 849 143 826 143 82
828 145 805 145 845 151 821 151 96
832 143 811 144 849 149 826 149 85
828 149 805 149 845 155 821 155 64
833 156 810 156 849 163 826 162 61
829 164 806 164 845 171 822 171 92
832 164 810 164 849 171 826 170 75
828 187 806 187 845 195 822 195 37
828 226 801 225 847 235 820 236 9
826 244 800 243 845 255 817 255 11
829 264 800 263 849 277 817 278 15
831 271 801 271 849 283 817 282 21
840 17 824 16 853 19 836 18 56
842 31 825 30 855 33 838 32 69
839 29 823 28 853 31 836 30 74
842 41 825 40 855 43 838 42 91
836 75 813 74 853 77 829 77 76
836 82 813 83 853 85 830 85 85
834 101 812 101 851 105 828 104 55
834 132 812 131 851 137 828 136 67
836 145 814 146 853 151 830 151 71
834 176 812 176 851 183 828 183 46
836 242 810 241 855 255 828 255 8
834 244 808 244 853 255 826 255 26
836 251 809 251 855 263 827 263 26
834 258 806 258 855 271 825 271 23
824 321 776 321 855 345 802 345 163
845 25 828 25 859 27 842 26 77
839 71 816 71 857 73 833 72 86
842 74 818 76 859 77 835 77 53
840 81 817 81 857 83 834 82 65
842 84 819 84 859 87 835 87 51
844 94 821 94 861 97 838 96 98
840 97 817 97 857 101 833 101 48
843 119 820 118 861 123 837 122 55
839 122 816 122 857 127 833 127 75
839 138 817 137 857 143 833 143 155
839 158 817 158 857 165 834 164 93
840 168 818 168 857 175 834 174 90
842 174 820 174 859 181 837 181 132
840 172 818 172 857 179 834 179 102
840 185 818 185 857 193 835 193 34
841 224 815 223 861 233 834 235 9
839 232 813 232 859 243 831 242 12
837 247 811 247 857 259 829 259 9
841 249 815 249 861 261 834 262 9
839 257 811 256 859 269 829 269 15
837 260 809 260 859 273 828 273 19
843 256 813 257 861 269 831 269 23
836 264 805 263 857 277 825 277 16
837 268 802 267 859 281 824 281 30
832 283 798 283 857 299 821 300 15
831 301 789 301 859 321 813 321 28
829 305 786 305 857 325 810 325 33
827 338 775 337 857 363 800 362 115
847 119 823 118 865 123 841 122 48
847 125 824 124 865 129 841 129 55
847 143 824 143 865 149 841 148 63
845 159 823 158 863 165 840 164 94
848 168 826 168 865 175 843 175 95
846 172 824 172 863 179 840 179 115
846 185 825 185 863 193 842 193 20
843 215 817 215 865 225 832 225 16
844 233 816 235 863 245 836 245 14
844 267 813 269 867 283 834 284 15
839 285 803 285 863 301 825 302 14
839 288 800 287 863 305 825 305 11
834 294 796 294 863 313 821 312 35
839 307 795 307 867 327 820 327 34
834 310 790 310 863 331 815 331 86
831 335 778 333 863 361 808 362 174
852 59 829 59 869 61 845 61 64
855 99 832 99 873 103 849 103 55
855 98 832 98 873 101 849 101 71
854 117 831 117 873 121 848 121 39
853 126 830 125 871 131 847 130 80
853 149 831 149 871 155 848 155 65
855 160 832 160 873 167 850 166 88
851 167 828 166 869 173 845 173 58
852 179 830 180 869 187 847 187 48
853 187 836 187 873 195 849 194 15
852 185 831 185 869 193 848 192 30
854 219 829 221 873 229 846 229 10
853 244 822 244 873 255 846 255 16
849 240 821 238 869 251 841 251 11
849 263 821 264 873 277 841 277 18
849 262 819 262 871 275 839 275 11
846 267 816 268 869 281 840 282 12
839 329 788 329 873 355 817 355 229
860 31 837 29 877 31 854 30 88
862 39 840 40 879 41 856 41 63
861 67 841 65 877 69 856 68 156
861 75 839 74 879 77 855 76 50
858 77 835 76 875 79 852 78 47
859 98 836 98 877 101 853 101 62
860 105 837 105 879 109 854 108 71
859 113 835 113 877 117 853 116 90
861 134 838 133 879 139 855 138 108
860 143 838 143 879 149 855 149 87
859 145 836 145 877 151 853 151 84
859 153 836 153 877 159 854 159 81
861 155 838 155 879 161 856 161 71
857 157 834 156 875 163 852 162 68
857 174 835 173 875 181 852 181 53
853 260 823 260 875 273 845 273 18
851 267 819 267 875 281 842 281 12
851 271 820 271 875 285 844 285 14
851 274 817 274 875 289 840 289 12
847 303 803 303 875 323 826 323 47
848 307 805 307 877 327 830 327 50
844 315 798 315 875 337 826 338 77
841 325 792 325 877 351 821 351 124
842 331 792 331 877 357 820 357 127
864 35 842 35 881 37 858 36 74
866 82 844 83 885 85 861 84 59
865 90 842 90 883 93 860 92 80
863 96 840 95 881 99 857 98 86
862 107 839 107 881 111 856 110 93
862 109 839 109 881 113 857 112 74
862 126 839 126 881 131 858 130 124
866 138 843 137 885 143 861 142 107
865 145 842 145 883 151 860 150 100
862 149 840 149 881 155 858 155 89
866 160 843 160 885 167 861 166 65
865 172 843 171 883 179 861 179 48
865 180 845 180 883 187 861 188 48
864 177 842 177 883 185 860 185 52
864 191 844 189 881 199 861 197 11
863 229 836 230 883 241 856 240 7
864 243 838 243 885 255 858 255 8
862 247 836 247 883 259 855 259 12
861 246 834 246 881 257 854 257 11
863 255 837 256 885 267 856 268 20
856 265 826 265 881 279 848 279 12
853 291 817 292 883 309 843 310 11
853 288 817 288 881 305 840 305 8
870 67 847 67 889 69 865 68 51
871 71 847 70 889 73 865 72 54
872 77 849 76 891 79 867 78 46
870 79 847 79 889 81 865 80 51
870 104 847 103 889 107 865 106 53
868 107 844 107 887 111 862 111 71
870 117 847 116 889 121 865 120 155
868 115 846 114 887 119 863 119 86
870 136 848 136 889 141 866 141 100
870 143 848 143 889 149 866 149 115
870 149 847 149 889 155 865 155 78
868 176 846 175 887 183 864 183 46
872 182 852 180 891 189 869 188 20
872 187 850 186 891 195 868 194 12
873 193 854 190 889 199 870 198 11
865 253 840 253 887 265 858 266 11
851 336 799 336 887 363 828 363 144
878 84 855 84 897 87 873 86 74
878 90 854 89 897 93 873 92 84
876 111 853 111 895 115 872 114 104
877 145 854 145 897 151 873 150 96
876 161 853 161 895 167 871 166 50
877 162 854 162 897 169 873 169 60
878 190 859 191 895 199 877 198 20
875 214 856 214 893 223 873 223 25
871 243 845 242 893 255 865 255 15
874 247 848 247 897 259 869 259 11
867 272 835 273 893 287 858 287 14
884 105 859 105 903 109 879 108 131
879 113 856 112 899 117 875 116 87
883 123 860 122 903 127 879 127 119
882 137 858 135 901 141 877 140 80
883 149 861 149 903 155 880 155 68
879 153 856 153 899 159 875 159 63
879 157 856 156 899 163 875 163 65
883 155 861 154 903 161 879 161 81
885 190 861 190 903 197 879 197 40
883 216 862 215 899 225 879 225 26
877 227 851 227 899 239 872 237 10
877 244 851 244 899 255 872 255 12
879 249 853 249 901 261 873 261 15
880 253 854 253 903 265 875 265 23
879 260 849 260 903 273 873 273 25
892 19 871 17 909 19 889 19 323
887 78 864 78 907 81 883 80 126
889 105 863 104 909 109 886 109 286
887 140 864 139 907 145 883 144 116
885 141 862 141 905 147 881 146 95
887 147 864 147 907 153 884 153 94
885 168 862 168 905 175 881 175 66
887 180 866 180 907 187 885 187 49
883 273 849 272 909 287 873 287 26
879 276 845 276 907 291 871 291 18
870 335 822 335 909 363 851 363 127
890 136 867 135 911 141 887 141 115
885 268 854 269 913 283 877 283 16
890 276 857 276 919 291 883 291 19
883 315 837 315 921 339 868 338 39
882 329 830 329 921 355 865 355 43
880 336 828 336 921 363 862 363 89
902 140 879 139 923 145 906 146 136
895 252 862 252 923 263 887 264 30
894 269 861 269 923 283 887 282 29
887 308 843 309 925 331 876 330 33
899 243 863 244 929 255 890 254 16
901 259 866 259 931 275 894 276 36
899 275 864 275 929 291 891 291 15
894 311 847 309 931 333 876 331 40
908 215 873 215 939 225 901 225 25
905 212 870 211 935 223 897 223 27
905 218 870 217 935 229 897 229 18
908 232 873 231 939 245 901 246 23
907 247 872 246 939 257 901 257 17
904 274 869 274 935 289 897 289 15
900 297 864 298 939 315 900 315 13
897 300 857 301 937 321 889 320 9
894 322 846 322 935 347 881 347 36
895 327 845 327 937 353 881 353 38
895 329 845 329 937 355 881 355 41
924 146 904 145 945 151 924 152 42
911 186 876 185 941 195 903 194 36
910 212 875 213 941 223 903 223 22
910 219 875 218 941 229 903 229 18
914 245 879 244 945 257 907 256 18
910 270 874 270 941 285 903 285 28
913 285 875 286 945 301 903 301 13
905 299 871 297 945 315 898 316 11
928 138 906 137 949 143 927 142 34
916 239 883 241 947 253 912 254 29
918 285 882 284 951 301 912 301 17
937 40 915 39 957 41 935 40 39
936 71 914 70 957 73 935 73 15
935 206 915 207 957 215 935 215 13
921 237 887 237 953 249 915 249 14
922 275 887 276 955 291 916 291 12
915 291 877 291 953 309 912 309 18
916 305 874 305 953 325 908 327 17
915 321 867 321 957 345 905 346 36
912 327 862 327 955 353 898 353 36
941 50 919 50 963 51 940 51 24
938 61 916 60 959 63 937 62 10
941 65 920 65 963 67 940 67 8
938 125 915 123 961 129 937 127 53
941 120 920 119 963 125 941 123 30
936 122 914 121 959 127 935 125 36
936 132 913 132 959 137 934 136 49
941 142 920 142 963 149 941 149 32
937 160 913 160 959 167 935 166 26
935 197 913 199 959 207 932 206 12
939 193 918 194 961 203 940 203 11
930 221 895 221 961 233 924 233 17
932 225 898 227 963 235 927 235 13
927 247 887 247 959 261 920 261 9
928 252 892 252 963 267 922 266 8
923 271 887 271 959 287 919 287 11
929 275 892 276 963 291 923 291 43
927 281 891 279 961 297 922 297 32
928 284 893 285 963 301 922 301 22
927 288 889 288 961 305 920 305 22
925 288 887 288 959 305 917 305 16
921 317 871 316 961 341 906 339 19
946 23 924 22 967 23 945 21 68
949 38 924 38 969 39 942 39 30
943 51 921 51 965 53 941 52 13
944 77 920 77 969 79 938 80 15
944 81 918 80 969 83 941 83 15
946 113 925 115 967 117 945 116 74
945 117 924 119 967 123 945 123 77
943 149 922 149 965 155 943 155 24
935 220 901 220 967 231 931 231 17
933 233 899 233 967 245 929 245 13
933 241 899 240 967 253 929 253 11
936 244 900 244 969 257 931 257 9
930 259 894 260 965 275 925 275 6
934 265 897 265 969 281 929 280 6
934 273 897 273 969 289 927 288 7
930 277 893 277 965 293 925 293 12
930 281 893 281 965 297 925 298 23
952 75 926 75 975 77 948 77 15
948 193 928 194 973 203 948 203 15
948 209 925 208 971 217 947 217 16
951 206 930 207 975 215 952 215 12
940 222 906 221 973 233 936 233 18
941 247 903 247 975 261 936 261 11
940 263 902 262 975 277 934 278 8
937 268 901 270 973 285 933 285 7
934 304 886 304 971 325 920 324 10
935 315 888 315 975 337 924 338 17
928 318 879 321 973 343 919 345 13
958 35 936 34 981 35 958 34 36
955 44 929 45 977 45 954 44 28
952 79 933 78 979 81 951 81 19
959 95 935 94 981 99 957 97 49
957 160 934 160 981 167 960 167 20
955 200 933 200 979 209 955 209 13
944 264 905 263 979 279 939 278 13
959 23 937 22 983 23 959 22 60
960 37 937 36 983 37 960 36 41
960 64 937 65 983 67 960 65 11
960 69 937 68 983 71 959 70 14
960 111 937 110 983 115 960 114 60
961 145 939 141 985 149 962 149 39
959 166 937 166 983 173 960 172 20
963 185 941 186 987 195 964 194 10
959 193 936 193 983 201 960 201 9
951 226 915 225 985 237 947 237 15
954 229 918 228 987 239 949 238 9
948 229 913 229 983 241 944 240 6
949 252 915 253 987 267 946 265 7
950 277 914 277 987 293 948 293 9
946 310 900 310 985 331 939 332 12
967 155 944 155 991 161 968 161 23
965 166 942 166 989 173 966 173 30
968 203 945 203 993 211 970 211 15
965 201 942 200 989 209 966 209 12
965 212 943 212 989 221 966 221 18
956 231 920 231 991 243 953 243 10
953 242 917 242 989 255 950 255 10
956 244 919 244 991 257 953 257 6
957 261 918 260 993 275 953 275 7
953 277 916 277 989 293 950 293 7
951 287 911 287 991 305 947 305 23
950 335 897 334 993 363 943 363 72
973 41 949 40 997 41 973 40 24
974 51 951 53 999 53 974 51 22
974 116 950 117 999 121 975 120 49
974 123 951 122 999 127 975 127 25
972 200 948 200 997 209 973 208 9
959 234 923 234 995 247 956 246 6
963 243 926 241 999 255 960 255 10
961 238 925 238 997 251 958 251 7
955 267 921 267 995 283 955 282 14
957 281 917 280 997 297 955 297 13
960 293 919 293 999 311 956 312 15
956 319 907 319 999 343 944 343 15
978 45 955 44 1003 45 979 44 51
977 85 954 85 1003 89 978 87 43
978 119 955 118 1003 123 979 122 49
977 125 954 124 1003 129 979 128 45
980 122 956 122 1005 127 981 126 26
978 193 954 193 1003 201 978 201 14
973 193 952 193 1001 201 975 201 16
978 211 955 211 1005 217 981 217 15
970 220 934 220 1005 231 967 231 21
966 239 930 239 1003 251 964 251 9
968 246 931 246 1005 259 966 259 10
967 281 930 281 1005 297 965 297 10
964 277 927 278 1001 293 961 293 5
959 289 921 289 1003 307 956 307 18
958 303 920 304 1001 323 955 324 12
982 75 958 77 1007 79 983 77 30
983 102 960 99 1009 103 984 105 39
981 107 958 105 1007 109 982 109 39
982 141 959 142 1009 149 984 150 19
981 144 956 147 1007 151 982 151 19
983 154 959 153 1009 159 985 160 14
984 183 961 183 1011 191 986 191 22
973 227 938 227 1011 239 971 238 6
973 234 937 235 1011 247 972 247 9
968 239 933 241 1007 253 967 252 8
987 143 963 145 1013 151 988 150 18
989 154 965 153 1015 159 990 158 14
990 158 966 158 1017 165 992 164 17
986 162 962 162 1013 169 988 168 23
990 178 966 177 1017 185 993 185 32
990 183 966 183 1017 191 992 191 35
988 189 964 189 1015 197 990 196 31
990 191 966 191 1017 199 993 199 26
978 227 942 227 1015 239 976 239 9
975 240 939 240 1013 253 973 253 8
978 269 942 271 1017 287 977 285 7
979 286 942 287 1017 303 978 304 14
975 283 935 283 1013 299 973 300 14
971 287 934 287 1013 305 973 305 13
995 48 970 47 1021 49 996 47 55
994 66 970 65 1021 67 995 66 16
992 162 968 162 1019 169 994 168 24
992 182 968 182 1019 189 994 188 39
993 187 970 187 1021 195 996 195 28
996 184 972 184 1023 191 998 191 29
990 196 968 197 1019 205 995 206 14
981 245 947 245 1021 259 982 259 10
976 296 937 297 1019 315 973 315 18
1002 22 977 21 1029 21 1003 20 52
1002 69 976 69 1029 71 1003 70 19
1000 109 975 107 1027 111 1002 111 26
1001 112 976 111 1029 115 1004 114 24
1001 140 977 140 1029 145 1004 145 14
998 141 973 141 1025 147 1000 146 29
998 151 973 150 1025 155 1000 155 16
999 169 975 167 1027 175 1001 175 30
999 174 975 174 1027 181 1002 181 27
998 177 974 177 1025 187 1000 186 28
1001 183 977 183 1029 191 1003 190 22
995 207 969 211 1025 219 999 219 19
1001 206 976 205 1029 215 1004 215 12
998 212 974 212 1027 221 1001 221 16
1003 28 979 27 1031 27 1005 26 44
1006 44 981 42 1033 43 1007 42 54
1003 51 978 50 1031 51 1005 50 30
1007 70 982 69 1035 71 1009 70 22
1007 75 982 75 1035 77 1009 76 18
1007 111 982 111 1035 115 1009 114 26
1003 172 978 171 1031 179 1006 179 40
1002 203 978 202 1031 211 1006 210 8
1003 217 978 216 1031 225 1006 226 20
996 240 959 242 1035 255 996 255 14
991 246 955 246 1031 259 991 260 6
993 249 959 248 1035 261 997 261 8
1013 38 988 36 1041 37 1015 35 48
1009 53 984 52 1037 53 1011 52 25
1010 124 986 123 1039 127 1013 127 19
1010 153 985 153 1039 159 1013 158 10
1010 165 986 164 1039 171 1014 170 13
1008 160 983 160 1037 167 1011 167 9
1008 178 983 178 1037 185 1012 185 18
1008 192 983 192 1037 201 1011 200 8
1014 27 989 27 1043 27 1017 26 48
1014 134 989 134 1043 139 1016 139 14
1013 142 988 142 1043 147 1016 146 15
1013 168 988 167 1043 175 1017 174 11
1013 180 990 180 1045 187 1018 187 15
1004 240 969 239 1043 253 1006 251 15
1023 74 998 71 1053 75 1026 74 23
1019 144 993 144 1049 149 1023 148 14
1021 165 995 164 1051 171 1024 170 11
1022 170 995 170 1051 177 1025 176 13
1019 168 993 167 1049 175 1022 174 10
1022 174 997 173 1053 181 1026 180 13
1025 32 999 31 1055 31 1028 30 234
1028 95 1002 94 1059 97 1032 96 41
1026 142 1000 141 1057 147 1030 146 12
1024 139 998 138 1055 143 1027 143 16
1026 158 999 158 1055 165 1029 164 8
1026 172 1000 172 1057 179 1029 178 10
1026 182 1001 182 1057 189 1031 189 11
1024 178 998 178 1055 185 1028 185 10
1025 189 1000 189 1057 197 1030 196 11
1024 192 998 193 1055 201 1028 201 10
1015 239 984 242 1055 255 1015 256 15
1033 28 1007 27 1063 25 1036 24 181
1030 56 1004 55 1061 57 1034 56 136
1034 61 1008 60 1065 61 1038 60 152
1034 91 1008 90 1065 93 1038 92 47
1034 114 1008 113 1065 117 1038 116 116
1031 117 1004 117 1061 121 1034 120 52
1032 161 1006 160 1063 167 1036 166 8
1033 202 1005 201 1065 211 1037 209 8
1038 104 1012 103 1069 107 1042 106 58
1039 134 1013 134 1071 139 1044 138 20
1039 153 1012 151 1071 159 1044 158 10
1035 155 1010 154 1067 161 1040 160 7
1036 159 1009 158 1067 165 1040 164 13
1039 157 1013 157 1071 163 1044 163 7
1036 163 1008 162 1067 169 1040 168 7
1036 186 1011 185 1069 193 1043 192 13
1035 195 1010 195 1067 203 1041 203 8
1046 60 1020 60 1077 61 1050 60 211
1045 110 1019 109 1077 113 1050 112 48
1041 142 1016 141 1073 147 1047 146 17
1039 158 1015 159 1073 165 1046 165 14
1041 156 1017 156 1077 163 1050 162 10
1045 163 1019 163 1077 169 1051 169 15
1039 174 1014 175 1073 183 1044 181 7
1043 179 1017 179 1075 187 1048 186 7
1042 196 1017 195 1075 203 1048 203 6
1048 34 1022 33 1079 33 1052 32 174
1048 55 1022 54 1079 55 1052 54 218
1050 147 1024 147 1083 153 1056 152 13
1048 153 1023 153 1081 159 1054 158 17
1050 170 1023 169 1083 177 1055 176 11
1046 191 1021 192 1081 201 1053 200 11
1048 199 1019 199 1081 207 1050 206 19
1057 74 1031 73 1089 75 1062 74 55
1057 83 1031 82 1089 85 1062 84 45
1053 85 1027 84 1085 87 1058 86 46
1057 95 1031 94 1089 97 1063 96 48
1059 114 1033 113 1089 115 1062 114 85
1056 117 1031 117 1089 121 1062 120 47
1054 180 1027 178 1087 187 1060 186 10
1054 184 1027 183 1087 191 1059 191 8
1055 188 1028 187 1089 195 1061 195 10
1061 21 1035 20 1093 19 1066 18 150
1061 25 1035 24 1093 23 1066 21 66
1059 59 1033 58 1091 59 1064 58 45
1061 87 1035 86 1093 89 1062 91 68
1062 147 1036 147 1095 153 1070 152 12
1060 147 1032 148 1093 153 1065 152 11
1059 157 1033 156 1093 163 1064 161 6
1058 163 1032 162 1091 169 1065 169 15
1057 166 1032 166 1091 173 1063 173 19
1059 168 1033 168 1093 175 1067 175 10
1066 67 1039 66 1099 67 1072 66 35
1068 103 1041 102 1101 105 1074 104 18
1069 76 1042 75 1103 77 1075 76 34
1068 189 1041 190 1103 197 1075 196 14
1076 33 1053 32 1111 31 1083 30 115
1076 63 1048 62 1111 63 1082 62 56
1076 66 1047 65 1111 67 1082 66 50
1075 70 1048 69 1109 71 1081 70 47
1075 102 1049 102 1109 105 1082 104 44
1079 145 1053 145 1113 151 1087 149 32
1077 167 1053 165 1111 175 1083 175 10
1079 89 1052 88 1115 91 1085 89 35
1081 147 1056 147 1115 153 1089 152 27
1085 173 1063 173 1119 181 1091 181 19
1090 110 1065 109 1125 113 1098 112 82
1090 155 1066 156 1125 161 1099 161 31
1090 173 1065 172 1125 179 1102 178 16
1096 29 1072 27 1131 27 1105 25 100
1096 119 1071 119 1131 123 1105 122 87
1094 125 1069 124 1129 129 1103 128 72
1092 130 1066 129 1127 135 1101 134 81
1092 137 1066 137 1127 141 1100 141 73
1097 163 1071 162 1131 169 1106 168 33
1101 35 1076 34 1135 33 1110 33 157
1099 93 1070 92 1133 95 1106 94 73
1099 139 1072 139 1135 143 1108 143 170
1099 159 1073 158 1135 165 1108 164 18
1099 165 1074 165 1135 173 1109 171 10
1104 125 1078 124 1139 129 1113 128 96
1105 129 1080 128 1141 133 1115 132 103
1107 131 1082 130 1143 135 1117 134 89
1103 143 1077 143 1139 149 1113 147 106
1109 91 1084 90 1145 93 1119 92 126
1109 125 1084 124 1145 129 1119 128 78
1109 150 1084 149 1145 155 1119 154 91
1115 70 1089 70 1151 71 1125 70 138
1118 189 1093 189 1155 197 1129 195 13
1124 28 1099 27 1159 27 1133 26 203
1123 100 1101 99 1157 103 1131 102 596
1120 129 1095 128 1157 133 1131 132 258
1120 135 1096 134 1157 139 1131 138 161
1121 153 1096 153 1157 159 1133 159 190
1128 65 1104 64 1165 65 1143 65 694
1135 91 1111 90 1171 93 1146 92 413
1137 127 1113 128 1173 133 1148 131 246
1137 135 1113 134 1173 139 1148 138 254
1131 165 1102 164 1169 171 1143 171 116
1141 97 1117 95 1177 99 1152 97 297
1139 122 1115 121 1175 125 1150 124 199
1139 142 1115 143 1175 149 1151 147 203
1145 85 1123 84 1181 87 1156 86 150
1148 89 1125 88 1185 91 1160 90 94
1146 117 1122 117 1183 121 1155 120 235
1148 128 1125 128 1185 133 1160 132 120
1147 135 1124 134 1185 139 1160 138 140
1154 91 1130 91 1191 95 1166 96 91
1154 107 1130 108 1191 113 1166 115 125
1150 146 1126 145 1187 151 1162 150 337
1150 156 1125 155 1187 161 1163 161 246
1168 142 1144 142 1207 147 1182 146 221
1172 137 1148 133 1211 141 1186 141 195
1181 134 1158 134 1221 139 1196 138 209
1185 105 1161 104 1225 107 1200 106 155
1185 142 1161 141 1225 147 1200 146 250
