57 230 19 229 21 233 15 233 1e+07
96 259 56 258 61 265 18 264 24
105 302 65 301 69 311 24 310 120
108 87 69 87 75 81 33 82 106
107 230 68 229 73 233 31 232 100
105 270 66 269 71 277 28 275 97
112 73 73 73 79 63 36 64 221
112 86 73 86 79 77 37 75 160
114 121 75 121 81 119 39 120 229
113 189 74 189 79 187 37 187 229
113 207 74 203 79 207 37 209 217
113 209 74 210 79 213 37 211 143
113 220 74 219 79 221 37 221 150
115 237 76 237 81 241 38 241 184
111 263 72 260 77 267 34 265 62
117 79 78 79 85 69 42 70 155
120 154 81 153 87 151 44 150 89
118 190 79 188 85 189 42 190 208
120 211 81 212 87 213 44 211 115
117 218 78 218 83 221 41 221 151
120 309 80 308 85 319 41 318 78
122 219 83 219 89 221 46 221 144
126 245 86 245 91 251 50 250 33
125 289 84 286 89 295 46 294 49
131 180 92 182 99 181 57 182 72
130 251 93 251 99 257 58 257 20
132 303 93 303 99 313 56 312 99
135 182 96 182 103 181 61 181 136
134 187 96 187 103 187 61 187 149
136 300 96 299 103 309 60 308 86
142 72 103 72 111 61 69 62 108
139 69 101 70 109 59 67 60 206
138 76 98 74 107 65 64 64 79
141 172 103 172 111 171 70 171 85
139 176 100 176 107 175 65 175 106
140 204 101 205 109 205 66 207 155
139 204 100 205 107 207 65 207 142
142 224 104 224 111 227 69 226 195
143 261 104 260 111 267 69 267 16
139 263 101 263 107 269 65 269 16
142 269 103 268 109 273 68 273 16
145 87 106 88 115 79 73 80 167
145 93 106 94 115 85 74 85 172
143 149 105 149 113 145 72 143 109
145 169 107 169 115 167 74 167 68
145 180 108 179 113 179 71 178 269
146 199 108 197 115 199 72 199 141
148 199 109 198 117 199 75 198 264
144 206 105 206 113 207 71 206 168
144 220 106 220 113 223 71 222 164
148 261 110 261 117 267 75 266 14
144 296 108 295 115 305 72 304 73
146 302 106 301 113 311 70 310 85
148 95 110 95 119 87 78 88 126
152 107 114 108 123 101 82 100 125
152 116 114 117 123 111 82 109 127
152 121 114 123 123 117 82 117 108
152 128 114 128 123 123 82 124 135
148 132 110 133 119 125 78 123 123
153 141 114 139 123 135 81 135 135
148 161 111 162 119 159 78 159 102
153 164 114 163 123 161 82 161 134
151 165 112 165 121 163 80 163 86
150 171 112 170 121 169 80 169 106
153 189 116 189 123 189 84 189 89
153 244 115 244 123 249 81 249 22
151 240 112 240 121 245 78 244 25
151 283 113 283 121 291 79 291 17
154 287 115 286 123 295 80 294 21
154 84 115 84 125 75 83 76 211
155 137 118 138 127 133 86 133 99
154 144 116 145 125 141 85 141 136
155 148 118 148 127 145 87 145 114
153 158 116 157 125 155 81 155 275
155 162 118 161 127 159 87 159 97
154 167 116 167 125 165 84 165 83
156 171 119 170 127 169 86 169 94
159 179 119 179 127 179 87 178 273
157 200 118 200 127 201 84 201 68
158 237 117 236 127 241 86 241 64
157 243 118 242 127 247 85 247 36
154 298 117 297 125 307 81 306 80
156 305 117 305 125 315 83 314 83
159 115 122 114 131 109 91 110 75
159 123 121 123 131 117 91 117 124
160 124 123 125 133 119 93 119 135
159 133 122 134 131 129 91 130 111
161 131 124 131 133 127 93 127 154
161 141 123 141 133 137 93 137 116
161 156 124 156 133 153 93 153 100
163 243 125 242 133 247 92 247 31
162 253 123 253 133 259 90 258 21
165 261 125 260 135 267 93 266 14
164 283 126 283 135 291 93 291 22
161 300 123 299 131 309 90 308 45
163 303 124 303 133 313 91 312 77
161 305 123 305 131 315 89 314 68
163 67 125 67 137 57 81 57 59
165 97 127 101 137 93 97 95 106
164 137 127 137 137 133 97 133 82
166 139 129 139 139 135 99 135 122
164 145 127 145 137 141 97 141 120
166 154 129 154 139 151 99 151 165
165 162 127 161 137 159 97 159 66
170 203 131 203 141 205 99 203 134
170 218 131 218 141 221 99 221 265
174 121 136 119 147 115 107 115 217
170 124 132 124 143 119 103 119 176
174 126 136 127 147 121 107 122 217
174 137 136 137 147 133 106 133 220
170 141 133 141 143 137 103 137 181
172 161 134 161 145 159 105 159 106
173 179 134 179 145 179 104 179 297
171 195 132 195 143 195 101 195 138
173 195 134 195 145 195 103 195 144
171 215 133 217 143 219 101 219 118
176 214 137 213 147 215 105 216 112
172 222 134 221 143 225 101 225 151
176 244 137 244 147 249 105 249 27
172 269 133 268 143 275 101 275 34
172 272 134 272 143 279 101 279 21
180 73 141 73 153 63 111 64 213
177 84 140 84 151 75 110 76 173
180 128 142 128 153 123 111 124 264
180 161 142 161 153 159 111 159 319
176 163 138 163 149 161 108 161 174
176 172 138 172 149 171 108 171 157
177 235 139 235 149 239 108 238 47
180 252 140 251 151 257 109 257 22
177 255 139 255 149 261 107 260 28
182 289 144 288 153 297 111 296 38
179 285 140 284 151 293 109 292 22
182 80 143 80 155 71 113 72 310
182 87 143 88 155 79 113 79 115
182 169 144 170 155 169 113 169 170
187 250 148 249 159 255 117 255 39
183 246 145 247 155 251 113 251 51
184 265 145 264 155 271 113 270 33
187 263 148 262 159 269 115 268 23
186 272 148 271 159 279 117 278 29
183 274 144 273 155 281 112 280 39
183 283 144 282 155 291 113 291 37
187 295 149 294 159 303 117 302 37
189 174 151 174 163 173 120 173 221
192 246 155 246 165 251 123 250 34
190 282 152 282 163 291 121 290 38
198 178 159 178 171 177 127 177 66
197 185 157 185 171 185 129 185 55
194 237 156 236 169 241 127 240 31
196 255 158 255 169 261 127 261 26
194 261 155 260 167 267 125 267 28
196 296 157 295 169 305 127 304 87
197 308 156 307 167 319 120 319 38
198 313 155 312 167 325 120 324 47
200 174 164 174 175 173 129 173 82
203 181 164 181 177 181 135 181 62
201 189 163 189 175 189 134 189 41
201 185 166 185 177 185 135 185 48
203 191 165 191 177 191 136 191 56
203 229 164 229 177 233 133 233 27
203 270 165 270 177 277 135 278 30
208 159 170 159 183 157 142 157 200
206 235 167 235 179 239 136 239 38
209 252 170 251 183 257 142 257 41
209 275 171 275 183 283 141 282 34
209 292 171 291 183 301 141 300 99
207 292 169 292 181 301 139 300 82
209 303 169 302 181 313 135 312 63
211 74 173 74 187 65 146 66 210
209 81 171 83 185 73 144 71 92
213 87 175 87 189 79 148 79 101
211 89 173 89 187 81 146 81 121
213 107 175 107 189 101 148 100 197
213 112 175 111 189 105 149 104 309
213 121 175 120 189 113 149 111 288
213 128 175 127 189 123 149 122 312
212 129 173 131 187 127 147 125 288
211 164 174 163 187 161 147 161 264
209 174 172 174 185 173 144 172 125
211 174 174 174 187 173 147 173 213
213 181 175 181 189 181 147 181 133
209 191 171 191 187 191 144 191 46
215 227 177 227 189 231 148 231 31
213 227 175 227 187 231 145 231 26
213 234 175 233 189 237 148 237 40
214 309 174 308 185 321 139 320 43
217 87 179 87 193 79 152 79 191
219 93 183 93 195 85 155 85 122
215 113 180 113 193 107 156 107 380
215 131 182 130 195 127 159 127 241
214 134 180 135 193 131 156 132 293
214 157 180 159 193 157 157 158 341
216 163 182 163 195 161 158 161 248
217 174 181 174 195 173 158 173 161
219 185 181 185 195 185 154 185 87
217 231 178 231 191 235 149 235 24
215 265 178 264 191 271 151 271 63
219 287 182 286 195 295 155 294 61
219 299 179 299 193 309 151 308 30
219 73 181 73 199 65 154 64 146
219 103 183 103 199 97 160 97 186
218 110 185 111 199 105 163 106 313
221 116 187 116 201 111 164 111 269
219 146 185 143 199 143 162 141 153
220 158 185 160 199 157 162 158 180
217 191 181 191 197 191 155 191 47
219 239 183 238 197 243 156 243 50
222 241 186 240 199 245 160 245 28
223 278 187 278 201 285 162 285 79
225 118 191 118 205 113 168 113 89
223 163 189 163 203 161 166 161 156
229 239 193 238 207 243 169 242 40
226 257 189 257 203 263 165 262 73
225 267 190 265 203 273 164 273 91
229 77 193 77 209 69 169 69 97
230 108 196 109 211 103 174 103 158
228 108 193 108 209 103 172 103 93
232 117 198 116 213 111 176 111 101
228 116 194 116 209 111 173 112 178
229 155 195 157 209 155 173 153 132
232 174 199 174 213 173 176 173 87
233 181 201 181 209 181 175 181 138
233 185 198 185 213 185 175 185 102
231 269 197 269 211 275 174 275 99
233 287 198 287 211 295 172 295 42
236 292 198 292 213 301 171 300 45
236 306 194 306 209 317 165 316 32
235 259 203 257 217 263 180 263 85
239 284 205 283 219 291 181 291 27
244 299 205 298 219 309 175 309 27
241 178 208 177 223 177 187 177 85
243 176 210 176 225 175 189 175 99
241 181 208 181 223 181 187 181 91
239 185 206 185 221 185 185 185 88
241 187 208 187 223 187 187 187 126
241 241 211 239 221 245 186 246 23
247 240 215 239 229 243 194 243 11
248 242 217 242 231 245 197 245 12
247 247 217 247 231 251 196 249 17
252 291 214 290 231 299 188 299 25
251 243 219 245 235 247 199 249 11
257 219 223 219 243 221 208 221 32
253 225 224 224 239 227 203 227 58
254 245 223 245 239 249 203 250 16
256 271 225 270 239 277 205 276 28
266 308 225 307 243 319 199 318 30
262 226 225 228 247 229 214 230 48
261 259 231 262 247 267 214 267 19
264 268 234 267 249 273 215 273 41
268 225 233 225 253 227 221 227 63
268 245 239 243 253 249 221 248 18
269 249 240 248 255 253 222 252 14
267 252 235 252 251 257 220 256 19
269 278 235 278 251 285 216 284 42
270 215 240 215 257 217 225 217 36
275 276 245 274 261 281 226 281 37
280 289 241 289 261 297 221 297 29
281 294 243 294 261 303 220 303 25
275 215 245 215 263 217 231 217 23
279 235 248 237 265 241 234 241 19
278 252 249 249 267 255 234 253 46
276 268 248 267 263 273 233 272 58
284 100 256 100 273 95 243 95 285
284 111 256 112 273 107 243 109 249
281 123 252 127 269 121 239 119 187
284 129 256 126 273 125 243 126 123
284 139 256 139 273 137 243 137 146
284 147 256 147 273 145 243 145 275
285 213 256 213 273 215 243 215 24
282 219 251 219 269 221 237 221 29
284 229 256 229 273 229 241 231 44
285 269 255 269 271 275 239 275 34
288 286 253 285 271 293 232 293 30
289 290 253 290 271 299 233 298 32
291 295 249 295 269 305 227 304 40
289 303 249 302 269 313 224 313 23
286 103 258 104 275 99 245 99 232
288 136 261 136 277 133 249 133 255
286 145 258 145 275 143 245 143 173
287 211 259 211 279 213 247 211 115
287 219 259 219 275 221 243 221 85
288 238 261 237 277 241 247 241 101
291 262 263 262 279 267 249 267 42
293 273 262 272 279 279 245 279 30
297 292 260 292 279 301 240 301 39
290 105 263 105 281 101 252 101 274
294 130 268 130 285 127 257 127 77
292 145 265 145 283 143 253 143 116
292 151 265 151 281 149 251 149 92
293 221 267 221 281 223 253 223 40
293 240 268 239 283 243 256 242 86
295 246 270 245 285 249 257 249 89
292 255 265 255 281 259 253 259 50
292 259 259 257 281 263 251 263 56
296 277 264 276 281 283 248 283 26
302 295 266 295 285 305 243 305 22
303 299 266 299 285 309 239 308 30
293 100 271 102 287 97 255 96 140
298 107 272 107 289 103 262 103 114
296 137 270 137 287 135 259 135 138
300 147 274 147 291 145 264 145 166
299 211 271 211 287 213 259 213 29
303 215 274 215 291 217 262 217 58
299 260 267 262 287 265 248 263 90
303 279 271 278 291 285 255 285 30
304 151 278 151 295 149 268 149 237
304 218 278 218 293 221 266 220 76
303 257 277 256 293 261 265 261 64
314 295 276 295 297 305 255 305 29
315 309 275 308 295 321 251 320 30
311 211 287 211 303 213 277 213 61
307 217 282 216 299 219 273 220 126
307 228 283 227 299 231 273 231 174
311 252 287 251 303 255 277 255 60
309 260 282 260 299 265 270 264 55
311 269 281 269 299 275 267 275 23
310 273 281 272 299 279 266 279 33
315 276 284 276 301 283 268 283 23
314 289 279 288 299 297 259 296 39
316 142 292 143 309 141 284 142 114
313 232 289 229 305 233 279 231 98
318 251 293 251 309 255 283 255 79
319 256 292 257 309 261 282 261 70
317 275 287 274 305 281 277 282 44
319 30 295 30 313 23 287 23 245
320 115 296 114 313 111 288 111 324
318 112 294 112 311 109 286 109 232
315 135 293 137 311 135 287 133 143
320 141 296 141 313 139 288 139 116
318 147 294 147 311 145 286 145 160
323 151 298 150 315 149 290 149 196
318 152 294 152 311 151 286 151 129
320 229 297 228 313 231 288 231 225
319 262 293 262 311 267 281 267 61
322 271 292 271 311 277 278 277 30
327 274 295 274 315 281 281 281 36
323 282 291 281 311 289 276 288 25
327 280 295 280 315 287 280 287 31
327 295 290 295 311 305 270 305 28
325 303 285 303 311 311 268 311 33
333 311 291 310 315 323 270 322 72
322 111 301 112 319 109 294 109 261
323 132 301 133 317 131 294 131 123
322 146 298 146 319 145 291 145 208
325 150 303 150 321 149 297 149 138
323 154 299 154 317 153 293 153 124
324 230 301 230 317 233 293 233 201
326 234 303 235 319 237 296 236 145
330 242 302 244 319 247 295 247 157
327 253 303 253 319 257 293 257 59
337 303 297 302 321 313 276 313 28
328 114 306 114 323 111 299 111 198
330 148 308 148 325 147 302 147 215
330 154 309 154 325 153 302 153 175
329 246 306 246 323 249 299 249 73
332 266 305 266 323 271 292 271 24
334 271 305 271 323 277 290 277 36
337 280 303 280 325 287 291 286 30
339 287 305 286 325 295 289 294 32
341 292 304 292 327 301 287 301 34
341 295 303 295 325 305 284 305 27
339 303 300 302 323 313 281 313 45
343 327 316 328 323 343 293 344 209
334 41 312 41 329 35 306 35 68
343 237 320 238 335 241 314 241 49
340 244 319 244 335 247 313 246 60
343 250 320 249 337 253 312 253 52
344 262 316 262 335 267 306 267 29
351 299 313 298 337 309 294 309 40
348 129 329 131 345 127 325 129 103
348 145 328 145 345 143 324 143 46
348 172 329 173 345 173 325 173 148
349 219 330 219 345 221 325 221 88
349 225 329 225 345 227 325 228 84
348 251 323 251 341 255 315 255 38
349 266 323 265 341 271 310 271 22
351 271 322 270 341 277 311 276 25
351 280 315 281 341 287 307 287 35
355 290 320 290 343 299 305 299 38
353 292 318 291 341 301 299 301 44
355 297 316 297 341 307 299 307 38
351 28 332 29 349 23 328 23 206
350 125 330 125 347 123 327 123 113
354 127 335 127 351 125 331 125 219
350 131 330 129 347 129 326 129 112
352 162 333 161 349 161 329 161 100
352 172 333 170 349 171 329 169 101
354 177 335 177 351 177 332 177 123
353 181 333 181 349 181 329 181 110
350 183 331 183 347 183 327 183 68
349 218 332 217 347 219 327 219 62
353 221 333 221 349 223 329 223 105
354 219 335 219 351 221 331 221 141
354 225 335 226 351 227 330 228 160
354 239 336 238 351 241 331 241 63
356 250 334 249 351 253 327 253 58
353 252 330 251 347 255 323 255 30
355 256 330 255 349 259 323 259 36
360 271 331 271 351 277 320 277 29
361 280 330 279 351 287 315 287 36
359 71 340 71 357 69 338 67 321
356 85 337 85 353 81 334 82 156
359 82 340 79 357 79 338 80 402
359 94 340 97 357 93 338 93 245
356 123 337 123 353 121 333 121 82
356 125 337 125 353 123 333 123 132
356 130 337 131 353 129 333 130 193
359 168 341 167 357 167 338 167 210
359 177 341 177 357 177 338 177 171
359 183 342 183 357 183 338 183 97
354 185 335 185 353 185 334 185 68
359 231 342 231 357 233 339 231 183
361 242 339 242 357 245 334 245 65
362 248 338 247 357 251 333 251 56
363 284 331 283 353 291 317 291 25
365 284 332 283 355 291 318 291 30
361 66 342 66 359 63 340 63 385
363 70 344 70 361 67 342 67 302
364 79 348 80 363 77 348 77 399
361 103 343 103 359 101 340 101 189
366 140 348 140 363 139 345 139 180
361 142 343 142 359 141 340 141 206
363 148 349 148 363 147 347 147 212
361 148 343 148 359 147 340 147 222
361 169 343 170 359 169 340 169 322
363 175 349 177 363 177 348 177 99
360 187 342 187 359 187 338 187 54
365 229 348 229 363 231 345 231 102
363 233 346 233 361 235 342 235 90
368 257 344 256 363 261 336 261 36
366 255 342 254 361 259 335 258 27
366 263 341 262 361 267 330 267 35
371 267 341 267 361 273 331 273 27
365 264 341 263 359 269 329 269 27
371 271 341 271 363 277 330 277 32
365 64 348 64 365 61 347 61 284
368 66 354 66 369 63 354 63 224
367 99 352 99 367 97 352 97 219
369 142 355 142 369 141 354 141 145
367 172 353 171 367 171 352 172 63
367 183 353 183 367 183 352 183 89
368 202 352 202 367 203 351 203 112
370 223 354 223 369 225 352 225 208
369 235 351 235 367 237 348 237 76
366 239 349 238 365 241 345 241 55
375 251 351 251 369 255 346 254 20
380 294 344 293 369 303 329 303 54
381 333 352 332 369 345 336 344 55
371 93 356 95 371 93 356 94 141
371 148 357 148 371 147 356 146 85
373 179 359 179 373 179 358 179 56
371 185 357 185 371 185 356 185 95
373 200 358 200 373 201 357 201 177
374 203 358 202 373 203 357 203 198
374 217 358 219 373 217 357 215 186
377 235 360 234 375 237 356 237 65
377 270 349 269 371 275 339 275 28
380 274 349 274 371 281 339 281 32
384 290 345 292 371 301 333 300 58
380 24 366 25 381 19 359 20 358
378 219 363 220 377 221 362 221 151
382 238 362 238 379 241 359 241 53
383 247 361 247 379 251 357 250 42
385 256 360 256 379 261 353 260 25
386 262 359 262 381 267 351 267 38
388 267 360 267 381 273 351 273 30
388 281 355 281 379 289 344 288 64
390 295 353 295 379 305 341 304 63
382 31 368 30 383 27 369 28 166
382 39 368 39 383 35 368 35 104
386 70 372 70 387 67 372 67 186
386 107 372 106 387 105 372 105 205
386 103 372 102 387 101 373 101 161
383 110 372 112 385 109 369 108 132
386 142 373 141 387 141 373 141 85
386 149 373 150 387 149 373 150 131
383 178 370 178 383 179 368 179 66
386 188 373 187 387 187 373 188 100
383 185 369 185 383 185 368 185 86
385 200 371 200 385 201 371 201 101
383 222 369 221 383 223 367 223 162
387 220 373 220 387 221 373 221 158
386 233 368 233 385 235 366 235 72
389 240 370 240 387 243 367 243 149
387 251 363 251 383 255 358 255 66
394 270 365 270 387 277 355 277 51
395 281 362 281 387 289 351 289 86
389 67 376 68 391 65 377 65 202
388 72 374 72 389 69 373 68 210
390 77 376 78 391 75 377 75 204
390 97 376 99 391 97 377 99 244
390 104 376 104 391 103 377 103 230
390 111 377 111 391 109 377 109 177
392 117 378 116 393 115 379 115 175
388 139 375 142 389 141 375 140 132
390 148 377 148 391 147 377 149 218
388 165 375 163 389 163 375 165 239
388 175 375 176 389 175 375 176 264
388 187 375 187 389 187 375 187 132
392 196 379 196 393 197 379 198 219
388 201 375 200 389 201 375 201 85
388 203 375 202 389 203 375 203 80
391 236 373 236 389 239 370 239 123
395 253 370 253 391 257 365 257 54
397 260 369 260 391 265 364 264 72
398 266 371 265 393 271 363 271 39
401 281 369 281 393 289 358 289 73
399 285 366 284 391 293 355 293 105
397 32 384 29 399 27 386 27 339
395 61 382 62 397 59 383 59 262
393 66 380 66 395 63 381 63 207
394 73 380 74 395 71 381 71 233
395 87 383 89 397 85 384 84 240
394 117 381 116 395 115 381 115 205
394 148 381 147 395 147 382 147 338
397 145 385 145 399 145 386 145 192
395 149 383 149 397 149 384 149 251
396 173 384 173 397 175 384 175 247
394 185 381 185 395 185 381 186 203
394 196 381 196 395 197 381 198 156
399 255 375 254 395 259 370 259 27
402 258 376 258 397 263 370 263 46
403 292 369 292 395 301 358 301 76
405 296 370 296 397 305 359 305 66
408 302 383 302 399 313 370 314 65
400 29 388 29 403 29 391 29 199
399 33 386 37 401 33 388 34 412
399 49 387 50 401 49 389 47 362
401 64 389 63 403 61 391 61 349
399 83 387 83 401 81 389 82 200
399 85 387 85 401 83 389 84 201
401 113 389 114 403 111 391 113 283
401 147 390 147 403 147 391 147 244
403 149 392 149 405 149 393 149 337
401 165 390 165 403 165 391 165 309
399 163 388 159 401 161 389 159 339
401 175 390 173 403 175 391 175 242
405 229 385 229 403 231 382 231 129
407 231 387 231 405 233 384 233 75
405 244 384 244 403 247 382 247 102
406 251 383 251 403 255 378 255 49
409 259 384 258 405 263 378 263 74
410 279 379 279 403 287 370 286 90
412 289 378 289 405 297 369 297 61
405 25 393 25 407 23 395 23 269
408 28 397 28 411 25 399 26 230
408 37 397 38 411 35 400 35 300
406 65 396 65 409 63 398 64 251
404 67 393 67 407 65 396 65 285
406 71 395 70 409 69 398 69 177
408 75 398 75 411 73 401 74 134
405 78 393 75 407 75 395 73 169
407 110 393 109 409 109 395 111 323
405 128 394 128 407 127 396 127 117
405 145 394 145 407 145 396 145 240
407 147 396 147 409 147 398 147 179
408 151 398 151 411 151 401 151 343
405 159 394 159 407 159 396 159 264
407 155 396 155 409 155 399 155 250
405 173 394 173 407 175 395 176 185
408 183 399 183 411 183 401 183 364
409 225 389 225 407 227 386 226 71
409 238 389 238 407 241 387 241 67
412 265 384 265 407 271 377 271 69
416 287 383 287 409 295 374 295 60
419 309 398 310 409 321 390 319 32
426 340 374 340 411 361 353 361 22
412 29 401 30 415 27 404 28 112
410 41 400 41 413 39 403 38 322
413 57 404 57 417 55 407 56 139
409 70 400 71 413 69 403 70 123
411 73 402 73 415 71 405 72 277
411 87 402 87 415 89 406 91 262
412 95 403 95 415 95 406 94 276
410 102 400 101 413 101 403 101 324
412 105 403 105 415 103 405 102 296
412 130 402 129 415 129 405 129 167
414 139 405 140 417 139 408 138 100
414 163 405 164 417 163 408 163 219
414 173 405 173 417 173 408 172 288
416 204 397 203 415 205 394 205 303
417 225 397 225 415 227 397 227 89
414 240 395 240 413 243 392 243 127
417 262 391 261 413 267 385 266 78
422 276 392 276 417 283 385 283 63
419 28 410 29 423 27 413 28 42
415 41 406 44 419 41 409 42 144
415 49 406 51 419 49 409 49 121
420 51 410 51 423 49 413 49 172
415 55 406 55 419 53 409 54 249
418 59 409 59 423 57 414 57 75
416 77 407 75 419 77 410 75 88
416 86 406 86 419 85 410 85 203
419 90 413 90 423 89 416 89 201
419 102 411 101 423 101 414 101 387
419 142 412 145 423 143 416 144 147
418 175 409 175 421 175 412 174 287
418 177 409 176 421 177 412 177 291
420 181 412 180 423 181 415 181 324
416 183 407 183 419 183 410 183 361
424 211 404 211 423 213 402 213 153
422 217 402 217 421 219 400 219 79
425 244 402 244 423 247 401 247 72
423 253 400 252 421 257 396 257 106
426 258 401 258 423 263 396 263 87
427 271 399 271 423 277 393 277 70
425 281 396 280 421 287 387 288 51
428 294 391 293 419 303 380 305 32
421 82 411 82 425 81 419 81 386
424 86 417 86 429 85 422 85 137
425 115 418 115 429 115 423 115 836
425 137 418 136 429 137 422 137 123
425 143 418 143 429 143 422 142 86
423 161 416 160 427 161 420 160 204
423 177 416 177 427 177 419 177 349
423 185 407 185 427 185 409 185 617
428 211 408 211 427 213 406 213 146
430 207 410 207 429 209 408 209 252
430 217 410 217 429 219 408 219 79
426 215 406 215 425 217 404 217 113
429 247 407 247 427 251 404 251 87
429 253 405 253 427 257 402 257 97
431 273 403 273 427 279 397 279 52
433 271 405 271 429 277 401 276 45
438 19 425 21 435 19 431 20 11
429 82 422 82 433 81 426 81 133
430 85 424 86 435 85 428 85 117
431 112 424 111 435 111 429 112 373
430 119 424 119 435 119 428 119 468
427 158 420 159 431 159 424 159 108
431 163 425 163 435 163 429 163 203
427 165 421 165 431 165 425 165 215
432 190 418 190 433 191 418 191 446
434 190 420 190 435 191 420 191 388
433 200 415 201 433 201 415 203 408
431 203 413 204 431 205 412 205 241
436 211 416 211 435 213 414 213 139
435 238 414 237 435 241 415 241 88
432 244 410 244 431 247 408 247 102
433 249 411 249 431 253 407 253 79
438 266 412 266 435 271 407 271 61
441 291 400 291 433 303 395 303 13
445 28 435 28 439 27 431 27 15
442 32 428 32 437 31 425 31 16
436 92 430 91 441 93 435 93 118
436 109 431 109 441 109 436 110 286
436 123 431 123 441 123 436 123 227
432 120 427 119 437 119 431 119 200
436 133 431 133 441 133 436 133 310
433 159 427 159 437 159 431 159 129
432 165 427 165 437 165 431 165 159
436 183 422 182 437 183 422 183 349
438 194 420 194 437 195 418 195 519
436 205 421 205 437 207 416 207 244
441 204 421 204 437 205 422 206 455
442 230 421 230 441 233 423 233 57
440 240 421 240 439 243 419 243 86
438 244 417 244 437 247 416 247 90
438 250 417 249 437 253 414 253 80
441 254 418 255 439 259 415 259 84
440 111 436 111 445 111 440 111 158
438 115 433 115 443 115 438 115 295
442 113 438 113 447 113 443 113 138
438 145 434 145 443 145 439 145 167
441 178 429 178 445 179 431 179 409
443 188 429 188 445 189 431 189 440
445 204 426 203 445 205 425 205 237
447 211 427 211 447 213 426 213 175
445 217 425 217 445 219 424 219 86
446 249 425 249 445 253 423 253 65
448 255 426 254 447 259 423 259 60
447 276 419 277 443 283 412 283 20
450 274 422 274 447 281 416 281 21
442 35 441 37 451 33 439 34 17
444 119 440 119 449 119 445 119 81
447 120 445 121 453 121 450 122 112
444 131 440 131 449 131 445 131 120
448 133 445 133 453 133 450 133 198
444 137 441 137 449 137 446 137 196
450 173 441 173 453 173 444 174 400
445 182 431 182 449 183 436 183 246
453 209 433 209 453 211 432 211 214
449 209 429 209 449 211 428 211 125
449 215 429 215 449 217 428 217 121
451 169 442 169 455 169 446 168 427
453 179 440 179 455 179 443 179 317
458 190 441 190 459 191 440 191 490
457 213 437 213 457 215 436 215 129
455 215 435 215 455 217 434 217 113
458 227 436 226 459 229 439 229 210
458 251 436 251 457 255 433 255 34
460 255 439 255 459 261 434 261 27
461 273 429 274 457 281 423 281 21
457 144 456 144 463 145 462 145 113
459 169 450 168 463 169 454 169 351
463 177 449 176 465 177 451 177 426
460 180 446 180 463 181 449 181 304
460 184 447 184 463 185 449 185 355
461 191 447 192 463 193 449 193 389
460 194 442 194 461 195 442 195 501
464 198 447 199 465 199 447 200 531
460 203 441 203 461 205 441 203 350
462 223 443 222 463 225 442 225 269
464 225 445 224 465 227 444 227 100
463 240 442 240 463 243 443 243 96
464 245 443 245 461 249 439 249 41
460 242 437 242 461 245 439 245 83
466 279 435 279 463 287 430 287 32
469 289 434 289 465 299 427 299 31
460 145 459 145 467 147 466 147 105
465 162 459 161 471 163 457 163 488
465 166 456 166 469 167 459 166 418
469 206 451 205 471 207 450 207 734
467 244 448 243 467 247 447 247 55
471 249 447 249 469 253 446 253 35
475 259 445 260 471 265 445 264 21
470 145 471 144 477 145 476 145 48
467 144 463 145 473 145 472 145 57
471 148 470 149 477 149 476 149 49
474 196 465 196 477 197 468 197 443
470 198 457 197 473 199 459 199 288
471 208 452 209 473 209 454 211 506
471 221 457 221 473 223 459 223 276
475 240 453 239 473 243 452 243 43
476 249 454 249 475 253 452 253 26
476 263 450 262 475 269 446 269 14
473 273 448 271 473 281 439 281 30
477 282 445 282 475 291 439 290 35
480 291 444 291 477 301 437 301 27
478 293 442 292 475 303 435 303 23
469 130 468 130 479 131 473 131 21
477 190 466 193 479 191 471 193 311
480 228 463 228 481 231 464 231 36
481 235 462 234 481 237 463 237 53
484 289 448 289 481 299 442 299 30
484 293 448 292 481 303 442 302 21
481 156 475 155 487 157 478 158 208
484 192 479 192 489 193 484 193 114
481 198 474 198 485 199 479 199 163
485 228 469 228 487 231 471 231 21
487 239 467 239 487 243 467 243 28
488 245 465 245 487 249 465 249 33
489 259 457 257 485 265 466 264 16
485 146 484 146 491 147 490 147 49
487 148 486 148 493 149 492 149 96
489 196 483 196 493 197 489 197 77
490 196 485 196 495 197 490 197 41
487 206 479 206 491 207 483 207 34
495 249 471 250 495 253 475 253 41
500 277 471 277 495 285 463 284 47
494 282 461 282 493 291 457 291 50
492 288 457 288 491 297 453 297 41
497 286 462 286 495 295 457 295 33
497 291 461 291 495 301 455 301 27
494 297 457 294 491 305 455 306 25
493 131 488 131 501 131 491 132 22
491 144 490 144 497 145 496 145 81
495 149 492 149 501 149 497 150 100
495 184 493 184 501 185 498 185 63
492 192 487 192 497 193 492 193 41
492 200 485 200 497 201 489 201 49
497 204 487 204 501 205 493 205 47
497 221 480 221 497 223 483 223 18
495 239 474 239 497 243 469 243 33
501 239 479 239 499 243 477 243 28
497 243 476 243 499 247 477 247 27
504 263 475 263 499 271 471 272 10
498 281 466 280 497 289 461 289 29
500 293 464 293 499 303 459 303 17
501 151 498 152 507 153 503 153 77
502 158 498 158 507 159 504 159 103
499 217 486 217 503 219 490 219 16
501 228 484 227 505 231 483 230 41
505 243 480 243 503 247 481 247 29
504 247 483 247 503 251 481 251 26
506 151 501 150 511 151 506 151 121
506 160 502 160 511 161 508 161 98
504 165 500 164 509 165 505 165 98
504 171 500 170 509 171 505 171 62
507 176 505 176 513 177 510 177 82
504 174 500 174 509 175 506 175 80
505 181 503 181 511 181 508 182 83
506 196 500 196 511 197 505 197 76
508 205 496 206 513 207 493 207 69
510 232 492 232 511 235 493 235 64
510 251 487 251 513 257 487 257 27
513 279 480 278 513 287 477 287 43
511 284 475 284 509 293 473 293 28
510 289 474 289 509 299 470 299 17
513 152 510 152 519 153 515 153 70
514 162 509 162 519 163 514 163 50
512 192 506 192 517 193 511 193 96
513 204 504 203 517 205 509 205 42
512 219 498 219 515 221 501 221 21
513 239 493 239 515 243 494 243 39
513 245 492 245 515 249 493 249 31
516 255 490 256 517 261 493 262 35
519 289 483 289 519 299 480 299 13
517 293 480 292 515 303 476 303 12
516 168 511 168 521 169 516 169 50
520 189 513 188 525 189 517 190 127
521 206 512 206 525 207 516 207 49
516 204 510 203 521 205 512 205 45
521 228 501 228 521 231 502 231 44
525 237 503 236 525 239 508 239 69
519 283 482 283 521 295 481 293 25
522 293 486 295 523 303 481 303 16
524 128 518 129 529 129 523 130 84
524 124 517 125 529 125 522 125 83
526 133 521 133 531 133 526 134 84
525 150 521 150 531 151 526 151 66
523 154 519 154 529 155 524 155 51
524 163 519 162 529 163 524 163 59
522 172 517 172 527 173 522 173 59
524 186 517 185 529 187 521 187 99
526 190 518 190 531 191 523 190 120
523 228 503 228 527 231 509 230 35
524 232 506 232 527 235 508 235 39
525 260 503 261 529 267 508 268 17
527 275 490 275 527 283 487 283 16
530 289 494 289 531 299 491 299 10
525 293 490 292 527 303 487 303 15
531 311 490 308 531 325 483 324 26
530 109 523 109 535 109 528 109 70
530 115 525 113 535 117 528 117 223
532 115 525 115 537 115 530 115 129
530 124 523 125 535 125 528 126 139
530 139 524 138 535 139 528 139 88
527 152 523 152 533 153 528 153 41
529 160 525 160 535 161 530 161 55
532 178 527 178 537 179 532 178 115
532 190 524 190 537 191 528 191 170
532 196 524 196 537 197 528 197 112
528 204 519 203 533 205 525 205 48
528 215 517 215 533 217 521 217 26
530 228 510 228 533 231 515 231 45
533 287 494 285 533 297 493 297 15
533 309 491 308 533 323 485 323 25
537 102 531 103 543 103 536 103 120
536 119 529 119 541 119 534 119 123
538 123 531 123 543 123 536 123 109
534 135 527 134 539 135 532 135 100
534 146 528 146 539 147 532 147 52
537 142 531 142 543 143 536 143 46
533 162 529 162 539 163 534 163 57
535 192 531 191 539 193 530 193 217
537 206 528 206 541 207 532 207 40
537 211 528 211 543 213 533 213 19
540 245 518 244 543 249 520 249 9
536 245 514 244 539 249 516 248 10
538 270 508 269 541 277 510 277 24
539 275 505 276 541 283 506 283 22
539 280 507 281 541 289 505 289 18
541 315 495 315 541 331 492 330 29
539 315 495 315 539 331 489 331 17
543 79 539 79 549 79 545 79 120
543 85 539 84 549 85 545 85 115
539 97 533 98 545 97 539 97 146
539 115 533 115 545 115 538 115 73
543 117 536 117 549 117 542 117 90
540 129 533 129 545 129 538 129 68
542 131 535 131 547 131 540 131 65
539 134 533 135 545 135 538 135 118
540 164 535 164 545 165 540 165 52
544 166 539 166 549 167 544 167 38
540 186 532 186 545 187 536 187 161
544 184 536 184 549 185 540 185 157
544 186 536 186 549 187 540 187 190
541 197 532 197 547 199 539 199 163
541 223 526 222 545 225 528 225 22
542 225 531 225 547 227 533 227 26
545 275 513 275 547 283 512 283 25
545 280 512 280 547 289 512 289 27
549 103 543 103 555 103 548 103 52
545 115 538 115 551 115 544 115 67
550 121 543 121 555 121 548 121 62
546 127 539 127 551 127 544 127 67
545 143 539 142 551 143 544 143 45
546 180 535 177 551 181 545 180 141
546 190 538 190 551 191 542 191 229
550 204 542 204 555 205 546 205 108
548 215 536 214 553 217 541 216 22
550 228 533 228 555 231 534 229 29
552 289 516 289 555 299 515 299 24
553 67 546 67 559 67 552 67 69
555 71 548 71 561 71 554 71 112
555 79 549 79 561 79 554 79 156
551 81 545 82 557 81 551 82 103
555 85 548 85 561 85 554 85 190
555 87 548 87 561 87 554 87 88
552 117 545 117 557 117 550 117 73
555 113 549 113 561 113 554 113 46
555 123 549 123 561 123 554 123 66
555 119 548 118 561 119 554 119 50
553 130 547 130 559 131 552 131 52
555 137 549 136 561 137 554 137 38
553 139 546 139 559 139 552 139 58
554 149 546 148 559 149 552 149 48
553 156 547 156 559 157 552 157 35
556 176 549 176 561 177 554 177 26
553 211 543 211 557 213 547 213 54
553 232 535 232 557 235 539 235 14
556 230 540 230 561 233 543 233 33
557 257 529 256 561 263 531 262 60
554 259 526 259 557 265 527 265 22
556 266 528 266 559 273 529 273 53
556 262 528 262 559 269 530 269 60
554 264 526 264 557 271 527 271 45
558 276 525 276 561 285 526 284 32
557 285 522 284 561 295 520 293 44
558 291 521 290 561 301 521 301 21
566 19 558 19 565 19 558 19 11
557 83 550 83 563 83 556 83 94
561 91 554 91 567 91 560 91 83
557 93 550 93 563 93 556 93 92
559 95 552 95 565 95 558 95 71
557 103 550 103 563 103 556 103 59
557 105 550 105 563 105 556 105 56
559 109 552 109 565 109 558 109 57
557 115 551 115 563 115 556 115 76
561 137 554 136 567 137 560 137 51
557 143 551 142 563 143 556 143 53
562 150 555 150 567 151 560 151 47
557 166 550 166 563 167 556 167 20
558 178 551 178 563 179 556 179 33
562 205 553 205 567 207 559 207 41
559 234 541 233 563 237 544 237 25
559 259 532 258 563 265 535 264 36
559 264 532 264 563 271 533 271 57
561 278 529 278 565 287 530 287 49
559 280 527 280 563 289 527 289 34
563 285 528 285 567 295 527 295 48
564 310 521 309 567 325 518 325 18
563 319 520 318 565 335 518 334 34
563 69 556 69 569 69 562 69 85
567 65 560 65 573 65 566 65 106
567 75 560 75 573 75 566 75 59
565 71 558 71 571 71 564 71 74
563 81 556 81 569 81 562 81 81
567 81 560 81 573 81 566 81 61
565 83 558 83 571 83 564 83 68
567 93 560 93 573 93 566 93 51
565 103 558 103 571 103 564 103 53
567 105 560 105 573 105 566 105 60
565 111 558 111 571 111 564 111 84
564 116 559 117 571 117 564 117 59
565 123 558 122 571 123 564 123 85
563 135 556 134 569 135 562 135 39
567 152 560 151 573 153 566 154 53
565 178 558 177 571 179 563 179 47
566 184 558 184 571 185 563 185 49
564 197 557 197 569 199 561 197 19
568 200 560 200 573 201 565 202 14
566 209 557 209 571 211 561 211 39
566 217 555 217 571 219 560 219 49
569 223 555 223 573 225 559 225 45
565 226 551 226 571 229 556 229 34
567 245 544 246 569 249 549 249 12
563 274 532 274 569 283 535 281 34
565 293 528 293 569 305 527 305 20
567 308 524 307 569 321 522 321 16
573 65 566 65 579 65 572 65 72
569 69 562 69 575 69 568 69 75
573 75 566 75 579 75 572 75 71
569 99 562 99 575 99 568 99 46
573 105 566 105 579 105 572 105 72
571 115 564 115 577 115 570 115 90
569 119 562 118 575 119 568 119 79
569 125 562 124 575 125 568 125 83
573 158 566 158 579 159 572 159 40
571 160 564 160 577 161 569 161 34
571 176 564 175 577 177 569 177 32
573 178 566 177 579 179 571 179 49
573 202 565 201 579 203 570 204 28
573 209 562 208 579 211 568 211 35
574 215 563 215 579 217 567 217 45
574 219 561 218 579 221 567 221 54
571 228 557 228 577 231 561 231 41
573 239 553 239 577 243 557 243 20
574 241 554 241 579 245 559 245 19
575 264 543 265 579 271 549 271 27
571 279 538 281 575 291 538 291 26
571 285 534 284 575 295 536 295 31
571 290 535 290 575 301 535 301 28
587 21 576 21 583 21 571 21 10
575 61 568 61 581 61 577 62 55
579 74 572 73 585 73 578 73 84
574 82 568 83 581 83 574 83 51
575 99 568 99 581 99 574 99 66
577 103 570 103 583 103 576 103 65
575 121 568 120 581 121 574 121 51
579 123 572 122 585 123 578 123 44
577 125 570 124 583 125 576 125 60
579 135 572 134 585 135 578 134 24
575 136 568 136 581 137 574 137 54
575 146 568 146 581 147 574 147 60
577 150 570 150 583 151 576 151 43
577 162 570 162 583 163 576 163 42
577 161 570 160 583 161 576 161 33
579 170 573 170 585 171 578 171 29
576 183 567 184 581 185 573 184 44
578 211 565 210 583 213 572 213 39
575 215 565 215 581 217 570 217 57
580 221 572 223 585 223 572 223 92
577 226 563 226 583 229 566 228 91
578 232 559 230 583 235 566 235 33
581 266 552 266 585 273 555 273 14
577 262 549 262 581 269 552 267 15
577 301 535 302 581 315 537 317 24
576 303 535 304 581 317 535 316 21
577 322 530 321 581 339 528 339 30
580 63 576 63 587 63 582 63 63
580 70 574 69 587 69 580 69 59
585 73 578 73 591 73 584 73 60
581 77 574 77 587 77 580 77 49
585 87 578 87 591 87 584 87 51
583 85 576 85 589 85 582 85 52
583 95 576 95 589 95 582 95 71
585 99 578 99 591 99 584 99 106
585 117 578 116 591 117 584 117 82
583 119 576 119 589 119 582 119 78
581 127 574 126 587 127 580 127 53
583 136 576 136 589 137 581 136 30
581 146 574 146 587 147 580 147 54
585 150 578 150 591 151 584 150 27
582 165 575 165 589 169 581 169 18
582 201 574 201 587 203 579 203 16
585 280 550 279 591 289 553 289 11
584 304 545 301 589 315 544 315 23
586 69 581 69 593 69 587 69 52
589 71 583 71 595 71 589 71 94
587 83 580 83 593 83 586 83 60
587 97 580 97 593 97 586 97 72
591 101 584 101 597 101 590 101 66
587 176 579 175 593 177 585 177 37
591 178 583 177 597 179 589 179 16
589 178 581 178 595 179 587 179 29
587 184 577 183 593 185 585 185 26
588 211 581 210 595 213 582 213 40
589 235 566 235 593 239 574 239 60
588 267 558 266 593 273 561 273 17
605 19 596 19 603 19 596 19 13
596 61 589 63 601 63 595 63 76
592 67 587 66 599 67 593 67 68
595 69 590 69 601 69 595 69 60
593 79 587 78 599 79 593 79 75
595 81 588 80 601 81 594 81 47
595 85 588 85 601 85 594 85 49
593 97 586 97 599 97 592 97 46
593 109 586 108 599 109 592 109 104
597 131 589 130 603 131 595 131 20
593 135 585 134 599 135 591 135 27
597 178 589 178 603 179 595 179 25
598 205 585 205 603 207 593 207 29
597 210 585 210 603 213 593 213 45
593 229 579 229 603 233 586 233 60
595 237 576 237 601 241 581 241 44
595 243 576 243 601 247 580 247 44
597 269 563 269 603 279 571 277 20
597 276 565 276 603 285 568 285 22
593 279 559 280 599 289 562 289 18
593 287 553 288 599 299 557 299 15
593 308 551 309 599 323 551 322 13
603 63 599 64 609 63 604 63 75
599 65 593 64 605 65 599 65 76
602 67 597 68 609 69 603 67 60
600 89 595 88 607 89 601 89 94
603 136 595 136 609 137 601 137 71
601 155 589 153 607 155 595 153 40
599 189 589 189 605 191 595 191 9
601 204 591 203 607 205 597 206 19
604 213 595 213 609 215 598 215 164
595 216 586 216 605 219 593 219 129
597 221 588 220 605 223 593 223 66
603 232 586 231 609 235 593 235 54
601 235 585 235 609 239 592 239 50
599 241 580 241 605 245 584 245 41
597 244 577 244 605 249 583 249 30
607 279 572 279 607 287 571 287 31
603 289 567 289 607 297 568 297 17
604 66 599 66 611 67 605 66 87
608 69 603 69 615 69 610 69 58
604 73 599 73 611 73 605 73 96
607 89 602 89 613 89 608 89 58
608 117 597 117 615 117 603 117 195
606 115 595 115 613 115 601 115 179
607 121 593 120 613 121 599 120 157
607 125 599 124 613 125 605 125 212
605 154 595 155 611 155 601 156 154
605 176 594 176 611 177 600 177 26
605 271 574 271 611 279 578 279 27
604 293 563 291 611 305 569 305 10
602 307 560 307 611 321 562 322 13
602 312 561 312 611 327 561 327 10
607 308 563 308 613 323 565 323 15
620 17 610 17 621 17 613 17 12
614 80 609 81 621 81 616 81 62
610 85 605 84 617 85 611 85 83
615 93 609 92 621 93 616 93 108
615 106 609 106 621 107 615 106 171
610 113 601 113 617 113 607 113 168
612 123 599 122 619 123 605 122 180
614 121 603 121 621 121 610 121 207
612 141 601 142 619 143 607 141 64
612 154 601 153 619 155 608 155 50
612 164 602 164 619 165 608 165 84
611 168 600 168 617 169 606 169 40
613 173 602 173 619 177 608 177 28
611 181 600 182 617 183 606 184 29
613 235 596 235 621 239 601 238 69
609 248 588 248 617 253 593 253 25
614 300 572 299 621 313 574 313 10
611 313 570 312 619 329 572 328 10
618 105 611 105 625 105 618 105 91
620 109 612 109 623 111 615 111 318
616 115 606 115 623 115 612 115 129
618 133 611 136 625 135 617 136 187
620 139 609 140 627 141 616 140 87
618 144 607 145 625 145 613 143 157
616 159 605 159 623 161 611 160 44
620 164 610 163 627 165 616 164 100
618 185 608 185 625 187 614 187 31
618 191 607 191 625 193 613 193 47
620 212 600 212 627 215 606 215 119
618 220 598 221 625 223 604 223 93
618 239 599 239 625 243 604 243 38
620 261 594 262 627 267 597 267 33
617 258 590 258 623 265 596 263 23
620 289 580 290 627 303 585 301 13
615 303 572 303 623 317 577 315 13
615 313 569 313 623 329 572 329 11
626 85 619 85 633 85 626 85 74
626 90 619 91 633 89 626 88 65
626 97 619 96 633 97 626 97 69
624 99 617 99 631 99 624 99 67
626 121 619 120 633 121 626 120 93
625 137 617 136 631 137 624 138 183
622 182 611 179 629 183 617 182 25
623 210 603 210 631 213 609 213 100
626 220 607 220 633 223 613 223 80
622 294 583 293 629 305 586 305 16
620 300 579 300 629 313 581 311 9
624 305 580 304 631 319 584 319 9
628 61 620 63 635 61 627 62 213
630 81 623 81 637 81 629 81 113
628 93 621 91 635 93 627 94 73
632 95 625 95 639 95 631 95 116
630 101 622 101 637 101 629 101 65
628 117 621 116 635 117 627 117 96
628 172 617 172 635 173 624 172 24
628 216 607 215 635 219 614 219 105
628 227 608 227 635 231 614 231 47
632 239 613 241 639 243 619 245 49
629 270 601 269 639 277 607 277 53
629 296 591 295 639 307 595 309 9
638 63 630 63 645 63 637 63 274
634 62 626 60 641 61 633 60 166
636 65 628 65 643 65 635 65 322
634 79 627 79 641 79 633 78 265
634 103 625 103 641 103 633 103 57
638 115 630 114 645 115 637 115 74
638 154 627 154 645 155 634 155 20
638 189 625 189 645 191 632 191 55
633 212 612 212 641 215 619 215 125
633 233 614 234 641 237 618 237 58
636 235 617 235 643 239 621 239 73
636 267 608 268 645 275 615 276 55
634 285 597 285 641 295 602 295 23
644 69 636 69 651 69 643 69 188
644 89 636 89 651 89 643 89 149
640 97 631 97 647 97 638 97 112
644 101 636 101 651 101 642 101 174
642 105 634 105 649 105 641 105 103
640 165 629 165 647 167 636 166 10
637 185 627 185 647 187 635 187 42
643 193 629 193 651 195 637 195 117
641 193 631 192 649 195 635 195 120
642 215 620 215 651 219 627 218 151
642 225 620 225 651 229 627 229 55
642 245 620 245 651 249 627 250 66
637 255 614 255 647 261 621 261 58
641 266 613 266 649 273 619 273 71
639 264 611 264 647 271 617 271 70
634 277 603 277 651 287 616 287 65
647 53 639 53 655 53 649 52 48
648 97 639 97 655 97 646 97 101
648 110 640 110 655 111 647 110 179
645 227 622 227 653 231 629 231 67
648 225 625 225 657 229 632 229 65
645 232 622 233 653 237 629 237 87
648 253 626 253 657 259 633 259 83
644 251 622 251 653 257 629 257 43
646 262 620 263 655 269 627 269 58
644 264 617 264 653 271 624 271 90
642 273 612 273 655 283 622 283 57
642 279 611 279 655 289 620 289 31
643 329 593 328 655 347 599 347 14
655 57 646 57 661 57 653 57 39
652 116 643 117 659 117 651 116 294
655 198 630 199 663 201 649 200 247
650 212 627 211 659 215 635 215 138
652 223 630 223 661 227 637 227 56
654 234 631 234 663 239 638 239 51
650 247 627 248 659 253 635 253 110
654 259 631 259 663 265 637 265 31
649 276 619 276 661 285 631 286 56
648 293 612 294 661 303 617 302 15
653 304 611 304 663 319 618 319 15
647 319 601 317 659 337 606 336 13
647 326 597 325 659 345 604 345 13
658 55 650 55 665 55 657 55 49
661 60 654 59 669 59 661 58 76
661 67 654 67 669 67 661 67 120
658 85 647 87 665 85 657 84 115
660 89 651 89 667 89 659 89 58
657 95 649 94 665 95 657 94 90
659 182 649 183 667 185 655 185 32
656 205 633 207 665 211 641 209 126
660 210 637 210 669 213 645 213 177
660 206 637 206 669 209 645 209 150
658 221 635 221 667 225 642 225 61
657 225 634 225 667 229 642 229 98
659 244 636 244 669 249 644 249 55
660 255 638 255 669 261 644 261 32
655 253 635 254 665 259 637 258 54
657 259 635 259 665 265 639 265 57
657 281 624 281 669 291 632 291 28
655 310 612 309 667 325 619 325 12
650 321 603 320 665 339 609 339 12
655 323 607 321 667 341 614 342 16
652 326 603 326 665 345 610 345 18
667 45 661 44 675 45 668 45 46
667 91 659 91 675 91 666 91 30
664 204 641 204 673 207 649 207 150
665 208 643 208 675 211 651 211 88
661 221 638 221 671 225 646 225 56
663 236 639 236 673 241 647 241 60
659 281 627 281 671 291 635 291 21
657 277 626 277 671 287 634 286 35
658 308 615 308 671 323 621 324 10
658 315 613 315 671 333 621 332 11
661 330 608 332 673 351 617 351 16
659 340 606 339 673 363 613 363 29
669 53 662 53 677 53 669 53 81
671 72 661 71 679 71 669 71 149
671 95 663 94 679 95 677 96 72
673 122 666 122 681 123 673 123 167
673 128 665 128 681 129 673 129 184
673 145 665 145 681 147 673 147 314
671 150 661 149 679 151 668 150 283
670 155 659 154 679 157 667 156 130
671 194 659 194 679 197 665 197 75
669 206 646 205 679 209 655 209 137
669 212 646 211 679 215 655 215 155
663 275 630 274 677 285 640 284 26
669 276 634 275 679 285 642 284 39
668 281 636 281 681 291 645 291 14
662 338 609 339 677 361 617 360 19
675 44 668 43 683 43 675 43 219
678 47 672 44 687 45 678 46 78
680 52 671 53 687 53 677 55 139
679 77 671 77 687 77 679 77 94
680 158 667 158 687 159 678 159 104
674 191 659 190 683 193 665 193 60
677 189 660 187 685 191 672 189 68
675 223 649 222 685 227 658 227 417
673 227 647 226 683 231 657 231 265
676 260 649 260 687 267 658 266 66
669 264 644 264 683 271 654 271 42
677 294 641 295 685 305 641 304 19
671 304 633 304 687 319 642 318 7
672 328 623 327 687 347 632 347 10
669 338 616 338 685 361 625 361 18
671 340 619 341 687 363 627 363 21
686 44 677 45 693 45 686 43 108
681 63 673 62 689 63 679 63 111
682 85 673 86 691 85 680 84 92
683 93 671 93 691 93 680 92 85
682 105 674 104 691 105 681 105 98
681 115 671 114 689 115 679 115 147
681 121 671 120 689 121 679 121 201
683 122 673 122 691 123 681 123 170
685 128 675 127 693 129 683 127 438
685 134 676 131 693 135 684 135 245
681 130 673 129 689 131 680 131 208
681 144 672 144 689 145 679 145 199
685 144 675 144 693 145 683 145 226
685 148 675 147 693 149 683 149 110
681 152 671 151 689 153 679 153 137
683 150 673 150 691 151 681 151 329
683 156 673 155 691 157 681 157 139
681 173 671 172 689 175 679 174 22
685 176 676 173 693 177 683 176 27
682 218 652 218 693 223 662 223 286
679 225 650 225 691 229 660 230 220
678 238 650 238 689 243 659 243 139
683 277 647 278 693 289 658 289 14
677 298 637 298 689 311 647 311 12
676 301 636 302 689 315 646 314 8
675 341 622 341 691 363 631 361 19
689 18 681 17 697 17 689 17 118
691 21 683 22 699 21 691 21 216
689 29 681 29 697 29 689 29 90
686 32 680 31 695 31 687 31 70
686 83 677 83 695 83 685 82 49
687 119 677 115 695 119 685 117 134
689 193 672 192 699 195 682 195 111
683 222 654 222 695 227 664 227 272
686 232 660 232 697 237 670 238 215
684 236 655 235 695 241 665 241 129
683 293 643 291 697 305 656 305 21
681 331 631 331 697 351 642 351 12
681 339 628 337 695 359 638 360 17
695 47 687 47 703 47 693 49 122
694 63 684 62 705 61 695 60 54
696 105 686 104 705 105 694 105 74
696 130 685 130 705 131 694 131 108
695 138 685 138 703 139 693 138 56
695 183 679 183 705 185 688 185 51
690 196 669 196 701 199 678 199 110
690 248 662 249 703 255 671 255 63
691 270 663 269 703 277 673 277 24
689 282 655 282 703 293 667 293 21
689 296 649 296 701 307 660 308 18
690 302 651 302 705 315 658 314 16
689 315 645 315 705 331 656 331 16
685 329 636 329 701 349 645 349 19
684 337 633 335 703 359 645 357 14
702 50 691 50 711 49 700 48 152
702 79 691 79 711 79 700 79 73
700 88 690 86 709 87 698 87 58
700 93 690 93 709 93 698 93 87
698 126 687 126 707 127 696 127 87
700 128 689 128 709 129 698 129 34
698 132 687 132 707 133 695 133 73
702 136 691 136 711 137 700 137 34
702 173 692 173 711 175 700 175 51
699 187 682 188 709 189 691 190 70
699 220 669 220 711 225 680 225 177
696 224 665 224 709 229 677 229 278
694 222 665 222 707 227 675 227 255
694 233 662 233 707 239 673 239 241
694 239 665 239 707 245 681 247 139
698 250 666 249 711 257 677 257 87
698 256 667 256 711 263 678 264 60
695 308 655 311 711 323 664 322 15
693 313 650 313 709 329 661 329 11
705 21 694 20 713 19 701 18 166
706 87 695 87 715 87 704 87 58
706 103 695 103 715 103 704 102 61
704 123 693 122 713 123 701 123 30
708 118 697 117 717 119 706 118 24
704 144 694 145 713 145 702 146 43
706 167 696 167 715 171 704 170 24
708 175 698 174 717 177 706 177 47
701 222 670 221 715 227 682 226 205
700 251 667 250 715 259 680 259 131
700 302 661 301 717 317 673 317 17
700 306 659 305 715 321 670 320 13
692 340 642 340 713 363 655 361 18
711 45 700 44 721 43 709 43 82
714 103 703 103 723 103 712 103 48
712 118 700 118 721 121 709 119 36
711 127 697 128 721 127 708 127 35
714 131 702 130 723 131 711 131 29
714 136 703 136 723 137 712 137 35
712 177 701 177 721 179 710 179 43
708 238 675 239 723 245 687 245 160
708 253 675 254 723 261 687 262 78
706 262 674 259 721 271 685 269 113
706 269 673 271 721 277 685 277 41
706 273 673 273 721 283 685 284 37
707 286 672 283 723 297 685 295 50
717 76 706 75 727 75 716 74 53
719 86 708 85 729 85 717 85 50
719 96 708 95 729 97 717 95 62
719 122 708 122 729 123 717 123 37
718 143 707 143 727 145 716 143 46
720 169 709 169 729 171 717 170 48
718 175 707 175 727 177 715 177 34
715 179 705 179 725 181 715 181 71
715 185 698 185 725 187 708 187 43
718 183 702 183 729 185 712 185 37
714 246 680 246 729 253 693 254 80
712 250 677 248 727 257 690 257 96
714 261 679 260 729 269 692 269 79
712 266 678 265 727 275 690 275 57
712 275 679 275 727 285 690 285 53
714 284 680 284 729 295 692 295 52
708 317 666 313 727 333 677 334 18
712 323 667 323 729 343 677 341 36
705 334 655 334 725 355 668 355 15
709 337 657 337 729 359 670 359 16
723 88 712 87 733 87 721 87 35
725 85 714 84 735 85 723 84 34
723 103 712 103 733 103 721 103 82
721 142 710 141 731 143 719 143 76
722 163 711 163 731 165 719 165 50
724 167 713 167 733 167 721 167 54
722 186 706 184 733 187 716 187 45
715 201 684 201 733 205 699 205 134
717 231 684 231 733 237 698 238 294
715 240 681 239 731 247 694 246 158
715 247 681 247 731 255 694 255 78
715 256 681 256 731 265 694 265 82
719 269 685 270 735 279 698 280 58
717 271 683 271 733 281 695 279 62
721 294 683 293 735 305 697 305 33
718 300 679 301 733 311 693 311 21
714 309 670 309 731 327 685 326 16
716 313 674 313 735 329 687 328 17
727 107 715 106 737 107 725 106 65
731 168 719 166 741 169 729 169 32
731 175 719 175 741 177 729 177 58
723 245 688 246 739 253 701 253 194
721 243 687 242 737 251 699 253 164
718 321 673 320 737 339 682 338 19
719 322 673 323 739 341 687 341 16
715 331 667 331 737 351 681 351 21
734 59 723 58 747 57 733 57 31
736 79 724 79 747 79 734 78 56
737 95 725 93 747 95 734 95 62
735 105 723 105 745 105 733 105 98
733 109 721 109 743 109 730 108 115
733 130 719 131 743 131 732 130 109
736 183 720 182 747 185 730 185 46
725 202 694 201 745 205 708 205 89
728 207 695 206 745 211 708 211 113
730 211 698 209 747 215 710 216 161
727 224 692 225 743 231 706 231 124
730 227 696 227 747 233 710 233 151
728 234 693 234 745 241 707 241 423
728 242 693 242 745 249 707 249 178
728 244 693 243 745 251 707 251 202
730 254 695 254 747 263 709 263 112
726 256 691 256 743 265 704 265 99
728 269 693 269 745 279 707 279 65
728 275 693 275 745 285 709 286 31
729 283 698 283 745 293 711 293 52
729 297 693 297 745 309 705 309 48
730 293 695 293 747 305 709 305 49
726 300 689 300 743 313 703 313 25
722 334 671 334 743 355 687 355 21
725 339 675 338 747 361 689 362 12
742 70 726 71 753 69 741 68 77
740 71 725 73 751 69 739 68 65
740 84 728 84 751 83 738 83 68
738 116 720 117 751 117 731 116 106
734 218 701 217 751 223 715 223 121
734 236 699 236 751 243 713 243 202
736 258 700 258 753 267 715 267 176
731 262 697 262 749 271 711 271 188
732 271 697 271 749 281 710 281 58
731 284 699 284 749 295 714 295 58
733 291 699 291 751 303 713 303 59
735 291 701 291 753 303 715 303 38
733 295 698 295 751 307 713 307 44
733 309 693 307 751 323 701 321 41
732 325 686 325 753 343 702 344 20
746 60 733 60 757 59 744 58 60
746 117 728 117 759 117 739 116 75
744 120 726 119 757 119 737 120 42
742 131 725 130 755 131 736 131 82
741 203 711 202 759 207 722 207 94
739 207 705 207 759 211 721 211 117
740 214 707 213 757 221 719 221 112
739 249 704 249 757 257 719 257 190
739 269 704 269 757 279 719 279 86
739 275 704 275 757 285 718 285 43
734 320 689 319 755 337 705 336 25
736 337 689 337 759 359 707 360 23
732 340 681 338 755 361 697 360 19
751 29 736 29 765 25 751 24 93
750 99 731 101 763 101 744 99 42
746 210 709 210 763 215 727 214 180
743 221 709 221 761 227 725 227 92
744 255 710 255 763 263 725 263 131
746 271 711 271 765 281 727 281 71
745 291 711 291 763 303 725 303 55
747 299 710 298 765 311 725 310 137
739 330 690 331 763 351 708 349 19
738 327 692 327 761 347 708 347 20
754 84 735 83 767 83 746 82 41
758 122 738 121 771 121 757 121 28
752 209 719 208 771 213 740 213 86
749 230 714 230 767 237 729 237 156
752 227 719 227 769 233 734 233 140
749 241 713 241 767 249 729 249 183
751 253 716 253 769 261 731 261 250
747 275 711 275 767 285 728 285 40
755 289 719 289 771 301 733 301 107
752 298 717 298 769 309 732 310 148
752 304 715 304 771 317 730 317 145
745 321 702 323 767 339 715 338 40
744 326 697 325 767 345 714 344 18
747 331 698 331 771 351 717 351 19
759 64 741 63 773 61 754 63 73
760 111 741 110 773 111 754 111 11
759 223 727 223 777 229 743 229 91
757 232 722 232 777 239 739 239 208
759 243 723 243 777 251 739 251 256
754 245 719 245 773 253 735 253 164
753 269 719 269 773 279 735 279 83
755 275 720 275 775 285 738 285 39
756 296 721 296 773 307 735 307 115
758 297 723 297 777 309 738 309 133
756 312 716 312 777 327 732 327 84
755 317 715 318 777 333 730 333 71
748 336 696 335 773 357 714 356 17
753 339 703 341 777 361 717 360 30
769 48 755 48 781 47 767 46 149
763 208 737 211 783 213 753 215 73
761 230 726 230 781 237 743 237 200
763 247 728 247 783 255 745 255 161
761 281 729 281 779 291 745 291 67
763 304 725 303 783 317 742 317 145
757 326 710 326 781 345 729 345 36
772 47 761 45 787 45 777 46 155
774 51 757 50 789 49 772 48 139
771 76 754 78 787 75 765 73 13
775 135 755 135 789 135 769 135 10
770 215 739 215 789 221 755 220 99
769 220 736 220 789 225 755 225 63
767 223 734 223 787 229 751 229 71
765 230 730 230 785 237 747 237 228
768 251 734 250 789 259 751 259 124
770 277 739 277 789 287 755 287 70
770 283 739 283 789 293 755 293 50
767 302 730 302 787 315 748 316 150
767 310 726 309 785 323 744 324 154
778 57 759 56 793 53 775 51 109
775 199 743 198 795 203 761 203 94
777 207 747 207 795 211 760 211 141
772 210 742 211 791 215 758 215 118
773 230 738 230 793 237 755 237 205
772 247 737 247 793 255 755 255 131
774 269 739 269 795 279 757 279 86
774 275 743 275 793 285 757 285 99
776 281 745 281 795 291 761 291 115
770 307 732 307 791 321 749 321 146
769 303 732 303 791 317 750 317 137
769 320 725 319 793 337 744 337 86
767 323 724 325 791 341 742 342 64
782 100 762 100 797 99 776 99 27
780 217 746 216 801 223 764 222 77
776 221 743 221 797 227 761 227 96
780 228 747 228 801 235 765 235 276
777 271 742 271 799 281 761 281 75
783 285 751 285 801 295 765 295 58
775 296 742 298 799 311 760 311 86
787 201 752 200 807 205 771 205 94
785 206 752 206 807 211 771 211 97
780 209 749 209 805 215 767 214 174
781 234 746 234 805 241 767 241 245
781 245 746 245 803 253 765 253 125
782 249 747 248 803 257 765 257 127
788 258 749 257 807 267 773 267 187
783 267 751 267 807 277 767 277 94
785 281 751 280 805 291 769 291 63
780 299 744 299 803 313 762 312 67
781 307 743 307 803 321 760 321 119
798 31 783 30 811 29 797 28 96
798 47 778 45 813 43 793 43 43
795 85 770 86 813 83 789 81 36
789 271 753 271 811 281 773 281 99
788 278 756 278 809 289 774 289 164
789 285 756 285 809 295 773 295 90
805 26 790 25 817 23 804 22 116
805 32 791 31 819 29 804 29 104
803 55 785 55 819 53 799 51 36
799 89 774 89 817 87 791 87 50
796 86 772 86 815 83 789 82 38
798 101 774 100 817 99 791 98 55
800 107 776 106 819 105 793 105 68
799 126 779 125 815 125 789 125 62
796 230 762 230 819 237 782 237 136
795 254 757 254 817 263 780 263 229
793 267 757 267 815 277 777 277 81
794 273 759 273 817 283 780 283 71
808 47 790 46 825 43 805 43 39
802 86 778 85 821 83 795 83 68
803 91 778 91 821 89 795 88 98
802 105 778 104 821 103 795 102 47
805 113 778 113 823 113 794 113 65
803 120 777 120 823 119 795 119 51
807 129 778 129 825 129 797 129 18
806 135 780 135 825 135 797 135 14
802 232 768 232 825 239 788 239 185
798 247 763 251 821 259 783 258 150
802 258 767 258 825 267 787 267 113
813 51 793 51 831 51 810 49 64
812 112 785 112 831 111 802 110 36
811 118 785 118 831 117 803 117 44
809 133 784 133 829 133 802 133 18
804 232 771 233 827 239 790 239 161
804 239 769 240 827 247 789 247 175
805 250 771 250 829 259 791 259 114
808 252 773 252 831 261 794 261 138
804 254 769 254 827 263 789 263 102
803 262 768 262 827 271 788 272 160
805 260 771 260 829 269 791 269 221
805 273 770 273 829 283 791 284 84
823 19 810 19 837 17 823 17 244
813 105 786 105 833 103 805 102 59
817 124 790 124 837 123 809 123 65
817 120 790 120 837 119 809 119 51
813 122 786 122 833 121 805 121 51
815 224 790 223 835 229 807 229 36
810 247 775 248 833 255 796 255 113
813 267 783 266 837 277 804 276 139
813 276 778 276 837 285 799 285 94
816 274 787 274 837 283 806 283 107
811 287 778 290 835 301 798 299 17
818 98 791 97 839 95 810 95 64
822 128 796 127 843 127 814 127 43
824 161 799 161 843 163 817 163 17
821 172 799 169 841 173 817 171 10
819 220 794 220 839 225 812 225 21
818 226 793 225 839 231 811 231 26
821 261 794 261 841 269 812 269 66
816 283 785 285 839 293 809 293 24
820 302 782 304 843 317 805 319 7
830 35 810 34 847 33 826 32 177
825 103 801 100 849 99 820 98 80
827 129 800 129 847 129 818 129 43
824 126 798 125 845 125 816 125 50
824 135 798 135 845 135 817 135 28
828 139 802 138 849 139 821 138 35
825 150 799 150 845 151 818 151 22
828 165 804 164 847 167 822 165 14
828 170 803 170 847 173 821 172 13
828 221 802 221 849 227 820 226 24
825 231 799 231 847 237 817 237 39
829 233 800 233 849 239 819 239 20
821 303 783 305 847 319 802 317 11
831 89 805 89 853 87 824 86 99
833 117 803 119 855 115 823 117 127
834 136 808 136 855 137 827 137 25
830 154 804 153 851 155 824 154 30
835 164 807 164 855 165 829 165 25
833 175 808 174 853 177 827 177 17
828 244 801 244 851 253 821 252 6
834 257 806 257 855 265 825 265 9
830 255 803 255 851 263 822 263 8
839 126 811 125 861 125 832 125 102
837 139 811 140 859 139 831 139 31
836 146 807 148 857 147 829 147 29
839 150 813 149 861 151 833 150 34
840 169 815 168 861 171 834 171 19
837 255 810 255 861 263 827 262 7
835 261 807 261 857 269 827 269 8
839 266 811 265 861 275 829 273 10
833 297 796 296 857 309 819 309 15
831 315 789 315 859 331 813 330 11
843 135 815 134 865 135 836 134 50
841 148 814 148 863 149 834 149 49
843 166 818 165 865 167 837 168 15
845 166 819 166 867 167 839 168 18
842 173 814 174 863 175 836 175 19
839 219 815 219 863 225 837 226 34
842 221 817 221 865 227 837 227 28
841 233 812 232 863 239 832 239 21
840 249 813 250 865 259 833 257 1
844 272 813 271 867 281 835 281 5
851 23 834 22 869 21 851 20 294
848 74 823 73 869 71 841 71 459
850 156 825 159 873 157 844 157 44
846 161 819 161 869 163 840 163 24
849 194 824 193 871 197 841 196 26
848 227 820 227 871 233 841 233 37
849 237 820 236 873 243 842 243 54
845 255 817 257 869 265 839 265 7
851 260 821 259 873 267 842 267 5
846 263 817 262 869 271 838 271 5
844 296 806 296 869 309 825 307 11
851 98 823 98 875 97 846 98 189
855 124 831 124 879 123 849 122 188
855 141 827 140 879 141 849 141 25
854 152 826 152 877 153 848 153 46
853 167 826 166 877 169 848 169 26
853 179 827 179 875 183 849 181 19
855 188 829 187 877 191 849 191 24
854 193 830 192 877 197 849 196 25
852 221 825 220 875 227 847 226 33
852 280 819 280 877 291 845 291 6
852 289 818 290 879 301 842 301 13
849 308 809 308 879 323 835 323 11
858 39 832 38 881 33 853 32 178
861 69 832 71 885 65 851 66 354
861 97 832 96 885 95 855 94 93
857 137 829 136 881 137 851 136 49
858 155 830 155 881 157 852 157 30
858 163 830 162 883 165 853 164 65
861 223 832 221 885 229 852 228 34
857 227 831 227 881 233 851 233 34
860 231 830 230 885 237 853 237 39
858 236 828 236 883 243 850 243 36
860 238 830 238 885 245 852 245 43
859 246 829 246 885 253 851 253 18
858 264 828 264 883 273 849 272 8
857 259 831 260 885 269 855 270 8
860 266 830 265 885 275 853 275 9
857 294 822 294 885 307 846 307 10
867 69 839 68 891 65 861 64 143
864 110 836 110 889 109 859 108 93
865 127 837 127 889 127 859 127 73
864 135 836 134 889 135 859 134 59
863 144 832 144 887 145 854 145 103
864 152 836 151 889 153 859 152 56
866 163 838 163 891 165 861 164 35
864 159 836 159 889 161 858 160 29
863 169 836 168 887 171 858 172 46
869 195 845 194 891 199 866 199 28
864 234 834 234 889 241 856 241 38
863 261 833 261 889 271 856 272 8
858 312 819 313 891 329 847 330 10
868 48 843 49 897 41 871 42 63
872 64 842 66 895 61 867 59 70
870 73 843 72 895 69 865 68 112
870 82 843 82 895 79 865 78 104
872 90 844 89 897 87 867 86 67
872 107 844 106 897 105 867 104 58
872 118 845 117 897 117 868 116 96
869 157 841 157 893 159 864 159 54
869 171 843 171 893 173 864 173 50
872 191 849 191 895 195 867 193 51
871 238 840 238 897 245 864 246 34
871 264 839 264 897 273 861 271 9
868 269 838 269 895 279 861 279 7
865 300 829 300 897 315 852 316 9
878 45 850 43 903 39 873 38 33
878 73 851 73 903 69 873 68 111
876 84 849 83 901 81 872 80 72
876 92 848 91 901 89 871 88 56
877 101 849 101 903 99 873 99 50
878 112 850 112 903 111 874 111 84
878 129 852 129 903 129 874 128 121
877 139 849 139 903 139 873 139 93
875 158 845 157 901 159 870 159 40
876 172 848 171 901 175 871 175 67
878 178 850 178 903 181 873 181 73
871 264 841 264 899 275 867 276 10
882 35 854 36 907 31 878 30 49
879 41 852 40 905 35 876 35 46
879 103 851 102 905 101 875 100 86
883 120 853 119 909 119 877 118 86
879 122 851 121 905 121 874 120 47
879 135 850 134 905 135 874 134 63
884 132 851 129 909 131 879 131 70
883 143 854 142 909 143 878 143 92
879 156 851 155 905 157 874 156 51
883 157 855 157 909 159 879 159 52
879 165 851 165 905 167 875 167 35
879 169 852 168 905 171 875 171 86
879 176 851 176 905 179 874 179 77
883 184 855 184 909 187 880 188 89
882 191 855 190 907 195 879 194 40
882 197 856 198 907 201 878 201 35
883 199 858 201 907 203 879 203 46
879 247 847 248 905 257 871 257 9
881 271 849 270 909 281 874 281 10
874 298 841 299 909 313 868 313 14
886 56 858 55 913 51 883 50 40
889 73 861 72 915 69 886 68 61
887 88 859 87 913 85 882 83 113
885 103 857 102 911 101 881 100 87
888 121 860 121 915 121 885 120 57
886 124 858 123 913 123 882 123 72
888 133 859 132 915 133 883 132 54
886 137 857 136 913 137 882 137 51
884 141 856 139 911 141 880 140 51
887 150 858 149 913 151 882 150 56
885 165 858 166 911 167 881 166 44
885 174 857 174 911 177 881 177 104
886 195 859 194 911 199 882 199 35
888 197 861 197 913 201 884 201 31
885 273 849 275 911 285 879 284 13
892 79 865 78 919 75 889 74 92
891 157 863 156 917 159 887 158 46
891 176 863 176 917 179 887 179 91
891 182 862 181 917 185 887 185 77
894 190 866 189 921 193 891 193 46
881 306 848 306 917 319 876 320 15
900 60 872 59 927 55 898 54 35
899 80 871 80 925 77 897 76 78
898 91 871 90 925 87 896 87 65
897 105 869 104 925 103 895 102 99
898 114 869 113 925 113 894 113 90
897 124 869 123 923 123 892 122 63
896 129 867 128 923 129 892 128 72
898 139 871 138 925 139 895 139 54
896 137 868 137 923 137 893 137 41
899 163 871 162 925 165 896 165 164
898 171 870 170 923 173 895 173 60
898 180 869 179 925 183 894 182 124
892 298 857 299 927 313 885 312 11
904 75 877 74 931 71 903 70 48
903 122 875 121 931 121 901 120 57
903 152 874 151 931 153 899 152 135
902 160 873 159 929 161 897 160 171
906 165 878 164 933 167 903 167 62
905 180 877 179 933 183 902 183 71
902 178 873 178 929 181 898 181 88
902 189 874 189 929 193 899 193 53
906 187 878 187 933 191 903 191 48
906 201 879 201 933 205 905 204 35
907 223 882 224 931 231 905 230 18
901 283 867 283 933 295 896 295 11
898 285 864 285 929 297 892 297 21
902 292 865 291 931 303 894 304 12
901 295 865 295 933 309 893 309 18
911 48 883 47 939 43 909 42 76
909 69 881 68 937 65 908 64 57
907 97 880 95 935 95 905 94 63
908 109 879 108 937 107 906 107 84
909 133 882 132 937 133 907 132 57
908 131 880 130 935 131 905 130 36
907 148 879 148 935 149 904 149 58
907 154 879 153 935 155 904 155 78
909 176 880 176 937 179 906 179 44
908 199 880 199 935 203 905 203 35
904 253 870 253 935 263 895 262 12
906 274 870 273 937 285 900 285 7
908 276 874 276 939 287 902 287 15
906 279 872 279 937 291 900 291 13
903 283 869 283 935 295 897 295 15
904 287 870 287 935 299 896 299 24
903 303 865 302 939 317 896 317 10
915 62 887 61 945 57 914 56 81
915 93 886 92 941 89 913 89 119
914 107 885 106 943 105 913 104 75
912 111 883 110 941 109 910 108 66
915 111 886 111 945 109 913 109 116
912 128 884 127 941 127 910 127 83
915 135 888 134 943 135 913 135 47
913 131 886 131 941 131 911 131 40
913 137 886 137 941 137 912 137 50
915 142 888 141 943 143 913 143 45
914 185 887 185 941 187 912 187 141
913 188 886 187 941 191 912 191 70
914 197 892 196 941 201 911 201 78
908 256 874 257 941 267 903 266 11
911 279 877 279 943 291 906 291 16
913 285 879 285 945 297 908 297 23
910 289 874 289 941 301 902 301 20
911 294 877 294 945 307 905 307 17
921 62 893 61 951 57 921 56 104
922 71 895 69 951 67 921 67 66
918 88 890 88 947 85 916 84 84
920 97 891 96 949 95 918 94 83
923 149 895 149 951 151 921 151 74
919 152 891 151 947 153 916 152 37
922 163 894 162 951 165 920 164 67
921 176 894 175 949 179 920 179 66
923 184 895 183 949 187 920 187 157
921 182 894 181 949 185 920 185 65
914 281 881 281 947 293 910 293 15
913 290 878 290 947 303 908 303 38
916 295 881 295 947 307 907 307 17
913 299 879 299 947 313 910 314 9
927 23 900 22 955 17 926 16 112
923 65 895 67 953 61 922 60 100
924 86 899 85 953 83 922 83 110
925 93 897 92 955 91 924 90 79
924 103 895 103 955 101 922 100 64
925 124 897 124 953 123 923 123 108
926 138 897 137 955 139 925 138 84
927 143 899 142 957 143 926 143 89
928 159 900 158 957 161 927 161 57
927 182 900 181 955 185 926 185 59
925 191 898 190 953 195 924 195 36
926 197 901 196 953 201 926 200 33
934 207 911 206 957 211 931 210 11
919 268 886 270 953 279 913 278 14
921 279 886 279 953 291 917 291 13
920 297 884 297 957 311 915 311 9
932 26 906 24 961 19 932 18 69
933 65 905 64 963 61 933 60 97
932 111 902 110 963 109 931 109 78
932 138 902 138 961 139 931 138 72
934 159 906 158 963 161 933 161 72
930 159 902 159 959 161 929 161 74
935 185 907 187 961 189 934 191 74
934 181 906 181 961 185 932 185 52
925 246 891 246 959 255 922 254 9
929 264 896 264 963 275 927 275 11
925 269 893 270 959 283 922 284 14
929 275 895 275 963 287 925 287 7
929 279 895 279 963 291 926 291 11
927 275 894 276 961 287 924 287 9
926 282 894 283 961 295 922 294 13
933 29 907 29 965 23 935 23 71
939 80 912 79 969 77 939 76 95
935 93 907 92 965 91 935 90 82
935 97 907 96 965 95 935 94 63
939 101 911 100 969 99 938 98 72
937 124 905 122 967 123 933 122 55
939 129 911 128 969 129 939 128 81
937 125 905 126 967 125 935 124 64
937 133 909 133 967 133 937 133 83
935 131 908 133 965 131 935 131 52
940 199 913 198 967 203 945 203 42
932 261 898 260 967 271 928 271 9
930 283 897 283 965 295 927 295 18
928 290 893 290 965 303 924 304 29
940 43 912 42 971 37 941 36 54
944 63 916 62 975 59 945 58 45
944 69 916 68 975 65 945 64 54
941 107 911 106 973 105 941 105 61
941 125 912 124 971 125 938 125 82
942 144 914 143 973 145 942 144 79
945 165 917 164 975 167 945 167 86
943 178 917 178 973 181 943 182 63
943 189 918 189 971 193 943 193 36
942 195 916 194 971 199 942 199 21
939 275 903 275 971 287 943 287 20
937 281 903 282 971 293 934 293 13
939 293 901 293 973 307 935 307 23
937 297 897 296 973 311 931 311 15
946 67 918 66 977 63 947 62 91
949 90 918 88 981 87 949 86 74
947 101 918 100 979 99 947 98 61
946 125 918 124 977 125 947 125 86
947 135 919 135 977 135 947 135 119
946 148 918 147 977 149 947 148 66
950 153 922 153 981 155 950 154 180
955 217 934 217 981 223 958 223 10
942 275 910 275 979 287 942 287 10
941 279 908 279 977 291 939 291 11
945 289 910 289 979 301 942 302 17
938 317 895 317 977 335 937 334 27
955 57 927 57 987 53 957 52 55
955 64 926 65 987 59 957 59 75
953 101 924 100 985 99 954 98 68
955 118 927 117 987 117 956 117 104
953 133 925 132 985 133 954 133 92
954 150 926 149 985 151 955 150 155
952 155 924 154 983 157 953 156 79
955 166 927 166 987 169 956 169 55
957 181 929 180 987 185 958 185 46
957 185 929 184 987 189 957 189 32
951 278 917 278 987 289 949 290 15
945 283 909 283 983 295 940 296 19
948 293 913 293 987 307 944 306 13
941 310 899 310 983 327 936 327 14
957 59 929 58 989 55 959 54 59
960 63 931 62 993 59 962 58 64
957 70 928 71 989 67 958 66 65
957 99 927 97 989 97 957 96 108
960 101 931 100 993 99 962 98 84
959 125 930 124 991 125 960 124 124
961 129 932 128 993 129 963 128 92
959 134 930 133 991 135 960 134 79
958 147 930 146 989 149 959 148 95
957 157 929 157 989 159 958 159 104
961 159 932 159 993 161 962 161 63
961 170 933 170 993 173 962 173 50
958 189 932 188 989 193 961 192 23
957 270 921 269 991 281 955 280 10
948 282 913 283 989 295 951 295 20
956 287 923 287 993 299 954 299 17
947 305 908 305 989 321 945 321 20
947 301 910 301 991 317 947 317 20
967 105 939 104 999 103 969 103 126
965 170 936 170 997 173 966 173 81
967 179 940 179 999 183 970 183 44
967 207 947 208 997 213 971 213 15
970 215 947 215 997 221 973 220 11
968 227 945 225 995 233 971 233 11
959 256 924 255 995 265 958 265 6
964 271 928 271 999 283 961 282 9
961 278 926 277 997 289 960 289 9
961 282 926 282 997 295 959 293 12
959 296 921 296 999 311 956 311 27
968 86 940 85 1001 83 970 82 66
972 150 943 149 1005 151 974 151 83
972 163 944 162 1005 165 974 165 75
970 161 941 160 1003 163 972 162 76
976 187 945 185 1005 191 978 191 18
973 200 945 199 1003 205 975 204 15
973 206 950 205 1001 211 976 211 17
973 214 950 214 1001 219 976 219 9
967 275 931 275 1001 287 965 287 12
965 279 931 279 1001 291 964 291 14
967 283 933 282 1003 295 964 295 14
963 305 923 305 1005 321 957 320 20
959 303 919 303 1001 319 953 318 13
958 308 919 309 1001 325 955 325 11
974 69 946 68 1007 65 977 64 116
977 88 949 87 1011 85 981 84 67
975 118 945 117 1009 117 977 117 142
975 121 946 121 1011 121 977 120 125
977 127 945 125 1011 127 978 126 152
976 146 947 146 1009 147 978 147 86
978 153 949 152 1011 155 980 154 78
974 157 945 156 1007 159 976 159 86
978 159 949 158 1011 161 980 161 82
976 168 947 167 1009 171 978 171 72
980 182 947 180 1011 185 981 185 57
977 183 951 183 1009 189 980 187 18
980 198 954 198 1011 203 982 203 29
979 209 956 209 1007 215 982 214 14
967 298 928 298 1007 313 967 314 23
969 307 928 307 1011 323 965 323 14
957 334 909 333 1007 355 959 356 9
981 101 953 101 1015 99 984 99 67
977 122 949 121 1013 121 980 121 71
984 123 955 122 1017 123 987 122 84
980 149 952 149 1013 151 983 151 73
979 174 949 174 1013 177 982 177 40
982 176 952 175 1015 179 983 178 69
985 185 958 183 1017 189 988 189 24
985 200 959 200 1017 205 988 205 21
987 213 964 212 1015 219 989 218 7
985 210 962 208 1013 215 988 214 13
977 283 943 282 1015 295 977 295 13
976 286 935 289 1015 299 981 299 20
985 65 956 64 1019 61 988 60 49
988 116 962 115 1023 115 993 114 54
988 174 960 174 1023 177 992 177 32
991 190 965 189 1023 195 994 194 23
989 188 962 188 1021 193 992 192 21
988 195 961 194 1021 199 992 199 28
991 209 968 209 1023 215 997 216 9
991 209 966 208 1019 215 996 214 13
987 276 949 274 1021 287 985 286 14
980 279 946 279 1019 291 981 291 14
985 274 951 275 1023 287 987 287 10
979 295 942 295 1019 309 975 308 10
983 297 943 296 1023 311 981 311 18
991 61 962 60 1027 57 995 56 48
994 71 965 70 1029 67 998 66 53
991 118 963 117 1025 117 995 117 39
994 125 965 124 1027 125 997 124 56
994 131 966 130 1029 131 998 130 63
991 170 962 170 1025 173 994 173 74
992 187 964 186 1025 191 995 190 20
985 257 951 257 1027 267 986 267 16
984 293 948 293 1025 307 982 306 15
998 97 969 96 1033 95 1002 94 68
996 99 967 99 1031 97 1000 97 54
996 107 970 103 1033 103 1002 102 43
1000 136 971 136 1035 137 1005 136 59
996 155 968 154 1031 157 1000 156 51
997 191 971 190 1031 195 1002 195 18
999 197 972 198 1033 203 1003 201 17
1003 228 977 228 1033 235 1007 235 8
991 283 957 283 1031 295 992 295 12
1005 82 977 82 1039 79 1010 78 30
1002 93 973 92 1037 91 1006 90 41
1004 100 977 99 1037 99 1009 97 41
1000 109 973 107 1037 105 1006 104 53
1006 110 977 110 1041 109 1010 108 38
1007 168 979 167 1041 171 1011 170 15
1006 164 976 164 1041 167 1010 166 25
1008 182 981 181 1041 185 1013 185 13
1007 237 984 236 1041 243 1015 242 9
993 297 954 296 1037 311 993 310 21
994 303 952 302 1039 319 995 319 21
1011 93 983 92 1047 91 1016 90 35
1011 102 983 102 1045 101 1016 100 32
1007 112 979 111 1043 111 1012 110 31
1007 108 978 106 1043 107 1012 106 46
1006 134 979 134 1043 135 1013 135 57
1011 156 983 155 1047 159 1015 157 17
1011 163 981 164 1047 165 1016 165 28
1013 181 987 180 1047 185 1017 183 11
1012 218 987 219 1043 225 1013 227 10
1010 232 987 232 1043 239 1017 239 10
1004 279 971 279 1045 291 1008 291 9
1005 283 969 282 1043 295 1005 295 13
999 304 959 305 1043 321 1000 320 18
1014 26 987 24 1049 19 1020 18 46
1018 63 988 64 1053 59 1023 58 34
1016 69 988 67 1051 65 1021 64 30
1013 118 987 117 1049 117 1017 116 25
1019 171 992 167 1053 173 1024 172 12
1019 231 995 230 1051 237 1025 237 6
1009 280 975 281 1049 293 1012 293 13
1009 294 972 294 1051 307 1013 308 12
1020 55 992 54 1055 51 1025 51 29
1022 62 994 60 1059 57 1028 56 19
1019 65 991 66 1055 61 1024 60 21
1025 83 997 81 1059 81 1031 79 28
1021 89 996 91 1057 87 1027 86 43
1025 144 999 142 1059 145 1032 146 19
1023 148 998 147 1059 149 1027 148 26
1025 183 996 183 1059 187 1031 185 14
1016 279 984 279 1057 291 1020 291 11
1030 21 1003 21 1065 17 1036 15 49
1025 35 997 34 1061 29 1031 28 36
1024 135 1001 135 1061 137 1033 136 25
1028 152 1003 151 1063 151 1036 149 31
1029 204 1000 203 1065 209 1039 209 18
1021 247 987 246 1061 255 1025 256 9
1022 275 987 275 1061 287 1025 286 11
1030 67 1002 66 1067 63 1037 62 44
1025 253 993 253 1071 265 1031 265 14
1025 267 992 267 1067 279 1029 278 7
1019 303 980 303 1067 319 1022 319 14
1038 214 1007 215 1073 221 1046 221 43
1034 250 1001 250 1075 259 1039 259 19
1031 275 997 274 1073 287 1037 287 15
1046 153 1023 155 1081 155 1053 155 60
1052 137 1027 137 1089 141 1059 139 71
1049 259 1015 259 1091 271 1053 270 48
1056 157 1028 156 1097 159 1063 159 60
1059 225 1034 224 1099 231 1073 229 56
1077 160 1049 160 1117 163 1087 162 56
1079 179 1051 177 1119 181 1089 183 20
1081 157 1053 155 1121 159 1091 157 32
1083 227 1055 227 1123 235 1093 234 38
1081 231 1053 232 1121 241 1093 241 41
1083 219 1054 220 1129 225 1093 227 43
1088 208 1055 208 1135 213 1101 215 62
1101 100 1071 100 1145 99 1113 98 195
1105 116 1076 115 1149 117 1117 115 32
1104 127 1074 126 1147 127 1115 126 29
1109 155 1083 159 1155 159 1122 157 16
1108 193 1079 189 1153 197 1121 197 23
1110 237 1079 236 1153 245 1121 245 20
1114 96 1084 94 1159 93 1127 92 26
1114 138 1084 135 1159 139 1127 137 23
1115 169 1086 169 1161 173 1129 173 24
1112 196 1083 195 1157 201 1125 201 22
1118 40 1088 38 1165 33 1133 31 27
1119 117 1091 117 1167 117 1135 117 18
1118 119 1088 118 1163 119 1132 118 10
1117 158 1088 157 1163 161 1131 160 17
1118 171 1088 171 1165 175 1133 175 12
1121 199 1092 199 1167 205 1136 205 49
1117 223 1086 224 1163 231 1130 230 10
1117 234 1087 231 1167 243 1130 241 14
1090 303 1038 303 1163 325 1098 323 13
1124 47 1093 45 1171 41 1138 39 12
1126 113 1095 111 1173 113 1141 112 9
1125 127 1095 126 1173 127 1141 126 11
1123 169 1093 168 1169 173 1137 172 14
1122 177 1093 180 1169 183 1136 182 17
1127 211 1097 211 1173 221 1142 219 18
1096 289 1042 290 1169 309 1109 309 8
1097 331 1045 332 1173 357 1113 358 18
1128 117 1098 116 1175 117 1142 116 9
1131 139 1101 137 1179 141 1146 141 13
1128 197 1098 197 1175 203 1143 203 40
1130 217 1097 217 1179 225 1142 225 12
1130 228 1099 228 1179 237 1145 236 13
1134 142 1103 142 1183 143 1150 143 27
1134 177 1104 176 1183 181 1150 180 22
1133 203 1103 203 1181 209 1148 209 19
1133 235 1106 233 1181 243 1155 244 27
1109 315 1054 316 1183 339 1125 337 11
1140 41 1107 40 1189 35 1153 35 19
1140 102 1109 101 1189 101 1156 100 36
1142 119 1111 117 1191 119 1158 118 12
1138 150 1107 149 1187 153 1154 152 18
1142 156 1109 155 1191 159 1157 158 11
1137 165 1108 166 1187 171 1153 171 15
1141 176 1111 176 1191 181 1158 180 19
1138 180 1107 179 1187 185 1154 185 30
1142 184 1111 184 1191 189 1158 189 24
1141 192 1111 192 1191 199 1157 198 17
1147 98 1116 98 1197 97 1164 96 30
1145 123 1114 121 1195 123 1161 122 12
1145 147 1114 146 1195 149 1161 148 13
1143 160 1113 163 1193 163 1160 162 9
1144 227 1113 231 1193 237 1160 236 8
1153 80 1121 77 1203 75 1171 76 10
1150 169 1121 167 1201 173 1168 172 10
1150 183 1117 185 1201 191 1167 190 12
1148 208 1118 209 1201 217 1166 217 13
1153 119 1121 118 1205 119 1170 119 12
1159 123 1125 124 1209 125 1174 124 15
1155 147 1124 148 1207 151 1173 151 12
1157 154 1126 151 1209 157 1175 156 11
1128 283 1073 287 1205 303 1147 305 9
1127 331 1072 331 1207 357 1143 357 12
1159 115 1128 114 1213 115 1178 114 10
1155 144 1127 145 1211 147 1177 147 16
1161 208 1130 208 1215 215 1182 215 8
1163 119 1131 118 1217 119 1180 119 15
1163 154 1131 153 1217 157 1181 156 12
1165 203 1135 204 1221 211 1185 209 10
1165 215 1133 213 1221 221 1184 221 5
1175 101 1141 102 1225 101 1195 101 173
1170 150 1138 149 1225 151 1189 151 11
1168 168 1136 169 1223 173 1188 172 7
1167 174 1134 173 1223 179 1187 178 11
1171 181 1139 181 1225 187 1190 186 7
1172 185 1140 185 1227 191 1191 190 42
