93 252 48 251 49 261 44 262 90
96 133 53 133 55 131 18 130 331
104 112 60 113 63 109 23 111 360
105 111 62 111 65 107 17 107 99
105 134 62 134 65 133 17 133 133
105 140 62 140 65 139 17 139 84
105 147 62 147 65 147 17 147 90
107 154 64 155 67 155 20 155 121
107 195 63 195 67 199 16 199 95
110 201 66 200 69 205 18 205 86
111 227 65 227 69 235 19 235 100
107 244 63 244 67 253 15 253 190
109 253 64 253 67 263 15 262 38
111 120 67 120 71 117 23 117 111
113 136 69 136 73 135 26 135 97
113 144 69 146 73 143 26 143 102
113 166 68 166 73 167 24 167 146
107 183 65 183 71 187 22 187 72
112 199 67 198 71 203 20 203 102
114 222 68 222 71 229 20 228 161
115 223 69 223 73 231 22 230 111
114 230 69 229 71 239 22 237 121
113 262 68 261 71 273 20 272 33
117 261 70 260 73 271 24 271 33
116 120 74 120 77 117 29 117 347
121 145 77 143 81 145 32 145 230
116 153 73 153 77 153 30 153 142
117 164 73 164 77 165 28 165 163
117 173 73 173 77 175 28 175 127
119 177 75 177 79 179 41 178 266
119 189 74 189 79 193 31 193 76
123 268 77 267 81 279 31 278 32
122 293 77 292 81 307 32 306 22
119 308 75 306 77 323 26 322 24
126 53 81 54 85 43 35 44 125
123 107 78 107 83 105 34 107 163
128 151 82 150 87 149 37 149 131
128 156 82 157 87 157 37 158 139
123 161 79 163 83 163 34 163 320
128 175 82 175 87 177 37 176 115
127 268 81 267 85 279 35 278 28
124 271 78 270 83 283 33 282 32
127 269 81 268 87 281 36 280 29
128 302 83 301 87 317 37 316 33
129 249 85 249 89 259 39 258 55
132 306 86 304 91 321 41 320 25
138 273 93 272 99 285 48 284 22
135 278 91 279 95 291 45 290 31
137 180 93 180 101 183 52 183 179
142 277 97 276 103 289 53 288 49
140 297 95 296 101 311 51 310 37
144 309 98 309 105 325 55 324 65
145 195 101 195 107 199 58 199 63
150 255 105 254 111 265 61 264 48
148 289 102 287 109 303 59 302 23
147 322 102 322 109 339 59 338 93
153 158 108 158 115 159 66 159 338
151 162 106 162 113 163 64 163 165
155 180 110 180 117 183 67 183 168
154 176 110 176 115 179 66 179 117
152 257 108 256 115 267 65 266 40
152 253 107 252 115 263 65 262 57
155 289 110 289 117 303 68 302 22
151 317 106 316 113 333 63 332 91
159 153 115 153 123 153 75 153 231
157 164 113 164 121 165 73 165 172
159 162 115 162 123 163 75 163 215
157 176 114 177 121 179 73 179 156
159 176 116 176 123 179 75 179 73
157 186 112 185 119 189 69 189 138
153 241 105 241 119 249 69 249 67
156 245 108 245 123 253 71 253 72
156 262 111 262 119 273 70 272 37
158 264 113 264 121 275 72 274 38
159 275 114 275 121 287 72 286 21
159 319 115 318 123 335 69 336 58
163 74 119 74 127 67 79 67 137
161 79 117 78 125 71 77 71 244
163 88 119 88 127 77 79 77 161
161 95 117 95 125 89 77 89 137
161 155 117 156 125 157 77 156 304
163 171 119 173 127 175 79 175 133
161 239 115 239 127 247 77 247 30
166 244 121 244 129 253 83 252 53
160 303 118 301 125 317 76 317 23
168 75 125 75 131 67 83 67 191
170 91 127 91 135 85 88 85 212
164 155 124 153 133 153 90 152 270
170 181 127 181 135 183 87 183 165
171 177 127 177 135 179 91 179 129
165 190 121 190 133 193 81 193 64
169 329 122 328 131 347 78 346 30
173 65 129 65 141 57 89 56 113
175 78 136 79 141 71 94 71 85
170 105 131 105 141 101 98 101 245
171 154 131 151 141 153 99 153 280
170 159 132 160 141 161 99 161 149
173 245 132 244 141 253 96 252 52
171 246 129 246 137 255 92 254 37
171 255 128 255 137 265 91 264 27
172 261 129 261 139 271 94 270 19
174 259 132 258 141 269 95 269 13
177 61 133 61 145 53 97 53 42
174 77 131 77 143 71 96 71 96
173 89 131 89 147 85 101 85 109
174 92 135 93 143 87 97 87 182
171 93 128 93 143 89 97 89 184
173 101 132 101 143 97 98 97 231
177 103 136 103 147 99 106 100 109
175 126 135 126 145 125 103 125 198
176 137 137 137 147 133 105 131 195
176 146 137 145 147 149 105 149 175
176 160 137 161 147 161 105 160 139
174 164 135 164 145 165 103 165 156
173 175 134 175 143 177 102 177 80
174 184 131 183 145 187 94 185 196
179 248 137 247 147 257 102 257 32
178 273 135 273 145 285 100 284 116
179 278 137 277 147 289 102 288 101
175 281 133 281 143 293 97 292 43
177 287 135 287 145 299 99 299 101
177 298 135 298 145 311 99 311 41
185 63 142 63 153 55 109 56 70
181 67 137 67 149 59 101 59 72
184 69 139 68 153 61 106 61 123
178 79 139 80 153 75 108 75 119
177 84 135 84 149 79 104 79 86
177 91 139 92 151 87 106 87 125
180 109 141 108 151 105 109 105 155
180 164 141 164 151 165 109 165 128
185 235 142 235 153 243 101 244 40
182 86 142 86 155 81 111 81 168
185 104 146 105 157 101 114 101 199
187 109 148 109 159 105 117 106 134
187 157 148 157 159 159 117 158 131
185 167 147 167 157 169 115 169 109
190 244 145 242 155 251 112 250 47
185 255 144 255 155 265 111 264 16
186 271 143 271 159 281 110 281 132
189 102 150 103 161 99 118 99 177
191 109 152 107 163 105 121 103 120
191 175 152 174 163 177 120 175 79
189 176 150 176 161 179 119 179 82
191 190 151 189 161 193 119 193 124
189 252 148 251 165 261 120 263 22
192 269 148 269 165 279 119 279 142
195 74 157 74 169 67 126 68 137
201 237 159 237 169 245 123 245 47
195 280 158 278 169 289 126 290 66
196 294 158 294 169 307 127 306 43
203 181 165 180 177 183 135 183 89
203 186 165 186 177 189 136 188 119
201 189 163 189 175 193 133 193 113
203 245 166 245 177 253 135 252 45
209 339 158 338 173 359 117 358 29
205 179 166 179 179 181 137 181 75
207 188 169 187 181 191 139 191 77
207 284 168 283 181 295 140 294 31
218 332 169 330 183 351 125 350 32
214 252 177 252 189 261 148 261 14
214 249 177 248 189 257 149 257 11
211 251 173 250 185 259 144 258 12
211 271 171 271 185 281 143 280 19
213 297 177 296 189 309 149 308 36
212 235 171 235 191 241 149 241 39
217 263 181 264 195 273 153 273 16
217 263 181 265 195 275 155 274 11
219 277 182 276 195 287 154 286 27
216 278 179 277 191 289 151 288 29
218 229 179 229 197 235 156 235 32
222 264 186 263 199 273 159 273 13
221 295 185 294 197 307 157 306 37
224 237 189 235 203 243 163 244 25
227 233 195 232 207 239 167 239 46
224 256 188 255 203 263 181 263 18
229 279 196 277 207 289 168 289 26
239 335 189 335 205 355 151 354 29
230 249 195 248 209 257 170 256 9
231 277 195 276 209 287 170 286 23
232 297 195 296 209 309 170 308 45
244 341 193 342 209 363 152 363 34
240 249 205 249 219 257 181 257 13
239 257 205 257 219 265 183 264 13
236 281 202 280 215 291 179 290 44
239 298 203 298 219 311 177 311 39
241 225 206 225 221 231 183 231 31
244 232 208 235 223 239 187 239 43
240 245 206 246 221 253 183 252 18
243 244 209 244 223 251 186 251 15
241 261 207 260 221 269 185 269 11
241 266 207 266 221 275 185 274 18
246 292 211 291 225 303 184 303 40
247 229 211 229 227 235 189 235 53
249 261 216 261 231 269 195 269 16
249 288 213 288 229 299 191 298 24
252 229 218 229 233 235 196 235 44
247 253 219 253 233 261 197 260 18
253 257 215 256 233 265 199 264 24
254 281 219 281 235 291 198 291 32
255 285 223 284 237 295 200 295 33
254 294 216 293 233 305 193 304 39
259 139 228 139 243 139 210 139 165
259 141 228 141 243 141 209 142 192
254 240 224 242 239 249 205 248 30
256 246 224 246 239 253 204 252 39
263 96 232 97 247 93 213 93 131
261 94 230 95 245 91 211 91 132
261 126 230 125 245 125 212 123 198
263 145 232 145 247 145 214 145 188
261 147 230 147 245 147 212 147 61
264 227 233 227 245 233 209 233 49
265 277 233 277 247 287 213 286 39
265 289 231 288 247 299 209 299 38
269 295 231 295 247 307 209 307 26
266 92 238 93 251 89 217 89 143
268 129 234 131 255 129 225 130 365
270 141 239 141 255 141 222 141 191
267 141 236 141 251 141 218 141 101
271 151 241 151 253 151 221 151 91
266 230 235 230 255 235 223 234 128
270 233 239 233 255 239 222 238 39
266 248 237 247 251 255 219 254 107
266 263 236 263 251 271 218 271 62
274 108 245 109 261 107 230 107 185
274 127 245 127 261 127 230 127 81
271 130 242 130 257 129 226 129 166
274 263 245 263 261 271 230 270 44
271 267 241 267 257 275 222 276 77
275 269 247 268 261 277 231 276 32
280 103 250 104 267 101 237 101 107
276 139 247 139 263 139 232 139 114
280 272 250 272 265 281 235 280 29
284 298 247 297 265 309 224 309 30
283 99 253 99 271 97 240 97 151
283 145 255 145 271 145 241 145 172
283 148 255 148 271 149 241 149 258
285 150 257 150 273 151 243 151 106
279 223 253 222 271 227 237 227 49
282 228 255 226 269 233 239 232 109
281 266 253 265 269 273 238 273 41
285 274 255 274 271 283 239 282 44
286 285 253 285 271 295 235 294 30
288 273 257 273 275 281 244 281 33
292 287 256 287 277 297 239 296 30
297 295 261 295 279 307 239 307 33
296 302 258 302 277 315 234 314 35
292 221 265 220 281 225 252 225 81
294 219 267 218 283 223 254 223 87
292 224 265 227 281 229 252 229 89
292 238 264 240 281 245 252 244 121
292 249 265 247 281 255 252 254 99
302 292 267 289 285 303 246 302 25
300 290 265 289 283 301 245 301 31
298 260 270 260 287 267 258 267 106
303 261 277 261 291 269 262 269 107
299 271 271 271 287 279 257 279 48
301 275 271 274 287 283 258 283 60
305 109 279 109 295 107 267 107 282
305 141 279 141 295 141 267 140 189
303 139 277 138 293 139 265 138 220
303 143 277 143 293 143 265 143 135
307 150 280 150 297 151 270 151 138
305 148 279 148 295 149 267 149 181
305 154 279 154 295 155 268 155 191
307 237 281 237 297 243 270 243 177
307 264 279 263 297 271 269 271 95
308 276 277 276 295 285 263 284 50
311 287 273 286 297 297 259 297 30
309 340 275 340 295 353 255 351 190
311 135 287 132 303 133 278 133 84
307 136 283 137 299 137 274 137 158
309 138 285 138 301 139 276 139 149
309 146 281 146 299 147 271 147 284
311 144 287 145 303 145 278 146 328
312 156 286 156 303 157 277 157 195
308 236 286 235 301 241 273 241 155
310 239 285 239 301 245 274 245 244
312 239 287 239 303 245 276 245 163
308 251 283 251 299 257 272 256 211
309 260 282 260 299 267 271 267 142
317 287 281 286 303 297 267 296 27
318 290 283 290 303 301 266 300 25
317 112 292 112 309 111 283 111 190
317 152 292 152 309 153 284 153 159
319 28 295 29 311 23 284 23 178
320 150 296 150 313 151 288 151 165
321 156 297 156 313 157 288 157 121
323 273 295 272 313 281 281 280 40
323 278 292 278 311 287 277 287 25
327 292 292 292 313 303 275 303 49
332 271 302 271 321 279 290 279 29
334 247 310 248 327 253 304 253 36
331 255 307 254 323 261 298 261 32
330 261 305 260 323 267 296 267 35
333 276 302 276 323 285 290 284 36
337 296 300 295 323 307 283 307 32
342 299 303 299 327 311 288 310 35
337 246 319 245 333 251 310 251 39
339 251 316 251 333 257 309 257 36
343 287 310 287 331 297 295 297 31
347 302 309 302 333 315 292 314 29
344 26 322 25 339 21 317 22 217
342 130 321 131 337 129 315 130 170
344 146 323 147 339 147 317 147 60
342 149 321 150 337 151 315 151 66
344 159 323 159 339 161 317 161 172
344 179 323 179 339 181 317 181 226
344 182 322 183 339 185 317 185 120
344 188 323 188 339 191 317 191 62
343 227 323 226 339 231 317 231 86
344 232 323 232 339 237 317 238 128
341 257 318 256 335 263 310 262 35
343 264 316 263 335 271 306 270 39
346 21 325 22 341 17 318 17 211
345 72 325 73 341 71 318 70 219
348 79 327 79 343 77 321 77 96
346 83 325 83 341 81 319 81 74
348 84 331 86 345 83 325 84 83
348 127 327 127 343 127 321 127 273
346 125 325 125 341 125 319 125 115
346 133 325 132 341 133 319 133 222
346 137 325 137 341 139 319 138 159
345 150 325 150 341 151 319 151 149
346 164 325 163 341 165 319 165 199
349 160 329 160 345 161 324 161 213
346 176 325 175 341 177 319 175 221
349 181 329 181 345 183 324 183 148
349 179 329 179 345 181 324 181 161
348 184 327 184 343 187 321 187 120
345 225 324 225 341 229 319 229 105
349 227 329 226 345 231 324 231 117
347 229 327 228 343 233 321 233 168
350 232 328 233 345 237 323 238 138
347 242 327 242 343 247 321 247 96
351 278 317 278 341 287 310 286 50
355 282 318 282 345 291 311 291 51
353 21 332 21 349 17 327 17 204
355 73 335 69 351 69 330 68 154
351 123 331 123 347 123 325 123 154
353 125 333 125 349 125 328 125 250
351 165 331 165 347 169 327 167 195
355 171 335 171 351 173 331 173 112
353 174 333 173 349 175 329 175 97
351 188 331 188 347 191 324 191 138
354 207 335 205 351 209 331 208 54
355 212 333 210 351 215 330 214 64
357 264 330 264 349 271 321 271 29
362 287 326 288 351 297 312 298 35
359 297 323 297 347 309 307 309 35
359 64 339 64 355 63 334 63 387
361 66 341 66 357 65 337 65 196
361 73 341 73 357 75 337 73 388
356 80 337 81 353 79 332 79 266
356 88 336 88 353 87 332 87 213
361 99 341 99 357 99 337 99 239
356 96 337 95 353 95 332 96 131
358 103 339 103 355 103 334 103 156
356 144 337 144 353 145 333 145 168
357 150 337 149 353 151 333 151 138
358 167 339 167 355 169 335 169 147
358 173 339 173 355 175 335 175 154
357 181 337 181 353 183 332 183 177
356 186 336 186 353 189 333 189 135
356 191 337 190 353 193 333 193 90
360 233 341 233 357 237 337 237 134
356 239 337 239 353 243 333 243 98
360 255 337 255 355 261 331 261 52
364 290 333 288 355 299 319 299 33
371 307 331 307 357 321 315 320 56
363 62 347 62 363 61 345 61 195
364 78 349 78 363 77 348 77 406
362 107 342 107 359 107 340 107 115
365 142 343 141 363 143 349 143 226
367 191 349 191 361 193 349 193 102
362 237 343 237 359 241 339 241 113
365 257 340 256 361 263 333 263 26
366 263 340 263 361 269 333 269 23
370 267 341 267 361 275 332 274 26
370 275 343 275 363 283 332 283 41
370 273 340 273 361 281 331 281 24
370 294 335 293 359 305 321 304 44
368 68 352 68 367 67 351 67 236
368 99 352 99 367 99 351 99 161
366 95 351 95 365 95 350 95 312
370 101 354 101 369 101 353 101 171
368 146 353 146 367 147 351 147 205
370 144 355 144 369 145 354 145 150
366 152 351 152 365 153 350 153 161
368 150 353 150 367 151 352 151 184
368 187 352 186 367 189 351 189 105
366 182 351 182 365 185 350 185 118
370 210 354 210 369 213 352 213 139
369 208 352 208 367 211 350 211 136
369 231 352 231 367 235 350 235 163
371 233 354 233 369 237 352 237 191
372 263 347 262 367 269 340 269 47
374 282 343 281 365 291 331 291 33
381 306 342 306 369 319 327 318 83
382 318 342 318 369 333 325 332 62
373 21 358 21 373 19 358 20 133
372 64 356 64 371 63 355 63 231
374 97 358 93 373 95 357 95 121
376 101 361 101 375 101 361 103 111
374 148 358 151 373 151 357 153 87
372 179 357 179 371 183 355 184 92
372 188 357 188 371 191 355 191 73
374 201 360 202 375 205 358 205 216
372 206 356 206 371 209 354 209 168
374 216 358 213 373 217 356 215 280
374 244 355 243 371 249 349 249 122
373 243 353 243 371 247 351 247 121
377 248 355 248 373 253 350 253 74
376 259 352 258 371 265 344 265 36
379 263 354 262 375 269 347 269 34
377 268 350 267 371 275 342 275 29
381 286 348 285 371 297 335 297 40
387 320 345 320 373 335 328 335 42
381 32 367 33 381 31 366 32 65
378 204 362 204 377 207 361 207 155
378 225 362 226 377 229 361 229 273
384 250 364 250 381 255 359 255 73
385 262 358 262 379 269 351 269 56
387 274 359 274 379 283 349 282 66
388 303 351 302 377 315 336 315 73
389 319 350 318 377 333 332 333 43
386 26 370 27 385 25 370 25 72
389 31 372 30 387 29 371 29 90
385 36 370 37 385 35 370 36 101
385 58 370 58 385 57 370 59 137
386 110 374 112 387 111 372 111 156
385 146 370 146 385 147 370 147 156
385 151 370 152 385 153 370 155 151
385 173 371 172 385 175 367 173 149
387 187 373 186 387 189 372 189 75
386 182 371 182 385 185 369 186 83
383 229 368 229 383 233 367 233 141
386 240 366 240 383 245 364 244 77
388 246 368 246 385 251 364 251 77
390 264 362 265 385 271 359 270 43
390 268 364 267 385 275 356 275 38
391 273 363 273 385 281 354 281 33
395 289 361 289 387 299 351 298 62
396 292 363 291 387 303 349 303 94
392 290 357 290 383 301 347 300 45
393 296 357 296 383 307 343 308 115
396 300 361 299 387 311 349 310 75
398 310 359 310 387 323 345 323 83
391 40 376 41 391 39 376 40 164
389 68 374 68 389 67 374 67 257
393 66 379 67 393 65 379 66 220
391 70 376 70 391 69 376 69 325
393 75 379 75 393 75 378 76 180
391 77 377 77 391 77 377 76 199
393 81 378 84 393 83 379 85 284
392 104 378 104 393 105 378 105 547
389 107 374 107 389 107 374 107 272
393 111 379 111 393 111 378 111 131
388 112 375 113 389 113 374 113 80
389 131 374 135 389 135 374 136 41
389 144 374 143 389 145 374 145 84
393 151 379 153 393 155 379 156 249
389 191 375 191 389 193 374 193 78
391 190 377 190 391 193 376 193 247
393 201 379 200 393 201 379 202 135
389 225 375 225 389 229 374 229 145
398 266 372 265 393 273 366 272 39
398 276 369 276 391 285 360 285 85
400 284 368 283 393 293 358 293 75
399 304 362 304 389 317 350 316 54
403 306 366 306 393 319 354 318 62
395 17 380 21 395 17 381 16 189
396 40 383 41 397 39 383 39 542
400 52 384 50 399 49 384 49 416
394 62 380 62 395 61 381 61 206
395 68 381 68 395 67 381 67 333
397 71 382 72 397 71 382 71 162
398 83 385 83 399 83 385 84 339
396 109 383 109 397 109 383 110 220
395 117 380 116 395 117 380 116 179
398 118 384 118 399 119 385 119 304
397 147 383 146 397 147 383 147 235
398 152 385 151 399 153 386 153 309
398 179 385 180 399 181 386 179 231
396 182 383 182 397 185 384 185 333
396 191 382 191 397 193 382 193 253
397 200 383 200 397 203 383 203 198
402 236 380 235 399 241 376 241 109
400 254 381 254 397 259 373 259 102
400 264 374 264 395 271 368 271 61
406 286 374 285 399 295 364 295 83
406 299 370 299 397 311 358 311 53
400 19 387 19 401 17 387 17 418
402 33 389 34 403 33 389 35 274
400 59 386 60 401 59 386 59 435
404 64 390 64 405 63 391 63 247
402 88 389 87 403 87 390 87 260
404 83 391 83 405 83 392 83 321
403 149 391 149 405 151 393 151 150
401 149 390 150 403 151 390 151 327
400 153 387 154 401 155 388 156 204
400 165 387 169 401 169 388 169 221
404 165 391 169 405 167 393 165 306
403 189 392 188 405 191 393 191 246
408 224 386 225 405 229 382 230 144
406 234 384 232 403 237 380 236 81
404 233 382 232 401 237 378 236 95
404 240 382 241 401 245 378 246 103
406 248 384 247 403 253 380 252 106
408 28 395 26 409 25 396 24 360
406 32 393 35 407 33 394 34 320
405 85 393 86 407 87 394 86 292
407 97 395 96 409 97 397 97 275
407 109 395 109 409 107 397 107 248
407 116 396 117 409 117 397 117 308
407 120 396 120 409 121 397 121 141
407 154 396 153 409 155 397 155 156
407 169 396 169 409 171 397 171 279
405 179 393 179 407 181 395 179 234
411 223 390 222 409 227 386 227 110
413 238 392 238 411 243 388 243 73
411 249 390 249 409 255 386 255 40
416 269 388 269 411 277 381 277 133
415 26 403 27 417 25 405 25 166
413 28 401 28 415 27 403 27 184
415 37 404 38 417 37 406 37 251
415 54 404 53 417 53 406 53 157
415 55 404 56 417 55 406 56 150
413 63 402 64 415 63 404 63 264
411 67 400 67 413 67 402 68 172
415 75 404 75 417 75 406 75 108
413 79 401 77 415 79 403 77 255
415 99 404 99 417 99 406 99 215
411 115 400 112 413 113 402 113 210
411 147 399 148 413 149 401 149 129
413 151 402 151 415 153 403 153 200
411 163 400 163 413 165 402 165 333
415 159 404 160 417 161 407 160 342
411 178 400 178 413 181 401 182 321
414 183 404 182 417 185 407 185 279
413 185 402 185 415 187 404 187 346
419 215 397 215 417 219 394 219 291
415 234 393 234 415 239 390 238 79
415 247 394 246 413 251 391 250 65
420 271 392 271 415 279 385 279 96
422 277 390 279 417 285 386 285 94
418 273 389 273 413 281 382 281 99
424 289 392 289 417 299 383 299 51
419 27 407 29 421 27 410 28 113
421 38 410 38 423 37 412 37 124
418 52 408 53 421 53 411 54 126
418 75 408 75 421 75 411 75 156
419 69 409 71 421 71 411 71 220
420 91 411 93 423 93 414 95 237
418 99 409 97 421 99 412 97 301
418 104 409 105 421 105 411 105 305
417 108 406 111 419 109 409 109 237
420 105 411 107 423 107 414 109 232
416 123 406 124 419 125 408 124 165
417 155 406 155 419 157 408 157 270
418 179 409 180 421 181 411 179 247
416 187 407 187 419 189 410 189 323
424 211 405 211 423 215 402 215 242
423 219 401 219 421 223 398 223 154
421 225 399 225 419 229 396 229 82
427 275 399 275 423 283 394 283 89
424 284 393 284 419 293 386 293 95
426 288 396 287 421 297 389 296 57
428 309 388 309 419 323 376 322 12
426 19 416 19 429 17 419 16 82
424 25 414 25 427 25 417 25 108
422 41 412 41 425 43 415 45 98
422 49 412 49 425 51 415 51 112
424 55 414 55 427 55 417 55 121
422 75 413 73 425 73 415 71 59
422 79 413 77 425 79 415 80 85
422 84 412 84 425 85 415 85 298
424 88 415 88 427 89 418 89 222
424 98 415 98 427 99 417 99 257
426 104 417 104 429 105 419 106 279
424 151 415 154 427 155 418 153 132
424 174 414 175 427 177 417 177 291
422 177 413 176 425 179 416 177 267
426 179 417 178 429 181 419 181 409
429 225 407 225 427 229 404 229 82
429 255 406 255 427 261 403 260 70
429 261 406 260 427 267 401 267 88
428 30 418 31 431 31 421 31 131
428 51 418 51 431 51 421 51 88
428 59 418 59 431 59 421 59 136
431 71 426 73 435 75 429 74 53
427 84 420 84 431 85 427 85 255
429 92 421 92 433 93 425 93 238
431 143 424 143 435 145 427 144 107
428 167 419 168 431 169 423 170 183
427 168 420 170 431 171 424 172 383
432 203 413 204 431 207 411 207 483
435 205 419 206 435 209 419 209 436
432 210 413 209 431 213 416 212 567
437 219 414 219 435 223 412 223 214
432 240 406 240 431 245 409 245 54
436 254 414 253 435 259 411 259 104
433 259 410 258 431 265 405 265 88
437 261 413 261 435 267 410 267 85
433 263 409 263 431 269 405 269 98
433 275 407 275 431 283 402 282 66
440 36 433 39 441 37 433 37 32
435 88 428 88 439 89 432 89 168
435 96 428 95 439 97 432 97 152
437 111 430 112 441 113 434 114 283
437 123 430 124 441 125 434 125 225
435 141 428 141 439 143 431 142 137
437 163 430 163 441 165 435 165 138
437 169 431 169 441 171 435 171 189
432 186 421 187 437 189 422 188 616
440 200 417 200 439 203 418 203 450
441 211 419 211 437 215 419 215 416
447 297 412 297 441 309 401 309 18
441 88 434 88 445 89 438 89 102
441 116 435 117 445 117 439 119 359
443 163 437 163 447 165 441 165 105
441 167 435 167 445 169 439 169 297
442 169 437 169 447 171 441 171 185
443 215 421 215 443 219 420 219 241
448 219 426 219 447 223 424 223 177
446 259 424 259 445 265 421 265 61
446 108 441 109 451 111 445 109 313
448 103 443 105 453 107 447 106 174
448 111 443 112 453 113 448 113 151
448 119 443 119 453 121 448 121 180
448 127 443 127 453 129 448 129 251
448 137 443 137 453 139 448 139 407
446 181 441 181 451 183 446 184 376
450 221 428 221 449 225 426 225 390
452 251 430 251 451 257 429 257 41
450 257 428 257 449 263 425 263 51
454 117 450 117 459 119 455 119 99
452 131 448 131 457 133 453 132 173
450 141 446 141 455 143 450 143 319
449 183 444 183 455 185 447 186 384
451 189 443 189 455 191 444 191 341
458 215 436 215 457 219 434 219 186
455 218 433 218 455 221 432 221 310
459 234 437 234 459 239 437 239 151
455 240 433 240 455 245 432 245 88
456 257 433 257 455 263 432 263 40
459 257 437 257 459 263 435 263 42
460 263 435 265 459 269 436 268 31
459 271 432 271 457 279 432 281 37
456 123 452 123 461 125 457 125 96
460 125 456 125 465 127 462 127 88
456 135 452 135 461 137 457 137 169
456 141 452 141 461 143 458 143 274
458 161 457 163 465 165 461 163 372
465 203 445 202 465 205 445 205 523
463 200 443 200 463 203 442 203 462
463 230 441 230 463 235 440 235 126
464 252 444 251 465 257 442 257 51
461 252 439 251 461 257 436 257 76
465 157 463 157 471 159 469 159 164
461 158 459 159 467 161 464 161 251
467 177 458 177 471 179 461 179 407
467 187 451 186 469 189 454 189 423
467 198 452 198 469 201 454 201 409
469 200 454 200 471 203 456 203 533
470 215 451 215 471 219 451 219 470
467 221 446 219 467 223 445 223 338
470 221 451 221 471 225 451 224 432
467 234 446 234 467 239 444 239 174
467 242 446 242 467 247 445 247 88
469 255 446 255 469 261 445 261 55
469 254 448 253 469 259 447 259 63
468 21 455 22 475 21 460 22 9
471 149 470 149 477 151 476 151 56
471 155 470 155 477 157 476 157 73
471 175 462 175 475 177 465 176 437
473 171 464 171 477 173 471 173 477
472 184 462 185 475 187 465 187 509
475 222 460 222 477 225 462 225 353
478 261 454 261 477 267 452 267 28
475 151 474 151 481 153 481 151 69
474 178 476 178 483 181 482 180 467
479 182 477 183 483 185 483 185 438
477 185 475 183 481 187 475 187 499
477 205 463 205 479 207 465 208 254
477 229 462 229 479 233 464 233 146
481 259 457 259 481 265 456 265 32
483 149 482 149 489 151 488 151 45
483 165 482 165 489 167 488 167 150
481 171 480 171 487 173 486 173 361
479 177 478 177 485 179 484 179 397
483 181 482 181 489 183 488 183 264
480 187 475 187 485 189 481 189 544
485 235 468 237 487 241 469 241 27
485 243 468 243 487 247 468 247 25
491 251 466 251 489 257 463 257 27
488 257 465 257 489 263 464 263 25
485 21 476 22 495 21 477 20 12
482 25 472 25 491 25 475 25 11
494 27 479 27 495 27 488 27 12
495 30 478 31 495 31 481 31 17
485 153 484 153 491 155 490 155 45
491 208 475 208 495 211 479 211 230
492 228 478 228 495 231 481 231 28
489 241 472 241 491 245 473 245 35
494 255 470 255 491 261 467 261 18
491 168 489 169 497 171 495 171 62
493 173 491 173 499 175 497 175 65
495 181 493 181 501 183 499 183 251
496 197 491 197 501 199 496 199 60
492 199 487 199 497 201 492 201 44
495 243 475 242 497 247 479 247 38
504 259 481 259 501 265 479 265 34
502 35 487 35 505 35 487 36 10
497 151 496 151 503 153 502 153 44
502 147 501 147 507 149 507 149 53
497 157 496 157 503 159 502 159 70
501 153 500 153 507 155 506 155 66
501 163 499 163 507 165 504 165 79
498 169 495 169 503 171 500 171 155
499 179 497 178 505 181 503 181 47
499 185 497 185 505 187 502 187 141
497 185 495 185 503 187 501 187 147
501 189 499 189 507 191 504 191 73
498 201 494 200 503 203 497 203 43
504 249 480 249 505 255 473 254 35
504 255 481 255 505 261 470 262 42
507 314 476 314 505 329 470 328 42
501 135 499 135 509 137 497 137 17
503 149 502 148 509 151 508 150 106
507 153 504 154 513 155 510 155 76
503 167 501 167 509 169 506 169 43
504 197 499 197 509 199 504 199 42
508 199 504 199 513 201 509 201 30
507 215 498 215 513 219 504 221 18
506 228 492 227 509 231 494 231 15
509 225 495 225 513 229 499 228 21
509 243 488 243 511 247 492 247 50
509 154 506 154 515 155 512 155 75
513 163 510 163 519 165 516 165 105
511 167 508 167 517 169 514 169 72
509 175 506 175 515 177 512 177 57
511 237 495 237 519 241 494 239 35
515 242 496 242 517 247 497 247 47
513 254 491 253 517 259 493 259 38
517 290 482 290 515 301 480 300 27
518 165 514 165 523 167 520 167 95
517 169 514 169 523 171 519 171 110
516 175 512 175 521 177 517 177 60
515 181 512 181 521 183 518 183 70
517 183 514 183 523 187 520 187 112
521 209 511 208 525 211 516 211 26
518 213 509 212 523 215 513 215 21
519 228 507 227 525 231 510 231 24
519 245 500 245 521 249 502 249 51
519 249 496 249 521 255 499 255 66
519 255 496 255 521 261 497 261 74
521 257 498 257 523 263 488 264 128
521 270 491 269 521 277 493 277 22
521 282 489 281 521 291 488 290 15
520 294 486 294 521 305 486 304 16
523 312 490 312 521 327 488 328 28
522 318 490 318 521 333 485 333 22
524 161 519 162 529 163 524 164 75
526 167 521 167 531 169 526 169 47
524 171 519 171 529 173 524 173 36
523 197 516 197 529 199 521 200 59
528 231 514 231 531 235 515 235 22
526 274 497 273 527 281 496 281 10
532 145 527 145 537 147 532 147 68
528 152 526 151 533 155 532 153 104
528 173 523 173 533 175 528 175 59
528 189 519 191 533 191 527 189 130
530 195 522 195 535 197 527 197 146
528 197 521 196 533 199 525 199 60
532 212 523 212 537 215 528 215 44
527 215 517 216 533 219 522 218 27
529 237 513 236 535 241 519 240 30
531 245 513 244 535 249 515 249 54
532 241 513 240 535 245 515 245 28
534 15 522 17 539 17 530 17 11
538 126 531 126 543 127 536 127 108
536 133 530 134 541 135 535 136 80
538 137 533 138 543 139 538 140 98
537 155 533 155 543 157 538 157 45
534 159 529 159 539 161 535 161 81
536 159 531 159 541 161 536 161 55
536 165 531 165 541 167 536 167 73
533 177 529 177 539 179 534 179 54
535 183 532 182 541 185 538 184 134
536 191 528 190 541 193 533 192 77
538 195 529 197 543 197 534 198 232
536 208 527 208 541 211 533 211 56
537 245 517 245 541 249 521 249 53
537 248 517 248 541 253 516 253 41
538 259 511 261 539 267 514 266 16
536 267 509 267 541 277 511 276 13
540 269 511 269 543 279 514 277 9
536 272 508 273 539 281 509 281 14
543 21 532 21 547 21 537 21 11
544 120 537 120 549 121 542 121 136
540 129 533 130 545 131 538 131 121
544 140 538 140 549 141 543 141 93
540 142 534 141 545 143 539 143 109
539 157 535 157 545 159 541 160 45
539 169 535 169 545 171 540 171 49
541 165 536 165 547 167 542 167 32
540 187 531 186 545 189 536 188 121
544 195 536 194 549 197 540 197 97
542 201 533 201 547 203 538 203 88
544 201 535 201 549 203 540 203 71
545 228 531 228 549 231 536 231 21
546 226 531 226 549 229 537 229 47
546 255 522 255 549 261 524 261 12
544 257 520 257 547 263 521 262 12
544 317 512 318 545 333 510 334 36
549 106 543 106 555 107 548 107 171
550 124 543 124 555 125 548 125 103
550 138 542 137 555 139 548 139 53
546 151 539 151 551 153 545 152 86
550 148 544 148 555 149 548 149 38
548 155 541 155 553 157 546 157 37
545 167 541 167 551 169 546 169 60
549 175 544 175 555 177 550 177 54
548 178 543 179 553 181 548 181 63
546 189 537 189 551 191 542 191 109
551 203 543 203 555 205 547 205 244
547 232 533 232 553 235 538 235 16
548 257 524 257 551 263 529 262 21
551 297 513 296 553 309 512 308 25
551 302 513 302 553 315 511 315 29
550 307 515 305 551 321 515 320 55
553 23 546 23 557 23 546 23 13
553 92 548 92 559 93 553 93 135
552 120 545 119 557 121 550 121 121
555 122 548 122 561 123 553 123 100
554 136 546 135 559 137 552 137 46
551 169 547 168 557 171 552 171 42
553 177 549 177 559 179 554 179 63
555 185 545 183 561 187 548 187 238
554 189 545 189 559 191 550 191 148
555 228 537 227 559 231 545 231 19
563 19 555 18 563 19 557 18 10
557 84 553 83 563 85 559 85 127
562 116 554 115 567 117 560 117 63
562 124 555 124 567 125 560 125 93
558 132 551 132 563 133 556 133 84
558 148 551 148 563 149 556 149 36
558 185 547 184 563 187 552 187 116
558 197 549 197 563 199 554 199 179
560 200 551 201 565 203 556 203 144
562 211 553 210 567 213 558 213 48
562 213 553 212 567 215 558 215 73
562 226 550 226 567 229 554 229 43
555 229 543 229 563 233 545 233 29
562 237 543 236 565 241 543 239 24
565 256 538 255 567 261 542 261 18
559 268 532 268 565 275 537 273 36
562 276 531 276 565 285 532 285 47
561 282 529 282 565 291 531 291 48
563 284 531 284 567 293 533 293 51
566 19 559 19 569 19 561 19 10
568 73 561 73 573 73 566 73 94
566 70 559 70 571 71 564 70 72
568 116 561 116 573 117 566 117 87
568 122 561 122 573 123 566 123 92
565 144 558 144 571 145 563 145 53
565 151 558 151 571 153 564 153 52
565 161 558 161 571 163 564 163 30
565 181 558 180 571 183 564 182 36
563 209 555 208 569 211 560 211 92
567 211 560 210 573 213 565 213 41
564 241 544 241 569 245 549 245 18
567 240 549 240 571 245 551 245 29
565 278 534 278 569 287 535 287 37
567 282 535 282 571 291 537 291 50
567 297 530 296 571 309 530 308 28
567 302 530 303 571 315 531 316 26
568 314 533 313 571 329 533 329 73
569 25 563 25 577 25 563 25 8
574 66 568 65 579 67 570 65 133
573 94 566 94 579 95 572 95 73
569 96 562 96 575 97 568 97 94
570 101 562 99 575 101 568 101 89
573 112 565 112 577 113 570 113 145
574 124 567 124 579 125 572 125 66
569 127 562 127 575 129 568 129 70
569 134 562 133 575 135 568 135 56
573 142 566 141 579 143 572 143 69
573 144 566 143 579 145 571 145 63
569 148 562 147 575 149 568 148 62
574 155 566 155 579 157 572 156 30
573 169 566 169 579 171 571 170 29
569 173 563 173 575 175 568 175 14
569 185 562 185 575 187 568 187 38
569 193 563 194 575 197 568 196 116
570 244 551 244 575 249 555 249 28
573 297 536 297 577 309 539 307 38
573 302 535 302 577 315 535 315 24
577 21 567 21 581 21 571 21 13
583 17 577 17 585 17 585 16 14
579 68 572 68 585 69 578 69 74
575 73 568 73 581 73 574 73 103
577 87 570 86 583 87 576 87 85
579 84 572 84 585 85 578 85 71
579 96 572 96 585 97 578 97 67
578 106 570 106 583 107 575 107 76
579 114 572 114 585 115 578 115 83
577 120 571 120 583 121 576 121 112
577 129 570 129 583 131 576 131 56
575 140 568 139 581 141 574 141 70
577 159 570 159 583 161 576 161 23
579 171 572 171 585 173 577 172 58
577 183 569 183 583 185 575 184 48
575 189 567 188 581 191 573 191 21
577 189 569 189 583 191 575 191 19
580 205 572 206 585 209 577 209 30
577 216 567 216 583 219 572 219 64
575 222 564 222 581 225 570 225 66
581 232 567 232 585 235 571 235 41
576 235 560 234 583 239 567 239 32
580 252 559 252 585 257 563 257 21
578 290 544 289 583 301 545 300 19
585 69 578 68 591 69 584 69 69
583 65 577 64 589 65 582 64 51
583 88 576 88 589 89 582 89 52
583 104 576 104 589 105 582 105 116
581 108 574 108 587 109 580 109 82
581 122 574 122 587 123 580 123 101
582 118 575 118 587 119 580 119 104
581 136 574 136 587 137 580 137 39
581 161 573 161 587 163 580 163 80
584 170 576 169 589 171 582 171 15
583 181 575 180 589 183 580 182 14
585 216 577 217 591 219 580 219 70
581 220 570 220 587 223 576 223 60
585 222 574 222 591 225 579 225 84
586 230 574 230 591 233 578 233 70
586 246 565 246 591 251 570 251 31
586 254 565 254 591 259 569 259 17
585 263 555 263 591 269 561 268 12
587 275 555 277 591 287 558 286 11
583 281 551 281 589 291 554 290 10
589 70 582 70 595 71 588 71 49
587 102 580 102 593 103 586 103 74
587 108 580 108 593 109 586 109 62
589 114 582 114 595 115 588 115 122
589 124 582 124 595 125 588 124 75
591 128 584 128 597 129 590 129 79
591 138 584 138 597 139 591 137 39
587 142 580 141 593 143 585 143 61
591 153 584 153 597 155 589 155 51
587 163 580 163 593 165 586 165 18
589 166 581 166 595 167 587 167 42
591 176 584 175 597 177 589 178 29
587 183 579 183 593 185 584 184 42
589 189 581 189 595 191 586 192 37
587 189 579 189 593 191 585 191 43
589 218 578 218 595 221 584 221 87
589 241 571 240 595 245 577 245 25
587 291 552 289 593 301 555 301 7
589 296 550 295 593 307 553 307 13
598 23 586 23 599 23 589 23 12
593 74 586 74 599 75 592 75 138
595 73 588 73 601 73 594 73 76
595 78 588 78 601 79 594 79 61
597 88 590 88 603 89 596 89 61
593 92 586 92 599 93 592 93 83
593 108 586 108 599 109 592 109 72
593 126 586 126 599 127 592 127 42
593 134 585 135 599 135 591 136 45
598 134 590 135 603 137 596 136 35
593 144 586 143 599 145 591 144 38
595 151 588 151 601 153 593 152 28
597 173 589 173 603 175 595 176 12
599 189 588 189 603 191 593 191 30
597 193 588 193 603 195 595 194 12
594 252 573 252 599 257 578 257 18
596 305 556 305 603 319 559 318 9
599 66 595 67 605 67 599 67 58
603 74 598 74 609 75 603 74 47
601 72 596 72 607 73 601 73 63
599 76 592 76 605 77 598 77 83
601 87 594 86 607 87 600 87 68
599 90 592 90 605 91 598 91 84
601 100 594 100 607 101 600 101 70
599 102 592 102 605 103 598 103 50
599 116 592 116 605 117 598 117 48
601 172 593 172 607 173 599 174 12
599 181 591 181 605 183 596 182 10
604 226 590 226 609 229 595 229 122
598 250 577 250 605 255 583 255 30
602 283 569 283 609 293 574 293 8
598 303 559 302 605 315 561 316 14
609 66 603 66 615 67 609 67 34
605 70 600 70 611 71 606 71 75
609 72 604 72 615 73 610 73 56
607 100 600 100 613 101 606 101 58
605 112 598 112 611 113 604 113 115
607 132 599 131 613 133 605 132 32
607 138 599 138 613 139 605 139 17
609 198 599 201 615 201 605 201 7
608 206 599 205 615 209 604 208 14
610 217 598 217 613 221 601 221 88
607 232 591 231 613 235 596 234 55
608 233 593 233 615 237 600 237 57
608 239 593 239 615 243 599 243 42
606 289 565 290 613 301 575 301 24
606 303 566 304 613 317 570 317 19
604 308 563 307 611 321 566 321 15
613 68 607 68 619 69 613 68 101
613 84 608 84 619 85 614 84 51
615 92 609 92 621 93 615 93 92
614 177 605 178 621 179 611 179 39
614 179 606 179 621 181 612 181 29
611 183 603 183 617 185 605 186 22
613 196 602 197 619 197 608 197 9
613 210 602 211 619 213 609 213 28
612 208 603 209 619 211 609 211 24
613 228 601 228 619 231 607 231 98
612 224 600 224 619 227 607 227 72
608 238 591 238 617 243 599 242 40
610 252 590 252 617 257 596 258 58
611 257 587 256 619 263 595 263 54
613 273 586 273 621 281 589 281 11
611 277 581 276 619 285 587 285 12
612 293 576 293 619 305 579 304 22
612 299 573 299 619 311 578 311 16
617 66 612 66 623 67 617 66 39
619 70 613 69 625 71 619 70 87
621 102 616 101 627 103 622 102 52
620 117 608 117 627 117 614 117 283
621 123 609 123 627 123 615 123 135
617 142 609 141 623 143 615 143 56
620 159 610 160 627 161 616 161 165
617 220 605 220 623 223 612 223 56
617 226 601 225 623 229 611 229 107
616 237 600 237 623 241 607 241 46
615 253 595 254 623 259 600 259 56
625 88 620 87 631 89 626 88 43
625 117 615 117 631 117 623 118 212
625 121 615 121 631 121 620 121 427
627 125 614 124 633 125 620 124 119
626 148 614 147 633 149 619 148 73
626 160 615 159 633 161 621 160 68
624 174 613 173 631 175 620 175 36
626 180 615 179 633 183 621 181 22
622 239 606 239 629 243 612 243 64
626 261 601 261 633 267 607 267 32
621 293 585 293 629 305 590 305 18
623 301 584 301 629 313 587 313 18
630 19 622 19 635 19 625 19 13
633 108 625 109 639 109 632 109 146
629 110 623 109 635 111 629 110 206
633 119 622 119 639 119 628 119 176
632 148 621 151 639 149 627 150 102
630 156 619 155 637 157 625 157 99
630 166 619 164 637 167 625 166 68
628 170 617 169 635 171 623 171 101
631 233 610 234 639 237 617 238 103
626 252 607 252 635 257 611 257 91
632 259 606 258 639 265 614 265 40
630 291 594 292 639 303 601 303 20
625 297 588 297 635 309 595 309 20
629 304 588 304 637 317 593 317 17
639 67 631 68 645 69 637 69 75
634 79 626 79 641 79 633 79 120
636 88 630 88 643 89 636 88 83
634 131 624 131 641 135 629 135 133
634 139 623 141 641 141 631 140 195
634 169 622 171 641 171 629 171 102
637 187 625 187 643 189 632 188 24
635 221 615 220 643 225 622 224 119
637 225 617 224 645 229 624 228 132
638 261 611 260 645 267 617 266 29
636 277 605 277 645 285 612 285 16
633 274 603 274 641 283 609 281 24
632 293 596 293 641 305 603 305 16
644 64 637 63 651 63 643 63 200
643 63 635 63 649 61 641 61 372
639 76 630 77 647 75 639 75 135
642 81 636 80 649 81 641 81 69
640 86 633 86 647 87 639 86 48
642 97 635 97 649 97 641 98 73
643 105 633 106 651 105 643 105 63
642 100 635 100 649 101 641 101 62
643 110 635 110 649 111 640 111 83
644 120 637 120 651 121 643 121 90
641 229 621 229 649 233 629 233 84
641 243 619 243 649 247 626 248 55
640 271 609 270 651 279 618 278 47
646 85 639 84 653 85 645 85 128
648 83 641 82 655 83 647 82 167
647 107 640 106 655 107 646 107 87
649 111 642 110 657 111 648 111 56
646 129 639 127 653 127 645 129 58
646 142 638 141 653 143 645 141 49
650 146 641 146 657 147 646 147 44
645 148 635 148 653 149 642 149 85
647 160 636 160 655 161 643 161 23
646 218 624 217 655 221 631 221 134
645 225 622 224 653 229 629 228 89
647 240 622 239 657 245 635 246 71
644 299 606 299 653 311 611 311 20
652 65 645 64 659 65 651 64 102
652 75 644 75 659 75 651 75 293
654 79 646 81 661 79 653 78 116
654 118 646 118 661 119 653 118 57
650 211 626 212 659 215 634 215 171
654 215 631 216 663 219 638 219 170
650 219 627 219 659 223 635 223 167
652 227 629 226 661 231 637 231 118
650 287 617 288 661 299 623 301 53
652 295 620 295 663 307 624 307 36
653 303 617 303 663 315 621 315 28
660 71 652 71 667 71 659 71 152
660 91 652 91 667 91 659 90 268
660 105 651 104 667 105 659 105 104
658 124 650 123 665 123 657 122 92
658 229 631 231 667 233 642 235 147
660 272 633 272 669 279 640 279 51
657 282 625 282 667 291 633 291 46
654 285 621 285 665 295 630 295 65
658 289 625 289 669 299 634 300 51
655 299 618 299 665 311 625 311 44
664 101 656 100 671 101 662 101 141
664 114 655 114 671 115 662 115 197
666 119 657 118 673 119 664 119 235
663 178 652 177 671 179 659 179 8
661 225 637 225 671 229 645 229 145
665 240 640 241 675 245 648 246 67
661 257 636 259 671 263 644 263 59
664 282 634 282 675 291 642 291 79
672 57 665 57 679 57 671 57 74
672 101 663 100 679 101 670 100 62
669 221 643 221 679 225 652 225 130
671 217 645 215 681 221 654 219 147
669 238 643 238 679 243 651 242 65
671 251 645 251 681 255 654 257 76
669 263 643 262 679 269 652 269 83
666 279 636 279 677 287 645 287 51
678 69 670 69 685 69 676 68 139
679 101 671 100 687 101 678 101 59
679 105 667 104 685 105 680 105 66
675 150 664 150 683 151 672 151 246
673 223 647 223 683 227 656 227 94
675 230 650 231 685 235 659 235 59
679 244 650 243 687 249 663 250 81
677 248 648 247 685 253 658 253 37
677 246 648 245 685 251 657 250 63
673 252 647 252 683 257 655 257 64
671 269 645 269 685 277 653 276 47
674 275 647 275 687 283 657 283 33
667 290 633 290 683 303 647 304 63
684 47 677 47 691 47 684 47 93
685 78 679 79 693 77 684 77 128
686 87 678 86 693 87 685 86 55
685 101 678 100 693 101 685 100 54
681 179 669 179 689 181 676 180 6
682 192 670 193 689 195 678 195 43
685 191 673 190 693 193 680 193 31
680 215 655 215 691 219 664 219 94
680 221 655 221 691 225 664 225 84
680 225 657 224 691 229 664 229 102
680 228 655 229 691 233 663 233 98
678 232 652 232 689 237 662 237 101
677 236 653 237 689 241 663 242 94
682 258 653 257 691 263 664 264 53
682 264 657 264 693 271 666 270 44
676 275 649 275 689 283 660 283 27
681 281 654 281 691 289 667 290 30
679 281 651 281 689 289 658 289 23
689 85 681 85 697 85 688 84 67
691 87 683 86 699 87 690 86 68
687 91 679 91 695 91 687 90 38
689 154 680 153 697 155 687 155 259
686 213 661 213 697 217 670 217 138
688 217 662 217 699 221 672 221 98
683 223 657 223 697 227 666 227 215
683 241 656 242 695 247 666 247 48
686 249 659 249 697 255 668 255 67
685 297 649 297 699 309 657 308 25
694 45 686 45 701 45 693 45 173
696 47 687 48 703 47 694 48 105
693 83 685 83 701 83 693 83 86
693 99 685 98 701 99 693 98 62
693 130 685 130 701 131 693 131 230
696 138 687 138 703 139 695 139 270
694 177 684 176 703 177 691 176 15
696 198 678 198 705 201 685 200 72
692 216 666 215 703 219 676 218 84
691 221 666 221 703 225 676 225 91
689 245 661 245 701 251 672 251 155
685 305 646 305 703 319 660 319 30
700 49 691 50 707 49 699 48 162
701 95 691 95 709 95 699 94 38
699 103 689 102 707 103 698 103 61
700 109 690 109 709 109 698 109 89
699 118 688 118 707 119 696 119 114
699 124 688 124 707 125 696 125 150
699 134 690 134 707 135 698 135 388
701 132 693 132 709 133 700 132 218
703 152 693 151 711 153 701 152 161
699 148 690 147 707 149 698 148 160
699 156 688 156 707 157 697 157 227
701 154 691 153 709 155 699 155 220
701 160 690 159 709 161 699 161 235
699 173 688 173 707 175 696 175 32
697 197 679 197 707 199 687 198 67
699 206 677 207 709 209 685 210 99
695 232 667 232 707 237 678 237 229
697 234 669 234 709 239 680 239 410
695 238 667 238 707 243 678 243 271
698 277 669 277 711 285 679 284 78
695 300 660 301 711 313 670 313 27
692 298 654 298 707 311 667 311 26
693 307 654 307 711 321 668 321 30
690 302 652 302 711 317 669 317 41
695 311 655 311 711 325 666 325 24
706 19 698 19 713 19 705 18 81
709 22 702 21 717 21 709 20 177
705 85 694 85 713 85 703 84 77
708 114 698 117 717 115 706 115 147
705 122 694 119 713 123 702 125 212
708 178 698 175 717 177 707 175 26
705 194 689 193 715 197 699 195 72
704 221 679 221 717 225 690 225 202
703 256 671 256 717 263 683 264 176
701 264 670 262 715 271 681 271 63
711 65 701 64 721 63 710 62 60
714 109 703 109 723 109 712 108 89
710 117 699 117 719 117 708 117 147
714 119 704 119 723 119 712 118 55
712 121 702 122 721 121 711 123 117
714 135 702 134 723 135 711 135 92
714 179 704 179 723 181 712 181 37
710 200 692 200 721 203 702 203 92
711 204 685 201 723 207 699 207 107
711 210 689 211 723 213 699 213 96
707 215 682 217 719 221 693 219 58
706 232 673 231 721 237 684 236 242
706 237 672 238 721 243 684 244 327
709 249 676 248 723 255 688 255 147
715 63 704 62 725 61 714 60 37
718 76 705 76 727 75 714 75 82
718 89 707 89 727 89 716 88 83
718 100 707 101 727 99 716 97 48
716 131 705 130 725 131 713 131 61
720 133 708 132 729 133 717 133 31
718 183 708 183 727 185 716 185 47
718 189 700 189 729 191 710 191 50
718 202 691 201 729 205 707 206 88
715 206 691 206 727 209 702 209 99
710 235 677 235 725 241 689 241 252
716 251 685 251 729 257 699 258 209
724 19 713 19 733 17 721 16 180
724 46 713 43 733 43 721 45 135
719 66 709 64 731 63 717 63 39
724 89 713 90 733 89 722 90 88
724 95 713 94 733 95 722 94 76
726 99 715 99 735 101 724 100 68
724 105 713 105 733 105 722 105 43
723 127 712 126 733 127 721 126 33
722 140 710 140 731 141 719 141 49
724 148 713 149 733 149 722 150 41
722 178 710 179 731 181 719 181 41
718 232 684 232 733 237 697 237 160
719 228 687 226 735 233 698 233 240
720 239 686 239 735 245 699 245 252
721 247 683 246 735 253 694 252 336
721 271 688 272 735 279 699 280 51
713 316 674 317 731 331 688 332 26
732 45 720 45 741 43 729 42 57
730 109 717 109 739 109 726 109 36
731 123 719 122 741 123 728 122 33
728 122 717 121 739 123 726 122 40
731 131 717 132 741 131 728 131 17
729 176 718 174 739 177 727 177 19
729 181 718 181 739 183 727 183 59
729 187 712 187 741 189 721 189 44
728 204 704 204 741 207 716 207 92
721 230 688 228 737 235 701 234 241
725 232 694 229 741 237 707 235 484
722 229 689 228 739 233 704 231 222
720 266 683 265 737 275 696 274 62
736 21 724 21 745 21 733 20 111
736 37 724 37 745 37 733 35 54
733 105 722 105 743 105 731 105 48
733 135 721 134 743 135 730 135 59
733 140 722 140 743 141 730 140 35
737 172 726 169 747 173 735 172 56
735 197 718 196 747 199 729 198 53
729 236 695 235 745 241 709 241 278
727 240 690 239 743 245 704 245 165
726 244 690 243 743 251 704 250 231
726 268 689 267 743 277 704 277 57
726 274 690 274 743 283 703 283 59
729 287 693 288 745 297 706 298 48
724 309 686 309 743 323 698 322 19
741 32 730 29 751 29 739 27 83
740 67 729 66 751 65 737 65 38
743 72 731 72 753 71 740 71 34
739 89 728 87 749 87 737 86 42
743 90 732 89 753 89 741 88 29
743 104 732 104 753 103 741 103 25
741 114 730 113 751 113 739 112 23
739 127 728 127 749 127 737 127 16
743 140 731 140 753 141 740 141 60
741 148 729 148 751 149 739 149 24
739 155 728 153 749 155 737 155 18
741 164 729 163 751 165 739 163 59
741 170 729 169 751 171 739 171 59
739 192 721 191 751 195 732 195 26
736 229 700 229 749 233 716 231 274
734 271 695 270 753 281 710 280 68
733 311 691 310 751 325 706 325 20
734 315 693 315 751 329 706 329 23
747 68 735 68 757 67 745 66 56
745 88 733 86 755 87 743 85 30
747 102 735 100 757 101 745 99 32
749 126 736 127 759 127 746 127 59
747 130 734 131 757 131 744 131 64
745 154 734 153 755 155 743 154 28
745 172 733 172 755 173 743 174 27
747 187 729 187 759 189 741 189 52
745 193 727 193 757 195 738 196 25
740 255 701 255 759 263 717 263 181
738 269 699 268 757 279 714 278 105
740 317 699 317 757 331 709 330 49
751 40 739 39 761 37 748 37 53
752 103 740 102 763 103 750 102 44
754 141 742 139 765 143 752 142 78
754 172 741 171 765 175 752 173 40
752 176 740 175 763 177 750 177 48
752 181 739 180 763 183 750 182 43
743 230 703 233 761 239 717 237 245
742 259 706 259 761 267 719 267 161
746 263 708 264 763 271 723 272 204
745 269 705 269 765 279 722 280 57
741 273 702 275 761 283 718 284 133
741 296 703 297 761 309 719 309 46
740 312 699 309 761 327 717 325 44
757 19 744 22 767 19 754 19 74
761 27 748 26 771 25 758 24 54
758 59 742 60 769 57 756 56 36
760 81 747 80 771 79 758 78 41
758 79 746 78 769 77 756 76 33
760 99 747 96 771 97 758 95 69
756 97 744 100 767 99 754 99 52
758 108 746 107 769 107 756 106 91
758 158 746 158 769 159 756 161 63
756 195 739 193 769 197 751 198 22
748 211 710 211 769 215 721 216 101
749 251 710 251 769 259 726 259 142
750 278 710 278 771 289 727 289 97
747 281 705 279 767 291 723 292 54
748 301 708 302 769 315 725 315 42
750 315 710 315 767 329 723 329 39
766 65 751 65 777 63 762 63 61
764 61 750 61 775 59 760 59 42
762 67 750 66 773 65 761 64 30
766 75 753 74 777 73 764 72 69
762 84 749 84 773 83 760 82 63
759 131 745 129 773 131 758 129 86
764 193 747 193 777 195 759 195 21
763 189 745 189 775 191 756 191 37
752 256 711 257 773 265 729 265 109
756 265 715 266 777 277 732 278 81
755 274 715 275 777 285 732 285 118
752 295 712 297 773 307 729 309 52
751 323 709 323 773 339 726 339 52
770 59 757 58 781 57 767 56 43
772 57 759 56 783 55 769 54 45
768 197 751 196 781 199 763 199 31
761 284 719 284 783 295 737 295 100
771 177 752 179 787 181 765 180 41
765 218 725 218 787 223 744 223 146
767 222 727 222 789 227 747 226 145
765 246 724 245 787 253 742 253 64
766 262 725 262 789 271 744 271 229
766 273 723 273 789 283 743 283 120
766 278 724 278 789 289 743 289 126
765 292 723 292 789 305 742 305 85
766 298 724 298 789 311 742 311 85
760 316 720 314 785 331 741 331 43
761 328 717 328 785 345 736 345 32
765 330 721 330 789 347 740 347 41
781 86 761 85 795 83 774 82 32
777 159 755 163 793 161 771 161 19
773 235 734 235 795 241 753 241 60
772 232 732 232 793 239 750 239 41
768 238 728 238 791 247 747 246 66
771 240 731 240 793 247 750 247 72
768 243 728 243 791 251 746 251 170
772 253 730 252 795 261 750 261 169
769 275 728 274 793 285 747 286 127
772 273 730 275 795 285 749 286 146
772 284 729 283 795 295 749 295 117
771 296 730 296 795 309 749 309 96
769 318 729 318 791 333 745 333 70
771 324 729 324 793 339 747 339 47
767 326 726 327 791 343 743 343 62
786 30 772 30 799 27 783 26 39
783 56 765 57 801 53 779 52 215
786 189 764 187 801 191 779 190 11
775 230 739 230 801 237 759 237 51
774 254 732 256 797 263 751 264 144
777 269 736 269 801 279 755 279 211
776 271 734 271 799 281 753 281 163
779 286 737 285 801 297 756 297 107
777 281 734 281 801 293 755 293 132
795 20 780 20 807 17 792 16 83
791 27 777 26 803 23 795 23 129
793 109 772 109 807 107 786 108 12
781 236 742 236 805 243 762 243 69
779 240 739 239 803 247 760 246 152
783 238 744 238 807 245 764 245 189
783 244 744 244 807 251 764 251 319
779 294 737 294 803 307 757 307 144
776 336 729 335 803 355 751 355 39
794 126 772 123 811 125 788 125 12
786 233 746 232 809 239 765 238 49
787 289 746 289 811 301 767 301 98
785 292 743 292 809 305 763 305 203
785 296 744 296 811 309 766 309 102
802 31 790 30 815 27 799 26 59
802 75 781 74 819 71 797 71 13
801 124 779 123 817 123 794 123 9
794 220 755 220 819 225 776 225 88
792 222 753 222 817 227 774 227 95
790 261 748 261 815 271 769 271 262
791 272 750 273 817 283 771 283 178
790 278 748 278 817 289 771 289 182
789 300 747 300 815 313 770 313 85
794 322 753 322 819 337 774 337 131
805 216 766 216 821 221 788 221 156
798 263 756 263 823 273 777 273 170
797 270 755 270 823 281 777 281 155
795 292 753 292 823 305 775 305 120
801 305 764 304 825 317 785 317 86
795 327 753 327 821 343 777 345 149
794 331 751 331 823 349 777 350 144
796 335 751 335 823 353 773 353 153
801 232 765 231 827 235 787 235 95
803 262 764 261 829 271 783 271 340
802 272 760 272 829 283 783 283 323
802 322 761 322 827 337 782 337 83
801 326 759 326 829 343 782 343 122
816 37 802 33 833 33 812 33 62
810 227 774 227 835 233 796 233 85
811 240 772 240 837 247 794 247 99
806 249 765 248 833 257 788 257 296
808 249 767 248 835 257 789 257 140
808 254 767 254 835 263 789 264 315
806 267 765 267 833 277 788 278 143
810 267 768 267 837 277 791 277 140
810 272 768 272 837 283 791 283 172
809 292 767 292 837 305 790 305 155
809 296 767 296 837 309 789 309 105
810 327 766 326 837 343 787 341 120
803 342 756 342 835 363 782 363 134
824 20 812 19 841 17 832 16 185
823 28 810 28 839 25 824 24 88
813 233 774 235 839 239 797 240 123
812 272 770 272 839 283 793 283 299
812 294 770 294 841 307 795 307 133
813 302 776 302 841 315 799 315 118
814 308 777 308 841 321 800 321 54
813 320 771 319 839 335 795 335 68
812 332 769 333 843 351 794 351 131
813 338 767 338 843 357 792 357 147
814 344 765 343 843 363 792 364 171
833 23 818 22 847 19 831 18 115
834 29 818 29 847 25 833 24 106
830 52 808 51 847 47 826 45 15
824 226 790 227 849 231 811 231 210
819 227 783 227 845 235 806 234 119
817 247 775 247 845 255 799 255 131
820 244 781 244 847 251 800 251 212
823 272 782 272 849 283 797 283 333
821 294 779 294 849 307 803 307 183
821 298 782 299 849 311 804 311 164
816 335 771 335 845 353 795 353 153
817 340 771 340 847 359 796 359 141
839 20 823 20 853 17 838 15 144
823 234 784 234 851 241 808 241 57
828 239 788 240 855 247 812 247 42
825 238 786 239 853 245 810 246 85
824 292 784 292 853 305 806 305 133
826 296 784 296 855 309 809 309 108
821 300 781 300 853 313 805 313 93
825 310 787 310 855 323 813 323 78
839 69 817 68 857 65 833 67 29
836 90 808 89 857 85 827 84 52
829 216 791 216 857 221 815 221 184
829 221 790 221 859 227 814 226 164
829 263 788 264 859 273 814 273 134
830 269 789 269 859 279 814 279 185
828 285 785 285 857 297 812 297 108
832 302 793 302 861 315 820 315 136
831 306 792 306 859 319 817 319 88
833 308 795 309 861 321 819 321 93
826 327 784 327 857 345 810 345 148
843 82 816 81 865 77 837 76 75
843 103 815 102 865 99 836 98 77
846 106 818 106 867 103 837 103 55
835 261 794 262 865 271 819 271 129
835 271 794 269 865 281 819 281 128
835 278 797 278 867 289 825 289 255
835 292 793 292 865 305 818 305 150
831 338 784 338 863 357 811 357 99
856 33 843 32 869 29 860 29 172
854 43 833 42 873 37 850 37 51
845 115 816 112 871 109 839 108 56
848 131 821 130 871 129 838 129 27
848 137 818 137 871 135 839 135 28
842 292 800 292 873 305 827 305 135
862 29 847 28 877 25 863 24 192
856 67 834 66 875 63 851 61 68
855 101 824 101 879 97 846 97 95
854 144 823 145 879 143 846 143 37
846 247 806 247 877 255 833 255 149
847 283 805 284 879 295 833 295 150
844 298 803 298 875 311 830 311 139
868 27 853 26 883 23 868 22 156
858 87 828 85 883 81 850 80 144
856 83 825 82 881 77 849 76 123
856 89 825 88 881 83 848 82 113
856 142 823 145 881 141 849 140 54
860 150 831 149 885 149 853 148 49
861 163 833 164 885 165 855 163 23
854 249 814 249 885 257 841 257 115
853 266 812 265 885 277 840 277 113
853 274 812 274 885 285 840 285 144
849 272 809 272 881 281 836 283 165
851 276 810 277 883 287 838 287 224
875 31 860 30 891 27 875 26 184
870 56 850 54 889 53 867 52 450
864 107 833 107 889 103 856 103 56
862 111 832 110 887 107 855 106 62
866 113 835 112 891 109 858 108 64
866 133 836 133 891 131 858 130 49
863 135 831 136 887 135 856 133 36
862 155 834 154 887 155 856 154 28
866 166 839 166 889 167 859 167 13
868 170 841 170 891 171 863 169 14
865 177 836 178 887 179 859 179 16
856 256 815 256 887 265 842 265 181
859 261 819 259 891 271 847 271 111
857 271 816 271 889 281 844 281 144
859 273 818 273 891 283 846 283 230
855 279 813 280 887 291 842 291 184
857 278 815 277 889 289 843 289 206
855 284 815 284 889 295 844 295 234
856 294 815 294 889 307 843 307 101
857 298 814 300 889 311 844 311 59
881 25 867 24 897 21 882 20 195
869 126 839 125 895 123 862 122 90
870 137 840 136 895 135 863 135 62
868 154 837 152 893 153 862 152 24
869 177 843 176 893 177 864 177 14
870 245 839 245 897 251 864 251 47
861 267 820 268 893 277 848 278 51
875 159 846 158 901 159 869 159 13
875 176 848 176 899 177 870 177 25
877 178 849 177 901 179 872 178 19
874 235 843 234 901 241 868 240 37
873 247 843 247 901 253 867 253 21
874 307 837 309 903 321 862 322 14
865 338 815 338 901 357 849 357 14
879 125 849 125 905 123 873 122 93
883 142 853 142 909 141 877 141 45
882 152 852 151 909 151 877 151 39
882 158 852 158 909 157 876 157 25
880 169 851 168 905 169 875 168 22
881 195 854 198 909 199 878 200 31
882 236 853 235 909 241 877 241 41
881 272 849 272 909 281 875 279 13
879 276 848 275 907 285 873 285 10
881 280 850 280 909 289 875 289 4
875 289 842 291 905 301 869 302 18
884 151 853 150 911 151 878 150 18
886 159 856 159 913 159 881 159 28
885 180 858 179 913 181 882 181 22
882 299 848 299 913 313 876 311 5
879 341 833 341 915 363 860 361 13
889 158 859 157 917 157 884 157 31
893 165 862 164 921 165 888 165 25
894 172 860 170 921 171 888 172 23
891 174 862 174 917 175 886 174 21
892 187 863 187 919 189 887 188 23
891 235 859 234 921 241 885 240 46
888 246 856 247 917 253 882 252 25
890 248 858 249 919 255 884 255 17
889 254 857 256 919 263 884 262 17
882 307 846 307 917 321 875 320 7
883 329 836 330 919 347 868 346 15
896 140 862 141 923 139 889 138 51
896 185 866 183 923 185 891 185 16
893 285 857 285 923 295 887 294 10
896 289 862 288 925 299 886 300 12
887 330 844 330 925 347 876 347 9
904 126 871 126 933 123 897 123 127
902 154 870 154 931 153 897 153 41
900 162 869 161 929 161 896 161 44
905 178 876 178 933 179 902 178 16
901 188 871 189 929 191 895 191 12
905 191 875 191 933 193 901 193 15
906 202 876 202 933 205 901 205 28
901 237 871 237 931 243 897 242 33
900 235 870 235 931 241 899 241 28
901 241 870 241 931 247 897 247 31
900 246 867 246 931 253 896 253 67
902 252 867 252 933 259 896 259 26
900 280 866 279 929 289 894 288 9
901 289 868 289 933 299 896 299 5
910 107 879 108 939 103 901 101 116
909 113 877 112 939 109 904 108 116
907 128 873 129 937 125 901 125 89
909 143 877 142 939 141 905 141 40
906 156 875 155 935 155 902 154 42
908 159 876 159 937 159 904 158 58
908 187 879 187 937 189 905 188 18
905 247 872 247 937 255 901 254 37
913 80 881 79 943 73 909 72 75
913 88 880 88 943 83 908 82 71
915 95 882 94 945 89 910 88 72
914 137 883 137 945 135 911 134 38
911 135 880 134 943 133 907 132 38
911 139 879 139 941 137 906 136 43
915 175 882 175 943 175 909 175 31
911 237 881 237 943 243 907 242 30
912 254 877 254 945 261 907 261 40
910 266 876 266 943 275 905 274 4
912 286 877 286 945 297 907 296 7
910 289 876 289 941 301 903 300 7
910 301 875 299 945 315 904 314 7
920 82 888 81 951 75 916 74 75
916 91 884 90 947 85 912 84 69
919 99 887 99 951 93 915 94 76
918 109 886 108 949 105 915 104 42
921 107 889 107 951 103 917 102 31
920 111 888 110 951 107 916 106 34
919 128 887 127 949 125 915 124 47
918 157 886 157 949 157 914 156 61
918 178 888 177 947 179 915 178 41
921 189 890 189 951 191 918 191 42
919 193 888 193 949 195 916 195 29
917 243 884 243 949 249 913 249 37
916 248 882 248 949 255 912 255 52
918 274 883 273 951 283 912 281 6
915 273 877 271 947 281 907 281 8
914 282 881 284 947 293 911 293 7
927 31 898 30 957 21 926 19 56
926 70 895 69 957 63 923 62 66
925 106 893 105 957 101 922 100 43
924 117 891 116 955 113 920 112 59
923 141 888 143 955 139 919 139 65
925 152 892 151 957 151 921 150 66
925 164 894 164 957 163 922 163 58
922 185 891 185 953 187 919 186 53
925 193 893 193 955 195 921 195 35
925 294 888 294 957 305 917 305 6
928 37 896 36 959 27 925 26 35
928 61 896 60 959 53 924 53 51
932 70 901 69 963 63 929 62 107
928 85 896 84 959 79 924 78 64
930 87 898 86 961 81 926 81 59
929 91 898 90 961 85 927 84 53
932 93 900 92 963 87 929 86 55
931 98 899 98 963 93 928 93 60
928 127 895 129 961 123 926 122 56
928 145 895 144 961 143 925 142 53
929 187 898 187 963 189 927 188 75
931 193 900 193 963 195 929 195 65
925 246 890 246 959 253 922 253 32
926 249 891 249 961 257 923 256 45
928 265 892 266 963 275 923 273 11
926 290 890 290 961 301 922 301 10
934 37 903 36 967 27 931 27 47
934 87 902 86 965 81 931 80 87
932 98 900 98 965 93 930 92 97
935 108 903 107 967 103 933 102 62
933 111 902 111 965 107 931 106 95
935 127 903 126 967 123 932 123 69
936 137 902 137 969 135 933 134 54
933 134 900 134 967 131 931 130 76
933 141 901 141 965 139 931 139 113
932 147 899 146 965 145 929 144 55
932 163 899 163 965 163 930 163 51
934 165 901 165 967 165 932 165 50
935 201 905 200 967 203 934 202 49
937 209 909 211 969 211 935 211 33
933 206 906 208 965 209 931 208 32
927 306 890 308 965 321 928 322 5
930 309 895 311 969 325 923 324 12
939 74 909 73 971 67 938 66 72
939 104 906 103 971 99 936 98 84
940 111 909 110 973 107 941 105 53
940 163 907 163 973 163 938 162 68
940 169 907 169 973 169 938 169 135
941 181 909 181 975 183 941 183 209
940 186 907 186 973 187 938 187 103
940 192 907 192 973 193 938 193 65
940 205 909 204 973 207 939 207 29
940 244 905 244 975 251 937 250 23
938 244 903 244 973 251 935 251 29
931 287 892 285 971 299 938 300 15
937 314 899 313 975 329 931 328 9
947 53 915 52 979 45 945 44 47
947 55 915 55 979 47 945 46 46
946 87 914 87 979 81 944 80 74
944 93 909 94 977 87 944 86 79
947 95 914 94 981 89 946 88 77
944 126 907 129 977 123 942 123 97
944 122 911 122 977 119 941 119 63
943 134 911 133 977 133 945 132 74
945 143 912 142 979 141 943 140 60
944 139 910 139 979 137 941 137 85
947 184 915 183 981 185 946 184 85
948 209 919 209 977 211 943 211 68
944 206 913 206 977 209 943 208 32
941 296 904 296 979 307 938 307 6
941 310 902 310 981 323 936 323 11
951 93 919 92 983 87 949 86 72
953 145 922 144 987 143 953 143 50
949 163 917 162 983 163 947 162 64
951 188 919 188 985 189 950 188 74
948 259 909 258 985 267 944 267 10
944 301 907 300 985 311 942 312 9
954 78 922 77 989 71 954 69 105
957 90 927 89 989 85 956 84 83
952 179 921 178 991 179 951 179 123
956 188 924 188 991 189 956 189 126
957 195 925 194 991 197 957 196 102
955 208 923 208 989 211 954 211 36
956 279 915 280 993 291 945 290 14
966 49 933 49 999 41 965 40 57
965 59 934 58 999 51 965 50 75
961 68 931 67 995 61 961 60 69
967 83 935 82 999 77 969 77 136
964 87 933 89 997 81 965 81 130
963 140 931 140 999 139 967 140 90
963 145 930 144 997 143 963 142 52
963 156 927 157 997 157 960 155 66
960 186 927 186 995 187 959 187 87
963 206 931 206 997 209 963 209 59
963 217 935 217 995 221 964 220 33
963 227 935 227 995 231 965 229 12
970 74 937 73 1005 67 970 65 90
968 98 935 97 1005 93 972 93 97
969 150 936 150 1005 149 969 148 56
967 158 935 157 1003 157 968 156 80
969 163 936 163 1005 163 970 163 64
966 171 933 170 1001 171 966 170 71
965 184 933 184 1001 185 966 184 69
966 204 935 204 1001 207 967 207 60
973 33 940 34 1007 25 973 24 42
975 65 943 64 1011 57 975 57 118
974 70 947 71 1009 63 981 65 159
975 82 941 82 1011 75 975 74 76
975 88 941 86 1011 81 975 80 90
972 89 939 88 1007 83 973 81 76
976 137 944 137 1011 135 977 134 63
972 149 940 148 1007 147 973 147 60
971 183 938 182 1007 183 970 183 81
972 202 940 202 1007 205 973 204 84
965 307 926 309 1007 321 964 322 13
965 313 924 313 1009 327 964 327 18
981 63 949 62 1017 55 982 54 63
977 80 944 79 1013 73 978 72 93
981 83 948 82 1017 77 981 76 74
978 125 944 124 1015 121 979 120 91
979 139 948 138 1015 137 981 136 57
977 158 945 157 1013 157 978 157 54
981 165 951 165 1017 165 983 165 43
978 185 947 185 1013 187 979 186 74
980 183 950 183 1015 185 982 184 112
982 204 951 204 1017 207 984 207 60
973 305 933 306 1017 319 972 319 14
973 311 932 311 1017 325 973 326 19
973 320 934 321 1017 335 970 336 30
970 320 929 320 1015 335 969 336 19
985 54 952 53 1021 45 986 44 93
986 77 954 77 1021 71 987 70 76
985 115 951 115 1023 111 987 111 120
985 121 951 121 1023 117 987 117 108
983 117 949 117 1021 113 985 112 76
985 130 952 129 1023 127 987 126 96
983 143 951 143 1019 141 985 140 96
984 187 953 187 1019 189 986 188 94
986 196 957 196 1023 199 990 199 48
984 200 953 200 1019 203 985 202 46
978 280 938 278 1023 291 978 290 10
975 301 936 301 1021 315 975 314 15
979 303 939 303 1023 317 979 317 15
975 308 933 306 1019 321 974 321 18
972 312 932 312 1019 327 974 327 27
976 316 934 316 1021 331 975 331 23
990 101 954 100 1029 95 992 95 121
989 119 955 118 1027 115 990 114 66
991 121 957 120 1029 117 992 116 78
991 141 953 142 1029 139 994 138 124
990 165 958 164 1027 165 993 164 63
991 175 958 174 1029 175 993 174 73
991 206 962 206 1025 209 994 209 47
997 217 973 217 1027 221 1002 220 13
984 289 944 287 1029 301 985 301 13
982 307 943 307 1027 321 982 321 14
994 59 961 58 1031 51 996 50 74
993 137 959 136 1031 135 995 134 79
993 145 959 144 1031 143 995 142 86
998 159 966 159 1035 159 1001 158 111
997 161 966 161 1035 161 1000 160 60
998 165 965 165 1035 165 1000 165 49
994 165 962 165 1031 165 996 165 50
995 189 962 190 1031 191 997 191 127
997 197 967 197 1033 199 1001 199 35
987 303 946 303 1031 317 986 317 12
985 309 945 310 1031 323 986 323 17
985 314 944 314 1031 329 985 329 24
983 319 943 320 1031 335 986 336 25
987 325 943 325 1035 341 987 341 18
1003 50 971 49 1041 41 1007 40 92
1003 65 975 65 1041 57 1011 57 133
1003 184 973 184 1039 185 1007 185 87
1002 188 971 188 1039 191 1006 190 48
1003 198 973 198 1039 201 1007 200 40
1001 202 972 202 1037 205 1005 205 26
1003 210 978 210 1037 213 1005 212 30
1007 227 981 227 1037 231 1010 231 11
1009 245 985 245 1039 249 1014 250 11
992 255 952 256 1037 265 993 264 9
994 266 955 266 1039 275 997 276 12
994 301 954 300 1041 313 996 313 16
995 318 952 318 1041 333 993 333 27
990 321 947 321 1039 337 991 337 30
1008 96 975 96 1047 89 1011 90 81
1006 126 971 125 1045 123 1010 122 115
1004 130 972 129 1043 127 1008 126 106
1006 143 973 142 1045 141 1010 139 86
1007 150 975 150 1047 149 1012 149 84
1007 156 975 155 1045 155 1010 154 96
1008 169 976 168 1047 169 1012 169 59
1004 172 972 173 1043 173 1008 172 80
1009 183 975 180 1047 181 1011 180 93
1009 203 978 203 1045 205 1013 205 35
1013 215 988 215 1043 219 1023 220 20
1013 224 987 223 1045 229 1021 227 20
999 298 957 295 1045 311 999 310 7
1001 310 960 310 1047 323 1003 324 31
996 326 951 326 1047 343 997 343 21
1013 119 979 118 1053 115 1017 114 96
1013 125 982 129 1051 121 1016 120 181
1014 152 981 152 1053 151 1019 150 136
1013 150 981 150 1053 149 1017 148 91
1011 160 979 160 1051 159 1015 159 115
1012 171 981 171 1051 171 1016 171 67
1010 173 978 172 1049 173 1014 172 55
1012 176 979 176 1051 177 1016 176 54
1014 178 982 177 1053 179 1018 179 48
1019 251 991 250 1051 257 1022 256 13
1004 307 963 307 1051 321 1006 321 14
1002 304 961 304 1049 317 1005 317 15
1004 316 963 316 1053 331 1002 330 28
1000 323 958 324 1053 341 1001 340 25
1021 42 987 41 1059 33 1026 31 54
1015 65 983 64 1055 57 1020 56 82
1018 69 986 67 1057 61 1023 59 86
1019 115 985 117 1059 111 1023 111 157
1018 152 986 151 1057 151 1022 150 127
1017 159 985 159 1057 157 1021 156 251
1017 164 984 163 1057 163 1021 162 97
1020 198 988 198 1059 201 1025 201 48
1008 279 968 279 1057 291 1013 291 9
1009 286 969 286 1057 297 1012 296 7
1010 293 968 293 1055 305 1009 304 9
1007 311 966 311 1055 325 1010 325 13
1020 97 986 96 1061 91 1024 90 76
1021 99 988 98 1063 93 1026 92 114
1021 104 984 105 1061 99 1025 98 103
1024 117 991 116 1065 113 1029 112 138
1025 133 990 133 1065 131 1030 130 116
1021 154 990 154 1061 153 1027 152 115
1023 152 992 152 1063 151 1028 150 139
1023 165 990 165 1063 165 1028 164 85
1024 174 991 174 1065 175 1029 174 70
1022 182 989 182 1063 183 1028 183 54
1025 191 991 190 1063 193 1029 192 49
1026 198 994 198 1065 201 1031 201 40
1029 229 1003 228 1063 233 1033 232 10
1032 242 1005 241 1065 247 1037 246 22
1013 302 972 302 1061 315 1015 315 15
1013 308 973 310 1061 323 1016 323 12
1010 326 965 326 1061 343 1009 342 23
1005 331 963 333 1061 349 1012 350 15
1025 95 992 95 1067 89 1031 89 129
1030 107 992 109 1071 103 1030 104 246
1028 113 997 112 1069 109 1033 108 96
1026 119 993 118 1067 115 1031 114 99
1028 126 994 126 1069 123 1033 122 146
1026 128 992 128 1067 125 1031 124 163
1027 141 991 141 1069 139 1032 138 124
1029 163 997 163 1071 163 1035 163 67
1035 227 1009 226 1069 231 1042 231 11
1023 296 981 296 1069 311 1021 311 12
1019 305 979 306 1067 319 1022 319 10
1016 324 972 324 1069 341 1020 341 37
1015 333 969 333 1069 351 1015 350 20
1015 329 969 329 1069 347 1018 347 22
1034 57 1000 55 1077 47 1041 45 90
1031 143 999 142 1073 141 1037 140 120
1033 159 1000 159 1075 159 1039 158 103
1036 156 1003 155 1077 155 1042 154 123
1035 177 1002 176 1077 177 1041 177 48
1032 191 1001 190 1073 193 1038 191 25
1038 213 1007 213 1077 215 1045 216 16
1037 244 1012 244 1073 249 1044 249 8
1036 44 1002 42 1079 33 1042 32 53
1039 82 1007 81 1081 75 1046 74 94
1039 150 1005 149 1081 149 1045 148 121
1040 158 1006 158 1083 157 1046 157 87
1040 167 1007 167 1083 167 1047 166 81
1037 173 1004 172 1079 173 1043 172 86
1039 191 1009 190 1079 193 1046 191 22
1043 195 1014 194 1083 197 1050 196 35
1045 200 1014 201 1083 203 1051 202 41
1031 302 990 302 1079 315 1036 313 13
1046 71 1014 69 1089 63 1053 62 72
1043 96 1009 96 1085 91 1048 90 111
1042 147 1008 146 1085 145 1048 144 85
1047 250 1021 250 1085 257 1055 256 11
1035 295 995 295 1087 309 1041 307 8
1047 49 1013 47 1091 39 1053 38 88
1051 121 1020 121 1095 117 1057 116 70
1049 117 1015 116 1093 113 1056 112 77
1052 125 1019 124 1095 121 1059 120 85
1050 124 1017 123 1093 119 1056 118 91
1048 128 1015 128 1091 125 1056 125 99
1050 128 1018 128 1093 125 1058 124 86
1049 143 1015 143 1093 141 1055 141 76
1050 158 1017 157 1093 157 1057 156 110
1050 165 1016 165 1093 165 1058 164 89
1049 175 1016 175 1093 175 1057 175 69
1049 189 1017 189 1091 191 1056 189 36
1053 202 1023 201 1093 203 1059 201 27
1051 208 1021 207 1093 211 1060 209 26
1049 210 1021 208 1091 213 1059 212 19
1052 212 1023 212 1093 215 1060 215 21
1040 277 1000 278 1091 289 1047 289 8
1038 316 996 316 1091 331 1047 332 15
1057 78 1025 77 1099 71 1065 70 63
1054 143 1022 143 1097 141 1062 140 87
1055 173 1021 172 1099 173 1062 172 47
1053 177 1020 176 1097 177 1061 177 48
1055 190 1023 190 1097 191 1064 192 31
1059 208 1028 207 1099 209 1065 208 25
1046 308 1006 308 1097 321 1053 322 10
1049 309 1010 309 1101 323 1057 324 11
1060 51 1027 50 1103 41 1068 39 57
1061 149 1029 149 1105 147 1069 147 60
1059 156 1025 153 1103 155 1068 154 71
1062 164 1029 163 1107 163 1071 162 74
1061 192 1031 192 1103 193 1070 193 40
1061 202 1031 202 1103 205 1070 204 18
1065 206 1032 207 1107 209 1073 209 21
1064 209 1033 209 1107 213 1073 212 23
1066 239 1039 237 1105 243 1077 243 10
1067 134 1035 133 1113 131 1077 130 90
1068 137 1035 137 1113 135 1077 134 59
1068 173 1034 172 1113 173 1076 172 46
1066 178 1033 178 1111 179 1075 178 40
1071 244 1042 244 1109 251 1080 249 9
1057 313 1018 313 1109 327 1067 327 11
1056 318 1015 318 1111 333 1065 334 17
1076 78 1041 77 1119 71 1083 70 43
1070 97 1037 96 1115 91 1079 90 53
1074 126 1039 126 1117 123 1084 121 41
1070 165 1036 165 1115 165 1079 164 62
1069 169 1036 169 1115 169 1079 169 57
1070 175 1037 175 1115 175 1079 175 38
1073 204 1043 204 1117 207 1083 206 18
1072 210 1041 209 1115 213 1082 212 16
1079 228 1050 228 1119 233 1091 232 6
1065 307 1025 307 1119 321 1075 321 16
1078 70 1047 69 1121 63 1088 61 39
1079 125 1046 125 1125 121 1089 121 30
1078 126 1045 126 1123 123 1088 122 26
1075 135 1043 135 1121 133 1089 132 81
1081 187 1051 186 1123 189 1091 188 14
1080 192 1049 192 1125 193 1093 192 17
1082 225 1050 223 1123 229 1093 229 10
1067 303 1031 305 1123 317 1076 316 14
1087 100 1056 99 1131 95 1097 94 60
1083 117 1050 117 1129 113 1094 112 40
1084 145 1051 144 1131 143 1095 142 72
1084 152 1052 152 1131 149 1097 149 33
1087 189 1057 189 1131 191 1100 190 15
1075 315 1036 315 1129 329 1086 330 10
1092 33 1060 32 1135 23 1098 24 68
1089 64 1058 63 1133 55 1100 54 41
1092 189 1061 189 1135 189 1103 190 14
1094 147 1061 146 1141 145 1106 144 31
1088 299 1048 297 1143 311 1099 311 11
1083 311 1044 311 1139 325 1095 325 14
1099 218 1068 217 1147 221 1103 223 18
1103 237 1075 237 1147 243 1117 243 8
1091 311 1051 311 1149 325 1106 325 12
1111 101 1083 102 1155 99 1124 100 34
1098 303 1058 303 1155 317 1111 317 13
1095 309 1056 310 1153 323 1109 324 11
1112 67 1073 67 1159 59 1115 60 53
1115 122 1084 121 1161 119 1128 118 21
1113 223 1084 223 1161 227 1130 226 22
1111 236 1081 235 1157 243 1127 244 11
1112 239 1085 241 1157 245 1127 246 12
1116 253 1087 252 1161 259 1130 259 12
1103 308 1064 308 1161 323 1118 322 12
1122 34 1091 35 1167 25 1134 24 14
1119 245 1091 248 1165 253 1137 251 20
1107 308 1068 308 1165 321 1121 321 8
1104 318 1064 318 1165 333 1117 334 16
1124 168 1094 166 1173 167 1139 167 18
1123 217 1094 217 1171 221 1140 221 13
1131 63 1094 62 1175 55 1139 54 14
1131 237 1098 237 1179 243 1146 243 13
1139 55 1102 55 1181 47 1142 47 12
1131 68 1095 68 1183 59 1143 59 15
1139 66 1102 66 1181 59 1146 58 28
1141 66 1107 65 1191 57 1151 57 15
1146 164 1116 163 1191 163 1158 162 24
1146 35 1115 34 1195 25 1161 23 14
1145 53 1108 53 1197 43 1161 42 18
1143 75 1106 75 1193 67 1155 67 29
1143 253 1112 253 1193 261 1160 262 12
1153 64 1120 63 1203 55 1162 55 21
1152 179 1121 178 1203 179 1165 178 23
1149 219 1119 219 1203 223 1172 223 14
1153 249 1120 248 1203 255 1169 255 10
1155 41 1123 40 1207 31 1170 30 18
1156 163 1123 162 1207 163 1174 163 32
1157 176 1125 175 1209 177 1174 176 18
1157 184 1126 184 1209 185 1174 185 14
1155 215 1126 214 1207 219 1171 217 13
1156 230 1124 227 1209 235 1174 234 19
1154 241 1123 241 1209 247 1170 246 15
1157 245 1125 244 1209 251 1175 251 10
1154 253 1123 255 1205 261 1172 261 13
1157 252 1126 252 1209 259 1177 259 9
1160 38 1127 39 1211 29 1176 27 13
1162 40 1130 40 1213 31 1178 29 15
1160 158 1129 157 1211 157 1179 156 61
1166 60 1134 59 1219 51 1184 50 26
1166 167 1134 167 1219 167 1185 167 31
1167 186 1135 186 1219 187 1185 187 13
1166 213 1135 215 1219 219 1185 219 15
1167 243 1137 242 1221 247 1186 248 15
1172 167 1141 167 1225 167 1191 166 22
1173 177 1140 178 1225 179 1191 179 16
1172 213 1141 215 1225 219 1190 219 22
1174 231 1145 230 1227 235 1195 235 34
1175 236 1141 236 1227 241 1195 242 39
1170 231 1137 233 1223 239 1190 238 17
