103 178 58 178 59 171 16 171 91
117 63 67 63 75 45 20 45 65
113 61 63 61 71 43 19 44 41
118 69 68 69 75 51 20 51 86
115 96 68 97 71 81 20 81 107
118 100 72 101 75 85 24 86 208
114 161 68 161 71 153 20 153 85
117 169 70 169 73 161 21 161 106
121 87 74 88 77 71 25 72 120
120 135 74 133 77 125 26 123 175
123 156 77 155 81 145 30 145 142
123 174 77 174 81 167 30 167 71
119 178 74 178 77 171 23 171 98
122 198 75 198 77 193 24 193 100
125 65 79 66 83 47 32 48 151
127 89 80 89 85 73 33 73 143
125 153 79 152 83 141 33 140 212
125 159 79 155 83 149 33 147 190
129 176 82 175 87 169 36 169 92
125 178 79 178 83 171 32 171 76
127 198 83 197 85 193 31 193 102
126 318 81 316 85 325 35 324 59
136 192 89 192 93 187 43 187 268
133 198 85 198 93 193 39 193 129
129 245 79 245 89 245 34 245 39
132 301 87 300 91 307 41 306 77
140 51 94 52 99 31 48 32 165
137 175 89 175 99 169 45 168 122
136 243 87 243 97 243 43 243 22
134 249 89 248 95 249 41 249 38
139 252 91 254 97 253 46 252 26
138 312 91 312 97 319 46 318 52
135 317 89 316 95 325 45 324 58
139 321 90 321 99 329 44 329 66
137 325 91 324 97 333 46 332 55
144 182 98 182 105 175 55 175 92
144 188 99 188 105 183 55 183 192
142 192 97 192 103 187 53 187 225
149 178 103 178 109 171 59 171 130
148 190 103 190 109 185 59 186 141
146 194 101 194 107 189 58 189 148
147 247 99 247 109 247 55 247 43
151 241 106 241 113 241 61 241 28
153 241 108 241 115 241 64 241 64
156 249 109 249 123 249 74 249 76
155 253 111 252 119 253 71 252 31
157 291 113 290 121 295 75 293 18
164 265 119 265 127 267 79 266 14
162 296 118 296 127 301 79 300 24
161 318 115 318 125 325 72 326 38
165 239 120 239 139 237 90 237 31
172 294 129 293 137 299 91 298 25
170 301 126 299 137 305 90 304 26
172 313 127 313 139 319 91 318 48
177 254 139 255 145 255 98 254 26
185 266 144 265 153 267 107 266 15
183 286 141 286 153 289 109 288 17
183 292 138 293 151 297 107 296 23
181 297 138 297 151 301 104 301 38
185 309 143 309 153 315 108 314 56
184 249 143 248 155 249 110 248 56
193 305 149 305 159 311 112 311 40
194 254 154 254 165 255 122 254 15
193 266 151 268 163 269 120 268 18
192 281 150 281 163 283 120 282 11
194 239 152 239 169 237 124 237 36
197 257 158 256 169 257 127 257 23
195 263 155 262 167 263 123 263 19
197 275 159 274 169 277 128 276 19
198 311 156 310 167 317 121 316 33
200 233 159 233 175 231 132 231 51
202 237 160 237 177 235 133 235 32
201 249 163 249 175 249 139 247 26
201 255 161 254 173 255 133 253 17
204 259 164 259 177 259 133 258 22
204 284 159 283 177 287 127 286 41
200 297 157 299 173 301 131 301 28
209 243 171 243 183 243 142 242 39
207 264 167 264 181 265 140 264 15
204 289 166 289 179 291 137 290 28
213 310 170 310 183 317 136 316 34
211 231 167 232 187 229 145 229 37
212 266 175 265 187 267 147 265 18
213 279 175 279 187 281 147 280 23
211 294 172 293 185 297 143 297 25
217 296 174 297 187 301 147 300 31
217 311 172 311 187 317 141 316 30
217 235 177 235 193 233 151 233 51
219 239 182 238 195 237 155 237 26
220 245 183 246 195 245 156 244 20
219 251 182 250 195 251 156 250 12
216 277 178 277 191 279 149 279 20
223 307 181 307 195 313 149 313 38
230 347 178 346 193 361 134 360 40
222 101 186 101 199 87 160 88 154
222 123 186 123 199 113 160 112 187
224 134 188 135 201 125 162 126 187
224 137 188 137 201 127 162 128 136
225 243 188 244 201 243 162 242 13
223 283 186 283 199 285 160 285 28
228 85 192 86 205 71 166 71 137
229 98 194 99 207 87 170 87 447
230 135 194 135 207 125 168 125 159
228 141 192 141 205 131 167 132 152
226 144 190 144 203 135 164 134 180
226 242 189 243 203 241 164 242 31
232 81 195 81 209 67 169 67 151
236 87 200 87 213 73 174 73 199
233 100 199 99 213 87 177 87 277
232 101 198 101 211 89 174 89 324
234 146 199 146 211 137 174 137 101
232 227 197 227 209 225 169 225 58
233 233 197 233 209 231 169 231 40
232 259 198 258 211 259 174 258 83
233 267 197 269 211 269 173 269 102
230 278 195 278 209 279 171 279 79
235 117 201 119 215 109 179 109 170
238 118 205 115 219 107 184 109 139
237 127 203 127 217 117 181 117 132
240 231 203 231 217 229 178 229 38
240 236 204 236 219 235 185 234 31
238 241 202 241 217 239 180 239 29
239 279 204 279 217 281 182 280 104
240 289 206 288 219 291 181 290 39
239 300 199 300 217 303 172 304 31
239 301 201 300 215 305 173 305 32
240 83 204 83 223 71 185 71 59
243 121 211 121 225 111 190 111 93
239 124 207 125 221 115 186 115 199
241 142 205 142 221 133 185 133 117
238 147 203 147 221 139 185 139 86
246 225 210 225 223 223 183 223 29
242 255 207 255 221 255 181 255 111
243 260 210 259 225 259 190 258 127
240 271 207 270 221 271 186 270 143
258 344 208 343 225 357 168 356 46
249 96 217 96 231 85 197 84 132
245 100 213 100 227 89 192 89 123
249 104 216 105 231 93 196 94 186
245 123 213 124 227 113 192 113 88
249 135 215 135 229 125 194 125 246
243 137 208 137 229 129 187 128 131
244 143 211 143 229 135 195 135 164
251 223 216 223 231 221 193 221 68
251 229 217 229 229 227 185 228 69
248 263 213 265 229 263 195 261 103
246 282 210 282 227 283 189 283 45
251 285 216 285 231 287 193 287 36
250 301 211 301 227 305 185 304 22
261 347 209 346 227 361 167 360 49
264 349 212 348 231 363 172 362 47
252 93 219 94 235 81 200 82 101
250 149 217 149 233 141 198 141 77
258 223 225 223 235 221 198 221 35
251 237 218 235 233 235 196 234 30
253 278 219 278 235 279 200 278 38
263 311 220 309 237 315 194 314 34
265 344 214 343 233 357 174 357 51
258 136 226 136 241 127 206 127 182
260 134 228 135 243 125 208 125 108
258 141 226 142 241 133 207 133 126
256 145 224 145 239 137 205 137 132
258 147 226 147 241 139 207 139 124
259 228 231 227 243 225 206 225 106
258 239 227 237 241 235 205 237 56
258 244 226 244 241 243 206 242 22
263 305 224 304 241 309 203 308 30
262 143 230 143 245 135 211 135 88
261 222 229 222 245 219 210 219 88
262 267 232 265 247 265 212 265 138
268 290 232 290 247 293 210 292 33
268 226 237 226 253 223 220 223 89
270 224 239 224 255 221 222 221 113
268 254 237 254 253 253 220 253 71
270 273 239 273 255 273 222 273 97
272 283 238 283 255 285 219 284 84
276 300 236 298 255 303 214 302 34
274 247 243 249 259 245 226 247 84
276 275 247 274 261 275 228 275 73
275 289 241 289 257 291 231 292 68
279 285 245 285 261 287 223 286 52
280 290 244 290 261 293 224 292 35
279 133 249 134 265 125 234 123 215
277 273 249 272 263 273 230 273 76
280 276 249 276 265 277 232 276 69
283 301 246 300 263 305 223 304 28
288 306 248 305 267 311 224 310 35
286 310 245 309 265 315 220 315 26
285 104 255 104 271 93 240 93 226
283 102 253 102 269 91 238 91 238
284 111 255 109 271 99 241 98 421
284 117 255 117 271 107 241 105 286
284 138 255 137 271 129 240 129 282
284 136 255 135 271 127 241 127 359
282 139 253 140 269 131 238 131 253
286 147 257 147 273 139 242 139 193
283 145 253 145 269 137 238 137 136
282 151 253 151 269 143 238 143 73
284 253 255 252 271 249 241 247 133
286 269 257 269 273 269 241 269 82
286 285 251 285 269 287 233 286 66
290 303 248 302 269 307 225 307 25
286 122 259 122 275 113 246 113 278
288 133 261 134 277 125 248 125 374
290 135 264 136 279 127 251 127 196
289 143 257 143 277 135 246 135 263
288 245 259 245 275 243 244 243 298
291 262 263 262 279 261 249 260 186
291 264 264 263 279 263 248 263 158
290 271 261 271 277 271 246 271 70
290 275 260 275 277 275 243 274 39
297 294 260 294 279 297 240 297 35
295 297 259 297 279 301 239 300 29
297 316 254 316 275 323 227 323 32
291 101 262 101 281 91 247 90 178
294 114 267 114 283 105 255 104 271
294 141 267 141 283 133 255 134 250
294 149 265 149 281 141 251 141 149
296 149 267 149 283 141 253 141 135
293 241 265 241 281 239 250 239 112
296 278 265 278 283 279 250 279 39
298 292 264 291 281 295 242 295 31
301 299 263 299 283 303 241 303 23
299 296 267 295 283 299 243 298 38
301 105 273 105 291 95 262 95 176
298 116 272 115 287 107 260 105 111
303 269 273 269 291 269 258 269 79
307 292 275 291 291 295 252 294 27
304 147 277 147 293 139 264 139 90
303 152 277 153 293 145 265 145 95
306 264 279 264 295 263 267 263 56
306 279 274 279 295 279 258 280 53
307 275 277 274 295 275 259 275 64
313 296 277 295 297 299 258 298 40
311 306 271 306 293 311 250 310 35
315 323 271 323 293 331 245 330 36
317 282 285 282 303 283 269 283 29
319 306 280 306 301 311 259 310 29
320 271 290 271 309 271 277 271 34
326 306 289 306 309 311 265 310 48
326 271 297 271 315 271 285 271 28
334 316 292 315 315 323 268 323 43
334 319 291 319 315 327 268 326 68
326 266 298 266 317 265 287 265 42
328 269 299 269 317 269 287 269 36
333 291 299 290 319 293 282 293 31
336 296 300 295 321 299 282 299 33
337 347 286 347 321 355 266 354 113
333 145 310 145 327 135 303 135 69
332 151 309 151 325 141 301 141 94
334 159 311 159 327 153 303 153 240
331 163 309 167 325 159 302 161 162
334 166 311 167 327 159 304 160 274
333 183 309 183 327 177 303 177 137
334 179 310 178 327 173 303 173 169
333 188 310 188 327 183 303 183 89
334 232 311 232 327 229 303 229 149
331 257 305 257 323 255 297 255 62
341 302 302 302 325 307 285 306 32
341 307 302 307 323 313 284 313 43
337 33 314 32 331 19 307 20 240
337 75 312 74 329 63 306 64 110
339 76 316 76 333 65 311 66 168
340 118 317 118 333 109 309 109 241
335 120 312 120 329 111 305 111 237
338 122 315 122 331 113 307 113 373
335 129 312 129 329 121 305 121 206
337 135 314 134 331 127 307 126 174
337 148 314 148 331 141 307 140 108
337 162 315 162 331 155 308 155 296
337 174 315 175 331 169 308 169 177
337 234 315 234 331 231 307 231 168
339 232 317 232 333 229 311 228 232
339 238 316 239 333 235 309 236 206
336 261 313 260 331 259 302 259 40
337 262 310 262 329 261 302 260 57
339 268 312 267 331 267 302 266 45
343 277 314 276 333 277 301 277 27
343 285 311 285 333 287 297 287 30
342 287 308 287 329 289 294 288 25
345 292 309 292 331 295 295 294 30
343 299 305 299 329 303 290 302 33
347 310 307 310 331 317 287 317 39
351 318 307 317 333 325 286 325 70
352 341 305 340 331 353 278 352 80
342 30 321 29 337 17 314 17 239
343 74 320 74 337 63 315 64 138
342 78 321 79 339 69 314 68 101
344 121 321 121 339 113 316 113 189
340 144 318 145 335 137 312 138 166
340 152 318 150 335 145 312 143 234
340 159 319 160 335 153 312 153 306
345 174 323 174 339 167 317 167 83
341 181 319 182 337 175 306 176 549
340 179 319 178 335 173 313 173 275
341 253 318 253 335 251 310 251 54
345 257 321 256 339 255 313 255 36
344 259 319 258 337 257 310 257 28
347 262 321 262 339 261 313 261 42
354 309 314 309 339 315 295 315 35
357 324 313 324 339 333 290 332 83
354 328 307 328 335 337 284 337 71
350 57 328 57 345 47 322 47 245
347 81 326 82 343 71 320 71 143
348 89 326 89 343 81 321 81 120
350 91 328 92 345 83 323 83 176
350 98 328 97 345 89 323 89 149
350 142 328 142 345 135 323 135 213
350 148 329 148 345 141 323 141 171
348 169 327 169 343 163 321 163 264
350 167 328 167 345 161 323 161 46
350 173 329 173 345 167 323 167 48
348 183 326 183 343 177 321 177 205
347 188 326 188 343 183 321 183 311
351 214 328 213 345 209 322 209 298
354 266 327 265 345 265 317 265 28
352 272 321 272 341 273 309 273 33
352 278 322 278 343 279 310 279 33
354 297 318 297 341 301 302 301 44
357 306 318 306 343 311 301 311 40
360 309 320 309 345 315 301 315 59
362 321 318 320 345 329 297 328 87
360 340 313 339 341 351 288 351 65
362 345 314 344 343 357 289 357 52
352 61 330 61 347 51 325 51 155
352 67 330 69 347 59 325 60 228
352 87 330 84 347 77 325 75 267
352 94 330 94 347 85 325 85 158
352 144 331 144 347 137 325 137 178
352 169 330 169 347 163 325 163 117
352 183 330 183 347 177 324 177 97
352 208 334 208 349 203 330 203 266
356 277 326 276 347 277 315 277 22
364 303 326 302 351 307 311 306 41
361 307 322 307 347 313 306 312 64
371 346 321 346 351 359 300 360 29
361 55 339 55 355 45 335 45 122
360 65 339 65 353 55 337 56 335
358 74 339 75 353 65 336 65 340
357 89 341 90 355 81 338 79 246
357 234 338 235 353 231 333 229 269
357 252 334 252 353 249 329 249 101
363 268 335 267 355 267 328 266 26
360 271 333 271 353 271 324 270 32
363 279 333 278 355 279 320 279 37
364 291 331 290 353 293 316 293 25
368 299 331 299 355 303 318 301 71
371 309 331 308 357 315 314 314 74
371 315 331 314 357 321 313 320 122
373 324 330 324 357 333 310 333 92
361 61 341 61 359 51 341 51 332
364 92 348 92 363 83 346 83 133
362 150 347 150 361 143 345 143 148
362 182 347 183 361 177 345 175 49
364 184 348 184 363 179 347 179 234
363 209 346 210 361 205 343 205 183
365 233 347 235 363 231 344 231 107
368 249 343 250 363 247 339 247 113
368 255 344 255 363 253 338 253 45
367 273 337 272 359 273 327 272 23
369 283 336 283 359 285 325 284 29
370 292 335 292 359 295 322 295 34
375 302 337 302 363 307 322 307 62
378 327 332 328 361 337 314 336 66
366 61 350 61 365 51 348 51 96
370 59 354 59 369 49 352 49 180
366 93 350 94 365 85 348 85 220
368 97 352 97 367 89 350 89 113
369 142 352 142 367 135 350 135 193
366 148 350 148 365 141 348 141 155
366 176 350 176 365 169 348 170 44
370 182 354 182 369 175 352 177 161
371 190 354 190 369 185 352 185 134
367 212 350 212 365 207 347 207 209
371 223 353 223 369 215 351 213 137
371 229 353 230 369 225 351 226 107
373 271 345 271 365 271 335 271 28
378 278 347 278 369 279 337 279 45
377 285 344 286 367 289 331 287 51
381 291 347 291 369 295 332 295 76
379 316 338 316 365 323 321 322 67
381 323 338 323 367 331 321 330 60
372 67 356 63 371 55 354 55 128
374 97 358 98 373 89 356 89 82
372 184 356 184 371 179 355 179 82
373 204 353 203 371 199 354 199 192
376 227 360 227 375 223 358 223 185
376 229 360 229 375 225 358 225 251
377 235 359 235 375 231 357 231 180
378 248 358 247 375 245 353 245 120
385 262 353 264 373 263 346 263 120
384 299 347 299 373 303 333 302 55
387 325 344 325 373 333 326 333 86
381 171 365 170 381 163 364 164 152
381 172 366 170 381 165 364 165 142
381 175 365 175 381 171 364 170 124
382 253 359 253 377 251 354 251 58
389 278 356 277 379 279 344 279 46
390 301 353 301 379 305 339 305 72
391 323 350 322 377 331 332 330 47
394 344 345 343 377 357 322 356 20
386 47 369 47 385 37 368 37 150
385 64 369 64 385 55 368 55 212
388 103 372 103 387 95 371 95 346
387 108 370 107 385 99 369 99 151
388 147 372 148 387 141 371 141 205
383 144 368 144 383 137 366 137 185
384 149 368 150 383 143 367 145 342
387 172 372 171 387 165 371 165 583
387 175 372 179 387 171 372 169 293
388 186 372 186 387 181 371 181 176
386 184 368 185 385 179 369 179 119
384 191 368 190 383 185 367 185 116
393 269 366 269 387 269 358 269 59
402 338 354 338 387 351 334 350 15
391 27 375 28 391 17 375 18 157
393 33 377 33 393 23 377 23 265
391 64 376 65 391 55 375 55 203
391 72 376 72 391 63 376 62 231
393 70 378 70 393 61 377 62 265
391 101 376 101 391 93 375 93 168
393 101 378 101 393 93 377 93 512
388 108 374 109 389 101 373 101 177
390 144 374 144 389 137 373 137 257
389 150 374 150 389 143 374 142 324
393 151 378 155 393 145 378 146 231
389 182 374 182 389 177 374 177 182
393 182 378 182 393 177 378 177 180
389 184 374 184 389 179 374 179 185
390 190 374 190 389 185 373 185 156
389 206 374 206 389 201 374 201 256
397 236 373 236 393 233 368 233 105
395 250 371 251 391 249 366 248 63
396 259 372 258 393 257 368 257 199
400 281 367 281 391 283 356 283 80
402 315 365 314 391 321 348 320 39
403 322 362 320 393 329 343 330 40
402 323 360 322 389 331 340 332 30
397 47 381 47 397 37 379 35 216
397 58 382 58 397 49 382 49 324
399 66 384 66 399 57 384 57 196
395 78 380 80 395 71 380 71 258
395 113 380 112 395 105 380 105 214
397 115 387 116 397 107 388 109 610
397 146 382 145 397 139 382 139 152
395 149 380 151 395 143 380 143 319
397 152 382 155 397 147 382 149 187
397 165 383 165 397 161 383 159 622
397 191 382 191 397 185 382 185 216
397 195 382 196 397 191 382 192 278
399 246 375 247 395 243 370 244 66
407 281 375 281 399 283 365 283 73
408 301 371 301 399 305 360 305 52
404 26 390 28 405 17 391 18 526
402 34 388 35 403 25 388 25 851
401 64 386 64 401 55 386 55 371
400 80 386 80 401 71 387 70 313
402 89 388 91 403 81 389 82 597
402 105 389 103 403 97 389 95 212
404 120 391 120 405 113 392 113 233
404 147 390 147 405 141 392 141 345
402 156 389 155 403 149 389 150 379
400 180 387 181 401 175 387 175 201
409 212 386 211 405 209 380 208 449
409 216 385 216 405 213 380 213 257
407 228 383 228 403 225 378 225 92
409 245 385 245 405 243 380 242 40
406 256 383 256 403 255 378 255 36
411 273 382 272 405 273 373 273 63
410 283 378 283 403 285 370 284 89
412 289 379 289 405 291 370 291 95
408 285 376 285 401 287 366 287 111
410 289 377 289 403 291 368 291 110
412 299 376 299 403 303 365 303 86
410 305 373 305 401 309 362 309 81
414 303 378 303 405 307 367 307 56
410 323 368 323 401 333 351 332 26
410 26 397 26 411 17 398 17 378
408 87 395 87 409 79 396 79 329
410 95 397 96 411 89 398 90 395
410 114 397 114 411 107 398 107 350
407 122 395 122 409 115 397 115 232
410 143 397 144 411 137 398 137 137
410 153 397 154 411 147 398 147 334
406 163 393 167 407 159 394 157 454
410 169 397 169 411 163 398 163 226
410 177 397 181 411 175 398 175 278
408 182 395 182 409 177 396 177 312
411 223 386 222 407 219 381 218 116
417 256 393 256 411 255 385 255 49
414 271 387 271 411 271 381 271 70
417 287 386 287 411 289 378 289 79
415 302 380 301 407 305 369 305 53
417 315 376 316 409 325 362 325 27
421 321 376 320 411 329 361 328 22
412 37 399 38 413 29 400 28 328
415 42 403 42 417 33 404 34 239
411 57 399 58 413 49 400 49 231
411 66 399 65 413 57 400 56 139
413 88 401 89 415 81 402 80 309
413 86 401 87 415 79 402 79 324
415 97 403 97 417 89 405 89 344
412 124 399 124 413 117 401 117 146
414 147 401 147 415 141 403 141 271
415 163 404 163 417 157 405 159 213
415 181 404 180 417 175 405 175 299
411 182 399 184 413 179 401 179 231
419 208 397 209 417 203 394 204 395
419 215 397 215 417 211 394 211 285
419 213 397 213 417 209 394 209 268
418 224 394 224 415 221 389 221 251
427 324 384 324 417 333 368 332 24
424 325 380 326 413 335 364 335 15
419 33 407 34 421 25 409 26 232
421 32 409 32 423 23 411 23 362
417 59 405 60 419 51 407 52 208
417 75 405 74 419 67 407 66 272
417 100 406 100 419 93 407 92 308
421 102 410 102 423 95 412 95 294
419 107 408 108 421 101 410 100 348
419 118 408 117 421 111 410 109 158
419 126 408 126 421 119 410 119 213
417 159 406 159 419 153 408 153 244
417 184 411 184 419 179 408 179 487
419 201 409 202 421 197 407 198 547
421 210 403 209 419 205 401 207 695
425 218 401 218 423 215 398 215 122
425 230 400 230 421 227 396 227 139
424 249 400 249 421 247 400 247 33
423 271 396 271 419 271 389 271 69
425 289 393 289 419 291 385 290 56
425 293 393 293 421 295 383 296 97
431 304 394 305 423 309 384 307 30
422 35 411 34 425 25 413 25 265
426 32 416 32 429 23 418 23 271
422 45 412 46 425 37 413 36 214
424 49 414 50 427 41 417 42 269
422 67 412 67 425 59 414 60 151
422 74 412 75 425 67 414 67 253
424 78 414 79 427 71 417 72 99
424 93 414 95 427 85 417 85 143
426 89 416 88 429 83 419 83 223
424 97 414 97 427 89 417 89 136
424 102 414 102 427 95 417 95 354
422 133 412 133 425 127 415 127 87
426 131 416 132 429 125 419 125 114
426 141 416 143 429 135 419 135 68
423 155 411 155 425 149 413 149 434
425 164 414 162 427 157 417 156 348
426 176 417 175 429 171 419 171 227
422 178 412 177 425 173 415 172 217
423 186 413 186 425 181 415 181 346
424 197 415 198 427 193 415 193 531
429 226 405 226 427 223 402 223 255
429 256 408 256 429 255 404 255 101
429 267 403 267 425 267 397 267 86
437 335 391 332 427 345 375 344 20
432 27 422 27 435 19 424 19 116
432 32 422 35 435 25 424 23 102
428 46 418 48 431 39 421 40 115
430 51 420 51 433 43 423 43 200
432 55 423 55 435 47 425 47 91
428 75 418 75 431 67 421 65 198
428 82 418 82 431 75 421 75 261
430 86 420 86 433 79 423 79 231
428 100 418 100 431 93 421 94 184
432 102 422 102 435 95 425 95 189
430 104 420 104 433 97 423 97 256
428 114 419 115 431 107 421 105 209
430 129 420 129 433 123 423 123 188
428 138 419 138 431 131 421 131 162
430 153 421 153 433 147 423 147 119
430 175 421 173 433 169 423 167 521
433 222 409 222 431 219 405 219 223
435 228 411 228 433 225 408 225 173
437 240 413 239 435 237 413 237 46
437 256 413 256 435 255 411 255 74
433 261 409 260 431 259 405 259 110
438 264 413 264 435 263 409 263 72
444 309 403 311 435 319 389 318 27
443 319 402 319 435 327 389 326 23
434 47 424 47 437 39 427 39 101
437 82 432 82 441 75 432 75 225
436 90 429 90 439 83 432 83 227
433 141 423 140 439 133 425 135 326
435 168 428 169 439 163 431 163 236
440 195 424 196 441 189 425 188 370
441 218 417 218 437 215 412 215 418
443 226 419 226 441 223 416 223 207
439 245 415 245 437 243 412 243 40
441 258 419 259 439 257 415 257 106
439 262 415 262 437 261 412 261 61
443 268 418 267 441 267 414 267 80
451 319 408 319 441 327 396 327 27
445 316 404 315 437 323 392 323 36
445 30 443 30 447 23 440 23 23
443 86 435 86 447 79 439 79 322
443 94 436 94 447 87 440 87 252
441 113 434 114 445 107 437 107 169
441 125 434 125 445 119 438 119 136
444 141 435 138 447 133 439 133 99
441 137 433 139 445 133 437 132 164
439 141 431 142 443 137 435 137 39
443 145 436 145 447 139 440 139 79
443 181 427 180 443 175 427 175 425
446 184 432 184 447 179 430 179 287
443 199 430 200 447 195 427 195 281
445 222 421 222 443 219 418 219 222
448 220 424 220 447 217 422 217 284
449 226 425 226 447 223 422 223 248
447 260 424 260 447 259 422 259 64
447 264 422 264 445 263 419 263 73
449 266 424 265 447 265 421 265 77
448 288 417 287 445 289 410 289 25
456 344 403 344 445 359 387 358 34
447 26 442 27 449 19 445 19 16
449 86 442 86 453 79 446 79 97
447 84 440 84 451 77 444 77 92
447 92 440 92 451 85 444 85 123
445 109 438 110 449 103 442 103 249
449 115 442 116 453 109 445 109 255
445 123 438 123 449 117 442 117 263
449 121 442 121 453 115 446 115 296
445 164 439 164 449 159 443 159 189
449 166 443 167 453 161 447 161 128
444 169 438 170 449 165 442 164 206
449 176 443 176 453 171 447 171 221
451 195 437 196 453 191 438 191 271
454 220 430 220 453 217 427 217 195
455 231 430 232 453 229 428 229 180
451 240 424 239 449 237 423 237 60
455 247 431 247 453 245 428 245 24
454 283 424 282 451 285 419 284 17
456 289 424 288 451 291 415 290 14
452 291 419 291 451 293 415 293 12
461 327 416 326 453 337 403 336 31
464 347 411 347 453 363 394 363 46
453 101 446 97 457 93 451 94 106
451 164 444 165 455 159 449 159 217
453 170 447 170 457 165 451 165 376
456 188 443 188 459 183 445 183 243
452 193 439 192 455 187 440 187 339
456 205 433 205 455 201 430 201 265
458 214 434 214 457 211 432 211 184
458 222 434 222 457 219 432 218 279
458 218 434 218 457 215 432 215 191
457 225 432 227 455 223 430 223 305
461 240 436 239 459 237 433 237 61
455 272 431 271 455 271 427 271 37
464 325 419 325 457 335 407 334 32
459 107 454 109 463 99 457 98 80
456 110 451 111 461 105 455 105 249
461 112 455 113 465 107 460 107 212
457 119 451 119 461 113 456 113 296
458 127 453 127 463 121 459 121 266
458 137 453 137 463 131 457 132 722
458 141 453 141 463 135 458 135 174
463 184 452 185 465 179 455 180 460
463 194 447 191 465 189 447 188 417
466 204 444 203 465 199 443 199 382
463 202 442 201 463 197 441 197 438
462 230 438 230 461 227 436 227 198
466 233 442 233 465 231 440 231 192
464 235 440 235 463 233 438 233 109
466 239 442 239 465 237 440 237 139
464 247 440 247 463 245 438 245 44
470 293 435 292 465 295 427 296 17
465 288 432 288 461 293 423 292 10
467 298 431 298 461 303 422 302 8
465 39 462 42 467 33 466 32 9
464 117 460 117 469 111 465 111 95
464 127 460 127 469 121 465 121 193
466 135 462 134 471 129 467 129 150
466 141 462 141 471 135 468 135 223
468 174 458 174 471 169 461 169 552
464 178 454 177 467 171 457 172 492
469 211 448 211 469 207 447 206 410
471 225 450 224 471 221 449 220 365
468 232 444 231 467 229 442 229 191
468 239 444 239 467 237 442 237 166
471 247 450 247 471 245 449 245 102
468 249 444 248 467 247 442 246 91
474 296 438 297 471 299 431 300 10
476 335 428 334 469 347 415 347 48
477 340 427 340 469 353 413 353 56
470 125 467 125 475 119 472 119 133
472 159 469 159 477 153 474 153 282
469 161 466 161 475 157 471 155 347
471 186 455 186 473 181 457 181 407
471 190 456 190 473 185 457 185 270
471 200 455 199 473 195 457 194 259
475 197 459 197 477 193 461 193 279
473 196 457 196 475 191 459 189 289
473 202 458 201 475 197 459 197 433
475 215 454 214 475 211 453 211 584
473 221 452 221 473 217 451 217 526
476 227 457 227 477 223 457 223 387
474 236 455 237 475 233 459 233 136
477 269 450 269 475 269 447 269 39
483 326 437 326 477 337 423 337 40
479 332 433 331 473 343 420 343 51
485 344 433 344 477 359 418 358 40
475 156 473 156 481 151 479 151 202
477 174 468 175 481 169 471 169 494
473 172 463 172 479 167 469 167 471
475 178 465 178 479 173 469 173 408
477 184 462 184 479 179 464 179 337
481 205 466 206 483 201 468 202 328
477 219 461 219 479 215 463 215 450
479 225 464 225 481 221 465 221 227
479 235 464 235 481 231 465 231 80
477 246 459 245 479 243 458 243 81
478 244 455 242 479 241 453 239 159
481 247 461 247 481 245 461 245 51
488 344 436 344 481 359 422 359 48
479 131 475 131 487 125 479 125 105
483 150 482 150 489 145 488 145 78
481 158 480 159 487 153 485 152 146
486 223 474 223 489 219 476 219 219
484 241 466 243 487 241 466 241 35
487 242 467 242 489 239 469 239 34
487 247 468 247 489 245 468 245 22
493 292 456 291 489 293 454 293 11
490 321 441 321 485 331 435 331 38
494 328 448 328 487 339 436 339 30
490 325 444 325 485 335 434 335 38
493 348 439 348 485 363 426 364 38
488 136 480 136 495 131 489 131 23
487 152 485 152 493 147 492 147 142
486 174 484 174 491 169 490 169 405
489 179 488 178 495 173 494 173 309
490 188 486 188 495 183 491 183 365
488 192 483 192 493 187 488 187 285
487 191 482 192 491 185 486 185 404
490 196 486 196 495 191 490 191 211
489 204 480 204 493 199 483 199 252
490 227 477 227 493 223 480 223 77
492 246 473 246 493 243 474 243 26
490 258 467 257 491 257 461 257 54
494 268 467 267 493 267 467 267 38
498 341 445 340 493 355 433 353 25
501 344 448 344 495 359 437 358 16
490 128 485 125 497 123 495 121 14
491 150 490 150 497 145 496 145 48
495 164 494 164 501 159 500 159 85
493 170 492 170 499 165 497 164 97
496 174 494 174 501 169 500 169 174
495 180 494 180 501 175 500 175 198
492 190 488 190 497 185 493 185 259
499 231 484 231 501 227 486 227 20
493 233 482 232 499 229 484 229 19
503 321 459 320 499 331 449 329 26
503 329 457 328 501 339 450 339 23
505 325 459 325 501 335 450 335 20
501 328 456 328 497 339 447 339 23
499 178 498 178 505 173 504 173 133
502 200 496 200 507 195 501 195 96
501 204 494 204 505 199 499 199 54
499 210 493 209 503 205 495 205 52
503 208 494 208 507 203 499 203 38
504 227 489 226 507 223 493 222 15
504 236 488 236 505 233 491 233 30
504 262 479 262 505 261 479 261 75
505 311 464 311 503 319 463 318 16
508 323 461 322 505 333 453 332 19
507 328 461 328 505 339 454 339 15
513 337 464 339 507 355 450 354 38
510 346 458 345 505 361 447 361 36
505 31 498 32 513 23 508 23 11
507 133 500 132 509 127 506 127 15
505 160 503 159 511 155 509 154 43
505 172 503 172 511 167 509 167 92
508 192 504 192 513 187 509 187 115
508 198 503 198 513 193 508 193 70
508 214 497 214 511 209 499 209 33
510 262 484 262 511 261 479 261 44
512 315 470 316 509 323 463 323 18
518 341 465 340 513 355 455 354 30
515 344 463 344 511 359 453 359 26
517 346 464 345 513 361 454 360 34
511 148 510 148 517 143 516 143 70
509 158 508 158 515 153 513 153 94
511 154 510 154 517 149 516 149 93
509 164 507 164 515 159 512 159 95
511 162 509 162 517 157 514 157 69
513 166 510 166 519 161 516 161 66
509 170 507 170 515 165 512 164 75
509 178 507 177 515 173 513 172 139
510 184 507 184 515 179 513 179 124
514 198 509 198 519 193 514 193 75
512 202 508 202 517 197 512 197 49
515 229 497 227 519 225 505 225 22
517 243 499 243 519 241 497 241 14
513 247 495 247 515 245 495 245 21
516 304 478 304 515 309 474 310 13
522 347 469 347 519 363 459 363 40
519 127 516 127 523 121 517 120 17
520 152 517 152 525 147 522 147 71
520 154 517 154 525 149 510 151 193
516 210 508 210 523 205 515 205 46
518 234 501 234 521 231 504 231 20
523 258 499 258 525 257 500 257 60
523 274 497 276 523 275 496 274 27
521 281 491 280 521 283 488 283 8
521 298 485 298 521 303 481 303 9
525 308 485 308 525 317 481 316 17
527 342 475 342 525 357 466 357 18
526 162 522 162 531 157 528 156 71
524 166 520 166 529 161 525 161 46
526 189 523 188 531 183 528 183 120
522 188 519 188 527 183 524 183 101
527 213 517 214 531 209 522 209 22
527 226 514 226 531 223 515 223 27
524 251 503 251 527 249 505 249 41
529 315 491 315 529 323 483 323 12
534 340 479 340 531 357 473 357 21
529 345 477 345 527 361 468 361 15
532 140 527 140 537 135 532 135 62
528 154 523 154 533 149 528 149 77
530 164 526 164 535 159 531 159 53
530 160 527 160 535 155 531 155 141
529 180 526 180 535 175 531 175 99
528 178 524 178 533 173 529 173 79
532 198 526 198 537 193 531 193 88
531 210 522 210 535 205 526 205 47
530 230 515 230 533 227 518 227 14
531 243 510 243 535 241 511 241 18
532 249 511 249 535 247 513 247 24
538 147 533 146 543 141 538 141 91
536 158 532 159 541 153 537 153 99
534 162 529 163 539 157 533 159 75
534 170 529 170 539 165 534 165 72
536 168 531 168 541 163 536 163 66
538 174 533 174 543 169 538 169 55
538 190 531 189 543 185 535 185 136
538 196 530 196 543 191 535 191 116
538 218 527 218 541 213 531 213 22
535 234 519 234 539 231 523 231 21
537 243 516 243 541 241 517 241 25
540 251 519 251 543 249 522 249 28
537 247 517 247 541 245 519 245 32
538 267 515 265 541 267 512 267 24
542 139 537 139 547 133 542 133 83
542 144 537 144 547 139 542 139 84
544 162 538 162 549 157 544 157 42
544 178 539 178 549 173 544 173 52
540 194 532 194 545 189 537 189 93
542 198 534 198 547 193 539 193 109
542 213 532 213 547 209 538 209 30
547 225 531 224 549 221 537 221 39
544 243 526 243 549 241 527 241 15
545 249 525 249 549 247 528 247 17
549 263 521 263 549 263 523 263 18
548 319 503 319 549 329 500 328 32
547 326 511 327 547 335 507 337 117
548 324 503 325 549 335 499 335 31
548 116 540 117 553 111 546 110 88
547 126 540 126 553 119 545 120 104
546 126 538 127 551 121 544 120 119
545 133 539 133 551 127 544 127 86
548 137 542 137 553 131 548 132 83
545 158 541 158 551 153 546 153 40
547 154 543 154 553 149 548 149 40
549 168 544 168 555 163 550 163 55
546 172 541 172 551 167 546 167 47
548 188 539 188 553 183 544 183 88
548 210 539 209 553 205 544 205 63
546 215 535 215 551 211 541 211 24
549 237 534 237 555 235 539 237 23
550 267 523 267 553 267 524 267 15
553 263 526 263 555 263 528 263 14
552 269 525 268 555 269 526 269 17
548 301 510 301 551 307 509 307 11
551 303 513 305 555 311 512 312 15
554 319 509 319 555 329 511 329 90
550 323 505 323 551 333 501 333 36
554 324 508 325 555 335 505 334 37
554 117 547 117 559 111 552 111 115
552 121 545 121 557 115 550 115 121
552 128 545 128 557 123 550 123 121
552 126 544 128 557 121 550 121 117
552 141 545 141 557 135 550 135 95
556 139 549 139 561 133 554 133 60
556 151 549 150 561 145 554 145 48
555 178 550 178 561 173 556 173 73
552 190 543 190 557 185 548 185 195
556 198 547 198 561 193 552 193 224
552 196 543 196 557 191 548 191 145
552 202 543 202 557 197 548 197 114
554 202 545 202 559 197 550 197 112
552 211 543 212 557 207 548 207 47
555 234 542 234 561 231 545 231 24
555 230 540 230 559 227 544 227 15
551 243 531 243 557 241 535 241 16
555 247 535 247 559 245 538 245 10
554 267 527 267 557 267 529 267 15
557 302 518 302 559 307 517 306 19
557 314 514 315 559 323 512 323 31
559 105 552 105 565 99 558 99 107
562 101 554 101 567 95 560 95 91
562 117 554 117 567 111 559 110 116
558 121 550 121 563 115 556 115 115
562 125 554 125 567 119 560 119 76
562 131 555 131 567 125 560 125 63
562 137 554 136 567 131 560 131 68
562 147 553 146 567 141 560 141 30
562 162 555 161 567 157 560 156 45
562 170 556 170 567 165 562 165 61
560 179 555 179 565 175 560 174 58
562 186 556 185 567 181 559 181 122
562 192 553 192 567 187 558 187 187
559 214 549 214 563 209 553 209 35
560 215 550 215 565 211 555 211 34
559 239 543 239 563 235 552 236 26
563 265 547 264 565 265 550 264 17
559 287 524 285 563 289 527 288 26
563 307 523 306 567 313 525 312 29
567 87 563 86 573 81 569 80 146
563 100 556 99 569 93 562 92 102
567 131 560 131 573 125 566 125 66
567 147 561 147 573 141 566 141 48
567 162 561 162 573 157 567 157 28
564 178 558 178 569 173 564 173 87
568 186 560 187 573 181 565 182 103
566 190 557 190 571 185 562 185 147
563 194 555 194 571 189 560 189 180
568 198 559 198 573 193 564 193 173
565 214 555 214 569 209 560 209 94
566 274 535 275 569 277 539 275 13
567 291 532 291 571 295 533 295 44
567 308 528 308 571 315 527 315 44
573 76 566 75 579 69 572 69 79
573 79 566 79 579 73 572 73 120
569 81 564 80 575 75 570 74 105
569 93 562 94 575 87 568 87 129
571 91 565 92 577 85 570 86 100
573 103 566 103 579 97 572 97 91
572 113 564 113 577 107 570 106 105
574 123 566 123 579 117 572 117 51
571 133 564 133 577 127 570 127 81
569 142 562 142 575 137 568 137 59
572 194 563 194 577 189 568 189 264
572 201 563 201 577 197 568 197 143
574 223 563 223 579 219 568 219 40
572 229 559 229 577 225 564 225 28
571 242 551 241 575 239 555 238 20
572 284 539 284 577 287 540 286 40
571 294 535 294 575 299 536 299 39
576 304 538 304 579 309 538 310 40
574 306 535 306 579 313 536 313 40
574 318 529 319 577 329 528 328 32
576 319 531 318 579 329 530 328 33
575 326 529 326 579 337 528 337 33
578 25 566 25 585 17 581 16 11
579 70 572 70 585 63 578 63 72
577 66 568 66 583 59 575 59 44
575 68 568 67 581 61 574 60 86
575 73 568 74 581 67 573 67 82
579 79 572 79 585 73 578 72 102
579 115 572 115 585 109 578 109 60
575 119 568 119 581 113 574 113 72
579 121 572 121 585 115 578 115 67
577 133 570 132 583 127 576 127 32
579 137 572 136 585 131 577 131 39
577 153 570 153 583 147 575 147 26
576 153 569 153 581 147 574 147 72
576 209 567 209 581 205 572 205 74
578 211 570 211 583 207 574 207 94
575 215 566 215 581 211 568 210 62
575 219 564 219 581 215 570 215 51
577 221 566 221 583 217 571 217 69
576 227 563 227 581 223 568 223 36
577 245 557 245 581 243 561 243 24
578 249 558 249 583 247 562 247 16
578 252 556 252 583 251 561 251 27
578 283 549 282 583 283 548 283 21
579 293 543 293 583 297 545 296 34
582 320 535 318 585 329 537 329 29
577 323 532 323 581 333 531 333 39
581 326 535 326 585 337 534 337 42
583 64 575 63 589 57 581 56 77
583 87 576 87 589 81 582 81 51
581 95 574 95 587 89 580 89 80
581 99 574 99 587 93 579 92 50
583 101 576 101 589 95 582 95 31
581 107 574 107 587 101 579 101 39
582 128 574 127 587 121 580 122 43
581 135 574 135 587 129 579 129 89
585 141 577 141 591 135 583 135 49
585 147 577 146 591 141 583 140 30
581 147 574 146 587 141 579 141 24
586 154 578 154 591 149 583 149 26
583 162 575 162 589 157 581 157 26
581 184 574 184 587 179 579 178 28
584 254 561 254 589 253 565 253 22
582 277 552 275 587 279 556 279 15
588 280 557 278 591 281 557 279 11
584 343 532 343 589 359 530 359 41
587 68 580 68 593 61 586 62 55
591 66 583 65 597 59 589 58 54
591 82 584 81 597 75 590 75 42
589 84 581 84 595 77 587 77 105
591 93 583 93 597 87 589 86 103
589 105 582 105 595 99 587 99 66
587 109 580 109 593 103 585 103 32
591 113 584 113 597 107 590 107 37
589 119 582 119 595 113 588 113 81
589 129 581 128 595 123 587 122 40
589 125 582 125 595 119 588 119 95
591 131 583 130 597 125 589 124 30
589 139 582 139 595 133 587 131 25
591 154 583 154 597 149 589 148 41
588 159 580 158 593 153 585 152 27
591 162 583 162 597 157 589 157 73
591 172 584 172 597 167 589 166 33
589 190 581 190 595 185 587 185 32
592 207 583 208 597 203 589 203 15
587 217 577 217 593 213 583 212 44
588 225 576 225 593 221 581 221 52
588 227 576 227 593 223 579 222 51
589 239 573 239 597 237 582 238 43
591 256 569 256 597 255 573 255 27
590 260 565 260 595 259 569 259 18
595 62 588 61 601 55 594 54 47
593 76 586 75 599 69 592 69 80
595 103 586 101 601 97 593 96 45
593 101 585 100 599 95 592 95 36
593 107 586 107 599 101 591 100 37
595 117 588 117 601 111 593 111 49
593 121 586 121 599 115 591 115 40
593 127 586 127 599 121 591 120 37
595 145 587 144 601 139 593 139 48
595 150 587 150 601 145 593 145 27
595 164 587 164 601 159 593 159 18
593 168 585 168 599 163 591 162 41
595 182 587 181 601 177 593 176 30
598 209 589 209 603 205 594 204 20
594 223 582 223 599 219 587 219 63
598 219 587 219 603 215 592 215 53
598 225 584 224 603 221 591 221 45
597 254 574 254 603 253 579 253 32
596 260 574 260 603 259 578 259 17
595 294 562 293 601 299 561 298 12
595 298 558 298 601 303 560 302 10
595 347 547 343 601 363 547 361 56
601 68 594 68 607 61 600 61 51
599 76 591 75 605 69 597 68 50
601 78 593 77 607 71 599 70 46
599 101 591 101 605 95 597 95 38
601 111 593 111 607 105 599 105 102
603 117 595 117 609 111 601 111 33
601 123 593 123 607 117 599 117 30
603 127 595 127 609 121 601 121 27
604 135 595 137 609 131 601 131 17
603 154 595 154 609 149 601 149 41
599 162 591 162 605 157 597 157 20
601 164 593 164 607 159 599 159 22
603 176 595 176 609 171 601 171 24
599 184 591 183 605 179 596 179 38
599 190 590 190 605 185 596 185 31
604 221 590 220 609 217 596 216 72
598 234 585 234 605 231 592 231 77
601 245 582 245 607 243 588 243 26
600 258 579 258 607 257 582 257 19
599 305 559 307 605 311 563 310 6
606 70 599 70 613 63 605 63 53
605 71 597 71 611 65 604 64 136
606 75 599 75 613 69 605 68 106
609 86 601 85 615 79 608 79 79
609 95 601 95 615 89 608 88 34
605 107 597 107 611 101 603 101 104
607 113 599 113 613 107 605 107 37
609 121 601 121 615 115 608 115 26
607 129 599 129 613 123 605 123 27
605 125 597 125 611 119 603 119 23
605 133 596 135 611 127 604 126 18
605 142 597 142 611 137 603 136 17
605 147 597 146 611 141 603 141 18
607 151 599 150 613 145 605 145 14
609 175 600 173 615 169 606 169 18
605 184 596 183 611 179 602 179 22
609 184 600 183 615 179 606 179 27
609 194 600 194 615 189 606 189 21
606 209 597 209 613 205 603 205 12
609 247 591 247 615 245 595 245 29
608 256 586 256 615 255 592 255 31
605 259 584 259 611 259 585 259 17
602 287 569 286 611 289 572 290 13
605 297 570 298 615 303 567 302 13
605 301 567 301 611 307 570 307 10
606 337 556 335 613 351 556 350 19
604 341 553 340 611 355 551 354 13
611 64 607 65 617 57 610 57 78
613 69 607 70 619 63 613 63 96
615 72 609 71 621 65 615 65 57
610 74 603 73 617 67 610 67 67
612 84 605 83 619 77 611 77 52
614 86 607 85 621 79 614 78 46
613 99 605 99 619 93 611 93 52
611 119 603 119 617 113 610 113 31
614 166 606 167 621 163 612 162 33
613 182 604 181 619 177 610 177 31
615 184 606 183 621 179 612 178 23
612 216 604 217 621 213 604 213 58
609 277 575 281 617 279 584 277 10
618 67 613 67 625 61 619 61 90
620 65 617 63 627 59 621 59 33
616 79 610 79 623 73 615 72 55
616 95 609 95 623 89 616 88 85
616 103 609 103 623 97 615 96 46
617 111 609 111 623 105 616 105 131
617 133 608 133 623 129 614 129 13
619 137 610 137 625 131 617 131 10
622 221 611 221 627 217 615 217 49
616 228 603 228 623 225 609 225 147
617 234 601 234 623 231 607 231 60
619 243 603 243 627 241 609 241 45
614 250 595 250 623 249 602 249 43
622 81 615 81 629 75 622 75 74
626 92 619 92 633 85 626 85 91
622 102 616 100 629 95 622 94 107
622 127 615 126 629 121 621 120 62
627 129 618 128 633 123 625 122 133
623 133 614 133 629 127 620 127 14
625 175 615 171 631 169 622 167 34
627 180 617 180 633 175 623 175 26
623 184 614 184 629 179 620 179 27
627 211 616 210 633 207 622 206 23
625 213 614 213 631 209 620 209 21
627 227 614 227 631 223 618 223 50
625 230 613 230 631 227 618 227 47
627 240 610 240 633 237 616 237 37
623 249 604 249 629 247 609 247 54
622 254 599 254 629 253 605 253 49
624 258 602 258 631 257 607 257 54
625 265 600 265 633 265 605 264 34
632 73 627 73 639 67 633 67 44
628 71 623 72 635 65 629 65 38
632 83 627 83 639 77 633 77 41
629 103 623 102 635 97 630 99 172
631 105 625 105 637 99 631 99 206
633 125 625 125 639 119 631 119 355
628 176 619 177 635 171 625 172 37
630 181 618 181 637 177 625 177 22
630 223 615 222 635 219 622 219 66
631 242 613 241 637 239 619 239 44
633 247 614 247 639 245 620 245 48
629 278 600 279 639 281 607 282 15
629 287 595 287 637 291 600 291 11
627 289 591 289 635 293 597 293 13
630 310 590 307 639 319 593 319 17
628 316 585 315 637 325 589 324 15
628 321 583 321 637 331 587 331 17
636 87 631 87 643 81 638 80 32
636 105 631 104 643 99 638 99 176
639 118 624 117 645 111 633 111 247
640 122 627 121 645 115 634 115 311
634 150 625 150 641 145 632 144 143
638 172 626 172 645 167 633 167 59
638 239 618 238 645 237 623 236 80
634 243 616 243 641 241 623 241 51
635 285 603 286 645 289 609 290 9
635 304 598 304 645 311 603 311 17
633 319 589 319 643 329 594 329 26
640 83 635 83 647 77 641 76 129
640 93 635 93 647 87 642 87 52
643 95 637 95 649 89 644 89 67
639 113 629 114 647 107 637 108 153
644 122 631 121 651 115 638 115 149
642 146 629 145 649 141 636 139 78
642 158 629 158 649 153 636 152 72
644 154 631 154 651 149 638 148 125
644 179 631 179 651 171 638 171 69
642 216 629 217 649 213 635 215 96
642 270 614 270 651 271 619 270 50
638 287 605 287 647 291 611 291 12
637 338 586 337 647 351 590 351 13
647 75 639 75 653 69 645 69 57
647 71 641 69 653 65 646 64 119
646 105 639 105 653 99 645 99 119
648 110 640 110 653 105 644 105 227
644 115 635 116 653 109 641 109 125
650 129 642 129 657 123 649 123 219
650 142 637 142 657 137 645 135 90
646 149 633 146 653 141 640 141 217
646 166 633 166 653 161 640 161 56
648 167 635 169 655 163 642 164 94
646 193 633 193 653 189 640 189 27
647 199 634 199 655 195 642 195 23
643 324 607 325 655 335 613 336 37
640 324 600 325 653 335 605 336 25
655 78 647 78 663 71 655 71 89
654 84 646 83 661 77 653 76 117
654 89 646 92 661 83 653 85 78
656 97 648 97 663 91 655 91 46
652 99 644 99 659 93 651 92 96
652 135 644 134 659 129 651 127 154
654 144 645 144 661 139 652 138 162
656 191 644 190 663 187 657 187 52
655 199 642 199 663 195 653 195 64
652 229 630 228 661 227 637 227 123
654 237 630 237 663 235 638 237 62
659 266 635 265 663 265 639 265 41
650 288 617 288 661 293 624 293 11
650 293 612 295 661 299 619 301 13
648 306 608 307 659 315 614 315 21
647 315 605 315 661 325 613 325 22
655 324 616 325 663 335 618 335 25
658 59 650 58 665 51 657 51 100
661 57 653 57 669 51 661 51 132
660 81 652 81 667 75 659 75 77
662 95 654 95 669 89 661 89 88
658 101 650 101 665 95 656 95 46
660 101 650 102 667 95 656 96 61
658 107 649 107 665 101 656 101 51
658 111 649 111 665 105 656 105 76
658 119 650 118 665 113 657 112 45
660 123 652 123 667 119 659 119 54
660 141 652 139 667 135 659 134 69
657 177 646 177 665 173 652 172 9
656 195 644 195 665 191 655 191 32
658 225 632 225 667 223 640 223 80
656 233 633 233 665 231 641 231 83
660 229 637 229 669 227 643 227 121
658 235 635 234 667 233 644 233 126
653 290 620 291 665 295 625 296 15
657 289 624 289 667 293 631 293 22
654 296 618 295 669 303 626 301 14
653 326 615 327 665 337 624 339 60
665 55 657 55 673 49 665 49 116
667 63 659 62 675 55 667 54 258
666 62 657 62 673 55 665 54 167
665 72 656 73 673 65 664 65 120
667 98 658 98 675 91 666 91 126
664 113 655 113 671 107 662 107 61
663 143 657 144 671 137 663 137 43
667 162 655 160 675 157 663 156 10
664 166 652 166 671 161 659 161 10
665 201 650 201 673 197 659 197 77
663 221 638 221 673 219 646 219 112
665 247 640 247 671 245 649 247 71
663 255 639 255 673 255 647 255 31
665 260 641 259 675 259 650 260 23
663 261 639 261 673 261 648 261 14
671 64 663 63 679 57 671 56 200
674 68 665 68 681 61 673 61 277
669 98 660 98 677 91 668 91 82
673 101 664 101 681 95 673 95 235
669 157 658 156 677 151 665 151 6
670 197 656 197 679 193 661 192 65
673 201 658 201 681 197 666 197 89
668 213 642 213 677 213 649 213 118
667 221 641 221 677 219 650 219 130
670 227 645 227 681 225 653 225 116
666 263 644 263 677 263 651 263 21
668 317 625 317 681 327 635 327 21
678 97 668 97 685 91 676 91 105
675 193 658 192 683 189 665 188 40
675 199 660 199 683 195 668 195 63
673 221 646 219 683 219 659 221 225
676 249 649 249 687 249 658 249 62
671 253 647 254 683 253 652 252 48
674 309 635 309 687 317 645 318 65
685 109 675 108 693 103 686 103 120
681 115 672 115 689 109 680 109 117
681 118 672 120 689 113 680 111 180
681 176 669 175 689 171 676 171 9
682 180 670 180 691 175 678 175 10
685 187 672 187 693 183 681 182 17
678 230 653 230 693 229 663 229 150
678 234 649 233 689 233 659 232 105
676 301 638 300 689 307 648 306 49
684 27 678 27 695 19 675 20 9
689 68 680 68 697 61 688 61 183
691 95 682 95 699 89 698 89 56
687 97 678 97 695 91 686 90 88
689 149 677 148 697 143 689 143 313
687 267 659 269 699 269 669 271 39
686 291 652 291 699 295 662 295 47
684 294 649 294 697 299 659 299 72
686 296 650 296 699 301 661 301 56
683 303 646 305 697 311 656 312 54
694 45 688 43 703 37 694 37 71
693 58 684 57 701 51 693 51 111
692 204 677 203 703 201 685 200 90
691 226 662 226 703 225 672 225 97
693 259 663 258 705 259 674 261 47
688 293 654 293 701 297 664 297 45
698 43 691 42 707 35 700 34 63
701 50 692 50 709 43 700 42 121
703 88 694 87 711 81 702 81 40
701 83 692 83 709 77 700 76 59
699 90 689 89 707 83 698 83 62
699 97 690 97 707 91 703 90 84
698 154 687 155 707 149 695 149 149
695 228 665 229 707 227 676 227 94
699 238 670 238 711 237 682 238 71
695 255 665 254 707 255 675 254 51
698 249 668 249 711 251 679 250 32
693 281 663 281 711 285 678 284 38
693 329 647 330 709 341 657 341 19
708 41 700 40 717 33 709 32 134
704 67 693 66 713 59 702 58 218
704 82 695 81 713 75 704 74 55
707 99 699 99 715 93 713 93 74
707 125 698 124 715 119 706 118 181
707 130 698 130 715 125 706 125 172
707 150 698 150 715 145 706 144 204
704 154 693 154 713 149 701 149 312
706 160 693 158 715 155 704 155 226
708 197 693 199 717 193 701 195 97
704 219 675 219 717 217 686 217 84
700 222 671 223 713 221 682 221 92
700 226 671 226 713 225 682 225 89
704 224 675 225 717 223 686 223 95
702 230 673 230 715 229 684 229 103
705 236 675 236 717 235 685 235 65
703 239 675 240 717 239 685 239 68
702 251 671 251 715 253 681 251 100
701 267 675 268 717 269 684 269 70
700 295 670 295 715 299 679 299 20
696 329 651 330 713 341 662 341 18
699 332 652 332 717 343 665 344 20
710 45 701 45 719 37 710 37 174
712 51 703 51 721 43 712 43 202
712 111 702 110 721 105 711 104 103
711 129 702 128 719 123 710 123 279
714 133 706 132 723 127 714 127 264
710 136 702 136 719 131 710 130 205
710 144 702 144 719 139 710 137 346
714 146 705 146 723 141 714 141 304
713 162 703 162 721 157 712 157 221
713 185 702 185 721 181 709 182 25
709 217 682 216 723 215 692 215 113
706 232 677 232 719 231 689 231 116
720 27 710 28 729 19 719 20 199
718 91 708 90 727 85 717 84 58
718 105 707 105 727 99 716 99 105
718 113 707 113 727 107 716 107 175
716 123 705 122 725 117 714 116 188
718 125 707 124 727 119 716 119 323
719 131 709 129 727 125 718 125 437
719 136 709 135 727 131 718 129 302
718 148 707 148 727 143 716 143 429
716 156 705 156 725 151 714 150 271
718 160 707 160 727 155 716 155 259
718 199 699 199 729 195 709 196 66
715 219 687 219 729 217 699 217 104
711 223 683 223 725 221 694 221 159
715 224 687 225 729 223 699 223 88
714 254 683 254 729 255 695 255 66
711 258 681 258 725 259 692 259 60
715 290 677 290 729 293 693 293 38
723 33 713 35 731 27 722 27 166
722 118 711 118 731 113 720 112 137
717 222 689 223 731 221 701 221 47
721 226 692 226 735 225 705 225 115
720 239 689 239 735 239 701 239 191
720 245 690 246 735 245 701 245 239
720 252 689 252 735 253 702 253 211
731 85 719 88 741 75 729 77 59
727 106 717 103 737 99 726 97 38
727 113 716 113 737 107 725 107 78
731 179 720 179 741 175 729 174 31
727 220 700 218 741 217 708 219 79
727 226 700 226 741 225 713 225 61
727 228 698 228 741 227 711 227 124
724 241 692 241 739 241 705 241 213
723 267 691 267 739 269 705 269 162
740 69 725 70 747 63 731 64 64
737 90 725 91 747 83 735 83 27
733 115 722 115 743 109 732 108 45
735 119 723 119 745 113 732 112 25
735 129 723 128 745 123 733 123 25
737 135 724 135 747 129 734 128 57
733 131 721 131 743 125 730 124 44
733 187 714 187 745 183 725 183 53
737 183 724 183 747 179 735 178 38
732 220 704 222 745 221 715 221 69
728 247 699 249 743 247 709 247 441
729 254 693 254 747 255 708 255 285
738 59 727 58 749 51 737 50 24
743 72 730 73 753 65 741 64 34
743 90 731 89 753 83 741 82 32
743 114 731 114 753 109 742 107 30
738 131 726 130 749 125 736 124 23
741 139 729 138 751 133 739 133 23
741 147 729 148 751 141 739 141 18
739 151 727 150 749 145 737 145 17
743 176 731 175 753 171 741 171 31
741 179 729 179 751 175 739 175 45
743 183 731 183 753 179 741 179 36
735 206 709 206 751 203 722 203 139
737 211 711 211 751 209 725 209 153
731 277 695 276 749 281 709 281 77
719 331 675 332 751 347 698 347 33
744 46 732 45 755 37 743 36 44
744 123 731 123 755 117 741 117 62
745 139 733 139 755 133 743 133 17
749 173 736 176 759 171 746 169 20
749 182 736 181 759 177 747 177 47
745 204 725 205 757 201 736 202 99
740 209 713 209 755 207 727 207 75
744 206 716 206 757 203 729 203 79
738 255 703 255 759 257 718 257 299
738 259 700 260 755 261 715 262 153
726 328 680 328 759 345 707 345 37
727 333 679 333 759 349 705 349 44
752 85 739 85 763 81 750 81 56
752 95 739 95 763 89 750 87 54
754 100 742 100 765 93 752 93 59
750 127 737 127 761 121 747 121 23
754 131 741 130 765 125 752 124 33
752 139 740 138 763 133 750 132 28
750 183 738 183 761 179 748 178 39
745 219 717 218 761 217 731 217 75
758 46 741 47 769 37 752 38 56
760 76 747 75 771 69 758 68 44
758 153 746 152 769 147 756 148 27
758 163 746 167 769 159 756 159 26
758 171 746 171 769 167 756 167 41
758 177 746 177 769 173 756 173 30
752 187 734 187 767 183 746 183 46
750 239 710 239 771 239 727 240 275
766 77 753 77 777 69 764 69 56
764 92 751 92 775 85 762 85 40
766 102 753 102 777 95 764 95 47
765 136 752 136 777 129 763 130 49
762 154 750 154 773 149 760 149 32
763 192 744 194 777 189 757 191 24
754 235 713 236 775 235 732 235 199
772 39 755 39 781 31 764 32 34
769 106 756 105 781 99 767 101 40
769 123 756 123 781 117 767 117 83
767 127 754 126 779 121 765 121 37
765 192 746 193 779 189 759 190 30
760 248 719 248 781 249 738 250 225
759 263 716 263 781 267 734 267 217
761 261 718 260 783 265 736 264 188
761 266 715 266 783 271 733 271 173
755 282 713 282 779 289 731 288 30
773 30 759 30 785 21 771 20 32
773 32 759 32 785 23 771 22 67
771 58 759 57 785 49 772 48 24
774 99 761 98 787 91 773 89 35
777 100 763 100 789 93 775 92 46
775 106 762 107 787 99 774 101 29
775 137 761 137 787 131 773 129 33
773 176 760 174 785 171 772 169 33
777 177 764 177 789 173 775 173 60
773 181 760 181 785 177 771 176 49
771 187 752 187 785 183 765 183 57
771 193 752 192 785 189 765 189 26
767 207 747 207 785 203 764 201 60
783 55 768 55 795 47 781 46 32
781 72 767 72 793 65 779 64 36
782 94 769 91 795 85 781 83 43
779 104 765 103 791 97 777 96 48
783 108 769 107 795 101 781 101 71
781 137 768 137 793 131 779 130 47
769 216 730 215 793 215 748 215 91
768 291 724 292 793 299 743 299 43
785 54 772 53 799 45 783 45 42
783 60 770 59 797 51 783 50 41
788 71 774 72 801 65 786 63 47
786 79 772 79 799 71 785 70 41
789 160 776 160 801 155 787 154 86
787 174 773 173 799 169 785 169 72
786 191 767 191 801 187 781 187 37
783 197 763 197 797 193 777 193 16
791 52 777 51 805 43 790 42 59
794 54 779 53 807 45 792 44 42
792 65 777 65 805 57 790 57 49
785 127 765 128 803 121 779 119 129
788 197 769 197 803 193 783 193 16
781 225 738 225 807 225 760 224 118
778 233 739 234 803 235 759 236 282
781 240 739 241 805 241 762 243 294
779 274 733 274 805 279 753 279 110
780 294 733 294 807 301 755 302 69
777 295 730 296 803 305 752 305 41
776 347 725 347 803 363 746 363 51
797 182 774 179 813 177 786 178 104
783 257 738 258 811 261 757 261 177
782 271 735 271 809 277 757 277 108
784 272 741 273 811 279 759 279 106
785 291 737 291 813 299 759 299 80
784 302 737 302 811 313 759 312 87
784 321 737 321 811 333 759 333 76
783 342 733 342 809 357 754 357 38
783 346 733 346 809 361 753 361 41
803 180 779 179 819 175 795 173 41
800 185 778 185 817 181 794 181 53
789 217 744 217 819 217 767 217 68
790 290 741 289 817 297 763 296 72
787 295 738 295 815 303 759 301 110
789 310 741 310 817 321 764 321 88
789 335 741 335 817 349 763 349 47
787 343 738 343 817 359 762 359 38
807 169 786 171 825 165 800 164 20
795 231 749 227 823 231 773 230 175
795 298 746 299 825 309 770 309 118
791 300 743 302 821 311 765 309 101
792 312 743 312 821 323 767 323 70
792 317 744 317 821 329 767 328 57
801 230 752 229 829 231 777 233 119
798 267 749 267 827 273 772 273 103
799 272 747 273 829 279 773 281 94
798 279 749 277 829 287 773 286 93
802 305 751 305 831 315 776 316 48
799 309 749 308 829 321 774 323 67
797 319 748 321 827 331 772 333 47
799 345 748 345 827 361 774 361 47
819 38 803 38 833 29 817 28 209
820 117 803 117 837 109 821 110 11
802 270 752 269 833 277 778 277 112
802 287 752 287 833 295 777 295 76
805 292 755 293 837 301 781 303 94
804 294 754 294 835 303 779 304 121
802 295 752 295 833 305 777 305 51
811 252 762 252 843 257 788 257 89
809 265 759 265 841 271 785 271 90
809 288 759 288 841 297 784 297 104
812 309 761 309 843 317 786 318 144
812 345 762 345 843 361 788 361 35
828 177 804 177 847 173 822 172 10
817 228 770 227 849 229 795 229 176
816 229 768 229 847 231 793 231 104
814 254 765 254 847 259 791 259 115
813 260 764 260 845 265 789 265 79
813 300 761 300 847 311 789 311 102
815 334 767 333 845 347 794 346 61
835 157 811 157 855 153 829 151 8
817 235 771 233 851 237 797 236 123
818 244 770 243 851 247 795 247 40
818 251 770 252 851 257 797 257 157
821 252 773 253 853 257 799 257 170
817 275 767 275 851 283 794 283 218
817 277 767 277 851 285 794 285 168
822 277 771 276 855 283 798 283 137
819 280 768 280 853 289 796 290 142
819 286 768 286 853 295 796 295 146
819 287 768 288 853 297 796 297 251
817 289 766 290 851 299 793 299 208
821 296 770 296 855 307 798 307 129
819 319 767 319 851 333 793 333 42
817 325 768 326 851 339 796 340 60
826 218 777 218 857 219 805 219 143
831 231 782 231 861 233 809 233 94
824 268 773 268 857 275 800 275 181
823 271 773 270 857 277 800 278 146
826 289 775 289 861 299 804 299 209
826 303 775 304 861 315 803 315 70
825 302 773 302 859 313 801 313 106
823 317 771 318 857 331 798 331 86
826 319 774 319 861 333 803 333 77
822 321 771 321 857 335 799 335 62
829 222 780 222 863 223 807 223 136
831 254 783 254 865 259 810 259 87
830 287 779 287 865 297 808 297 162
830 283 781 284 867 293 809 293 126
830 298 778 298 863 309 806 309 149
828 307 776 307 863 319 805 319 76
832 319 780 319 867 333 809 333 72
831 325 779 326 867 339 808 339 62
839 229 793 229 869 231 818 230 92
837 291 785 292 873 301 816 301 112
833 314 779 314 873 327 815 327 205
840 291 789 291 877 301 819 301 159
840 317 788 317 877 331 819 331 107
841 321 789 321 879 335 820 335 85
859 75 835 74 881 65 855 63 17
843 224 796 224 881 225 826 225 148
849 251 806 251 883 255 833 255 149
847 266 797 266 885 273 827 273 141
846 278 795 278 883 287 825 287 278
847 293 796 293 885 303 828 304 206
846 298 795 298 885 309 826 309 184
869 40 846 39 891 29 866 27 13
865 49 841 48 887 37 861 36 15
866 80 842 80 887 71 863 71 42
857 236 812 238 891 239 843 238 41
851 276 800 276 889 285 831 285 198
853 276 802 276 891 285 833 285 367
849 282 798 282 887 291 829 291 265
853 280 802 280 891 289 833 289 225
851 291 800 291 889 301 831 301 186
853 295 802 295 891 305 833 305 328
851 321 799 321 889 335 831 335 75
857 280 807 280 895 289 837 289 393
854 319 801 319 893 333 836 333 76
855 325 804 325 895 339 838 339 57
865 256 817 256 903 261 850 261 134
859 266 809 266 899 273 842 273 205
862 269 811 269 901 277 844 277 318
860 271 809 271 899 279 842 279 240
864 273 814 273 903 281 846 281 268
861 293 810 293 901 303 843 303 219
857 309 806 309 899 321 838 321 77
863 314 808 314 901 327 851 327 162
868 251 822 253 905 255 854 257 142
869 252 821 252 907 257 854 257 132
867 268 816 268 907 275 850 275 244
865 272 815 271 905 279 848 279 226
864 277 814 277 905 285 847 285 221
869 292 817 293 909 303 851 303 187
869 317 817 317 907 331 853 331 139
872 246 825 245 911 249 857 249 71
875 314 822 314 915 327 859 327 145
873 319 821 319 915 333 856 333 81
868 321 818 321 911 335 854 335 79
887 89 852 90 919 77 883 77 110
891 96 860 95 921 85 887 84 66
877 239 832 237 917 243 867 242 64
881 256 833 256 921 261 867 261 278
879 254 831 254 919 259 867 259 127
880 284 829 284 921 293 864 293 242
881 298 835 298 921 309 871 309 193
884 303 835 303 921 315 870 314 61
893 94 862 93 923 83 889 82 70
879 217 834 217 927 219 869 218 222
884 246 836 246 923 249 870 249 33
885 249 837 250 925 255 872 255 73
888 251 840 252 927 257 874 257 79
883 280 832 280 925 289 867 289 279
883 309 832 309 925 321 867 321 83
884 319 832 319 923 333 865 333 78
884 325 833 325 925 339 867 339 74
888 336 843 336 927 349 878 350 47
898 103 865 101 931 93 893 92 62
898 109 864 109 931 99 893 98 49
901 131 865 132 933 123 897 122 39
897 129 863 128 929 121 892 121 35
902 134 868 134 933 127 897 126 40
893 231 842 228 933 231 882 233 176
892 298 846 298 929 309 880 309 206
890 321 838 321 933 335 876 335 73
891 331 845 332 931 345 878 345 70
895 327 847 327 933 341 879 341 211
894 335 847 335 933 347 881 347 102
904 103 869 102 937 93 899 92 38
906 109 871 109 939 99 901 99 61
905 129 871 129 937 121 901 120 56
895 280 844 280 939 289 882 289 227
894 284 843 284 937 293 880 293 219
895 289 844 288 939 299 882 299 205
895 314 845 314 937 327 879 327 150
910 151 876 151 943 145 907 144 39
912 149 877 149 945 143 907 143 33
916 164 882 163 945 159 911 159 14
916 180 886 179 945 177 913 176 18
901 278 850 279 945 287 888 287 110
903 317 851 317 945 331 890 331 108
913 102 877 101 947 91 909 91 81
915 106 879 106 949 95 911 96 61
915 142 882 141 949 135 912 134 46
914 137 878 138 947 131 909 130 46
919 161 886 161 949 157 915 156 20
918 176 887 176 949 171 915 172 20
919 183 888 182 949 179 915 180 20
909 296 860 296 951 307 893 307 218
898 325 850 325 947 339 889 340 97
904 321 852 321 949 335 891 335 74
921 107 888 106 955 97 919 96 76
922 120 886 120 957 111 918 110 56
921 137 885 139 953 131 916 131 44
920 146 885 145 955 139 917 138 57
922 172 891 171 953 167 919 166 24
908 309 857 309 955 321 896 321 97
911 313 858 314 957 327 899 327 147
911 317 860 317 957 331 900 331 85
926 140 893 139 961 133 924 132 34
921 148 888 148 959 141 917 142 37
924 143 889 144 959 137 921 136 29
926 159 891 159 961 153 924 153 22
931 177 899 175 963 173 929 171 23
913 323 863 323 959 337 902 337 48
933 158 898 158 967 153 931 151 24
930 155 896 154 965 149 928 148 21
933 245 895 244 969 247 927 246 39
933 249 897 249 969 251 930 251 37
923 264 873 263 969 271 913 270 123
925 341 876 342 969 357 915 357 10
941 175 906 176 975 171 939 171 21
925 273 875 273 971 281 915 281 264
926 284 876 284 973 293 916 293 109
928 291 877 291 975 301 918 301 193
924 295 874 296 971 305 914 306 182
927 299 876 299 975 311 918 311 123
923 307 873 308 971 319 913 320 109
928 305 875 306 975 317 918 317 90
928 319 876 319 975 333 917 333 40
929 326 881 325 975 341 921 340 24
942 147 907 146 979 141 940 140 20
942 153 906 153 979 147 940 147 23
943 155 908 155 981 149 941 149 23
943 249 905 248 979 251 939 251 40
931 277 882 280 979 289 923 289 72
930 280 880 278 977 289 921 288 106
932 287 882 285 979 297 923 297 91
929 287 879 287 977 297 921 297 171
930 293 879 293 977 303 920 303 187
936 335 891 335 981 349 930 349 11
948 74 913 73 985 61 947 60 157
948 133 912 133 987 125 947 125 28
948 153 911 153 985 147 945 147 23
948 173 915 172 983 169 947 168 29
950 178 919 175 987 173 947 174 21
950 192 916 191 985 189 944 188 22
949 188 914 188 985 185 948 185 17
949 196 917 197 983 193 948 193 27
949 248 913 248 987 251 947 250 31
940 335 893 333 987 347 935 349 13
951 72 916 71 989 59 951 58 95
956 79 920 79 993 67 955 66 69
950 95 912 94 989 83 948 82 83
952 97 914 96 991 85 951 85 83
953 135 917 135 991 127 949 127 50
953 157 918 156 989 151 952 151 46
950 258 911 258 989 261 947 261 34
953 259 915 260 993 263 951 263 37
960 61 924 60 999 47 960 46 55
956 63 920 62 995 49 956 48 88
956 108 921 107 997 99 955 97 53
957 117 920 117 997 107 957 107 44
959 129 917 127 999 121 953 119 51
959 155 923 154 997 149 958 148 33
956 162 920 162 995 157 955 156 22
956 168 919 168 995 163 955 163 28
960 179 926 178 997 175 960 175 16
955 297 913 295 995 305 953 304 16
966 55 929 53 1005 41 966 39 67
961 65 925 64 1001 51 962 50 77
964 69 927 67 1005 55 965 54 75
964 107 928 105 1005 97 964 95 48
965 155 928 155 1005 149 965 149 39
963 194 929 193 1001 191 964 191 15
964 205 931 204 1003 203 966 202 19
966 210 932 210 1005 209 967 209 16
960 294 917 293 1001 301 953 301 11
962 300 917 297 1003 307 960 308 12
963 307 927 311 1005 317 962 317 6
962 313 922 313 1005 323 955 321 8
957 334 909 333 1001 347 950 347 8
969 103 931 104 1007 93 975 94 111
966 111 928 111 1007 101 965 101 47
968 142 933 142 1007 135 969 135 33
967 149 930 148 1007 143 968 142 40
971 155 934 155 1011 149 971 149 42
966 170 927 173 1007 167 965 165 35
970 194 935 193 1007 191 970 192 15
969 301 931 303 1011 309 969 310 8
975 56 936 55 1017 39 976 39 64
971 73 931 73 1013 59 971 58 71
975 94 936 94 1015 83 974 82 34
972 107 935 107 1015 99 974 97 70
973 117 940 119 1015 107 980 109 96
975 131 938 131 1017 123 976 123 50
972 135 934 134 1013 127 972 126 34
975 174 939 177 1017 171 978 169 29
974 192 939 191 1013 189 975 189 18
971 257 931 257 1013 261 970 261 31
974 260 933 260 1017 265 973 265 26
969 264 928 264 1015 269 971 269 18
970 272 929 273 1013 279 968 278 18
972 302 931 302 1015 311 971 311 10
972 314 929 317 1017 325 972 325 10
978 51 941 50 1021 35 980 34 71
976 101 938 100 1019 89 977 89 50
977 111 939 111 1019 101 978 100 68
980 129 943 127 1023 121 982 120 51
979 127 942 127 1021 119 978 117 42
978 144 942 143 1019 137 980 136 56
976 173 942 174 1019 169 977 169 41
981 197 945 197 1021 195 983 195 30
979 282 938 284 1023 291 979 291 10
982 47 945 45 1025 31 985 29 78
982 74 946 73 1025 61 984 61 79
982 95 944 94 1025 83 984 82 44
983 117 945 117 1025 107 983 106 87
984 131 949 132 1027 123 985 122 51
983 135 945 134 1025 127 984 126 43
985 153 947 152 1029 147 987 146 57
984 149 944 149 1027 143 985 142 47
983 247 949 246 1027 249 983 250 44
982 248 945 247 1025 251 983 250 44
984 279 942 279 1029 285 985 285 11
979 276 937 276 1025 281 979 281 14
984 306 943 306 1029 315 983 315 7
987 63 949 61 1031 49 989 48 69
990 76 953 75 1033 63 992 62 69
990 94 952 94 1033 83 992 82 47
989 122 951 122 1033 113 992 112 39
989 143 950 143 1035 139 992 138 62
988 148 947 147 1033 141 990 141 53
991 153 957 153 1035 147 993 146 103
988 157 950 156 1031 151 989 151 60
987 175 951 175 1031 169 990 169 43
993 190 957 189 1035 187 995 186 41
991 193 954 193 1033 191 993 191 38
996 215 963 216 1035 215 999 216 27
988 268 947 268 1035 273 988 273 20
985 302 943 301 1031 311 989 313 11
995 50 958 49 1039 35 998 34 77
992 66 954 66 1037 51 997 50 71
995 146 956 145 1041 139 998 138 59
991 150 952 151 1037 143 994 143 82
993 159 956 159 1037 153 996 153 42
991 263 949 263 1039 269 993 269 50
1000 50 963 49 1043 35 1002 34 78
1001 109 962 109 1045 99 1004 98 55
1002 113 964 112 1047 103 1006 102 82
998 115 960 114 1043 105 1001 104 64
998 141 958 141 1045 133 1001 133 92
997 147 958 147 1043 141 1000 140 89
997 153 959 153 1043 149 1000 147 62
1002 161 963 161 1045 157 1004 156 74
1000 185 961 185 1045 183 1004 183 56
1004 209 967 209 1047 209 1007 209 39
1000 253 960 252 1045 257 1003 257 28
997 257 956 256 1043 261 997 260 39
997 260 956 260 1045 265 999 265 42
997 305 955 305 1045 315 997 315 10
998 314 956 314 1047 325 999 325 9
1006 115 967 114 1051 105 1010 104 61
1007 124 966 125 1053 115 1012 113 107
1003 151 963 151 1049 145 1006 144 95
1003 159 964 159 1049 153 1006 152 44
1003 164 965 164 1049 159 1007 158 87
1005 175 967 175 1049 171 1008 171 70
1008 171 970 171 1053 167 1012 166 73
1010 202 974 201 1053 201 1014 200 103
1009 205 971 205 1053 205 1013 204 95
1003 259 960 259 1051 263 1005 263 38
1000 263 957 263 1049 269 1002 269 46
1002 263 959 263 1051 269 1005 267 32
1005 270 963 271 1053 275 1005 275 20
1003 306 963 307 1053 317 1007 318 9
1009 86 972 84 1055 73 1014 72 93
1009 128 970 127 1057 119 1014 118 96
1015 174 977 174 1059 169 1019 169 134
1011 185 973 184 1057 181 1015 181 88
1011 207 974 207 1055 207 1015 206 34
1015 204 979 204 1059 203 1019 203 58
1014 211 978 211 1059 211 1019 211 40
1014 210 978 209 1059 209 1019 209 33
1005 314 962 314 1055 325 1007 325 8
1016 95 979 95 1061 83 1021 82 90
1014 108 974 108 1061 97 1019 96 101
1017 105 981 104 1063 95 1022 94 93
1016 115 978 114 1063 105 1022 104 67
1014 131 971 133 1061 123 1018 122 67
1015 141 977 140 1063 133 1019 133 73
1017 145 975 147 1065 137 1023 137 68
1015 152 980 153 1063 147 1020 145 125
1013 158 975 158 1061 153 1017 152 149
1015 166 976 165 1061 161 1019 160 92
1010 262 966 262 1061 267 1011 267 23
1012 308 969 308 1063 317 1013 316 7
1013 314 970 314 1065 325 1016 325 8
1023 48 986 47 1069 33 1029 31 60
1021 110 983 109 1069 101 1027 100 94
1020 130 980 129 1069 121 1025 120 84
1020 135 982 135 1069 127 1025 126 70
1020 142 981 142 1067 135 1025 134 72
1023 153 985 153 1071 147 1028 147 68
1020 162 982 162 1067 157 1025 156 79
1023 184 985 184 1069 181 1028 180 112
1024 191 986 191 1071 189 1029 188 103
1022 190 984 190 1069 187 1027 187 93
1024 197 986 197 1071 195 1029 194 57
1020 195 984 196 1067 193 1025 192 60
1019 218 983 217 1067 217 1028 219 27
1025 234 993 233 1067 237 1032 235 13
1028 248 995 248 1069 251 1033 251 10
1030 177 992 177 1077 173 1036 172 94
1033 219 997 218 1077 219 1040 218 30
1022 266 979 265 1075 271 1027 271 13
1022 315 977 316 1075 327 1025 327 8
1019 320 975 320 1075 333 1026 332 9
1036 70 1002 70 1083 57 1044 56 90
1032 113 993 113 1081 105 1038 103 57
1032 140 995 140 1079 133 1039 133 70
1033 144 994 143 1079 137 1038 136 66
1030 189 989 188 1079 187 1036 186 105
1032 207 994 205 1079 207 1039 206 59
1036 209 999 209 1083 209 1042 209 55
1030 285 987 283 1083 291 1034 292 10
1039 45 1002 44 1087 29 1047 28 73
1038 54 999 55 1085 39 1045 38 86
1037 95 998 95 1087 83 1045 83 75
1037 104 999 104 1087 93 1046 91 100
1040 171 1001 170 1089 167 1047 166 70
1038 184 998 184 1087 181 1044 180 94
1039 197 1001 197 1087 195 1046 195 72
1045 231 1013 231 1087 233 1052 232 12
1034 322 986 322 1089 335 1038 335 11
1045 56 1007 55 1093 41 1055 40 94
1042 95 1003 94 1093 83 1050 82 77
1042 118 1005 118 1093 109 1050 108 55
1044 140 1004 141 1093 133 1049 134 85
1041 152 1000 152 1091 147 1049 146 138
1044 156 1005 156 1095 151 1053 149 89
1041 169 1003 168 1091 165 1049 164 70
1041 186 1002 186 1091 183 1048 183 65
1051 82 1015 82 1101 69 1061 68 163
1046 97 1007 96 1097 85 1054 84 84
1050 113 1010 112 1101 103 1059 102 89
1049 119 1011 118 1099 109 1057 108 68
1050 124 1010 125 1099 117 1058 116 61
1053 185 1015 183 1101 183 1061 183 74
1051 202 1015 202 1099 201 1058 200 69
1053 223 1019 222 1097 223 1060 222 18
1055 148 1016 147 1107 141 1065 141 53
1053 147 1013 149 1105 139 1062 140 84
1058 161 1019 160 1107 155 1067 155 57
1057 183 1021 183 1105 181 1066 180 125
1057 191 1021 191 1105 189 1066 189 61
1059 207 1022 208 1107 207 1074 208 56
1066 237 1038 236 1105 237 1075 237 12
1061 65 1021 65 1111 51 1068 50 93
1055 69 1018 68 1109 55 1067 54 121
1057 91 1019 91 1109 79 1067 78 118
1059 111 1019 110 1111 101 1068 100 61
1060 165 1021 166 1111 159 1071 158 58
1062 171 1024 171 1113 167 1072 166 64
1065 177 1025 178 1113 173 1074 173 83
1065 185 1029 185 1113 183 1074 182 84
1061 187 1025 187 1109 185 1070 185 77
1065 191 1029 191 1113 189 1075 188 73
1060 195 1025 195 1109 193 1070 193 50
1062 202 1026 202 1109 201 1070 201 46
1065 198 1028 198 1113 197 1075 196 52
1068 223 1040 222 1109 223 1079 223 14
1071 233 1044 232 1111 233 1081 233 13
1070 246 1042 245 1109 247 1080 247 9
1059 101 1019 100 1115 89 1067 88 141
1063 106 1024 105 1117 95 1074 94 85
1060 266 1021 265 1115 271 1065 271 16
1066 88 1026 86 1121 75 1077 74 95
1071 131 1032 129 1123 123 1081 122 100
1072 153 1035 152 1123 147 1083 146 54
1070 162 1032 161 1121 157 1080 156 83
1072 171 1034 171 1125 167 1083 166 82
1071 184 1035 185 1125 181 1083 179 97
1076 194 1035 195 1125 193 1085 192 92
1085 221 1057 220 1125 219 1095 219 24
1085 232 1054 229 1123 231 1093 229 8
1076 104 1038 104 1131 93 1087 92 82
1072 108 1032 107 1127 97 1083 96 73
1076 110 1037 109 1131 99 1088 98 106
1074 120 1035 119 1127 111 1085 110 75
1077 130 1037 128 1129 121 1088 121 143
1074 133 1036 132 1127 125 1086 124 98
1080 158 1043 158 1131 153 1091 152 81
1080 184 1046 184 1131 181 1089 180 81
1079 188 1043 187 1129 185 1090 184 68
1086 236 1057 236 1127 237 1101 237 18
1086 254 1058 253 1127 255 1097 255 10
1084 61 1047 60 1137 47 1096 46 94
1079 116 1040 117 1133 107 1091 106 114
1082 123 1043 121 1137 115 1096 115 88
1078 137 1039 136 1133 129 1090 128 102
1085 210 1049 209 1135 209 1096 208 32
1084 119 1045 118 1141 109 1097 108 95
1090 155 1052 154 1143 149 1102 148 77
1088 156 1051 156 1141 151 1101 150 90
1089 195 1051 196 1139 195 1091 194 78
1101 234 1069 233 1143 235 1112 233 12
1094 69 1054 67 1149 55 1108 53 78
1093 111 1056 110 1147 101 1109 100 124
1090 118 1050 117 1147 107 1103 108 84
1093 124 1054 123 1149 115 1106 114 134
1092 158 1055 157 1145 153 1105 152 99
1091 166 1053 165 1145 161 1104 160 83
1095 169 1058 168 1149 165 1108 164 52
1095 171 1057 170 1149 167 1107 167 60
1095 208 1058 208 1145 207 1107 207 30
1094 213 1057 212 1145 213 1106 212 24
1101 114 1063 113 1155 105 1112 104 86
1099 138 1065 137 1155 131 1113 130 140
1098 175 1059 175 1153 171 1111 171 30
1099 177 1061 176 1155 173 1113 173 42
1103 211 1068 211 1155 211 1116 210 28
1106 231 1077 231 1151 233 1119 234 10
1084 334 1034 335 1151 351 1095 352 18
1087 332 1036 332 1153 347 1097 348 15
1085 337 1034 337 1151 353 1095 354 19
1085 345 1034 346 1153 363 1095 363 28
1105 113 1065 113 1161 103 1119 102 98
1104 135 1065 134 1161 127 1119 126 78
1105 147 1068 146 1161 141 1119 140 109
1103 153 1064 152 1159 147 1117 146 133
1100 188 1066 187 1157 181 1118 180 45
1102 195 1067 194 1157 193 1118 192 38
1104 200 1066 200 1157 199 1117 199 37
1112 237 1082 237 1157 239 1124 240 7
1113 251 1083 251 1157 253 1125 253 9
1105 91 1065 90 1163 79 1120 77 99
1108 103 1065 102 1167 93 1123 91 135
1109 145 1071 145 1165 139 1125 139 117
1110 171 1071 171 1167 167 1125 166 44
1112 195 1075 194 1165 193 1125 192 38
1110 201 1072 201 1165 199 1124 199 34
1118 221 1088 221 1165 223 1133 223 9
1098 322 1049 323 1167 337 1111 337 8
1116 139 1077 138 1173 131 1131 130 124
1114 158 1075 158 1171 153 1130 152 89
1113 173 1075 172 1171 169 1129 168 73
1115 171 1076 170 1173 167 1131 166 43
1100 323 1053 321 1169 339 1113 339 11
1120 54 1082 53 1177 39 1137 37 49
1121 92 1082 91 1179 81 1137 79 128
1119 160 1080 160 1177 155 1134 154 73
1117 182 1080 183 1175 179 1134 178 46
1125 191 1089 191 1177 191 1140 190 25
1125 200 1090 200 1177 197 1140 198 17
1121 212 1085 212 1175 213 1136 212 14
1128 239 1099 240 1179 241 1141 239 11
1109 311 1059 312 1179 325 1124 325 7
1106 336 1056 337 1175 353 1119 354 18
1127 85 1088 85 1185 71 1147 71 106
1122 107 1083 106 1181 97 1138 96 108
1123 124 1086 123 1181 115 1140 114 96
1127 151 1088 149 1185 145 1144 144 102
1131 193 1096 192 1185 191 1148 191 22
1130 193 1094 192 1183 191 1146 191 21
1127 212 1090 210 1183 211 1143 210 24
1113 338 1064 339 1183 355 1128 356 19
1131 145 1091 144 1191 139 1149 138 115
1132 156 1093 156 1191 151 1149 150 94
1130 171 1091 171 1189 167 1147 167 45
1129 175 1090 174 1187 171 1146 171 39
1134 197 1101 197 1189 197 1151 196 25
1133 207 1098 207 1189 207 1150 206 30
1137 205 1099 203 1191 203 1153 203 27
1135 209 1099 208 1191 209 1151 209 22
1118 327 1068 327 1189 343 1134 344 12
1116 336 1067 337 1187 353 1131 353 13
1134 131 1094 130 1195 123 1151 122 80
1136 142 1097 141 1197 135 1154 134 108
1133 153 1093 153 1193 147 1148 147 95
1141 185 1106 186 1197 183 1161 181 43
1139 216 1104 216 1195 217 1156 216 19
1141 244 1113 243 1193 245 1161 245 10
1124 339 1075 339 1197 355 1142 356 19
1140 125 1103 124 1199 117 1158 116 63
1144 153 1105 152 1203 147 1161 146 102
1142 197 1104 196 1199 195 1160 195 32
1144 204 1108 205 1203 203 1162 203 16
1127 329 1080 330 1199 345 1145 345 14
1142 133 1102 132 1205 125 1161 124 93
1147 134 1104 136 1209 127 1167 126 96
1145 148 1107 147 1205 143 1164 141 106
1148 208 1112 208 1205 207 1166 207 36
1150 92 1105 93 1215 79 1164 81 148
1146 106 1105 105 1211 95 1167 93 114
1152 182 1113 182 1215 179 1171 178 52
1153 199 1118 199 1213 199 1172 197 22
1156 209 1119 210 1215 209 1174 210 11
1161 240 1127 240 1215 243 1179 242 5
1158 258 1126 256 1211 261 1173 261 10
1140 325 1091 328 1213 343 1159 343 9
1154 118 1116 118 1217 109 1175 108 62
1154 138 1118 141 1217 131 1175 130 115
1155 167 1117 166 1219 163 1176 162 55
1157 171 1118 171 1221 167 1178 167 60
1155 179 1116 179 1219 177 1176 176 59
1153 183 1114 183 1217 181 1175 181 43
1156 190 1120 190 1217 189 1177 188 29
1160 210 1124 209 1219 211 1179 209 14
1158 215 1122 214 1217 215 1177 214 11
1167 259 1133 258 1217 261 1185 261 14
1163 263 1132 265 1217 267 1182 269 14
1161 106 1122 105 1223 95 1181 94 70
1163 127 1123 126 1227 119 1186 117 116
1162 169 1122 169 1225 165 1182 165 55
1160 182 1121 182 1223 179 1180 179 47
1166 207 1130 207 1225 207 1186 207 12
1165 216 1128 216 1223 217 1185 216 30
1169 231 1138 230 1223 233 1188 232 8
1148 345 1099 346 1225 363 1165 363 12
