154 270 109 269 117 273 69 273 15
163 255 120 255 129 257 81 257 17
168 257 127 257 135 259 88 259 17
166 262 123 262 131 265 84 265 19
165 268 122 268 131 271 84 271 23
168 278 125 277 135 281 87 281 22
172 256 133 254 141 257 96 256 19
169 275 127 274 139 279 89 277 18
174 302 131 301 141 307 95 307 28
177 249 139 247 145 249 100 248 26
179 261 135 261 147 263 102 263 16
178 283 136 283 147 287 101 287 16
184 261 139 259 153 263 108 263 23
181 273 141 274 151 277 109 275 24
187 266 147 265 157 267 113 266 17
187 271 146 271 157 273 113 272 17
187 281 144 281 155 285 112 285 22
193 263 152 263 163 265 119 265 9
191 292 145 293 161 297 117 296 30
192 300 152 299 163 305 116 305 38
198 87 159 89 171 73 129 74 165
195 256 155 255 167 257 125 257 23
195 275 155 275 167 279 124 278 19
195 297 155 296 169 301 127 300 53
199 301 157 301 169 307 126 306 43
204 70 165 71 177 55 135 56 129
204 110 165 110 177 99 135 99 187
200 112 161 112 173 101 131 101 135
202 124 163 125 175 115 133 116 105
202 127 163 127 175 117 133 118 117
203 134 165 134 177 125 135 125 131
203 241 164 239 175 241 135 240 43
201 284 164 283 175 287 132 287 23
203 287 163 287 175 291 134 290 41
206 131 167 131 179 121 137 121 125
208 243 168 242 181 243 139 243 16
208 252 171 252 183 253 142 252 28
208 67 172 68 185 53 141 53 142
212 81 175 81 187 67 148 67 190
211 90 174 90 187 77 148 78 240
214 251 174 249 187 251 147 250 52
211 278 172 278 185 281 144 281 79
212 293 174 293 187 297 145 297 38
213 305 170 305 185 311 143 309 29
215 68 179 69 195 55 152 55 59
214 73 175 73 191 59 148 59 191
214 107 178 108 191 97 152 98 164
216 117 179 117 193 107 154 107 122
220 133 183 133 191 123 149 123 104
215 133 177 133 195 125 154 125 102
217 238 180 237 193 237 153 235 33
218 242 181 241 195 241 156 240 17
218 291 179 291 193 295 153 295 43
221 107 186 108 199 97 162 97 167
222 115 187 115 201 105 163 105 95
222 113 187 113 201 103 164 103 93
223 134 187 134 201 125 161 125 135
218 139 181 139 199 131 159 131 43
224 241 187 241 201 241 161 240 16
224 249 189 248 201 249 164 249 38
220 255 182 255 201 255 160 255 111
222 271 186 271 199 273 162 272 75
219 279 183 278 197 281 158 280 45
228 305 186 304 201 311 155 310 22
228 88 193 89 207 77 170 77 149
224 111 189 111 203 101 166 101 116
228 113 193 114 207 103 170 104 88
226 119 191 119 205 109 167 109 88
227 124 193 125 207 115 170 115 173
225 233 191 235 203 231 165 231 42
225 259 191 258 205 259 168 258 127
227 264 193 262 207 263 168 264 79
231 93 197 93 211 81 174 81 136
233 119 198 119 213 111 176 112 110
229 221 193 221 211 219 171 219 21
232 227 199 226 211 225 173 225 32
228 277 193 276 209 279 171 278 35
235 288 199 287 213 291 174 290 32
234 141 199 141 215 133 177 133 73
235 221 199 221 215 219 176 219 25
236 268 201 267 215 269 177 269 36
239 281 205 280 219 283 182 282 31
239 288 202 287 217 291 177 291 29
244 126 210 127 225 117 188 117 129
242 128 208 128 223 119 186 119 162
244 136 210 136 225 127 188 128 89
242 139 208 139 223 131 186 131 127
241 231 207 231 221 227 184 226 24
248 295 209 294 225 299 180 298 54
247 219 212 219 227 217 191 217 50
248 266 214 265 229 267 193 267 68
252 224 219 223 235 221 199 221 79
252 226 219 225 235 225 200 224 88
254 241 222 241 237 241 202 241 67
250 240 217 239 233 239 197 239 51
252 246 220 243 235 245 200 247 107
254 253 221 253 237 253 202 252 55
254 260 221 260 237 261 202 260 74
261 305 220 305 237 311 192 311 25
259 313 214 313 233 321 184 321 24
263 315 218 315 237 323 188 323 34
256 221 223 221 239 219 204 219 91
258 227 226 230 241 225 206 223 78
258 247 226 243 241 245 206 247 84
258 256 226 255 241 257 206 257 89
258 271 226 269 241 271 206 272 108
256 272 224 271 239 273 204 273 122
262 293 225 292 241 297 199 297 34
262 296 222 296 241 301 199 300 36
264 305 221 305 239 311 194 311 27
266 221 232 219 249 219 214 218 56
263 273 231 273 245 275 210 275 141
264 277 231 277 247 279 211 279 76
263 275 229 275 245 277 209 277 80
266 286 232 286 245 289 212 289 45
267 298 229 298 247 303 205 303 41
268 90 237 90 253 79 220 79 251
268 110 237 111 253 101 220 102 367
268 131 237 131 253 123 220 123 257
270 137 239 137 255 129 222 129 142
270 142 239 142 255 135 222 135 108
272 92 241 93 257 81 224 82 209
275 124 245 123 261 115 231 115 556
272 128 241 128 257 119 224 119 392
273 128 244 128 259 119 228 119 359
275 233 245 233 261 233 230 231 150
271 248 241 251 257 247 225 245 149
273 261 243 261 259 261 227 262 82
280 295 243 294 261 299 221 298 32
285 315 241 314 261 323 213 322 28
276 114 247 114 263 105 233 106 247
279 127 251 127 267 119 237 119 167
277 135 246 135 263 127 229 127 263
279 240 252 239 265 239 232 239 259
280 261 251 261 267 261 237 261 186
280 267 251 266 267 267 234 267 99
280 263 250 263 267 263 235 263 177
283 302 241 301 265 307 222 306 39
283 104 255 104 271 95 241 95 120
283 133 255 133 271 125 241 125 144
283 146 253 146 271 139 239 139 165
285 266 254 266 269 267 236 267 129
287 272 256 271 273 273 239 273 55
291 296 252 296 271 301 231 301 27
287 307 249 305 269 311 225 310 29
290 95 261 95 279 85 247 85 85
288 105 259 106 275 97 246 96 118
290 142 261 142 279 135 247 135 139
289 268 258 268 275 269 244 268 81
291 275 259 275 277 277 243 276 47
290 286 259 284 275 289 238 288 24
296 298 258 297 277 303 235 303 44
298 318 252 318 275 327 222 326 43
303 321 260 319 279 331 235 331 68
294 140 266 141 283 133 253 133 214
294 146 266 146 283 139 253 139 169
301 298 261 295 283 303 241 301 30
299 303 259 303 281 309 235 308 41
303 282 270 282 291 285 252 285 27
306 286 271 285 291 289 255 288 33
307 291 272 290 291 295 251 295 33
308 319 263 315 287 327 239 326 35
313 323 267 322 291 333 241 332 31
313 291 276 291 297 295 257 295 32
316 312 274 311 297 319 250 319 38
313 261 285 261 303 261 274 261 71
311 270 278 270 299 271 267 271 43
319 287 284 287 303 291 266 290 21
319 315 279 313 303 321 257 320 43
326 338 274 338 299 353 241 353 63
316 257 291 257 307 257 278 257 45
319 265 290 264 307 265 276 265 51
319 268 289 268 307 269 276 269 40
316 270 288 269 305 271 273 271 33
324 307 284 306 307 313 264 312 29
328 309 288 308 309 317 265 316 33
326 274 294 274 315 275 282 275 30
328 282 294 282 315 285 278 285 21
328 305 287 305 311 311 265 312 57
330 316 287 316 311 325 263 324 43
333 333 285 332 311 345 257 344 73
336 336 287 335 313 349 257 349 71
338 346 285 346 313 361 255 361 60
328 62 303 62 321 51 295 51 126
328 111 304 111 321 103 296 103 237
326 115 302 117 319 107 294 105 86
328 121 304 121 321 113 296 113 227
326 142 302 141 319 137 294 138 129
328 153 304 153 321 147 296 147 229
328 158 304 158 321 153 297 153 242
328 172 304 172 321 167 296 167 226
326 178 302 178 319 173 294 173 185
326 184 302 184 319 179 294 179 126
324 234 300 234 317 233 292 235 129
325 256 300 255 317 255 289 255 95
325 254 301 254 317 253 292 252 41
330 259 302 259 321 259 291 259 40
332 277 301 277 321 279 287 278 28
334 287 298 287 319 291 280 291 23
334 291 298 290 319 295 280 295 26
333 294 295 294 317 299 277 299 23
340 315 296 315 321 323 273 323 32
337 318 292 318 317 327 268 327 50
340 345 290 344 317 359 261 358 76
333 52 310 53 327 41 303 42 164
330 114 306 114 323 105 298 105 229
335 110 309 109 327 101 301 101 136
330 140 306 140 323 133 298 133 193
330 155 306 155 323 149 299 149 360
333 170 310 169 327 165 303 164 363
330 180 306 180 323 175 298 175 176
329 209 308 209 323 205 299 206 53
330 231 306 231 323 229 298 229 151
334 229 309 230 327 227 303 227 193
333 236 309 237 327 233 303 233 227
331 245 308 244 325 243 300 243 138
335 250 311 250 327 249 302 249 69
333 267 303 267 323 267 292 267 38
337 270 307 270 327 271 297 270 30
334 272 301 272 323 273 289 273 37
339 282 303 282 325 285 291 284 35
339 288 305 287 325 291 287 291 37
337 304 298 303 323 309 279 309 51
340 302 302 301 325 307 283 307 34
342 312 300 311 325 319 280 318 39
341 313 299 312 323 321 278 320 40
346 315 301 314 327 323 278 322 46
345 329 296 329 323 341 270 341 63
335 35 312 35 329 27 305 29 195
334 65 310 65 329 55 304 55 169
338 63 314 63 333 53 308 53 226
338 113 315 113 333 105 308 105 98
334 135 312 138 329 129 304 129 138
335 143 311 143 329 137 305 136 166
335 153 312 153 329 147 305 147 193
337 157 314 157 331 153 307 151 152
333 184 308 184 331 179 303 179 202
339 261 313 261 331 261 303 261 37
349 311 306 311 331 319 285 318 74
342 71 319 71 337 61 314 62 222
342 82 320 79 337 73 313 75 91
344 89 322 89 339 81 316 81 133
345 133 322 133 339 127 316 127 258
344 139 322 139 339 133 316 133 292
342 165 320 164 337 159 314 159 134
340 166 318 166 335 161 312 161 209
344 176 321 176 339 171 314 171 172
344 182 322 182 339 177 316 177 275
345 247 322 246 339 245 315 245 85
344 264 317 264 337 265 308 264 22
348 277 315 277 337 279 301 279 22
352 306 311 306 335 313 291 313 41
357 322 312 321 339 331 290 330 130
357 333 309 333 337 345 286 344 69
348 51 326 51 343 41 320 41 165
348 58 326 57 343 49 320 47 178
350 61 329 60 345 51 321 51 188
346 76 324 79 341 69 323 71 385
346 83 324 84 341 75 318 75 170
348 85 326 85 343 77 320 77 93
348 137 326 137 343 131 320 131 117
346 161 324 161 341 155 318 155 102
346 166 324 166 341 161 318 161 122
343 209 325 211 341 207 319 208 298
351 265 324 264 343 265 315 265 26
352 271 322 270 343 271 312 271 38
353 281 320 280 341 283 305 283 51
358 285 322 285 345 289 309 288 38
356 291 320 290 343 295 304 295 25
354 293 318 292 341 297 301 297 30
357 294 321 294 343 299 303 299 49
359 310 317 309 343 317 296 316 58
357 315 314 314 341 323 294 322 62
363 336 314 336 343 349 289 349 97
366 339 316 340 345 353 291 353 53
352 89 331 89 349 81 327 81 148
353 232 333 232 349 229 329 229 274
353 238 335 237 351 235 330 235 285
351 249 331 248 347 247 323 247 82
358 274 326 273 349 275 316 275 28
363 308 322 307 349 315 304 315 61
364 316 321 315 347 325 299 325 82
364 324 319 323 347 333 298 332 61
367 332 321 331 349 343 299 342 60
358 52 341 52 357 43 340 43 250
354 56 328 55 353 47 336 47 384
355 66 328 65 353 57 326 57 198
355 81 338 81 353 73 336 73 213
362 95 340 95 355 87 328 87 126
357 143 341 143 357 137 340 137 138
364 261 337 261 357 261 329 260 36
365 272 334 272 357 273 324 273 28
367 277 335 276 357 279 322 279 30
367 295 331 294 355 299 315 299 51
372 323 327 323 355 333 308 332 138
373 328 326 328 355 339 305 339 82
364 83 347 84 363 75 346 75 160
364 85 347 85 363 77 346 77 224
359 133 341 133 359 127 339 127 70
364 141 348 141 363 135 346 135 103
362 143 346 143 361 137 344 137 114
364 170 348 170 363 165 346 165 81
360 167 344 167 359 161 342 163 143
360 177 344 178 359 173 342 173 75
362 178 346 178 361 173 344 173 228
365 203 347 203 363 199 344 199 297
362 205 343 205 359 201 340 201 145
364 207 345 207 361 203 342 203 209
364 232 345 231 361 229 342 228 106
364 247 341 246 359 245 335 245 51
364 252 340 252 359 251 332 251 47
371 280 338 280 361 283 326 283 63
368 281 336 280 359 283 324 283 36
374 303 334 303 361 309 317 309 55
377 306 336 306 363 313 319 313 86
376 315 333 314 361 323 315 323 69
379 329 333 329 361 341 312 340 40
368 48 351 49 367 39 350 39 164
370 57 353 57 369 47 352 45 152
366 89 349 89 365 81 348 81 152
366 135 349 135 365 129 348 129 118
370 143 354 139 369 135 352 133 92
369 173 352 173 367 171 350 170 92
370 180 354 180 369 175 352 175 71
368 184 352 184 367 179 350 179 115
371 199 354 199 369 195 351 195 79
370 223 351 226 367 223 348 221 216
374 254 350 254 369 253 344 253 131
375 262 347 262 367 263 339 263 42
376 266 342 265 369 267 338 267 105
378 289 341 289 367 293 330 292 57
382 312 342 311 369 319 324 319 81
372 89 355 89 371 81 354 82 130
374 218 358 219 373 215 356 216 113
375 226 358 226 373 223 356 223 161
375 245 353 244 371 243 349 242 76
378 243 356 243 375 241 352 241 79
376 250 353 250 371 249 347 249 96
380 252 357 252 375 251 350 251 115
383 273 352 275 375 277 340 277 45
381 278 345 278 371 281 337 280 45
389 346 338 345 371 361 314 359 15
382 144 365 144 381 137 364 139 113
380 164 361 163 379 159 361 157 160
382 170 365 170 381 165 364 165 192
390 284 357 283 381 287 344 287 67
393 320 350 320 379 329 332 329 39
398 340 346 340 379 355 323 354 14
387 60 371 59 387 51 370 52 155
384 57 367 57 383 51 366 50 125
385 57 369 56 385 47 368 47 245
385 87 369 88 385 79 368 81 274
386 99 370 99 385 91 368 91 149
387 141 371 142 387 135 370 137 318
383 137 367 137 383 131 366 131 102
386 151 370 150 385 145 369 143 209
383 168 368 168 383 163 367 163 196
387 169 372 169 387 165 371 167 481
386 182 370 182 385 177 368 177 284
387 177 372 178 387 173 371 174 299
383 185 367 185 383 181 366 181 123
386 207 369 207 385 203 368 203 371
387 226 369 227 385 223 363 224 306
391 233 366 233 387 231 361 231 105
392 250 366 250 387 249 361 248 70
394 301 356 301 383 307 342 307 74
391 56 375 56 391 47 375 48 165
391 63 375 64 391 55 375 55 205
393 61 377 62 393 53 377 53 209
389 103 373 102 389 95 373 95 171
389 135 374 135 389 129 373 129 98
389 137 374 137 389 131 373 131 148
389 145 374 144 389 139 373 139 247
389 180 374 180 389 175 373 175 272
389 186 374 185 389 181 373 181 132
389 201 374 201 389 197 373 197 439
396 237 370 234 391 233 365 235 84
393 243 368 243 389 241 363 242 95
398 283 364 283 389 287 352 287 96
400 287 365 287 391 291 354 291 121
403 303 365 303 393 309 353 308 66
401 309 363 308 391 315 348 315 40
409 341 355 341 391 355 336 353 16
398 48 383 48 399 39 383 39 362
398 56 383 56 399 47 384 47 192
396 66 381 66 397 59 381 57 488
395 69 379 73 395 63 379 65 409
397 106 381 105 397 99 381 99 211
395 106 379 106 395 99 379 99 318
399 139 384 139 399 133 384 133 206
395 143 380 143 395 137 379 136 319
395 178 380 178 395 173 380 173 424
398 177 384 177 399 173 384 173 243
397 186 382 185 397 181 381 181 277
398 184 384 183 399 179 385 179 470
403 225 378 225 399 223 372 223 106
403 248 379 247 399 247 373 247 45
402 277 371 276 395 279 361 279 84
404 285 369 285 395 289 358 289 108
404 291 369 291 395 295 357 295 112
404 302 367 301 395 307 353 308 79
407 305 368 306 397 311 356 311 50
405 307 367 307 395 313 354 313 48
409 321 365 320 397 331 351 330 18
402 71 388 71 403 63 388 63 469
404 73 390 73 405 65 390 64 390
404 79 390 81 405 73 390 75 597
404 112 390 111 405 105 391 105 219
402 145 388 145 403 139 389 140 280
402 154 388 155 403 149 389 147 366
405 210 380 209 401 207 374 208 285
405 212 380 212 401 209 374 209 251
405 217 380 218 401 215 374 215 158
407 220 382 220 403 217 376 217 159
406 242 381 242 401 241 374 240 38
415 310 371 309 405 317 359 317 64
413 318 370 318 401 327 354 327 34
421 337 368 338 405 351 351 351 19
406 69 392 69 407 61 392 61 433
409 73 396 74 411 67 397 67 303
409 81 396 81 411 73 398 73 284
407 113 394 113 409 107 395 107 212
408 161 395 157 409 155 396 153 487
410 173 397 173 411 169 398 170 374
408 178 395 178 409 173 396 173 397
414 221 389 221 411 219 384 219 115
405 236 381 236 407 235 380 235 58
418 291 384 291 411 295 375 294 46
418 322 374 322 407 333 357 333 20
413 49 400 49 415 41 402 41 274
413 57 400 56 415 49 402 49 139
411 80 398 80 413 73 400 73 383
415 82 402 81 417 75 404 75 222
413 78 400 79 415 71 402 71 534
413 111 401 111 415 105 402 105 213
413 117 401 117 415 111 402 111 150
415 141 403 140 417 135 404 135 118
411 147 399 146 413 141 400 141 307
413 154 401 154 415 149 402 149 268
411 162 399 162 413 157 400 157 254
413 177 401 177 415 173 403 172 296
415 191 403 190 417 187 405 187 331
416 203 395 202 415 199 391 199 317
418 210 395 210 415 207 391 207 270
418 212 397 211 415 209 391 209 285
420 219 395 219 417 217 390 217 122
421 227 395 227 417 225 390 225 68
419 223 393 223 415 221 388 221 99
418 236 391 236 417 235 392 235 53
414 260 387 260 413 259 385 259 73
420 264 393 263 415 265 387 264 162
419 271 389 271 413 273 381 273 72
427 313 385 313 417 321 372 321 19
424 307 384 307 413 317 370 315 18
427 346 375 344 413 361 354 360 21
420 25 409 25 423 17 411 17 168
417 33 404 34 419 25 406 26 263
419 37 407 37 421 29 409 29 302
418 50 407 51 421 43 409 44 234
419 57 407 57 421 49 407 47 187
417 61 405 61 419 53 406 52 124
419 67 407 66 421 59 409 58 260
417 90 405 89 419 83 407 83 356
421 119 409 119 423 113 411 113 217
417 120 405 119 419 113 407 113 215
420 142 410 143 423 137 410 137 246
420 152 410 152 423 147 412 147 328
417 156 405 156 419 151 407 151 219
417 182 405 181 419 177 406 176 181
421 207 401 207 419 201 397 201 695
422 216 395 215 419 213 392 213 155
425 219 400 219 423 217 397 217 94
426 223 401 223 423 221 396 221 66
422 248 401 248 421 247 394 247 33
425 266 397 266 421 267 391 267 86
428 279 398 279 423 281 391 281 54
426 25 415 25 429 17 418 17 285
422 41 411 41 425 33 413 34 396
426 37 415 37 429 29 418 30 258
424 43 413 43 427 35 416 35 252
422 55 411 51 425 47 414 45 227
423 90 410 89 425 83 413 83 286
424 99 413 101 427 93 416 93 229
422 95 411 96 425 89 414 89 293
422 103 411 103 425 95 414 96 348
424 115 413 115 427 109 416 109 185
426 123 416 123 429 117 418 117 138
426 127 416 127 429 121 418 121 100
422 125 412 125 425 119 415 120 114
423 148 411 148 425 143 413 143 434
426 173 416 173 429 169 419 169 289
421 177 411 177 425 173 408 172 630
424 182 414 182 427 177 417 177 409
424 191 413 191 427 187 414 187 371
429 219 402 219 425 217 399 217 209
432 225 406 225 429 223 402 223 115
424 244 403 244 425 243 398 243 46
430 255 405 255 427 255 401 255 63
432 259 406 259 429 259 402 259 110
429 262 402 262 425 263 397 263 101
436 319 390 318 425 329 375 327 22
437 323 392 322 427 333 377 333 33
438 333 393 331 427 345 377 343 33
430 65 420 65 433 61 423 59 198
430 75 420 76 433 69 423 69 261
432 79 422 79 435 73 425 73 172
428 85 418 85 431 79 421 79 118
428 84 418 84 431 77 421 77 197
432 93 422 94 435 87 425 87 117
428 89 418 89 431 83 421 83 143
432 107 422 106 435 101 425 99 209
430 125 420 125 433 119 423 119 184
430 134 420 135 433 129 423 129 69
430 130 420 130 433 125 423 125 180
436 212 414 211 435 209 409 209 358
436 223 410 223 433 221 406 221 100
437 237 414 237 435 235 409 236 36
435 255 411 255 433 255 408 255 47
436 261 410 261 433 261 406 261 59
434 263 408 263 431 263 404 263 75
434 270 407 270 431 271 402 271 140
437 280 410 278 435 281 404 280 29
442 286 409 286 435 291 400 290 29
441 313 400 312 433 321 387 321 17
442 326 396 327 431 337 381 337 26
436 27 425 26 439 19 428 18 131
438 41 427 40 441 33 431 33 114
438 46 428 46 441 39 431 39 139
436 48 425 49 439 41 429 41 109
436 95 426 95 439 89 429 89 168
434 97 424 97 437 91 427 91 160
437 109 429 108 441 103 432 102 299
434 123 424 123 437 117 427 117 120
434 137 424 137 437 133 427 135 108
434 148 424 148 437 143 427 143 119
437 161 427 160 441 157 430 155 479
437 172 427 171 441 167 424 169 589
439 215 414 215 439 213 412 213 351
443 219 418 219 441 217 415 217 160
441 223 416 223 439 221 412 221 121
441 225 416 225 439 223 412 223 93
440 256 417 257 439 257 413 257 106
440 266 413 266 437 267 409 267 79
443 289 410 289 439 293 402 292 20
447 314 405 314 439 321 393 321 20
449 331 401 330 439 343 386 342 25
442 75 433 75 445 69 436 69 90
438 83 432 83 443 77 436 77 179
443 120 435 119 447 115 439 114 291
443 136 435 136 447 131 439 131 40
439 158 431 159 443 153 435 154 165
439 164 431 164 443 159 435 159 238
442 179 426 179 443 175 426 175 446
444 183 428 183 445 179 428 179 401
445 186 430 185 447 183 430 185 261
444 185 428 184 445 181 429 180 397
446 200 422 200 445 197 421 197 299
446 217 422 217 445 215 419 215 154
447 223 422 223 445 221 418 221 146
448 237 420 236 445 235 418 235 51
447 259 422 259 445 259 419 259 40
445 263 419 263 443 263 416 263 45
449 265 423 265 447 265 419 265 45
451 284 418 284 445 287 411 286 17
449 291 415 290 445 295 412 296 15
455 322 404 321 445 333 386 331 30
454 337 403 336 443 351 387 351 33
446 79 439 79 451 73 444 73 93
447 88 439 86 451 81 444 82 162
449 116 442 116 453 111 446 111 281
445 118 437 118 449 113 442 113 114
449 164 442 163 453 159 447 160 174
448 177 432 177 449 173 433 173 335
452 184 437 183 453 179 440 179 226
449 191 427 191 451 187 427 188 501
451 191 436 191 453 187 428 186 435
454 203 430 203 453 199 427 199 265
452 218 427 217 451 215 424 215 119
454 224 429 224 453 221 426 222 111
453 228 427 229 451 227 425 227 78
455 248 431 247 453 247 427 247 54
455 272 427 272 453 273 423 273 50
452 78 445 78 457 73 450 73 148
451 77 443 77 455 71 448 71 81
452 84 445 84 457 79 450 79 228
454 87 448 87 459 81 453 81 111
454 99 449 102 459 93 453 92 240
452 108 445 109 457 103 449 104 255
451 113 443 112 455 107 447 107 370
452 114 445 114 457 109 449 109 281
450 158 444 158 455 153 449 153 286
452 162 446 162 457 157 451 157 133
451 164 444 163 455 159 449 159 260
452 170 446 170 457 165 451 165 263
455 188 441 187 457 183 442 183 277
456 211 431 211 455 209 429 209 184
457 215 431 215 455 213 429 213 191
456 220 431 219 455 217 428 218 111
457 236 432 236 457 235 431 235 84
465 326 418 326 457 337 411 336 14
461 25 450 26 461 19 450 19 18
457 158 451 158 461 153 455 153 277
456 164 451 163 461 159 455 159 376
461 183 445 183 463 179 448 179 243
462 226 437 227 461 225 435 225 149
466 229 441 229 465 227 439 227 191
462 232 437 232 461 231 435 231 109
466 230 441 230 465 229 439 229 114
466 236 441 236 465 235 439 235 101
462 244 437 244 461 243 434 243 61
466 255 441 255 465 255 439 255 126
468 294 432 294 463 299 425 300 15
470 339 418 339 461 355 403 354 28
462 104 457 105 467 99 462 100 249
464 108 461 108 469 103 467 103 182
462 120 457 120 467 115 461 115 267
462 132 457 132 467 127 461 127 722
464 136 459 136 469 131 464 131 188
467 171 457 172 471 167 461 168 529
465 179 451 179 471 175 453 175 416
471 208 449 208 471 205 448 204 410
467 210 444 208 467 207 444 206 393
468 236 443 236 467 235 440 236 139
471 244 449 244 471 243 448 243 112
468 248 443 246 467 247 441 245 127
468 259 444 259 467 259 442 259 45
469 283 436 283 467 287 437 285 12
475 317 433 319 467 329 424 327 13
475 324 433 324 469 335 435 333 22
481 346 429 345 471 363 410 363 72
475 26 463 25 477 19 467 19 10
470 110 466 110 475 105 471 105 154
472 116 468 116 477 111 473 111 104
470 122 466 122 475 117 471 117 170
472 129 468 129 477 125 473 125 107
470 134 466 134 475 129 471 129 233
471 168 461 168 475 163 465 163 552
475 181 459 181 477 177 461 177 332
472 181 456 181 475 177 458 177 317
473 185 457 185 475 181 458 181 352
475 191 459 189 477 187 460 187 218
473 194 457 194 475 191 458 191 340
475 197 459 196 477 193 461 193 331
474 212 453 212 475 209 453 209 371
473 248 452 248 473 247 451 247 77
475 277 445 277 473 279 441 279 25
483 331 433 331 477 345 423 344 37
484 338 432 338 475 353 418 353 48
475 119 472 120 481 115 478 115 54
477 153 475 154 483 149 480 149 305
475 157 471 155 481 153 477 151 357
479 168 468 167 483 163 473 163 471
479 174 468 174 481 169 471 169 457
479 179 463 179 481 175 467 174 356
477 193 461 193 479 189 462 188 181
480 207 465 208 483 205 467 205 246
477 215 465 215 479 211 467 211 700
479 218 463 218 481 215 465 215 328
481 220 465 220 483 217 467 217 254
477 234 458 234 479 231 462 231 159
481 232 465 232 483 229 467 229 64
478 243 458 242 479 241 458 241 48
482 279 452 279 481 281 445 282 14
486 335 435 335 479 349 423 349 38
487 339 438 338 481 353 424 353 31
481 151 479 151 487 147 484 146 195
483 157 481 157 489 153 487 153 211
481 169 471 169 485 165 475 165 437
489 240 469 240 489 239 469 239 29
487 149 486 150 493 145 492 146 144
489 157 488 157 495 153 494 152 144
492 222 479 222 495 219 481 219 57
489 218 477 218 493 215 480 215 201
489 238 470 239 491 237 471 237 28
493 243 474 243 495 241 474 241 16
489 244 469 244 491 243 470 243 28
494 257 465 257 495 257 469 257 33
492 257 465 257 491 257 464 257 32
492 262 465 262 491 263 463 263 32
500 301 459 304 495 311 453 310 12
499 331 449 329 493 345 441 343 27
497 338 446 338 491 353 435 353 25
496 129 489 130 497 125 499 125 14
493 147 492 147 499 143 497 143 137
491 169 490 169 497 165 496 165 306
493 173 492 173 499 169 498 169 409
494 183 489 183 499 179 494 179 365
492 185 487 185 497 181 492 181 339
496 191 491 191 501 187 496 187 175
493 199 483 199 497 195 487 195 241
494 195 488 195 499 191 493 191 216
498 229 483 229 501 227 485 227 21
499 245 477 244 499 243 479 243 23
500 270 471 271 497 273 469 273 44
504 317 461 317 497 329 450 328 17
500 336 453 336 499 351 442 351 31
504 332 455 332 501 347 445 346 23
506 338 455 338 501 353 444 353 14
504 24 495 25 507 17 508 18 18
499 141 502 142 507 139 506 139 37
497 145 496 145 503 141 502 141 37
501 149 500 149 507 145 506 145 42
499 151 498 151 505 147 504 147 54
501 159 500 159 507 155 506 155 70
497 165 496 165 503 161 502 161 171
497 171 496 171 503 167 502 167 187
499 175 498 175 505 171 504 171 248
498 185 494 185 503 181 499 181 200
500 201 493 201 505 197 497 197 50
500 228 486 228 503 225 488 225 17
507 231 490 231 507 229 493 229 33
507 313 465 312 503 321 462 322 12
511 122 507 122 513 117 513 117 19
505 173 504 173 511 169 510 169 109
506 195 500 195 511 191 505 191 58
505 205 496 205 509 201 503 201 24
509 209 498 209 513 205 505 205 33
506 224 492 223 511 221 496 221 22
514 227 499 227 513 225 499 225 19
510 261 483 261 511 261 483 261 46
512 275 483 274 511 277 480 278 23
512 45 506 45 519 37 514 38 9
510 125 504 125 515 121 510 121 17
511 156 509 155 517 151 513 151 43
511 167 509 167 517 163 515 163 76
511 182 509 181 517 177 515 177 97
514 187 510 187 519 183 516 183 85
514 193 509 193 519 189 514 189 46
517 240 495 240 517 239 494 239 23
514 244 493 244 517 243 494 243 32
519 278 487 278 519 281 483 280 12
513 281 483 282 515 285 477 284 7
517 292 482 289 517 295 478 294 11
517 141 516 141 523 137 522 136 87
515 147 514 147 521 143 520 143 35
517 149 516 149 523 145 522 144 59
515 153 513 153 521 149 519 148 45
517 157 515 157 523 153 520 153 50
515 159 513 159 521 155 518 155 73
519 161 516 161 525 157 522 157 46
515 165 513 165 521 161 518 161 48
515 173 513 173 521 169 519 168 62
515 179 513 179 521 175 519 175 85
520 193 515 193 525 189 520 189 57
518 197 513 197 523 193 516 193 32
516 205 510 204 521 201 513 201 40
522 205 514 205 525 201 516 201 30
520 226 505 225 523 223 506 222 18
522 231 506 231 523 229 509 229 16
519 231 504 231 521 229 503 229 15
523 274 497 274 525 277 492 277 26
521 281 488 281 523 285 487 285 12
521 296 482 297 521 299 480 300 15
521 301 482 301 521 309 478 308 7
525 325 478 324 523 337 470 337 16
525 148 522 148 531 143 528 143 67
525 163 522 163 531 159 528 159 42
523 165 521 166 529 161 526 161 80
523 185 520 185 529 181 526 181 55
521 189 518 189 527 185 524 185 75
519 197 516 197 527 193 521 193 76
525 218 521 220 529 215 516 213 36
527 248 504 248 529 247 506 247 36
525 257 500 256 527 257 500 257 42
531 157 528 157 537 153 534 152 71
529 161 526 161 535 157 531 157 39
531 177 528 177 537 173 534 173 70
527 183 525 183 533 179 530 179 81
530 208 523 209 537 205 527 205 21
533 211 521 211 537 211 523 209 23
529 222 516 222 533 219 519 219 23
533 228 518 227 537 225 521 225 17
534 242 512 242 537 241 514 241 61
534 248 513 248 537 247 515 247 45
532 299 494 297 533 305 490 306 9
536 301 496 300 537 307 494 306 14
539 125 532 125 543 121 538 121 46
537 136 535 133 543 131 538 131 59
535 146 530 145 541 141 536 141 92
535 159 532 159 541 155 537 155 44
535 175 532 175 541 171 537 171 99
533 173 530 173 539 169 535 169 38
538 193 530 193 543 189 536 189 57
535 205 526 205 539 201 530 201 25
537 231 520 231 543 229 529 229 23
539 266 511 267 543 269 512 268 27
538 269 509 270 541 273 510 272 21
539 274 509 274 539 277 513 278 14
537 305 498 307 539 313 494 313 10
544 142 539 141 549 137 544 137 70
543 153 539 153 549 149 545 149 99
539 165 535 165 545 161 540 161 73
539 173 537 172 545 169 541 169 55
541 185 535 184 547 181 540 180 136
542 193 534 193 547 189 539 189 148
540 197 532 197 545 193 537 193 61
540 207 532 206 545 203 536 203 24
541 211 531 212 547 209 536 209 24
541 224 531 223 545 221 532 221 45
540 240 517 240 545 239 523 239 38
541 244 521 244 545 243 522 243 53
542 248 521 248 545 247 523 247 38
547 287 512 288 549 291 511 291 6
547 301 511 303 547 309 510 309 16
548 330 499 329 549 343 494 342 45
545 134 540 134 551 129 546 129 110
547 140 543 140 553 135 548 135 74
550 173 544 173 555 169 550 169 49
550 187 542 186 555 183 547 182 66
546 188 538 188 551 185 543 185 78
548 193 539 193 553 189 545 189 71
545 208 536 208 551 205 541 205 26
549 210 541 210 555 207 545 207 30
550 221 537 220 555 219 542 219 22
547 233 527 235 553 233 529 235 30
550 242 529 242 553 241 530 241 57
548 248 527 248 553 247 530 247 44
549 264 521 264 553 265 524 265 18
550 271 520 271 553 273 522 273 11
551 275 523 274 553 277 521 278 16
553 297 514 296 555 303 513 303 9
554 329 505 329 555 343 500 343 56
552 333 502 332 553 347 497 348 41
554 336 503 336 555 351 498 351 63
555 106 548 106 561 101 554 101 63
553 120 546 120 559 115 552 114 76
551 120 544 119 557 115 549 116 103
551 128 545 128 557 123 550 123 79
553 132 548 132 559 127 554 128 77
555 136 549 136 561 131 554 131 95
553 149 548 149 559 145 554 145 42
556 152 550 151 561 147 556 147 43
551 153 546 153 557 149 552 149 43
555 163 550 163 561 159 556 159 39
551 161 546 161 557 157 552 157 38
551 167 546 167 557 163 552 163 34
556 197 547 197 561 193 552 193 72
554 207 545 207 559 203 550 203 62
557 242 535 242 561 241 539 241 31
557 248 535 248 561 247 538 247 17
555 263 527 262 559 265 529 264 12
554 267 525 267 557 269 527 269 10
555 270 527 269 559 271 529 271 15
559 308 516 308 561 317 516 317 21
559 320 512 320 559 331 504 332 21
557 104 550 104 563 99 556 99 72
557 114 550 114 563 109 556 109 167
559 112 552 112 565 107 558 107 115
557 122 550 122 563 117 556 116 105
561 132 554 132 567 127 560 127 117
561 173 556 173 567 169 562 169 43
557 171 552 171 563 167 558 167 31
559 179 550 179 565 175 556 175 89
557 191 548 191 563 187 554 187 121
558 197 549 197 563 193 554 193 82
561 209 551 208 565 205 556 205 52
558 207 549 207 563 203 555 203 52
559 227 541 227 563 225 543 225 15
560 231 545 231 565 229 549 229 17
559 244 538 244 563 243 541 243 14
562 281 531 281 563 285 531 284 18
561 290 525 290 565 295 526 295 13
565 98 558 98 571 93 564 93 199
567 96 560 96 573 91 566 90 81
567 112 560 112 573 107 566 107 116
565 116 558 116 571 111 564 111 163
567 120 560 119 573 115 566 114 69
567 126 560 126 573 121 566 121 60
567 132 560 132 573 127 566 127 56
566 142 557 141 571 137 564 137 63
563 149 557 149 569 145 563 145 32
565 153 559 153 571 149 565 149 60
567 165 562 165 573 161 568 161 56
565 176 560 175 571 171 566 171 60
567 181 561 180 573 177 567 177 122
563 177 558 175 569 173 565 173 72
567 189 557 189 573 185 565 185 298
565 210 555 210 571 207 561 207 39
566 242 547 242 573 241 548 241 37
565 314 521 313 571 323 518 323 26
570 319 525 318 573 329 523 329 27
569 92 561 93 575 87 567 88 121
571 114 563 114 577 109 569 109 86
573 124 566 124 579 119 572 119 75
573 140 566 140 579 135 572 135 54
573 157 567 157 579 153 574 155 32
569 173 564 173 575 169 570 169 85
573 181 561 180 579 177 571 178 98
569 185 560 185 575 181 565 181 138
573 193 564 193 579 189 570 189 225
571 295 533 294 575 301 533 301 44
572 315 528 315 575 325 527 325 19
579 68 571 69 585 63 577 63 71
579 73 572 73 585 67 578 67 113
574 76 571 74 581 71 577 69 97
575 86 568 87 581 81 573 82 116
579 99 572 99 585 93 577 92 54
575 100 567 100 581 95 573 95 63
577 108 570 108 583 103 576 103 53
577 128 569 127 583 123 576 123 46
575 138 568 138 581 133 574 133 59
579 153 571 153 585 149 577 148 31
577 197 568 197 583 193 574 193 97
577 209 568 208 583 205 574 205 91
580 222 565 221 585 219 571 219 54
576 225 563 225 583 223 569 223 28
573 240 555 240 581 239 560 239 33
579 244 559 244 585 243 563 243 19
576 251 552 250 581 251 556 251 15
578 288 543 288 583 293 544 293 32
577 305 536 305 581 313 537 313 34
579 313 537 314 583 323 536 323 37
580 337 528 336 583 351 526 351 44
585 63 577 62 591 57 584 57 55
581 61 573 61 587 55 579 55 86
580 65 573 66 587 61 579 59 76
585 73 578 72 591 67 584 67 97
585 108 577 108 591 103 584 103 115
583 114 575 113 589 109 582 109 86
585 114 577 114 591 109 584 109 73
585 120 577 120 591 115 584 115 86
583 128 575 127 589 123 581 123 42
581 146 574 146 587 141 579 141 40
581 155 573 155 587 151 579 151 21
581 167 573 167 587 163 579 163 27
582 176 575 176 589 173 581 172 44
581 204 572 204 587 201 578 201 58
584 208 575 208 589 205 580 205 69
583 216 572 216 589 213 577 213 69
584 248 562 248 589 247 566 247 23
582 251 559 251 587 251 563 251 25
585 268 557 268 591 269 559 267 13
582 285 550 283 589 287 553 287 21
582 298 544 298 587 305 545 305 43
589 315 545 315 591 325 546 327 14
584 336 533 335 589 351 532 351 37
590 57 583 57 597 51 589 51 77
588 80 581 80 595 75 587 74 51
587 93 579 92 593 87 585 86 52
586 88 579 88 593 83 586 83 80
588 94 581 94 595 89 588 89 47
592 103 584 103 595 99 587 99 161
587 100 579 100 593 95 586 95 66
591 134 583 134 597 129 589 129 39
591 142 583 141 597 137 589 137 34
587 141 579 142 593 137 585 137 27
591 149 583 149 597 145 589 145 22
589 157 581 157 595 153 587 153 44
588 155 581 155 595 151 587 151 17
587 167 579 167 593 163 585 163 12
587 179 579 178 593 175 585 174 18
591 253 567 253 597 253 572 253 25
592 256 566 256 597 257 572 257 9
588 260 563 260 595 261 568 261 19
588 323 539 323 593 335 541 335 26
592 60 585 61 599 55 591 54 53
597 59 589 58 603 53 595 52 90
596 74 589 74 603 69 595 68 42
596 78 589 78 603 73 595 73 95
594 98 587 98 601 93 593 93 98
597 106 589 106 603 101 596 101 66
597 114 589 114 603 109 596 109 95
597 120 589 120 603 115 595 115 84
597 126 589 126 603 121 595 121 61
595 134 587 133 601 129 593 129 34
593 132 585 132 599 127 591 127 55
596 147 589 147 603 143 595 143 37
597 157 589 157 603 153 595 153 13
593 154 585 153 599 149 591 149 58
597 167 589 167 603 163 595 163 11
593 177 585 177 599 173 591 173 17
595 185 586 185 601 181 593 181 23
597 202 589 202 603 199 595 199 20
593 214 581 214 599 211 587 211 44
595 222 581 221 601 219 588 219 50
595 224 582 224 601 221 588 221 51
597 255 572 254 603 255 580 256 25
597 253 571 253 601 253 576 253 14
595 259 572 258 601 259 576 259 13
590 281 560 281 599 285 563 285 11
600 55 593 55 607 49 600 48 43
600 61 593 61 607 55 599 55 57
598 69 591 68 605 63 597 63 41
600 80 593 80 607 75 599 75 77
602 92 595 92 609 87 601 87 90
598 88 591 88 605 83 597 83 84
600 96 593 96 607 91 599 90 63
598 94 591 94 605 89 597 88 49
598 100 591 100 605 95 597 95 64
599 110 591 110 605 105 598 105 129
601 137 593 137 607 133 599 133 40
601 145 593 145 607 141 599 141 31
601 163 593 163 607 159 599 159 39
601 159 593 159 607 155 599 155 39
601 169 594 168 607 165 599 165 40
601 177 592 176 607 173 599 173 22
601 181 592 180 607 177 599 177 50
603 220 591 220 609 217 596 217 99
602 225 589 225 609 223 595 223 65
603 229 589 229 609 227 595 227 81
603 253 579 253 609 253 584 253 11
602 258 578 258 609 259 584 259 15
601 285 571 283 609 289 569 287 13
599 295 562 297 605 301 564 301 8
601 329 550 328 607 341 553 341 9
606 61 599 61 613 55 606 55 48
604 69 597 69 611 63 604 63 44
608 71 601 70 615 65 608 65 74
607 98 599 98 613 93 606 92 134
604 95 597 94 611 89 603 89 57
608 106 601 106 615 101 607 101 88
608 122 601 122 615 117 607 117 57
609 131 601 131 615 127 607 127 25
604 138 597 137 611 133 603 133 27
607 146 599 145 613 141 605 141 29
605 157 597 157 611 153 603 153 13
609 159 601 159 615 155 607 155 39
605 179 596 178 611 175 602 174 32
605 185 596 184 611 181 602 181 30
605 216 591 215 611 213 599 213 49
607 217 595 217 615 215 603 215 48
606 236 587 235 613 235 591 233 70
608 244 589 244 615 243 594 243 37
607 332 556 331 615 347 558 347 14
606 335 555 335 613 351 555 351 10
610 65 603 64 617 59 610 59 56
614 71 606 71 621 65 613 65 103
614 81 607 80 621 75 613 75 104
612 101 605 100 619 95 611 95 91
614 116 607 116 621 111 613 111 33
610 120 603 120 617 115 609 115 48
612 124 605 124 619 119 611 119 28
610 129 602 129 617 123 608 125 27
610 136 603 136 617 131 609 131 42
612 145 605 145 619 141 611 141 21
610 141 603 141 617 137 609 137 26
610 171 603 170 617 167 609 166 27
612 205 603 204 619 201 609 200 12
613 240 594 240 619 239 598 237 47
613 249 587 248 617 249 594 248 26
615 246 594 246 621 245 601 245 27
609 248 590 248 619 249 595 247 29
612 253 589 253 619 253 594 253 29
610 259 587 259 619 259 593 259 14
611 286 577 285 619 291 582 290 11
610 308 568 308 617 317 571 317 10
613 313 572 312 617 321 575 323 15
611 329 560 327 619 343 564 343 14
618 63 613 62 625 57 619 57 66
616 67 609 67 623 61 616 61 84
619 76 611 76 625 71 618 71 64
618 83 611 82 625 77 617 77 90
618 92 611 92 625 87 617 87 68
618 138 611 137 625 133 617 133 18
616 148 608 148 623 143 615 143 44
620 172 611 171 627 169 618 168 27
618 175 610 177 625 173 616 173 26
616 181 610 181 623 177 614 177 15
620 179 612 179 627 175 618 175 20
618 185 610 185 625 181 616 181 26
617 189 607 187 623 185 614 185 17
621 223 607 223 627 221 613 221 163
620 235 605 235 627 233 610 233 25
623 297 585 297 627 307 600 309 13
615 331 565 331 623 347 569 347 14
624 62 618 62 631 57 625 57 95
622 66 616 66 629 61 623 60 117
624 72 616 71 631 67 623 66 67
624 88 617 88 631 83 624 81 70
624 104 617 104 631 99 624 99 131
624 129 615 128 631 125 622 123 27
626 129 618 130 633 125 624 124 31
622 166 614 168 629 163 620 163 24
622 178 614 179 629 175 620 175 23
627 205 615 203 633 201 621 200 14
622 231 606 231 629 229 614 230 41
625 249 603 249 633 249 611 249 37
627 246 607 246 633 245 612 245 50
628 58 623 57 635 53 629 53 53
628 74 621 74 635 69 627 69 74
630 94 623 93 637 89 630 88 84
630 122 622 121 637 117 629 117 49
628 162 617 161 635 157 623 155 30
630 165 620 163 637 161 627 159 38
628 179 619 179 635 175 626 175 26
632 198 621 201 639 195 628 197 5
630 208 620 208 637 205 626 205 41
632 206 621 206 639 203 628 203 24
628 217 616 217 637 215 622 214 44
632 227 619 227 639 225 625 225 45
631 236 616 237 639 235 621 235 31
629 242 608 241 635 241 617 241 36
631 257 608 257 639 257 614 257 48
629 279 596 279 637 283 599 281 8
636 59 630 58 643 53 638 53 73
638 68 632 68 645 63 639 63 98
636 65 630 64 643 59 637 59 59
638 78 632 78 645 73 639 73 75
634 84 626 85 641 79 636 78 137
634 96 630 99 641 91 635 90 172
634 124 625 124 641 119 632 119 108
638 169 629 171 645 165 633 165 36
633 175 623 175 641 171 631 171 26
638 177 626 177 645 173 633 173 22
636 181 624 182 643 177 631 178 28
635 190 621 191 643 187 625 185 26
634 219 622 219 643 217 630 217 59
632 223 619 223 641 221 627 221 58
635 225 622 225 643 223 629 223 42
638 244 619 244 645 243 625 243 72
633 270 604 270 643 273 612 273 38
634 266 609 267 645 269 615 268 30
633 274 602 274 641 277 609 277 35
635 310 592 310 645 319 598 319 10
634 316 591 315 645 327 596 327 22
644 100 638 99 651 95 645 95 272
644 111 632 111 651 105 638 105 236
641 107 625 106 649 101 634 100 260
639 113 626 112 647 107 634 107 224
640 118 633 118 647 113 640 113 355
642 145 633 145 649 141 639 140 143
642 221 630 221 651 219 637 219 51
643 238 624 238 651 237 633 237 77
641 240 623 240 649 239 630 239 46
640 281 607 281 649 285 614 285 9
637 326 588 325 647 339 593 339 20
636 331 586 331 647 345 591 345 17
646 82 641 83 653 77 648 78 96
648 88 642 87 655 83 649 82 52
648 96 642 96 655 91 649 91 119
645 107 636 107 653 101 644 102 280
646 116 636 116 657 111 644 111 352
649 154 636 153 657 149 644 149 86
646 167 634 167 653 163 641 163 60
645 185 634 183 653 181 643 181 26
649 214 637 213 657 211 643 210 69
642 303 602 303 653 311 609 312 16
645 329 597 329 657 343 601 343 35
642 332 591 332 655 347 599 347 58
653 69 646 68 661 63 653 63 57
652 64 645 63 659 59 653 57 127
654 105 643 106 663 99 657 98 227
654 109 642 109 661 103 645 101 168
651 115 638 114 659 109 646 109 208
653 161 640 161 661 157 648 157 69
655 163 642 164 663 159 650 159 69
651 171 639 173 659 167 646 168 33
653 188 640 188 661 185 648 184 27
655 194 642 194 663 191 649 191 24
651 245 627 243 661 245 637 243 65
647 276 621 277 661 279 627 279 26
653 292 614 289 663 297 623 296 11
645 324 599 323 659 337 607 336 32
659 59 651 58 667 53 659 52 64
657 81 650 80 665 75 657 77 55
661 85 654 84 669 79 661 81 40
661 92 654 92 669 87 661 86 86
659 94 652 94 667 89 659 89 96
663 105 653 106 669 101 660 101 96
657 119 645 115 665 111 652 110 169
657 122 649 121 665 119 657 117 219
660 139 651 139 667 135 658 134 166
659 224 636 223 669 223 645 222 122
659 235 634 236 669 235 643 237 68
653 334 601 334 665 349 608 349 25
665 51 657 51 673 45 665 45 63
663 49 655 49 671 43 663 42 64
667 49 659 49 675 43 667 43 74
667 55 659 55 675 49 667 49 115
667 75 659 74 675 69 667 68 59
663 71 654 72 671 65 663 65 39
666 96 657 96 673 91 662 92 60
666 95 657 95 675 89 666 89 76
665 101 656 101 675 95 666 95 44
664 113 656 112 671 109 663 108 123
667 120 659 120 675 115 667 114 44
667 121 659 118 675 113 667 114 46
667 135 659 133 675 131 666 131 72
665 173 652 172 673 169 660 169 9
665 232 640 233 675 231 649 231 83
661 228 638 227 671 227 646 227 137
661 233 636 234 671 233 644 233 81
665 295 625 296 675 301 637 302 15
660 294 624 294 673 299 633 300 14
660 299 620 298 673 307 630 308 14
662 320 616 320 675 331 624 331 31
669 51 660 49 677 45 668 43 84
673 49 665 49 681 43 673 43 79
673 55 665 54 681 49 673 48 126
673 65 664 65 681 59 672 59 83
669 88 661 88 677 83 669 83 62
671 108 662 108 679 103 670 103 40
670 138 660 139 677 133 671 134 47
669 154 656 154 677 149 664 149 8
672 196 658 196 681 193 666 193 85
668 222 641 222 679 221 650 221 115
672 245 648 246 681 245 651 244 71
671 276 639 275 681 279 651 280 36
666 292 630 291 677 297 638 297 13
667 293 631 293 679 299 641 299 14
668 302 626 302 679 311 633 311 14
679 57 670 56 687 51 678 51 159
676 157 665 157 685 153 673 152 7
677 192 663 192 685 189 671 189 76
676 218 649 218 687 217 658 217 141
673 253 649 253 683 255 658 255 45
672 262 647 262 683 263 656 262 19
673 281 641 281 685 285 652 285 17
669 311 627 311 683 321 636 321 8
665 325 619 325 683 339 631 339 19
673 331 624 331 687 345 631 345 35
683 61 674 61 691 55 682 55 205
685 91 676 90 693 85 684 85 128
682 94 674 94 691 89 682 89 235
681 115 672 115 689 109 680 107 196
684 190 665 189 693 187 679 187 61
682 196 667 196 691 193 675 193 84
684 196 668 196 693 193 677 193 63
679 222 652 222 691 221 662 221 197
677 283 646 283 689 287 655 287 18
691 61 685 61 699 55 693 55 300
689 111 679 115 697 107 688 106 181
689 119 680 119 697 115 688 113 199
687 154 676 154 697 151 685 150 15
689 171 676 170 697 167 685 166 9
690 173 678 173 699 171 686 169 8
687 203 671 201 699 201 681 199 126
688 233 659 235 699 233 669 235 100
685 248 652 246 697 249 667 249 81
682 279 649 278 695 283 661 283 16
687 289 652 288 699 293 663 294 59
681 327 631 326 697 341 640 341 29
694 91 685 90 703 85 693 84 96
696 165 684 164 705 161 693 161 9
694 183 682 183 703 179 690 179 17
692 184 680 183 701 181 689 180 18
692 209 673 211 705 207 684 209 123
686 249 658 249 701 251 667 250 62
693 287 658 286 705 291 669 291 34
691 303 651 303 705 311 662 311 46
688 307 647 306 703 315 659 316 49
690 336 639 336 705 351 647 351 34
700 51 691 51 709 45 700 44 122
698 61 690 60 707 55 698 55 164
699 144 688 143 709 139 697 139 275
701 183 689 186 709 183 696 181 10
697 229 667 229 711 229 679 229 146
696 246 665 246 709 247 676 247 83
694 244 664 244 707 245 675 245 57
698 269 668 271 711 271 679 273 64
693 313 653 315 709 323 663 324 36
691 337 637 337 709 353 652 353 34
706 35 699 34 715 29 708 27 69
704 37 696 37 713 31 705 30 54
708 61 698 62 717 55 707 55 154
703 104 693 103 717 99 707 98 166
708 179 695 177 717 175 704 174 14
701 201 683 200 715 199 689 199 96
703 225 672 225 717 225 684 225 108
701 229 671 229 715 229 682 229 131
702 245 669 243 715 245 681 244 50
700 296 663 296 715 303 675 303 59
698 295 662 294 713 301 673 301 53
697 299 660 299 713 307 672 307 51
699 301 661 301 715 309 673 309 45
693 333 645 333 717 349 661 349 35
714 35 706 35 723 29 715 28 131
710 43 702 43 719 37 710 36 121
713 60 702 59 723 53 712 52 196
714 67 705 67 723 61 714 61 91
712 75 703 74 721 69 712 68 60
710 81 701 80 719 75 710 75 44
710 77 701 76 719 71 710 71 56
701 96 693 96 719 91 709 91 80
714 120 705 119 723 115 714 114 233
714 126 705 125 723 121 714 121 206
710 145 699 144 719 141 709 139 261
713 155 702 155 723 151 711 150 202
711 189 699 188 721 185 708 185 19
707 227 676 227 721 227 688 227 94
705 249 674 251 719 251 686 253 35
705 259 674 260 719 261 686 263 47
709 257 678 257 723 259 689 259 64
716 33 708 33 725 27 717 26 133
720 37 710 38 729 31 719 32 149
720 43 711 43 729 37 720 37 231
717 65 711 64 727 59 722 59 288
720 88 710 88 729 83 719 82 61
718 124 709 123 727 119 718 119 226
720 132 711 131 729 127 720 127 205
720 139 711 139 729 135 720 135 334
717 145 707 145 729 141 717 141 575
717 151 706 151 727 147 715 147 219
720 173 709 171 729 169 718 169 16
713 199 691 198 729 197 707 196 72
714 221 683 221 729 221 696 220 113
712 225 681 225 727 225 694 225 105
711 250 679 250 725 253 693 251 35
715 261 682 261 727 263 695 264 23
711 285 679 285 729 291 694 291 26
711 292 678 292 727 297 690 297 35
706 335 656 335 727 351 670 351 41
701 338 653 339 725 355 667 355 33
709 341 658 342 729 357 671 357 31
722 69 713 69 731 63 722 63 103
723 94 715 94 733 89 725 89 95
725 118 714 118 735 113 724 113 192
724 128 715 127 733 123 724 123 264
724 141 715 141 733 137 724 137 304
725 143 715 143 735 139 725 139 497
723 151 712 150 733 147 722 147 247
722 157 712 157 731 153 721 153 146
722 180 711 179 731 177 721 176 17
718 199 696 198 731 197 709 197 154
720 219 690 220 735 219 702 219 160
716 218 686 217 731 217 698 217 90
716 223 685 223 731 223 698 223 88
716 229 685 229 731 229 698 229 82
718 235 686 235 731 235 698 236 76
715 269 687 270 733 273 700 274 22
717 299 679 298 733 305 693 305 26
711 340 663 341 733 357 675 357 30
727 84 716 84 737 79 726 78 50
727 108 716 108 737 103 726 102 190
729 115 718 114 739 109 728 107 190
729 120 718 120 739 115 727 116 455
728 126 719 125 737 121 727 120 360
728 131 718 130 737 127 727 127 302
727 155 716 154 737 151 726 150 181
727 181 716 182 737 177 726 178 35
729 195 709 195 741 193 722 192 65
722 215 693 215 737 215 705 215 96
726 219 695 220 741 219 709 219 156
721 250 687 249 737 251 701 250 41
725 260 692 260 741 263 705 263 58
723 340 668 339 739 355 681 355 48
737 98 725 97 747 93 736 91 46
737 172 725 171 747 169 735 168 14
728 218 697 217 743 217 711 217 104
731 221 701 221 747 221 715 221 46
729 223 699 223 745 223 713 223 88
727 294 693 294 743 299 707 299 48
727 345 674 345 743 361 683 361 24
739 52 729 50 749 45 736 45 58
738 107 726 106 749 101 737 101 78
742 126 730 126 753 121 740 121 42
741 175 729 174 751 171 739 171 41
735 225 705 225 751 225 719 225 63
735 239 702 239 753 241 717 241 163
736 252 703 252 753 255 717 255 242
733 260 700 260 751 263 714 263 153
744 48 729 49 755 41 743 40 49
748 83 736 83 759 77 747 76 58
744 112 733 112 755 107 743 107 26
746 122 734 122 757 117 744 117 44
745 139 733 139 755 135 743 135 35
748 147 736 145 759 141 747 140 17
747 178 734 178 757 175 745 174 38
746 182 726 182 759 179 738 179 48
740 216 711 215 757 217 727 215 105
740 225 713 225 757 225 728 225 52
738 242 704 241 755 243 719 243 177
739 269 705 269 757 273 721 273 146
752 85 740 85 763 79 751 78 57
754 83 742 82 765 77 753 76 55
754 134 742 133 765 129 753 129 42
752 142 740 143 763 137 750 136 39
750 174 738 174 761 171 749 169 45
752 178 740 178 763 175 751 175 38
744 221 715 221 761 221 730 221 40
743 249 710 249 761 251 724 251 343
743 291 708 290 761 297 724 296 144
745 297 710 298 763 303 724 304 135
743 300 704 300 761 307 721 307 92
755 37 743 36 767 29 754 29 46
760 168 747 168 771 165 758 163 35
753 186 732 186 767 183 746 183 34
754 206 727 206 771 205 741 205 166
753 210 727 210 769 209 739 209 130
750 210 725 210 767 209 739 209 171
753 227 723 227 771 227 738 227 103
751 241 713 241 769 243 733 243 247
748 269 707 269 769 275 725 275 113
749 279 709 279 769 287 726 286 107
763 55 751 54 777 47 762 47 32
761 87 748 89 773 83 760 81 57
765 93 753 92 777 87 764 87 59
761 122 748 122 773 117 759 116 27
765 126 752 125 777 121 764 121 24
764 133 751 133 775 129 762 128 28
764 175 751 174 775 171 762 171 44
761 177 749 178 773 175 760 175 44
759 189 738 191 773 187 753 185 41
757 221 728 222 775 221 743 221 54
755 261 714 262 775 265 733 267 153
754 281 713 281 775 287 730 287 69
752 308 712 308 773 317 729 317 32
773 30 758 30 783 23 770 22 29
771 37 752 38 783 29 763 31 56
769 121 757 121 781 115 767 115 21
771 145 759 145 783 141 770 141 43
769 148 757 146 781 143 768 143 32
769 152 757 154 781 149 768 147 32
771 157 759 155 783 151 770 151 36
769 158 757 161 781 157 768 155 30
769 165 757 165 781 163 768 163 40
769 172 757 172 781 169 768 169 32
765 219 734 219 783 219 751 219 59
761 217 731 217 779 217 747 217 59
760 257 718 257 781 261 735 261 224
775 25 762 24 787 17 774 16 38
777 33 761 33 789 25 772 26 31
775 84 762 84 787 79 774 78 30
777 95 763 95 789 89 775 89 38
773 149 761 148 785 145 772 145 34
773 157 761 155 785 153 772 152 34
774 164 761 164 785 161 772 161 42
775 167 762 167 787 163 774 164 62
777 178 764 178 789 175 775 175 43
780 30 767 29 795 21 779 21 28
780 63 767 59 793 55 779 55 24
778 80 765 80 791 73 778 71 26
779 88 765 89 791 83 777 82 28
780 99 767 98 793 93 779 92 26
779 127 765 128 791 123 777 123 49
776 188 756 187 791 185 770 185 33
778 190 757 188 793 187 772 188 34
773 210 744 210 793 209 761 209 79
772 223 742 223 791 223 759 223 141
768 243 725 243 791 245 743 245 271
771 245 728 245 795 247 748 249 267
769 246 726 246 793 249 746 250 252
787 48 773 47 799 41 786 40 24
788 93 774 92 801 87 787 86 31
786 99 773 100 799 93 785 93 25
788 132 774 129 801 127 787 125 57
785 169 771 170 797 167 783 166 28
786 178 772 177 799 175 784 174 39
782 186 761 185 797 183 776 183 37
784 188 763 190 799 187 778 186 22
774 236 731 237 801 237 753 238 288
773 237 729 238 799 239 752 239 343
776 258 733 258 799 263 754 264 144
792 42 778 41 805 35 791 34 31
793 58 779 57 807 51 792 49 32
793 65 779 64 807 57 792 57 36
793 68 779 68 807 61 792 62 33
792 86 778 87 805 81 791 79 48
794 101 780 100 807 95 792 95 49
794 132 780 131 807 127 793 127 56
790 174 777 174 803 171 789 171 55
790 171 776 171 803 167 789 167 36
789 200 769 199 805 197 785 197 12
797 46 781 46 809 39 795 38 18
799 45 783 45 813 37 799 36 25
799 50 783 50 811 43 797 42 46
799 70 785 69 813 63 798 63 41
795 87 781 86 809 79 794 79 43
799 89 785 89 813 83 798 82 65
796 95 783 94 809 89 795 88 40
800 148 786 147 813 143 799 143 87
800 155 786 153 813 151 799 149 78
796 190 776 189 811 187 791 186 24
784 258 743 259 809 263 766 265 203
784 265 737 264 811 271 759 271 158
804 51 790 50 819 43 804 42 57
801 66 786 63 815 59 800 57 45
801 73 787 73 815 67 800 67 60
805 72 790 70 819 65 804 65 61
803 194 783 194 819 191 799 191 17
789 249 749 251 815 253 766 253 290
786 255 739 254 815 261 761 259 181
783 271 731 269 815 279 753 281 147
807 43 792 42 821 35 806 34 41
808 188 789 188 825 185 804 185 41
793 260 746 261 823 267 771 268 136
794 292 744 291 825 303 769 303 39
812 106 788 105 831 99 806 98 43
809 114 786 114 827 107 803 107 44
809 121 785 118 827 113 803 114 51
812 121 789 121 831 115 806 114 58
811 161 791 160 829 157 806 156 70
818 106 795 106 837 99 813 97 23
818 110 795 109 837 103 813 104 35
814 114 791 114 833 107 808 106 29
817 123 793 123 835 117 811 116 58
814 127 789 126 833 121 808 121 91
815 146 792 148 833 139 809 139 51
815 155 791 155 833 151 809 151 59
817 153 793 153 835 149 811 149 58
819 176 796 177 837 171 813 171 41
817 180 794 180 835 177 811 177 55
802 306 751 305 835 319 777 319 52
822 82 798 80 843 75 817 73 70
819 85 796 85 839 77 814 76 84
806 274 754 273 839 283 782 282 91
809 278 757 277 843 287 784 287 80
806 280 755 280 839 289 781 289 87
825 85 802 85 845 77 821 76 38
824 119 800 120 845 115 818 114 11
825 164 800 163 845 161 818 160 18
829 189 805 188 849 187 824 186 10
812 259 757 261 845 269 787 270 175
813 274 760 273 847 283 786 282 102
811 279 758 278 845 289 786 288 83
813 299 759 299 847 311 786 311 90
813 312 760 312 847 327 787 327 87
813 334 761 331 847 351 788 351 52
835 161 810 160 855 157 829 157 7
816 303 760 301 851 315 790 316 74
817 321 764 321 853 337 792 337 74
824 218 773 218 861 221 805 221 58
825 229 773 229 861 237 800 238 227
824 256 774 257 859 267 803 265 257
819 309 764 309 857 325 793 323 99
820 323 766 322 857 339 795 339 70
844 115 820 115 867 109 839 107 10
843 134 819 134 865 129 839 128 6
845 136 823 139 867 131 840 130 10
842 159 818 159 863 155 837 155 9
829 229 778 233 865 233 807 231 127
826 273 773 273 865 283 803 283 107
829 321 774 323 867 337 804 339 52
827 330 772 332 865 347 802 349 45
847 115 822 114 871 109 844 108 6
847 172 822 172 869 169 842 167 8
829 268 776 269 871 279 805 277 139
830 280 773 280 869 291 805 292 86
832 276 777 275 871 287 808 286 96
829 286 774 285 869 299 805 298 75
834 296 777 297 873 309 809 311 60
830 316 777 317 869 331 807 332 45
852 149 827 147 875 143 849 141 10
836 237 782 237 875 243 814 243 126
838 299 782 299 879 313 814 313 125
835 297 779 297 875 311 811 311 95
836 305 779 305 875 319 811 320 95
835 317 775 316 875 333 811 334 77
859 110 833 108 883 103 856 102 9
858 121 833 121 881 115 855 114 6
860 125 834 124 883 119 856 118 9
844 222 791 222 883 225 822 224 196
845 226 791 226 883 231 822 231 304
842 224 789 223 881 227 821 227 130
845 267 789 267 885 275 822 276 103
842 271 786 271 883 281 819 281 121
842 297 785 297 883 311 819 312 78
863 136 839 137 887 131 859 129 10
849 229 795 229 889 233 828 233 114
847 231 793 231 887 235 826 235 135
850 257 796 257 891 265 829 264 63
845 293 789 293 887 307 822 307 161
847 297 791 297 889 311 824 311 211
847 311 789 311 889 327 822 327 132
871 142 845 141 893 135 867 135 12
853 246 799 246 893 253 833 253 103
855 256 801 257 895 265 833 265 56
853 272 795 272 895 283 831 283 218
850 283 793 283 893 295 828 295 198
850 285 793 285 893 297 828 297 187
854 290 797 291 897 301 832 302 158
852 300 795 301 895 315 830 315 112
853 296 796 297 897 311 831 309 212
853 307 796 307 897 323 831 323 127
851 333 793 333 893 353 827 353 41
852 339 793 339 895 359 827 359 63
850 339 792 339 893 359 829 360 38
858 274 801 274 901 285 836 285 163
857 277 800 277 899 289 835 288 190
857 307 800 307 901 323 835 323 85
859 312 801 312 903 329 837 329 117
859 318 801 318 903 335 836 335 160
859 332 799 331 901 351 834 351 72
858 335 801 335 903 355 835 355 89
859 232 806 232 907 237 837 237 103
864 297 807 297 909 311 843 311 78
862 300 805 300 907 315 841 315 256
865 311 807 310 907 327 843 327 202
861 314 803 314 905 331 838 331 133
865 320 803 319 909 337 842 337 134
860 333 802 333 905 353 839 353 61
860 339 803 339 905 359 838 360 49
870 262 815 263 911 271 851 271 154
868 328 812 328 913 347 848 347 89
867 333 809 333 913 353 846 353 79
872 211 822 211 917 213 855 212 84
877 261 826 261 919 269 863 269 194
873 300 815 300 919 315 853 315 159
874 328 816 328 921 347 851 347 88
882 227 827 227 927 231 866 231 253
882 233 827 232 927 237 866 237 287
879 274 821 274 927 285 866 285 88
876 296 818 296 923 311 857 311 167
878 300 820 300 925 315 859 315 203
881 309 823 309 925 325 859 325 232
877 331 819 331 925 351 858 351 94
879 335 819 335 925 355 858 355 77
884 229 830 229 929 233 868 233 85
891 254 843 254 933 261 879 261 91
890 250 841 251 931 257 877 257 76
885 287 827 287 933 301 867 301 241
879 333 825 333 931 353 863 353 93
882 339 825 339 933 359 865 359 80
887 290 829 289 935 303 869 303 317
889 285 831 285 937 299 871 299 179
891 289 831 290 939 303 873 303 115
889 302 831 302 937 317 871 317 234
890 335 832 335 939 355 872 355 81
911 65 878 65 945 53 907 53 51
891 284 833 284 941 297 875 297 278
895 288 838 288 945 301 879 301 345
895 296 838 297 945 311 879 311 398
892 306 833 306 941 321 874 321 306
895 321 833 321 945 339 869 339 90
893 333 836 333 943 353 875 353 112
893 339 835 339 945 359 879 359 71
892 339 834 339 943 359 877 359 68
917 78 881 78 951 67 914 66 107
916 84 882 83 951 73 913 72 68
905 227 851 227 951 231 888 230 434
905 256 852 255 951 265 892 263 83
904 255 852 255 949 263 890 261 103
898 274 841 274 949 285 883 285 211
897 293 840 293 947 307 881 307 283
900 302 843 302 951 317 885 317 177
922 84 888 83 957 73 920 72 67
902 278 845 277 953 289 887 289 269
904 279 847 279 955 291 890 291 355
904 281 847 281 955 293 890 293 324
903 286 847 286 953 299 887 299 301
906 295 848 294 957 309 891 309 366
903 312 845 312 953 329 884 329 150
915 243 865 241 963 249 905 249 47
912 248 859 249 961 255 900 255 119
916 256 860 256 963 265 909 265 91
908 274 850 274 959 285 894 285 236
910 335 853 335 963 355 894 355 89
913 289 855 289 965 303 899 303 190
913 295 855 295 965 309 899 309 170
914 312 854 312 967 329 897 329 172
909 331 853 331 965 351 896 351 110
916 327 857 328 969 347 903 347 85
915 333 859 333 969 353 900 353 115
933 91 892 92 971 81 931 79 67
934 95 896 95 973 85 931 85 63
933 123 895 123 971 115 931 114 41
937 120 901 120 975 113 935 112 58
937 139 900 138 975 133 935 132 30
922 248 869 248 973 255 913 255 62
921 268 862 268 973 279 913 279 166
922 293 864 293 975 307 909 307 278
918 301 860 302 971 317 905 317 116
919 329 862 329 973 349 907 349 140
938 93 899 92 977 83 935 82 41
938 99 900 99 977 89 936 88 61
943 115 907 114 981 107 941 107 56
941 131 902 132 979 125 938 124 39
943 144 905 144 981 139 941 138 38
939 148 902 149 977 143 937 143 26
926 219 872 219 977 223 918 223 208
927 293 869 293 981 307 915 307 339
921 328 865 327 977 347 911 347 93
923 333 865 333 977 353 913 353 130
923 339 867 339 979 359 916 360 96
946 92 907 91 987 81 945 80 89
944 97 906 97 985 87 942 86 34
943 104 906 103 985 93 942 94 49
946 131 908 131 985 125 944 124 46
946 137 908 137 985 131 944 131 59
944 143 906 142 983 137 942 137 38
932 295 874 295 987 309 921 309 270
931 300 873 300 985 315 919 315 186
950 135 913 135 989 129 949 128 40
949 143 911 145 989 137 949 136 48
937 293 880 293 993 307 927 307 236
935 331 874 331 993 351 919 351 110
933 335 874 335 989 355 923 355 88
957 95 919 96 997 85 957 85 70
958 104 919 104 999 95 957 94 72
957 110 918 110 999 101 956 101 65
957 117 920 117 999 109 956 108 37
938 289 882 290 995 303 929 303 212
939 300 881 300 995 315 929 315 250
939 327 879 327 999 347 931 347 110
961 127 922 127 1003 119 962 118 42
960 134 923 133 1001 127 960 127 34
960 141 919 142 1001 135 958 135 47
960 137 922 137 1001 131 960 130 27
965 144 928 144 1005 137 965 138 31
940 274 885 274 1001 285 935 285 125
944 287 887 288 1001 301 935 301 132
946 293 888 291 1003 307 937 306 138
944 326 886 326 1003 345 934 345 165
946 331 891 331 1003 351 937 351 146
943 337 885 337 1001 357 934 358 145
949 339 888 339 1003 359 936 360 85
966 154 929 153 1007 149 968 148 25
972 182 937 181 1011 179 974 179 29
952 268 899 267 1011 279 947 279 212
949 335 891 335 1007 355 942 355 96
972 106 933 106 1015 97 973 96 39
976 170 941 169 1017 167 978 167 21
974 245 935 244 1015 249 973 248 54
972 248 933 248 1015 253 972 253 74
959 319 900 319 1017 337 950 337 95
957 319 898 319 1013 337 949 337 216
955 327 898 327 1013 347 947 347 139
957 331 901 331 1017 351 950 351 93
957 337 900 337 1017 357 952 357 71
977 104 937 103 1019 95 978 94 38
980 141 937 141 1023 135 981 135 29
979 147 939 146 1023 141 980 141 29
979 167 944 164 1021 163 981 163 23
977 174 942 174 1019 171 980 171 20
982 170 946 169 1023 167 984 167 21
982 192 947 191 1021 191 984 189 25
977 199 945 199 1019 199 981 199 30
964 275 909 276 1023 287 959 286 208
961 307 903 307 1019 323 957 323 201
984 39 944 38 1029 23 986 22 97
979 74 937 72 1025 61 981 60 186
981 79 940 79 1027 67 982 66 108
980 85 939 84 1027 73 982 72 83
983 97 942 97 1029 87 985 86 57
980 148 942 148 1025 143 983 143 24
985 183 950 183 1027 183 986 181 16
969 301 912 301 1029 313 965 312 284
969 320 913 321 1027 337 965 338 199
986 55 948 54 1031 41 989 40 54
986 61 948 59 1031 47 989 46 49
986 125 946 124 1033 117 988 117 25
990 136 952 135 1035 129 993 129 28
987 146 947 146 1031 141 987 141 27
990 245 950 246 1033 251 989 250 35
988 252 948 252 1033 257 989 257 41
972 280 915 281 1031 293 967 293 238
973 288 917 287 1033 301 969 301 275
974 292 918 293 1035 307 970 307 184
974 300 918 300 1035 315 970 315 157
971 306 914 306 1031 321 966 322 199
973 304 915 305 1033 319 968 320 264
971 314 915 314 1033 331 968 331 147
991 34 953 33 1037 17 994 16 69
993 57 955 56 1039 43 997 42 59
995 66 954 67 1041 53 995 54 77
991 85 951 85 1039 73 994 73 51
993 125 953 124 1039 117 996 116 30
993 139 954 138 1039 133 996 132 30
993 135 957 138 1041 131 998 130 27
999 177 962 176 1041 173 1001 172 15
993 189 957 188 1037 187 997 187 15
990 261 948 262 1037 267 991 268 26
992 263 949 263 1039 269 993 270 24
992 269 950 269 1039 277 992 276 61
978 288 922 287 1039 303 975 303 67
980 298 924 298 1041 313 977 314 142
978 298 921 297 1039 313 975 311 260
978 304 922 304 1039 319 974 320 140
974 318 918 318 1037 335 970 336 96
997 59 949 59 1043 45 990 45 132
999 62 953 62 1045 49 995 49 122
1000 61 951 60 1047 47 997 48 124
996 99 955 98 1043 89 998 88 53
1001 158 961 157 1047 153 1004 153 28
1003 183 965 181 1047 181 1006 180 12
1000 189 962 188 1045 185 1004 185 17
1000 189 963 189 1045 189 1003 187 12
1003 148 963 148 1049 143 1007 142 58
1008 196 970 195 1053 195 1012 195 17
1006 192 969 191 1051 191 1011 191 17
1003 249 965 249 1049 253 1006 253 36
1000 257 959 257 1049 263 1003 263 35
1001 307 960 307 1053 319 1006 320 28
1006 97 964 96 1055 87 1010 86 46
1006 102 966 101 1057 91 1011 91 47
1007 136 970 135 1057 129 1011 129 52
1008 134 968 134 1057 127 1011 127 59
1006 143 967 142 1055 137 1012 136 34
1011 148 970 148 1059 143 1015 143 30
1010 167 969 165 1059 165 1015 165 30
1011 183 975 183 1059 181 1013 181 29
1008 185 971 184 1055 183 1013 182 18
1013 189 975 188 1059 187 1018 187 20
1005 261 962 260 1055 267 1006 266 28
1006 303 961 302 1057 315 1007 315 7
1015 83 974 82 1065 71 1021 69 38
1015 99 974 97 1065 89 1021 88 70
1015 107 974 106 1065 97 1019 97 55
1013 127 971 125 1063 119 1018 119 45
1012 130 972 129 1061 123 1017 122 36
1019 171 978 169 1065 169 1024 168 39
1016 198 981 197 1061 197 1021 197 27
1019 203 984 202 1063 203 1025 202 26
1014 254 975 255 1063 259 1018 259 52
1011 268 965 268 1061 275 1012 275 31
1012 308 970 309 1065 321 1015 320 10
1011 317 969 317 1065 331 1017 331 7
1019 88 977 88 1071 77 1025 76 51
1020 119 978 118 1069 111 1025 111 53
1017 123 976 123 1067 115 1022 114 34
1018 137 979 137 1067 131 1024 130 37
1017 155 975 153 1067 151 1022 150 43
1020 160 977 159 1071 155 1025 154 62
1016 163 973 161 1067 159 1022 159 36
1022 177 983 178 1069 175 1027 175 35
1022 195 984 194 1071 193 1028 194 36
1015 249 975 249 1067 255 1020 254 26
1015 262 971 262 1067 269 1020 269 36
1018 265 974 265 1071 273 1022 273 29
1016 270 967 269 1067 277 1017 277 20
1017 311 972 311 1069 323 1021 323 6
1023 122 982 121 1073 113 1029 113 48
1021 158 979 157 1073 153 1026 152 43
1027 184 986 184 1075 183 1032 183 34
1026 190 986 190 1075 189 1032 189 36
1032 222 996 221 1075 225 1041 225 24
1020 262 978 264 1073 269 1025 270 39
1019 267 976 267 1073 275 1024 276 30
1026 43 985 42 1079 27 1034 26 69
1027 83 986 82 1079 71 1033 70 44
1027 121 985 121 1079 115 1034 114 41
1027 150 985 150 1079 145 1033 145 57
1033 190 993 190 1083 189 1040 189 35
1037 216 999 216 1081 217 1041 217 22
1027 251 984 251 1079 257 1032 256 51
1032 49 990 48 1085 33 1039 32 84
1033 83 992 82 1085 71 1040 70 47
1033 114 992 113 1085 105 1041 103 41
1032 141 989 141 1087 135 1039 134 82
1032 150 990 150 1085 145 1040 144 55
1033 165 992 164 1085 161 1041 161 32
1038 179 999 179 1087 177 1045 177 71
1034 186 996 186 1085 185 1042 185 45
1035 211 999 210 1087 211 1041 212 29
1029 271 984 272 1085 279 1035 280 28
1033 273 987 273 1089 281 1037 281 24
1030 284 986 286 1085 295 1036 294 10
1032 312 988 313 1087 325 1035 325 8
1030 318 987 316 1087 331 1039 330 8
1041 105 1000 104 1095 95 1049 94 59
1039 130 997 130 1095 123 1049 123 102
1037 143 994 144 1093 137 1045 136 80
1035 152 994 152 1091 149 1043 147 61
1038 270 991 269 1091 277 1041 277 62
1047 103 1006 101 1101 93 1055 92 57
1047 99 1004 99 1099 89 1053 88 55
1043 105 1001 104 1097 95 1051 94 68
1044 142 1001 141 1101 135 1053 134 89
1040 140 998 138 1097 133 1049 132 80
1047 159 1005 159 1101 155 1056 154 77
1046 183 1004 183 1101 181 1054 181 59
1048 209 1008 209 1101 211 1057 211 31
1044 256 1001 255 1099 263 1052 263 26
1042 319 994 319 1099 333 1047 335 10
1048 79 1007 78 1103 67 1057 66 96
1052 91 1012 91 1107 79 1062 79 101
1046 129 1003 129 1103 121 1055 120 69
1049 145 1005 144 1105 139 1057 138 70
1050 143 1007 142 1107 137 1060 137 72
1049 154 1006 153 1105 149 1058 148 55
1051 156 1008 155 1107 151 1060 150 107
1051 168 1010 167 1105 165 1060 164 99
1047 174 1003 175 1103 171 1055 171 94
1050 170 1009 169 1103 167 1059 166 102
1053 192 1014 191 1105 191 1062 190 54
1052 209 1012 208 1105 211 1061 211 37
1054 210 1014 211 1107 213 1063 213 39
1044 314 999 315 1103 329 1052 329 13
1044 320 1000 319 1103 335 1051 336 11
1058 63 1017 62 1113 49 1068 48 97
1053 105 1011 104 1109 95 1061 95 103
1054 145 1012 144 1111 139 1064 138 67
1058 168 1019 169 1113 165 1068 164 134
1057 183 1015 182 1113 181 1067 180 46
1055 181 1018 179 1111 179 1065 179 92
1061 203 1020 203 1113 205 1069 204 38
1056 207 1015 207 1109 209 1065 209 34
1060 208 1020 207 1113 211 1070 210 44
1060 212 1019 212 1113 215 1069 215 57
1061 83 1022 83 1115 71 1072 70 90
1057 120 1014 119 1115 111 1067 110 69
1060 136 1016 136 1117 129 1070 128 84
1058 139 1015 138 1115 133 1068 132 68
1061 143 1019 142 1119 137 1071 137 91
1063 150 1017 150 1117 145 1074 144 107
1061 154 1017 153 1117 149 1070 148 159
1065 209 1025 209 1119 211 1076 210 38
1068 33 1028 32 1123 17 1079 16 60
1065 108 1023 108 1121 99 1076 98 70
1067 135 1023 137 1121 129 1074 128 121
1063 132 1019 132 1121 125 1074 124 85
1066 157 1024 157 1123 153 1077 152 83
1069 181 1028 180 1125 179 1081 179 67
1068 186 1026 186 1125 185 1079 185 80
1067 215 1026 216 1121 219 1077 217 25
1067 122 1024 121 1127 113 1079 112 65
1069 155 1027 154 1127 151 1081 150 92
1073 175 1034 174 1129 171 1083 172 100
1072 190 1031 189 1129 189 1083 188 110
1075 89 1033 91 1133 81 1085 81 90
1079 138 1037 136 1137 131 1091 131 51
1079 159 1039 158 1135 155 1091 154 78
1078 174 1037 173 1135 171 1090 170 85
1078 180 1037 180 1135 177 1090 177 92
1077 206 1038 205 1137 209 1092 209 53
1086 133 1043 134 1143 127 1095 127 64
1080 188 1037 188 1139 187 1092 187 105
1084 197 1043 197 1141 197 1096 197 93
1083 203 1043 203 1143 205 1099 205 100
1084 209 1044 209 1141 211 1097 211 54
1089 93 1046 92 1149 83 1098 83 108
1087 182 1044 181 1147 181 1100 181 86
1085 188 1042 188 1145 187 1098 187 94
1089 195 1047 194 1147 195 1102 194 79
1090 203 1049 201 1147 203 1103 203 85
1087 207 1047 207 1145 209 1100 208 51
1093 132 1050 131 1151 125 1107 124 92
1090 137 1048 139 1151 131 1105 130 79
1092 147 1049 147 1153 143 1106 142 88
1094 152 1051 151 1155 147 1108 146 96
1091 164 1049 163 1151 161 1105 160 76
1090 179 1047 178 1151 177 1104 177 85
1094 201 1053 200 1151 201 1107 201 54
1095 204 1055 204 1153 205 1109 205 97
1109 245 1078 245 1153 249 1121 249 8
1101 101 1054 100 1161 91 1108 90 156
1101 108 1059 107 1161 99 1115 98 80
1099 116 1055 115 1157 109 1113 107 61
1098 148 1055 147 1159 143 1112 143 82
1102 163 1061 162 1161 159 1117 159 45
1101 166 1060 166 1159 163 1115 163 69
1102 203 1061 203 1159 203 1115 202 78
1106 118 1063 120 1165 109 1121 108 113
1104 139 1061 139 1167 133 1120 132 85
1106 153 1069 153 1167 151 1122 150 68
1105 188 1066 188 1163 187 1120 186 102
1110 81 1067 79 1171 67 1126 67 118
1106 144 1070 144 1169 139 1122 138 85
1110 159 1069 159 1171 155 1126 154 52
1112 173 1074 173 1171 171 1128 170 104
1110 185 1071 184 1169 183 1125 183 89
1112 183 1073 182 1171 181 1129 180 83
1114 189 1075 188 1173 187 1129 188 120
1111 197 1073 196 1169 197 1127 196 54
1129 256 1098 255 1173 259 1141 258 10
1111 101 1068 100 1175 91 1128 90 75
1120 190 1081 189 1179 189 1137 189 66
1121 208 1084 208 1177 209 1140 208 50
1129 225 1097 224 1177 227 1141 226 11
1120 231 1091 230 1175 235 1140 233 13
1123 148 1083 146 1185 143 1141 142 58
1121 157 1081 156 1183 153 1139 152 49
1126 182 1085 180 1185 181 1143 180 93
1125 188 1086 187 1185 187 1142 186 74
1125 193 1085 193 1181 193 1135 194 80
1126 213 1092 213 1185 215 1143 214 29
1126 110 1084 109 1191 101 1144 100 124
1124 114 1082 113 1187 105 1142 105 114
1126 127 1084 126 1191 119 1144 119 124
1127 141 1088 142 1189 135 1145 134 69
1131 182 1090 181 1191 181 1150 181 77
1140 238 1108 238 1191 241 1155 241 10
1141 251 1110 251 1191 257 1158 257 12
1128 119 1087 119 1193 111 1147 110 136
1132 117 1089 116 1197 109 1151 108 118
1131 137 1090 136 1193 131 1149 130 98
1133 152 1092 151 1195 147 1150 147 88
1133 209 1101 207 1193 211 1161 213 38
1135 209 1096 208 1195 211 1152 210 22
1142 236 1112 236 1193 239 1159 238 11
1136 113 1094 113 1201 105 1156 103 120
1136 119 1095 118 1201 111 1155 110 88
1136 146 1095 145 1199 141 1154 140 79
1139 146 1098 145 1203 141 1158 140 85
1138 215 1102 214 1199 217 1160 216 28
1141 218 1102 217 1199 221 1156 219 22
1152 233 1120 233 1203 235 1170 235 10
1143 145 1102 144 1207 139 1162 138 96
1144 150 1103 149 1207 145 1162 144 79
1142 151 1101 150 1205 147 1161 146 65
1145 153 1105 152 1209 149 1165 148 66
1145 213 1108 213 1207 215 1163 214 23
1155 243 1124 243 1207 247 1173 247 14
1157 246 1125 246 1209 249 1174 249 12
1155 255 1123 255 1207 259 1173 259 11
1156 174 1114 173 1213 175 1166 175 79
1155 131 1114 131 1217 123 1177 124 117
1151 139 1111 138 1217 133 1175 132 136
1167 227 1136 227 1223 229 1196 228 12
