85 155 62 155 51 155 26 156 102
85 172 61 172 51 173 26 173 130
84 97 57 97 57 95 27 95 104
89 145 63 147 55 147 31 147 26
87 103 59 103 61 101 31 101 60
95 138 73 138 63 137 38 137 42
96 146 73 146 63 147 39 146 23
92 151 69 151 59 151 34 151 21
94 153 70 153 61 153 36 153 26
92 171 69 171 59 173 34 174 47
96 173 73 173 63 175 39 175 53
92 179 69 179 59 181 34 181 41
96 179 73 179 63 183 39 182 40
92 187 69 186 59 189 34 189 40
96 190 73 190 63 193 38 193 64
92 200 69 201 59 203 34 203 78
97 144 74 144 65 143 41 142 22
99 149 76 149 67 149 43 148 18
100 176 77 177 67 179 42 180 85
99 182 76 182 67 185 42 184 74
105 132 82 132 73 131 50 131 32
102 146 80 145 71 145 46 145 31
107 152 84 153 75 153 50 153 42
105 157 81 157 75 159 49 158 42
106 179 84 179 75 181 51 181 108
104 105 77 105 77 103 49 103 32
114 123 87 123 79 121 54 121 19
112 123 86 123 77 121 53 121 15
109 161 86 160 79 161 53 163 59
112 179 90 179 81 181 57 181 140
108 183 86 183 77 185 53 185 186
112 190 90 191 81 193 57 192 107
109 101 83 101 83 99 55 99 65
114 185 92 185 83 189 59 189 77
117 192 95 192 87 195 65 195 67
118 107 91 107 91 105 64 105 57
118 119 89 118 89 117 59 117 18
118 132 96 132 89 131 73 129 16
122 194 100 193 93 197 70 197 71
118 196 97 196 89 199 66 199 113
124 45 102 46 95 39 71 37 173
122 103 95 103 95 101 67 101 25
125 186 102 187 95 189 73 188 74
126 190 104 191 97 193 74 193 93
130 51 108 53 101 47 78 47 160
131 68 107 68 101 63 79 64 104
129 176 108 176 101 177 78 175 104
133 181 112 181 105 183 82 183 117
129 183 108 186 101 187 78 185 80
129 188 108 189 101 191 78 190 100
133 202 112 202 105 205 83 205 206
138 30 117 31 109 23 81 22 261
135 39 111 39 107 33 85 34 214
139 41 115 41 111 35 86 35 255
137 48 117 49 111 43 89 44 193
138 73 113 73 111 69 85 69 57
138 105 112 105 111 103 85 103 35
135 135 117 136 109 135 89 135 20
137 160 115 160 109 161 87 161 87
135 164 113 164 107 165 85 165 70
138 179 117 179 111 181 89 181 146
137 183 116 183 109 185 87 185 82
138 189 117 191 111 195 89 195 125
160 287 116 287 109 301 58 301 107
139 65 114 65 113 61 87 61 76
143 65 117 65 117 61 91 61 70
139 69 114 69 113 65 87 65 68
143 75 119 75 117 71 91 71 48
144 111 120 111 117 109 92 109 32
137 126 117 126 113 125 90 127 16
143 133 124 134 117 133 97 134 17
142 175 121 175 115 177 93 176 115
140 187 119 186 113 189 91 189 152
144 191 123 191 117 193 95 193 145
166 274 125 273 115 287 70 286 243
167 281 123 281 115 295 64 295 199
164 287 120 287 113 301 63 301 116
145 39 124 39 119 33 97 33 121
149 42 128 43 123 37 101 38 127
145 46 124 47 119 41 97 42 175
145 52 124 53 119 47 97 48 121
149 67 125 67 123 63 98 63 61
147 71 123 71 121 67 96 67 70
148 75 122 75 121 71 96 71 42
163 263 117 263 121 273 72 273 251
172 267 128 267 121 279 77 278 209
172 285 129 285 121 299 73 299 117
171 301 129 301 121 317 74 317 178
155 77 133 77 129 73 104 73 58
153 102 133 102 129 99 105 97 31
152 107 126 107 125 105 99 105 40
155 107 134 107 129 105 106 105 85
155 121 133 121 129 121 101 119 28
151 126 131 127 125 125 103 126 22
155 128 132 128 129 127 106 127 18
151 131 132 134 127 133 104 133 20
168 243 125 243 125 251 77 251 153
157 73 134 73 131 69 107 69 73
157 69 133 69 131 65 107 65 59
157 87 135 87 133 87 111 85 23
160 92 139 93 135 89 113 89 13
158 113 134 113 131 111 106 111 32
160 109 143 110 133 107 109 107 71
156 137 135 137 131 137 108 137 19
158 185 139 185 133 187 113 187 112
176 261 133 261 133 271 85 271 161
180 266 142 265 135 277 92 276 203
181 274 141 274 133 287 90 286 201
165 24 145 25 139 17 114 17 171
170 47 146 47 141 41 115 41 87
172 54 146 54 141 47 115 48 29
166 92 145 93 141 89 120 90 22
165 101 144 102 141 99 119 99 48
164 97 143 97 139 95 118 96 37
167 115 145 115 141 113 117 113 73
163 209 144 209 139 213 118 213 166
183 234 144 233 137 241 94 240 100
182 255 143 254 137 265 91 265 165
184 259 142 259 141 269 95 269 156
186 268 148 267 141 279 99 278 224
173 55 147 55 145 49 115 49 28
172 109 151 109 147 107 125 107 84
172 115 151 115 147 113 125 113 63
171 139 151 139 147 139 127 139 33
169 152 149 152 145 153 124 153 95
170 156 151 156 147 157 126 157 73
167 158 147 158 143 159 122 159 79
167 172 147 172 143 173 122 174 110
171 176 151 177 147 179 126 180 95
171 193 151 192 147 195 126 195 106
169 190 149 188 145 191 123 189 220
171 229 151 227 147 233 118 233 190
189 235 152 235 145 243 104 242 96
187 239 149 239 143 247 102 246 119
188 243 151 242 145 251 104 250 116
192 253 153 253 147 263 105 262 118
190 253 153 252 145 263 103 262 135
188 288 152 285 145 299 104 298 217
189 305 150 304 143 321 99 320 135
181 44 157 44 153 37 129 38 140
177 53 152 54 149 47 123 48 91
174 113 153 113 149 111 127 111 144
176 160 156 160 153 161 132 161 185
176 180 157 182 153 183 132 182 177
192 257 152 257 149 267 104 267 203
196 259 159 258 153 269 112 268 180
181 30 159 30 155 23 131 23 151
184 35 159 34 155 27 131 27 215
185 41 162 42 159 35 134 36 259
181 103 161 103 157 99 136 99 348
178 109 159 108 155 107 134 107 117
178 129 157 130 157 129 131 129 42
182 141 162 141 159 141 138 141 83
182 165 162 164 159 167 138 166 356
178 170 158 169 155 171 134 171 245
178 171 158 171 155 173 134 173 250
182 177 162 176 159 179 138 179 376
182 186 162 186 159 189 138 188 298
178 188 158 187 155 191 134 190 284
178 200 158 200 155 203 134 203 431
198 253 160 252 155 263 113 262 113
197 262 160 262 155 273 114 273 171
201 268 165 267 159 277 125 277 232
197 269 160 269 155 279 114 280 194
196 296 161 295 155 309 116 308 167
187 102 167 101 165 101 145 102 358
188 139 168 139 165 139 144 139 128
186 151 166 151 163 151 142 151 208
185 161 166 162 163 163 143 164 338
184 170 164 169 161 171 140 171 312
191 97 171 98 169 95 148 96 250
191 122 172 123 169 121 149 121 169
189 160 170 161 167 161 147 162 247
189 169 170 170 167 171 146 170 275
189 181 170 181 167 183 146 183 363
191 177 172 177 169 179 149 178 367
192 187 174 189 171 191 151 191 350
194 205 174 203 171 207 144 207 623
203 34 179 35 177 27 151 28 266
196 70 177 68 175 67 155 67 143
194 73 175 77 173 73 153 73 133
195 101 175 101 173 99 153 100 518
198 98 177 98 175 95 155 95 616
195 109 175 109 173 107 153 107 532
198 121 179 121 177 119 157 119 405
196 141 177 142 175 143 155 143 176
198 144 179 144 177 145 157 145 188
195 148 175 149 173 149 153 149 202
196 163 177 163 175 167 155 167 250
198 193 179 193 177 195 157 195 568
198 190 179 191 177 193 157 193 530
210 33 184 33 183 25 157 26 255
200 82 181 82 179 81 159 79 311
204 116 182 116 181 115 161 115 480
200 121 181 121 179 119 159 119 254
200 140 181 140 179 141 159 141 331
202 137 183 137 181 139 161 138 174
200 152 181 152 179 153 159 153 444
202 154 183 154 181 155 161 155 215
213 210 186 210 183 215 155 214 103
214 31 188 31 187 23 160 23 138
207 181 191 181 189 183 172 183 278
205 183 188 183 187 185 169 185 298
219 216 191 216 189 221 159 221 68
215 236 191 235 187 243 163 242 16
218 33 194 33 193 25 166 26 121
220 40 196 40 195 33 169 33 131
219 45 196 46 195 39 170 40 105
221 49 196 50 195 43 169 44 122
220 56 196 56 195 51 170 51 103
209 148 196 148 195 149 182 149 327
212 166 195 166 195 167 177 167 110
211 166 192 168 191 169 175 168 169
209 177 193 177 191 179 174 179 200
209 189 193 189 191 191 174 191 282
218 229 196 229 195 235 173 234 42
233 299 197 298 193 313 152 312 64
223 27 198 27 197 19 169 20 166
221 41 198 42 197 35 172 35 99
213 117 200 117 199 117 179 117 313
217 152 201 152 199 153 182 153 213
218 162 202 162 201 163 184 163 202
217 179 200 179 199 181 182 181 197
215 177 198 177 197 179 179 179 161
228 207 200 207 199 211 170 211 123
222 233 197 233 201 239 171 239 17
228 52 203 52 203 45 177 46 57
229 55 207 55 207 49 182 49 60
227 62 203 63 203 57 177 57 129
227 74 204 75 205 73 181 74 178
221 142 207 142 207 143 193 143 242
222 166 206 166 205 167 188 167 200
220 177 204 177 203 179 186 179 183
221 183 204 183 203 185 185 185 219
235 207 208 207 207 211 180 211 165
231 205 206 205 205 209 175 209 150
231 211 204 211 203 215 174 215 100
237 251 205 251 207 259 177 258 18
245 298 208 298 207 313 166 312 75
234 54 211 54 209 49 186 49 117
232 103 212 107 211 103 187 104 590
226 146 213 146 213 147 200 147 307
228 165 212 166 211 167 194 167 183
240 196 213 196 213 199 184 199 261
241 218 213 218 213 223 181 223 91
234 227 212 227 211 233 186 232 37
238 68 215 68 215 63 191 63 143
237 82 213 82 215 81 201 81 330
228 144 215 144 215 145 202 145 243
230 149 218 148 217 149 204 149 340
228 151 215 150 215 151 202 151 363
234 158 217 158 217 159 200 159 219
232 171 215 171 215 173 197 174 244
232 181 215 181 215 183 198 183 257
240 208 215 207 215 211 187 212 137
241 255 212 255 215 263 178 263 35
255 299 218 298 219 313 178 312 94
249 30 224 31 225 23 198 23 109
242 65 219 65 221 61 197 61 93
245 69 224 69 225 65 203 66 105
239 75 217 75 221 73 195 73 205
243 105 221 105 223 105 199 104 323
246 128 223 126 225 127 202 127 289
238 154 221 154 221 155 204 155 377
242 177 225 177 225 179 208 179 142
240 179 223 179 223 181 206 181 152
257 292 221 291 223 305 184 304 70
251 28 226 29 227 21 200 21 119
252 42 228 42 229 35 203 35 72
251 59 230 60 231 55 209 56 77
251 92 230 92 231 89 208 89 371
250 118 228 118 229 117 206 117 271
248 124 227 125 227 123 204 123 430
250 130 228 130 229 129 206 129 174
249 152 230 152 231 153 213 153 236
244 148 228 148 227 149 210 149 191
243 165 227 165 227 167 210 167 111
248 172 231 171 231 173 214 173 132
244 181 227 181 227 183 210 183 129
251 226 231 226 231 231 209 230 29
262 292 225 291 229 305 181 304 75
253 56 233 57 233 51 206 50 113
253 61 232 62 233 57 210 58 93
251 120 232 122 233 121 209 120 321
251 158 235 158 235 159 218 159 193
251 162 234 162 235 163 218 163 138
253 166 237 166 237 167 220 167 109
260 190 232 190 233 193 212 193 148
259 208 236 208 237 213 210 213 75
255 222 235 222 235 227 213 226 31
266 278 234 278 235 289 201 288 99
264 284 232 283 233 295 195 293 63
270 307 229 307 233 323 189 322 82
265 24 241 25 243 17 217 17 92
258 53 235 54 241 47 216 47 105
260 74 238 73 239 69 216 69 211
259 69 238 69 239 65 218 66 77
261 81 241 80 241 79 218 79 409
259 135 239 137 239 135 216 134 276
261 139 240 139 241 139 218 138 327
257 160 240 160 241 161 224 161 207
259 168 243 168 243 169 226 169 160
257 166 240 165 241 167 224 167 140
257 169 240 170 241 171 224 171 195
257 181 241 181 241 183 224 183 149
258 218 237 218 239 223 213 221 35
263 223 242 222 243 227 220 227 41
271 286 237 285 239 297 203 296 57
277 304 238 303 241 319 198 318 108
280 307 241 306 243 323 197 323 87
272 30 248 31 249 23 222 23 111
269 33 244 33 245 25 218 25 109
268 42 243 42 245 35 220 36 71
266 124 245 125 247 123 225 124 460
264 135 243 135 245 135 223 135 429
262 163 246 163 247 165 225 163 166
279 294 243 294 247 307 207 307 93
287 308 245 308 249 325 205 324 45
275 42 251 42 253 35 227 36 107
274 47 250 47 253 41 228 41 64
272 119 252 119 253 119 232 118 585
270 127 249 128 251 127 229 128 359
272 152 251 152 253 153 231 153 301
272 166 252 165 253 167 231 166 140
274 179 253 179 255 181 233 181 83
270 206 249 207 251 211 223 209 54
274 264 243 264 251 273 213 272 77
284 33 257 32 259 25 232 25 194
277 65 254 66 257 61 232 60 83
280 148 259 148 261 149 239 149 295
278 156 257 156 259 157 237 157 183
276 169 255 170 257 171 235 171 98
280 171 259 171 261 173 239 173 121
276 181 255 181 257 183 235 183 83
280 177 259 177 261 179 239 179 124
279 207 255 207 257 211 231 211 61
282 244 253 243 257 251 220 251 25
290 292 257 291 259 305 221 304 118
289 294 252 294 257 307 217 306 98
290 299 253 298 257 313 216 312 66
287 43 264 43 267 37 243 36 113
283 66 260 66 263 61 238 61 78
282 119 260 119 263 119 240 119 603
281 179 261 179 263 181 241 181 251
285 183 265 183 267 185 245 185 220
281 185 261 185 263 187 241 187 125
284 209 261 208 263 213 238 213 47
293 214 264 214 267 219 237 218 47
291 220 263 219 267 225 237 224 35
288 247 260 248 263 257 233 256 23
289 251 261 251 265 259 235 259 182
295 295 258 295 263 309 224 308 87
291 30 267 30 269 23 244 24 133
293 59 270 58 273 53 248 53 113
292 67 270 66 273 61 249 62 83
293 64 270 65 273 59 249 60 107
290 85 271 85 273 83 251 83 305
289 121 270 119 271 119 249 119 500
286 158 268 158 269 159 247 159 371
288 158 272 158 273 159 258 159 329
290 175 271 175 273 177 253 177 398
293 218 265 218 269 223 239 223 35
297 244 268 245 273 251 242 251 85
297 261 269 261 273 269 243 269 148
292 270 265 270 269 279 238 278 259
299 29 275 29 279 21 253 22 129
295 27 272 27 275 19 249 20 125
297 32 273 33 277 25 252 26 136
297 37 272 37 277 31 252 31 112
294 56 273 56 275 51 251 51 95
295 52 274 53 277 47 252 47 95
299 65 276 65 279 59 253 61 130
295 95 273 95 275 93 255 93 519
295 101 279 100 279 97 260 98 954
297 129 276 129 279 129 257 129 191
293 133 273 132 275 133 253 133 224
292 158 277 158 279 159 264 159 162
295 184 275 184 277 187 262 187 220
299 209 272 209 275 213 245 213 26
301 248 273 248 277 255 247 255 315
301 257 273 257 277 265 247 265 157
302 56 278 56 283 51 260 52 138
304 53 281 54 285 47 261 47 106
303 67 282 68 285 63 261 63 107
298 91 278 92 281 89 260 89 467
301 111 280 111 283 109 260 109 510
303 129 281 130 285 129 263 129 327
306 198 278 197 283 201 257 201 139
309 228 282 227 283 235 254 234 45
307 238 279 238 283 245 252 245 127
305 244 276 244 281 251 251 251 411
304 251 276 251 281 259 250 258 190
308 258 280 257 285 265 255 264 392
307 256 278 257 283 265 253 264 229
309 263 280 262 285 271 255 271 194
307 267 279 266 281 275 251 274 509
307 30 283 30 287 23 261 23 127
309 31 286 34 291 27 265 27 147
308 36 287 37 291 31 268 31 156
307 64 285 64 289 59 266 60 128
307 71 285 71 289 67 266 67 99
307 77 285 77 289 73 266 73 135
309 101 287 101 291 99 268 99 497
307 105 285 105 289 103 266 103 567
309 108 287 109 291 107 269 106 496
308 197 282 198 287 201 258 201 125
312 240 284 240 289 247 259 247 166
310 259 282 259 287 267 257 266 250
314 261 286 261 291 269 261 269 262
313 27 286 26 293 21 264 20 137
315 39 289 39 297 35 272 35 134
313 47 292 47 297 41 272 42 121
312 55 289 54 293 49 270 48 96
315 57 293 57 297 53 273 54 121
312 62 291 62 295 57 272 57 81
311 69 289 70 293 65 270 65 83
313 69 291 69 295 65 272 65 146
315 89 293 90 297 87 275 87 350
312 91 289 93 293 91 270 92 425
314 98 293 98 297 95 275 95 332
312 101 291 102 295 99 273 99 319
312 107 291 107 295 105 273 105 263
310 114 289 115 293 113 271 113 251
312 118 291 118 295 117 273 117 395
318 184 292 184 297 187 268 187 172
315 196 288 196 293 199 263 199 63
318 239 289 238 295 245 265 245 165
319 248 291 248 297 255 267 255 192
317 244 290 244 295 251 265 251 191
318 254 290 253 295 261 265 261 152
318 259 289 259 295 267 265 267 230
321 279 290 278 297 289 263 288 183
319 32 297 32 301 25 277 25 133
317 39 294 39 299 33 274 33 113
319 44 298 43 303 37 278 38 99
315 45 293 46 299 39 274 39 87
320 48 298 48 303 43 277 44 127
320 56 299 56 303 51 279 50 109
317 60 297 61 301 57 278 57 96
316 63 294 63 299 59 276 59 81
318 91 296 92 301 89 279 90 549
317 100 297 98 301 97 279 97 258
316 103 295 103 299 101 277 101 402
319 107 299 106 303 105 281 105 177
318 118 296 119 301 117 279 117 247
321 182 294 182 299 185 270 185 271
323 225 293 226 301 231 270 229 41
325 238 295 236 301 243 273 244 48
321 255 293 255 299 263 269 262 146
324 276 294 275 301 285 269 284 136
326 286 294 285 301 297 264 297 59
325 37 302 37 309 31 285 32 169
324 51 301 50 307 45 284 46 101
325 59 304 59 309 55 286 55 73
323 65 302 65 307 61 284 62 147
325 92 304 92 309 89 287 90 286
323 99 302 101 307 97 285 98 226
328 184 301 184 307 187 279 187 122
326 182 299 182 305 185 277 185 113
325 188 299 188 305 191 277 191 111
330 205 302 205 309 209 280 208 59
330 210 303 211 309 215 280 216 71
327 235 300 233 305 241 274 239 43
328 258 301 257 307 265 277 265 134
330 284 298 283 305 295 270 294 77
332 40 312 39 315 35 297 34 149
332 56 310 56 315 51 293 51 75
331 63 309 64 315 59 292 59 83
331 69 309 69 315 65 291 65 99
328 76 308 77 313 73 292 73 142
327 101 307 101 311 99 289 99 350
331 102 310 102 315 101 294 101 210
329 114 308 115 313 113 291 113 144
333 197 306 197 313 201 283 200 63
332 207 304 207 311 211 281 211 55
332 214 304 214 311 219 280 220 108
332 220 304 220 311 225 281 225 127
332 229 305 230 311 235 280 234 91
334 250 306 249 313 257 283 256 53
332 251 304 250 311 259 280 257 105
336 275 305 275 313 285 280 285 85
336 282 303 282 311 293 277 292 72
338 28 314 28 321 21 297 22 149
336 32 313 32 319 25 295 26 127
334 33 311 33 317 27 293 27 128
336 44 314 44 321 39 299 39 137
335 65 313 65 319 61 295 61 87
337 69 313 72 319 67 297 67 112
334 76 314 77 319 73 297 73 172
332 80 312 80 317 77 296 77 193
334 93 313 94 317 91 295 91 318
333 97 312 97 317 95 296 95 476
332 107 311 107 317 105 295 105 251
337 109 315 109 321 107 299 107 173
337 194 311 194 317 197 289 197 129
339 231 312 231 319 237 289 237 34
341 240 314 240 321 247 291 246 32
341 272 309 271 317 281 284 280 167
341 43 320 43 325 37 303 37 99
342 68 321 68 327 65 306 65 66
338 99 318 99 323 97 301 97 217
345 190 319 190 327 193 300 193 142
343 222 317 221 323 227 294 226 90
346 232 319 231 327 239 297 239 48
344 234 316 234 323 241 294 240 25
345 251 315 255 325 259 295 257 118
342 263 311 263 323 271 289 271 102
349 275 319 275 327 285 295 284 112
345 277 315 277 323 287 290 286 98
345 281 315 280 323 291 288 291 60
345 22 324 21 331 17 307 18 184
344 41 324 41 329 35 308 35 142
344 54 323 54 329 49 307 50 124
345 58 325 58 331 53 309 53 85
345 72 325 73 331 69 310 69 119
344 93 323 94 329 91 307 92 392
351 192 327 193 333 195 307 196 181
347 188 321 188 329 191 302 191 223
347 194 323 195 329 197 303 198 96
351 211 323 210 331 215 301 214 225
351 215 323 214 331 219 301 218 121
348 235 322 234 329 241 299 241 31
351 243 325 242 333 249 303 249 117
349 261 321 261 331 269 304 268 147
354 277 323 277 333 287 299 287 58
351 28 328 28 335 21 310 22 240
354 37 332 37 339 31 316 32 123
352 50 331 49 337 45 314 45 87
353 61 333 61 339 57 318 57 77
353 57 333 57 339 53 318 53 80
351 60 331 59 337 55 316 55 105
351 76 331 77 337 73 315 73 88
355 208 330 209 339 213 312 213 151
357 207 331 207 339 211 310 211 140
355 248 330 247 337 255 311 254 318
355 254 329 254 337 261 310 260 203
357 273 327 273 335 283 302 283 100
358 277 328 277 337 287 306 286 48
361 297 325 296 335 311 295 310 46
359 39 336 39 343 33 320 33 125
359 59 338 59 345 55 323 55 91
355 82 335 82 341 79 319 79 245
350 111 338 111 341 111 328 112 99
351 113 340 113 343 113 331 114 274
349 117 338 117 341 117 328 117 70
352 148 340 148 343 149 331 149 325
352 163 340 164 343 165 331 167 137
351 171 339 171 343 171 330 171 306
350 179 338 179 341 179 329 181 157
354 181 342 181 345 183 332 183 305
360 203 335 203 343 207 315 207 214
363 214 337 215 345 219 316 219 136
361 223 334 223 341 229 312 229 151
363 237 337 236 345 243 316 243 112
359 233 334 232 341 239 312 239 142
361 239 335 238 343 245 314 245 170
361 258 336 258 345 265 318 264 229
363 41 341 41 349 35 326 35 139
362 70 343 70 349 67 328 67 91
359 88 343 87 349 87 336 87 163
359 95 347 96 351 95 339 95 150
355 117 344 117 347 117 335 117 262
360 123 348 123 351 123 339 123 162
359 121 348 121 351 121 339 121 82
359 127 347 127 349 127 337 127 137
359 146 346 146 349 147 337 147 147
357 152 345 151 351 153 339 153 757
357 163 346 164 349 165 337 164 153
359 185 347 185 351 187 339 187 163
368 226 342 226 351 231 324 231 140
368 231 342 231 351 237 324 236 141
368 233 342 233 351 239 323 239 212
368 239 342 239 351 245 323 245 182
362 245 335 245 347 251 318 251 194
365 260 341 259 349 267 323 266 189
369 275 340 275 349 285 316 285 51
372 285 338 285 349 297 313 296 47
372 290 337 290 349 303 311 303 43
367 34 346 35 353 29 330 29 107
367 49 346 50 353 45 330 45 61
370 55 350 55 357 51 335 51 116
370 52 349 52 357 47 335 47 116
368 59 346 60 353 55 332 55 132
366 67 347 68 353 65 334 64 105
361 99 349 100 353 99 341 99 91
361 102 350 100 353 101 341 101 89
361 107 350 109 353 107 341 106 233
361 118 349 119 353 119 341 119 76
361 156 350 155 353 157 341 157 234
363 154 352 153 355 155 343 155 153
363 171 352 172 355 173 343 173 238
363 177 352 177 355 179 343 179 165
361 181 350 181 353 183 341 183 101
363 187 353 187 357 189 345 189 129
374 263 346 263 357 271 326 271 128
372 267 343 267 355 275 325 275 99
374 270 345 270 355 279 324 279 52
376 287 342 287 353 299 316 299 53
374 35 353 35 361 29 338 29 128
372 40 351 40 359 35 337 34 143
375 72 356 73 363 69 342 69 138
368 95 359 96 361 95 349 95 84
366 191 355 191 359 193 347 193 131
371 195 360 195 363 197 352 197 176
379 227 359 227 363 233 341 233 204
377 247 355 247 363 253 340 253 114
378 265 353 264 361 273 334 272 83
379 271 349 272 359 281 329 280 44
380 272 352 271 361 281 331 280 59
386 290 350 290 363 303 326 302 40
382 25 361 26 369 19 347 20 180
378 27 357 28 365 21 342 21 178
379 48 361 49 367 43 347 44 226
377 84 363 83 369 83 357 83 126
374 101 363 101 367 101 356 101 148
376 107 366 108 369 107 358 107 194
376 157 365 155 369 159 358 160 177
376 194 365 194 369 197 358 197 112
373 212 363 212 367 215 355 215 443
377 220 358 221 365 225 344 225 238
382 226 361 226 369 231 347 231 94
385 258 360 257 369 265 343 264 94
379 256 356 255 365 263 338 262 92
382 263 355 263 365 271 336 271 75
388 31 366 30 375 25 351 24 263
386 38 364 39 373 33 350 33 179
385 55 366 55 373 51 352 51 172
383 65 363 65 371 61 350 61 160
378 99 367 99 371 99 360 99 124
380 105 369 105 373 105 362 105 186
380 115 369 114 373 115 362 115 222
378 113 367 113 371 113 360 113 239
378 128 367 128 371 129 360 129 128
380 132 370 132 375 133 364 133 191
384 150 374 150 375 151 364 151 133
378 152 368 151 371 153 360 153 251
382 154 372 154 375 155 364 155 236
382 175 372 175 375 177 364 177 153
378 170 367 170 371 173 359 173 129
378 173 368 172 371 175 358 176 140
378 179 367 179 371 181 360 181 100
382 204 372 205 375 207 364 207 243
381 214 369 214 373 217 361 217 206
387 226 367 226 375 231 353 231 84
384 240 363 239 371 245 347 245 50
388 243 367 243 375 249 353 249 59
387 247 365 247 373 253 350 253 139
391 259 366 259 375 267 347 267 69
388 256 364 256 373 263 347 263 80
388 261 362 261 371 269 345 268 47
395 281 363 280 375 291 340 291 45
392 33 370 33 379 27 356 27 190
389 68 369 65 377 65 357 65 225
383 97 372 97 377 97 365 97 119
383 104 373 103 377 103 366 103 177
385 108 375 107 379 107 368 107 157
384 113 373 113 377 113 366 113 275
386 118 375 121 379 119 368 121 238
383 128 373 128 377 129 366 129 121
384 126 373 126 377 127 366 127 159
385 152 375 152 379 153 369 153 198
386 157 375 158 379 159 369 158 192
386 173 376 173 379 173 369 175 113
385 187 371 187 381 191 363 189 276
387 195 376 195 379 197 368 197 141
384 206 374 206 377 209 366 209 243
394 234 373 234 381 239 359 239 91
390 242 369 241 377 247 355 247 67
393 263 367 263 377 271 349 271 51
399 283 364 283 377 295 341 295 45
399 42 379 43 387 37 365 37 214
393 103 383 103 387 103 377 103 146
392 115 380 115 385 115 372 115 382
390 177 380 178 383 179 373 179 81
393 201 383 201 387 205 377 205 175
392 210 381 210 385 213 371 213 279
392 206 381 206 385 209 374 209 163
391 214 378 214 383 217 370 217 208
399 226 379 226 387 231 365 231 87
396 236 374 235 383 241 361 241 69
399 234 378 234 387 239 365 239 108
399 240 379 239 387 245 365 245 60
397 254 369 255 383 261 357 261 72
401 256 377 256 387 263 361 263 55
407 290 371 290 387 303 347 303 64
403 27 381 27 391 21 368 21 121
402 36 383 37 391 31 371 32 163
402 44 383 44 391 39 371 39 150
399 152 389 151 393 153 383 153 84
395 191 385 191 389 193 379 193 72
399 204 389 204 393 207 382 207 209
401 225 381 224 389 229 367 229 219
404 226 384 226 393 231 372 231 107
403 228 382 228 391 233 369 233 103
404 241 382 241 391 247 369 247 70
409 257 385 257 393 265 369 264 65
407 261 382 261 393 269 366 269 52
408 274 379 273 391 283 358 283 47
406 277 375 276 389 287 354 286 39
410 28 391 29 399 23 378 24 100
408 32 388 32 397 27 375 27 176
410 34 390 35 399 29 378 29 117
404 87 396 86 399 85 390 86 272
402 96 389 95 395 95 381 94 221
406 131 395 130 399 131 387 131 181
401 146 391 146 395 147 385 147 201
403 150 393 149 397 151 387 151 143
403 158 393 157 397 159 387 159 301
401 169 391 168 395 171 383 171 213
403 173 393 173 397 175 387 175 220
405 199 395 199 399 201 386 199 226
405 212 392 212 397 215 384 215 203
410 223 390 223 399 227 378 227 111
407 241 386 241 395 247 373 247 72
407 245 386 245 395 251 372 251 73
409 252 385 252 395 259 370 259 60
411 259 383 260 397 267 370 267 96
413 274 383 273 397 283 363 284 45
416 276 385 277 399 287 365 287 52
416 292 381 291 397 305 357 305 72
414 41 395 40 403 35 382 35 178
416 49 396 50 405 45 384 45 266
412 98 400 97 405 97 392 97 398
412 132 400 132 405 133 392 133 200
408 136 396 137 401 137 388 137 231
412 179 400 179 405 181 392 181 303
410 183 398 183 403 185 390 185 259
409 207 398 208 403 211 391 211 195
416 223 396 223 405 227 384 227 96
416 228 396 228 405 233 384 233 89
416 234 396 234 405 239 384 239 91
414 243 393 243 403 249 381 249 71
415 247 392 247 403 253 379 253 80
413 247 391 247 401 253 377 253 75
415 251 392 251 403 257 378 257 62
420 272 390 273 403 283 371 283 62
421 285 387 285 403 297 366 297 91
419 288 385 288 401 301 363 300 74
419 44 399 45 409 39 388 39 208
421 48 402 48 411 43 391 43 190
417 46 397 46 407 41 386 41 201
412 86 403 85 407 85 398 85 288
418 103 406 102 411 103 399 102 153
415 114 404 111 409 113 397 111 164
416 121 403 121 409 121 396 121 166
418 128 406 128 411 129 398 129 251
416 130 403 131 409 131 396 131 274
416 136 403 136 409 137 396 137 311
414 154 401 154 407 155 394 155 271
414 159 402 159 407 161 394 160 366
414 187 402 185 407 189 394 189 215
416 196 404 197 409 199 398 201 357
416 212 404 212 409 215 396 215 165
417 224 398 224 407 229 386 229 59
421 245 399 245 409 251 386 251 62
423 249 401 249 411 255 387 255 53
423 265 396 264 409 273 380 272 43
425 263 398 262 411 271 382 271 50
426 268 397 268 411 277 380 277 39
424 273 394 273 409 283 376 283 49
429 280 397 280 411 291 377 291 76
428 296 390 294 409 311 367 310 75
418 95 410 95 413 95 405 95 145
421 107 410 106 415 107 403 106 137
422 128 410 128 415 129 402 128 307
424 136 411 136 417 137 404 137 175
420 142 407 142 413 143 400 143 215
420 148 407 148 413 149 400 149 227
417 171 411 171 415 173 405 173 327
419 179 410 179 413 181 405 181 289
420 185 413 185 413 189 407 187 461
420 194 408 194 413 197 402 197 336
422 204 410 204 415 207 402 207 191
422 216 409 216 415 219 402 219 170
427 228 408 228 417 233 397 233 87
425 232 405 232 415 237 395 237 100
427 234 406 233 417 239 397 239 100
424 239 403 239 413 245 391 245 126
430 285 396 285 413 297 375 297 76
433 284 400 283 417 295 380 295 50
433 288 397 288 415 301 377 300 66
432 292 395 291 413 305 373 305 51
432 61 413 61 423 57 403 57 193
429 83 421 83 421 81 411 80 423
426 93 418 93 421 93 413 93 132
428 152 419 152 423 153 414 153 291
428 168 419 167 423 169 414 168 346
424 184 415 182 419 185 410 184 271
424 191 415 191 419 193 410 193 254
426 193 417 192 421 195 412 194 342
429 198 416 198 421 201 409 201 296
425 202 413 202 419 205 407 205 193
427 204 415 204 421 207 409 207 277
425 206 414 206 419 209 407 209 201
429 210 417 211 423 213 410 213 231
430 214 417 214 423 217 410 217 140
428 218 415 218 421 221 408 221 208
431 230 412 230 421 235 399 234 128
435 255 411 255 423 263 397 262 57
434 273 404 273 419 283 386 282 41
439 291 402 291 421 305 381 304 49
442 302 402 302 423 317 379 317 56
434 57 415 57 425 53 404 53 148
434 63 415 63 425 59 405 59 290
429 96 422 97 425 97 417 97 222
434 144 424 144 429 145 418 145 192
433 167 426 167 429 169 421 169 393
431 171 424 172 427 173 419 173 203
433 208 422 208 427 211 415 211 257
434 218 421 218 427 221 414 221 134
437 242 417 241 427 247 406 247 99
437 248 416 248 427 255 404 254 66
441 252 417 252 429 259 404 259 38
443 285 409 285 427 297 390 297 36
444 290 405 289 427 303 387 302 61
446 293 409 294 429 307 388 307 43
447 304 405 304 427 321 382 320 44
437 72 434 72 435 73 431 73 455
434 80 429 82 431 81 425 82 244
439 122 431 122 435 123 427 123 326
436 152 428 152 431 153 423 153 193
437 153 430 154 433 155 425 155 175
437 172 430 174 433 175 425 175 180
439 175 432 175 435 177 427 177 157
442 192 428 193 435 195 423 195 360
444 234 425 234 435 239 417 237 58
442 240 423 240 433 245 412 245 65
449 277 419 277 435 287 401 287 52
442 60 437 60 439 61 434 61 197
440 64 435 65 437 65 431 65 222
442 98 440 98 439 99 437 98 101
442 104 435 104 439 105 431 105 57
443 132 434 132 439 133 429 133 256
442 140 432 140 437 141 427 141 179
446 147 437 148 441 149 431 149 299
441 167 433 167 437 169 429 169 147
443 199 432 198 437 201 425 201 196
443 204 427 204 437 207 424 207 100
443 208 431 208 437 211 424 211 152
447 218 434 218 441 221 427 221 55
443 224 429 225 437 229 421 229 59
446 238 427 238 437 243 417 243 41
452 245 429 246 441 251 419 251 52
449 247 428 247 439 253 417 253 63
452 265 424 264 439 273 409 273 39
454 268 425 268 441 277 410 277 78
453 272 423 271 439 281 407 281 54
459 299 422 297 441 315 397 315 46
448 61 443 61 445 61 440 61 130
450 64 445 65 447 65 442 65 98
448 68 443 68 445 69 440 69 131
446 80 441 80 443 81 437 80 154
450 108 443 108 447 109 441 110 85
453 113 443 112 447 113 437 112 99
450 131 440 130 445 131 435 131 180
447 134 438 134 443 135 433 135 210
448 142 438 142 443 143 433 143 250
450 152 440 151 445 153 435 153 240
453 157 440 157 445 159 435 159 569
451 162 443 162 447 163 439 163 267
451 171 442 171 447 173 436 174 575
451 212 439 211 445 215 427 213 92
453 218 440 218 447 221 433 221 60
451 231 437 230 445 235 427 235 59
454 236 436 236 445 241 426 241 36
449 241 428 242 443 245 423 245 57
461 290 419 289 447 303 409 302 58
456 80 451 81 453 81 447 81 102
455 85 450 85 451 85 446 85 103
455 130 446 131 451 131 440 131 243
456 144 446 144 451 145 441 145 208
456 149 446 150 451 151 441 151 237
453 200 443 200 449 203 437 203 108
457 206 440 209 451 209 438 209 133
455 212 442 212 449 215 436 215 104
464 298 425 297 449 313 405 312 68
464 312 425 310 451 329 403 328 75
464 126 454 126 459 127 449 127 166
460 141 450 142 455 143 445 143 242
461 152 452 152 457 153 447 153 185
462 169 456 169 459 171 453 171 164
458 181 452 181 455 183 448 184 210
460 187 449 187 455 189 443 189 243
460 192 449 192 455 195 443 195 149
468 245 447 245 459 251 437 251 44
465 252 441 252 455 259 430 259 86
472 298 433 298 457 313 414 312 105
477 330 428 329 457 355 400 354 106
475 337 423 337 455 363 394 363 158
465 88 461 88 463 89 459 89 93
469 136 459 136 465 137 455 137 145
467 148 457 149 463 149 453 149 142
468 159 463 159 465 161 460 161 186
466 165 460 164 463 167 457 166 219
464 181 459 181 461 183 455 183 122
468 190 457 190 463 193 451 192 178
470 198 459 198 465 201 452 201 401
467 207 454 206 461 209 448 209 174
468 225 451 225 461 229 444 229 47
470 229 453 229 463 233 446 233 49
472 232 455 232 465 237 447 237 72
474 251 451 250 465 257 441 256 120
469 251 447 250 461 257 437 257 120
481 308 438 307 465 325 417 325 139
482 316 437 315 465 335 414 335 94
473 90 469 90 471 91 466 91 198
469 89 465 90 467 91 463 91 97
471 92 467 92 469 93 464 93 194
470 110 463 110 467 111 460 110 52
474 119 467 119 471 123 463 121 133
476 135 465 136 471 137 460 137 165
470 163 464 163 467 165 461 165 168
474 181 468 181 471 183 459 184 605
472 185 463 185 467 187 459 187 186
473 197 461 197 469 199 458 199 193
475 206 464 206 471 209 459 209 147
476 218 457 218 471 221 457 221 139
475 223 460 223 469 227 449 228 77
477 245 455 245 469 251 446 251 70
485 319 440 318 469 339 417 338 104
484 320 438 319 467 341 415 339 111
485 329 436 329 467 353 410 353 126
479 90 475 90 477 91 473 91 100
477 92 473 92 475 93 470 94 222
479 98 475 98 477 99 473 99 118
478 112 472 112 475 113 469 113 118
480 128 473 128 477 129 470 129 202
480 155 473 156 477 157 469 157 172
480 160 473 161 477 163 469 163 202
478 182 472 181 475 183 469 183 293
479 202 468 202 475 205 463 205 189
481 221 466 221 475 225 461 224 90
480 236 462 236 473 241 454 241 105
481 247 459 247 473 253 449 253 122
492 304 450 304 477 321 431 321 97
491 320 445 320 475 341 422 341 105
490 328 440 328 473 351 415 352 169
490 333 441 332 473 357 414 357 100
481 74 477 74 479 75 475 75 42
483 76 479 76 481 77 477 77 52
481 86 477 87 479 87 475 87 263
485 90 481 90 483 91 479 91 92
484 104 477 102 479 103 475 103 300
482 132 476 131 479 133 473 133 259
486 130 480 130 483 131 477 131 153
486 136 480 135 483 137 477 137 184
484 157 477 157 481 159 473 158 272
483 169 475 169 479 171 471 171 296
486 187 473 186 481 189 468 188 158
485 195 474 195 481 197 469 197 148
484 202 472 202 479 205 467 205 345
486 206 474 206 481 209 469 209 225
482 220 472 219 479 223 465 223 94
485 225 470 225 479 229 463 229 64
487 231 471 230 481 235 463 235 79
489 229 473 229 483 233 466 233 94
486 240 467 240 479 245 459 245 94
487 74 483 74 485 75 481 75 48
491 88 487 88 489 89 485 89 128
488 106 478 107 485 107 475 108 235
489 116 484 116 487 117 482 117 158
489 121 484 121 487 123 482 123 135
488 132 482 132 485 133 479 133 156
489 147 484 148 487 149 481 149 122
491 157 485 157 489 159 481 159 367
489 155 484 155 487 157 482 157 131
492 173 486 175 489 177 483 178 227
489 177 484 177 487 179 481 179 276
490 208 478 208 485 211 473 211 219
494 212 482 212 489 215 477 215 167
495 238 479 238 489 243 469 243 163
505 332 453 333 489 357 430 357 69
493 84 490 83 491 85 487 85 108
493 90 489 89 491 91 487 91 137
495 106 491 106 493 107 489 107 245
497 116 492 116 495 117 490 117 341
495 112 491 112 493 113 489 113 258
493 117 488 117 491 119 486 120 173
495 120 490 120 493 121 488 121 149
494 140 489 140 491 141 486 141 219
495 147 490 147 493 149 488 149 116
495 153 490 153 493 155 488 155 143
495 187 485 187 491 189 480 189 256
499 196 488 196 495 199 484 199 217
497 202 486 202 493 205 481 205 196
499 210 488 210 495 213 483 213 98
495 208 484 208 491 211 480 210 172
495 216 483 216 491 219 478 219 146
497 214 485 214 493 217 481 217 155
498 223 484 223 493 227 478 226 108
499 256 474 256 491 263 464 263 47
507 294 469 293 493 309 450 309 18
499 84 495 84 497 85 494 86 77
503 98 499 97 501 99 498 99 93
503 93 499 94 501 95 498 94 149
501 104 497 104 499 105 495 105 281
499 110 495 110 497 111 493 111 139
503 106 500 106 501 107 497 107 273
501 112 497 112 499 113 495 113 305
499 120 495 119 497 121 492 121 337
503 137 498 137 501 139 496 139 105
499 142 495 142 497 143 492 143 95
503 169 499 171 501 171 496 171 168
499 173 495 175 497 177 492 177 285
504 181 496 181 501 183 492 183 505
504 185 496 185 501 187 492 187 383
502 195 493 195 499 197 490 197 234
504 198 495 199 501 201 492 201 215
505 221 489 222 499 225 484 225 86
507 232 490 233 501 237 483 237 98
503 236 484 236 497 241 478 241 102
505 240 485 239 499 245 478 245 85
504 247 482 247 497 253 474 253 74
509 102 505 102 507 103 503 103 97
507 118 503 117 505 119 500 119 202
505 124 501 124 503 125 498 125 197
507 144 502 143 505 145 500 145 137
509 145 505 145 507 147 503 147 116
509 175 505 175 507 177 502 176 252
509 197 500 197 505 199 496 199 150
507 195 497 194 503 197 494 197 142
508 201 499 200 505 203 496 203 115
508 210 498 210 505 213 494 213 140
513 299 473 299 505 315 462 314 27
513 97 509 98 511 99 507 99 133
515 114 511 113 513 115 509 114 162
515 128 511 128 513 129 509 129 112
513 141 509 141 511 143 507 143 114
515 145 511 145 513 147 508 147 98
515 161 511 161 513 163 509 163 142
513 159 509 159 511 161 507 161 112
514 187 505 186 511 189 502 189 233
514 195 505 194 511 197 502 197 302
515 218 502 218 511 221 498 221 128
511 225 493 225 509 229 488 229 103
516 231 500 231 511 235 494 235 63
517 240 497 240 511 245 490 245 78
517 245 495 245 511 251 487 251 79
518 251 494 250 511 257 486 257 42
516 256 490 256 509 263 481 263 41
518 269 488 269 509 279 477 279 12
521 271 490 271 513 281 479 281 9
520 306 482 305 509 323 467 321 19
519 112 515 111 517 113 513 113 141
519 153 514 153 517 155 512 154 145
519 175 515 175 517 177 513 177 222
518 187 510 187 515 189 507 189 274
519 191 512 191 517 193 509 193 306
522 202 513 203 519 205 510 205 117
519 200 512 201 517 203 509 203 111
518 206 508 206 515 209 505 209 119
518 216 506 216 515 219 502 219 105
521 223 506 223 517 227 501 227 70
528 273 495 273 519 283 485 284 19
526 293 485 293 515 309 472 309 19
528 292 490 292 519 307 477 306 17
525 102 522 102 523 103 520 103 106
522 109 519 109 521 111 518 111 120
527 106 524 106 525 107 522 107 115
527 124 523 122 525 125 523 127 142
525 145 521 145 523 147 518 147 132
525 157 520 158 523 159 518 159 159
523 179 519 178 521 181 517 180 323
526 189 518 189 523 191 515 190 160
524 193 516 193 521 195 513 195 113
528 201 520 201 525 203 517 203 108
526 229 510 229 521 233 504 233 68
526 241 499 239 521 247 500 247 145
527 245 505 245 521 251 497 251 50
530 247 507 247 525 253 501 253 39
536 259 504 260 525 267 497 267 35
532 273 500 273 525 283 490 283 10
532 155 529 155 531 157 527 157 239
529 167 524 167 527 169 522 169 263
531 169 526 169 529 171 524 171 241
533 181 526 181 531 183 524 183 176
529 177 524 177 527 179 522 178 329
530 193 522 193 527 195 519 195 87
532 223 517 223 529 227 512 227 59
533 229 517 229 529 233 511 233 56
537 276 502 276 531 287 494 287 20
540 304 504 304 531 321 492 319 44
541 331 491 330 531 355 473 354 58
535 152 530 149 533 153 528 151 158
535 165 532 164 533 167 530 166 217
539 171 533 172 537 173 531 174 275
535 179 530 179 533 181 528 181 244
535 185 528 185 533 187 525 187 196
539 189 534 189 537 191 532 191 267
535 191 528 191 533 193 525 193 206
535 198 528 198 533 201 525 201 67
539 195 532 195 537 197 529 197 173
538 201 530 201 535 203 527 203 241
541 229 525 229 537 233 520 233 62
541 270 509 269 535 279 500 279 15
544 272 513 272 537 283 502 283 13
543 337 492 336 533 363 471 362 92
545 132 540 132 543 133 538 133 52
541 145 536 145 539 147 534 147 175
545 151 540 151 543 153 538 152 105
540 175 537 175 539 177 535 177 299
545 170 541 171 543 173 540 173 157
543 185 538 185 541 187 535 186 246
545 189 539 188 543 191 537 191 217
545 212 532 212 543 215 530 215 95
542 223 527 222 539 227 523 227 62
547 236 527 236 543 241 522 241 88
547 243 524 243 541 249 518 249 35
547 241 526 241 543 247 522 247 50
546 257 520 257 541 265 513 265 27
548 260 519 260 541 269 513 268 17
546 276 512 276 539 287 504 286 14
548 280 511 282 541 293 504 291 24
547 123 542 123 545 125 540 125 113
549 134 544 133 547 135 542 135 99
547 159 541 159 545 161 539 161 220
549 179 544 179 547 181 542 181 173
549 189 543 189 547 191 541 191 203
550 193 545 193 549 195 543 195 158
552 223 537 223 549 227 534 226 73
551 238 531 238 547 243 526 243 55
550 249 527 249 545 255 521 255 39
557 333 505 332 549 357 490 357 86
556 142 551 142 555 143 550 143 73
553 144 547 143 551 145 546 145 52
552 153 549 153 551 155 548 155 178
554 169 552 168 553 171 550 170 251
554 199 547 199 553 201 545 201 114
554 208 542 208 551 211 539 211 144
556 215 543 215 551 219 537 219 76
555 216 545 215 553 219 540 219 95
554 220 539 220 553 223 537 223 177
555 252 528 253 551 259 523 259 34
557 252 531 252 553 259 525 259 61
559 257 532 257 553 265 525 265 30
562 337 509 337 555 363 494 363 134
563 124 558 124 561 125 556 125 82
561 129 556 129 559 131 554 131 83
562 157 559 156 561 159 558 158 149
562 163 560 163 561 165 559 164 99
558 162 555 161 557 163 554 162 194
562 181 559 181 561 183 557 183 297
558 183 555 183 557 185 553 185 237
561 191 556 191 559 193 554 193 156
566 205 555 205 557 209 544 209 200
562 229 545 229 559 233 541 233 74
563 242 541 241 559 247 536 247 56
561 256 535 256 557 263 529 263 42
560 267 529 266 557 277 523 277 29
563 271 532 271 559 281 524 281 39
566 284 529 284 561 297 521 296 98
565 288 526 290 559 305 517 304 113
566 295 527 295 561 309 517 309 117
569 133 564 133 567 135 562 135 97
568 147 565 147 567 149 564 149 54
568 189 564 189 567 191 562 191 228
571 200 561 200 563 203 553 203 193
571 209 560 209 563 213 551 213 133
566 219 550 220 563 223 548 223 87
568 245 545 245 565 251 541 251 68
567 252 541 252 563 259 536 259 65
567 276 534 276 563 287 526 287 64
567 278 533 278 563 289 525 289 79
571 297 530 297 565 313 520 313 121
569 299 527 299 563 315 517 315 103
573 327 523 327 567 351 510 351 154
574 152 571 151 573 153 570 153 103
572 157 569 157 571 159 568 159 121
572 179 569 178 571 181 568 181 362
575 227 559 227 573 231 556 231 75
572 223 555 223 569 227 552 227 75
571 229 555 229 569 233 551 233 60
575 236 555 235 573 241 551 240 79
572 263 542 263 569 271 537 271 68
576 269 545 269 573 279 539 279 84
576 284 541 284 571 297 531 297 165
580 145 577 145 579 147 576 147 66
576 143 574 143 575 145 572 145 91
578 153 575 153 577 155 574 155 78
576 155 573 155 575 157 572 157 131
576 167 575 167 575 169 573 169 178
579 252 553 252 577 259 549 259 88
581 254 554 254 579 261 550 261 99
578 266 548 266 575 275 543 274 103
582 268 551 269 579 277 546 277 119
578 273 546 273 575 283 540 283 98
582 276 549 277 579 287 543 287 114
578 279 544 279 575 291 538 291 91
579 288 541 288 575 301 534 301 140
579 293 540 293 575 307 532 307 94
580 329 529 329 575 353 517 353 140
582 141 579 141 581 143 578 143 111
584 149 582 148 583 151 581 150 64
582 157 581 157 581 159 579 159 94
582 191 571 191 581 193 570 191 246
586 189 575 188 585 191 574 190 272
584 193 573 193 583 195 572 195 233
586 206 576 206 585 207 574 207 221
587 223 571 223 585 227 569 226 103
586 256 559 255 583 263 555 263 149
584 258 556 259 581 267 551 267 126
585 264 555 264 583 273 551 273 199
588 294 549 294 585 309 542 309 117
588 163 586 163 587 165 585 165 125
592 165 591 165 591 167 590 167 159
588 175 587 175 587 177 587 178 408
589 187 581 187 589 189 579 189 223
588 191 577 191 587 193 576 193 268
591 229 574 229 589 233 571 233 73
591 243 569 243 589 249 565 249 61
589 239 568 239 587 245 563 245 70
591 263 563 263 589 271 558 271 111
590 274 557 274 587 285 551 285 102
592 281 556 282 589 293 551 293 101
592 309 553 308 589 327 549 327 126
592 328 541 328 589 351 532 350 91
590 329 540 329 587 353 528 353 88
595 141 589 140 595 143 590 142 64
594 183 583 183 593 185 582 185 318
599 207 589 206 597 209 587 209 153
596 217 583 217 595 221 580 221 93
595 225 579 225 593 229 577 229 68
596 231 579 231 595 235 576 235 87
594 243 572 243 593 249 570 249 49
595 281 561 281 593 293 555 293 90
598 294 559 294 597 309 553 309 64
599 329 548 329 597 353 539 352 82
603 95 595 94 603 97 595 97 145
604 106 596 105 603 107 595 107 99
604 133 600 133 603 135 599 135 114
602 143 598 143 601 145 597 145 80
604 151 602 151 603 153 601 153 155
602 191 592 191 601 193 590 193 287
602 221 587 221 601 225 585 225 91
603 227 583 226 603 231 581 230 125
601 232 583 232 601 237 581 237 66
602 243 580 243 601 249 577 249 60
604 254 576 253 601 261 573 261 68
603 257 576 257 603 265 574 265 60
604 278 570 278 603 289 566 289 68
601 283 566 283 601 295 562 295 132
604 285 569 284 603 297 563 297 62
601 286 565 286 599 299 559 299 118
600 290 563 290 599 303 558 303 90
608 87 600 87 607 87 598 87 176
606 85 598 85 605 85 596 86 141
610 95 602 94 609 95 601 95 145
605 97 597 97 605 99 597 99 122
608 105 600 104 607 105 599 105 150
606 108 598 108 605 109 597 109 110
608 114 600 114 607 115 599 115 150
608 120 600 120 607 121 599 121 148
606 137 602 137 605 139 601 139 77
606 147 602 147 605 149 601 149 121
610 151 607 151 609 153 606 153 162
610 155 608 155 609 157 607 157 118
608 161 607 162 607 163 606 164 104
608 169 607 168 607 171 605 170 88
610 185 606 185 609 187 605 187 167
610 191 603 190 609 193 604 193 158
606 197 598 196 605 199 598 199 282
610 210 591 209 609 213 598 213 231
610 220 595 219 609 223 594 223 81
610 232 591 232 609 237 590 237 77
606 247 583 247 605 253 580 253 82
606 267 576 268 605 277 572 277 74
610 271 578 271 609 281 575 281 100
608 281 573 281 607 293 568 293 88
610 294 570 294 609 309 565 309 89
614 80 606 80 613 81 605 80 75
615 79 607 79 615 79 606 79 78
616 85 608 85 615 85 607 85 89
614 92 606 92 613 93 605 92 135
612 118 604 118 611 119 603 119 143
616 120 608 120 615 121 607 121 141
616 126 609 127 615 127 607 127 370
616 161 614 161 615 163 613 163 93
612 165 610 165 611 167 609 167 109
612 187 608 187 611 189 607 189 145
613 229 593 228 611 233 593 233 85
614 232 595 232 613 237 594 237 80
615 240 594 239 615 245 592 245 86
611 275 579 275 611 285 576 285 120
611 293 573 292 611 307 571 306 103
612 337 559 337 611 363 550 363 70
620 83 612 83 619 83 611 83 90
620 96 611 97 619 97 611 96 96
618 114 609 114 617 115 608 115 131
622 143 618 143 621 145 617 145 158
620 191 615 191 619 193 614 193 103
622 193 617 193 621 195 615 195 107
618 195 611 195 617 197 610 197 108
619 204 611 204 619 207 609 207 116
617 204 609 204 617 207 608 207 178
621 215 608 215 621 219 608 219 100
618 225 602 225 617 229 600 229 85
619 247 595 246 619 253 594 253 75
617 245 594 245 617 251 592 251 70
617 252 593 252 617 259 589 259 148
621 276 587 276 621 287 584 287 99
617 281 583 281 617 293 580 293 73
619 291 581 291 619 305 577 305 91
621 294 583 294 621 309 578 309 61
619 307 584 305 619 325 582 325 125
618 335 566 335 619 361 559 361 74
626 81 617 80 625 81 617 81 81
628 83 619 82 627 83 619 83 167
624 105 615 104 623 105 614 104 90
628 124 620 124 627 125 619 125 213
624 145 620 145 623 147 619 147 55
626 179 621 179 625 181 620 181 100
624 187 618 185 623 189 617 187 82
627 204 618 204 627 207 617 207 77
625 202 616 202 625 205 615 205 250
624 208 614 208 623 211 612 211 92
625 214 613 214 625 217 612 217 96
627 217 614 217 627 221 613 221 73
625 221 609 221 625 225 609 225 120
628 229 610 229 627 233 609 233 67
625 250 601 250 625 257 599 257 86
625 257 597 257 625 265 595 265 114
625 262 596 262 625 271 594 271 90
626 269 595 269 627 279 593 279 92
624 268 595 267 625 277 592 277 75
624 273 592 273 625 283 590 283 109
624 278 590 278 625 289 588 289 70
623 281 588 281 623 293 585 293 61
624 286 588 286 625 299 585 299 90
631 87 623 87 631 87 623 87 142
630 110 621 110 629 111 620 111 91
629 112 621 112 629 113 620 112 71
633 122 626 122 633 123 625 123 144
631 126 623 125 631 127 623 127 129
631 134 619 136 631 135 617 137 291
632 149 627 149 631 151 627 151 65
634 175 629 175 633 177 628 177 130
632 187 627 186 631 189 626 189 113
633 191 627 191 633 193 626 193 105
631 195 623 195 631 197 621 197 104
631 200 624 200 633 203 619 201 85
631 208 621 208 631 211 623 211 65
629 219 615 219 629 223 614 223 58
631 236 611 236 631 241 610 241 132
631 249 606 248 631 255 606 255 73
633 245 610 245 633 251 609 251 75
628 260 600 260 629 269 599 268 98
630 264 601 264 631 273 599 273 99
628 281 594 281 629 293 591 293 98
627 289 590 289 629 303 587 303 68
631 298 592 298 633 313 589 313 51
638 52 622 51 637 49 622 49 35
637 59 623 59 637 57 623 57 44
637 57 623 57 637 55 622 55 107
635 63 621 63 635 61 621 61 61
638 73 623 74 637 73 622 73 282
635 79 622 78 635 79 621 78 266
639 97 631 99 639 97 630 99 115
637 110 629 110 637 111 629 111 91
635 189 629 189 635 191 628 191 194
637 195 630 195 637 197 630 197 216
636 204 626 204 635 207 625 207 61
638 208 628 208 637 211 626 211 117
635 234 615 234 635 239 615 239 71
635 240 615 240 635 245 614 245 72
633 268 603 268 635 277 602 277 104
636 269 606 269 637 279 604 279 138
637 283 601 283 639 295 600 295 62
641 55 627 55 641 53 627 53 47
645 69 631 68 645 67 631 67 166
641 76 627 76 641 75 627 75 198
641 92 627 92 641 91 626 92 175
641 112 633 112 641 113 633 113 73
645 122 637 122 645 123 642 124 215
641 119 633 118 641 119 633 118 97
642 159 638 155 641 159 637 157 298
644 153 640 153 643 155 639 155 387
643 159 640 161 643 163 639 163 326
646 165 640 166 645 167 640 166 245
643 181 635 180 643 183 635 183 74
645 185 637 185 645 187 636 187 90
642 189 634 188 641 191 634 191 96
643 200 634 200 643 203 634 203 128
645 206 636 206 645 209 635 209 177
641 227 624 226 641 231 624 231 27
641 243 618 243 641 249 617 249 50
640 250 615 250 641 257 615 257 62
643 260 616 260 645 269 616 269 82
639 264 609 264 641 273 609 273 69
640 279 606 279 641 291 604 291 73
640 276 606 276 645 287 609 287 92
643 288 606 288 645 301 604 301 79
640 296 601 296 643 311 605 312 110
642 304 600 304 645 321 599 320 46
639 337 587 337 643 363 582 364 127
649 59 635 59 649 57 635 57 77
651 70 637 70 651 69 637 69 166
647 110 639 110 647 111 638 111 125
649 155 642 156 649 157 642 158 502
651 166 646 169 651 169 645 168 196
647 183 639 183 647 185 638 185 99
650 200 640 200 649 203 640 203 165
649 208 639 208 649 211 638 211 68
649 221 632 220 649 225 635 226 13
649 243 628 243 651 249 627 249 30
646 274 613 274 649 285 613 285 151
648 276 615 276 651 287 615 287 144
648 285 611 285 651 297 611 297 77
645 285 609 285 647 297 608 297 54
644 289 607 289 647 303 606 303 87
646 293 608 292 649 307 606 307 98
652 36 638 35 653 33 638 33 89
653 42 638 42 653 39 639 39 167
654 59 641 58 655 57 641 56 95
652 63 638 63 653 61 639 61 100
656 69 642 68 657 67 643 67 186
656 74 642 74 657 73 643 72 161
652 92 638 92 653 91 638 91 98
652 98 639 98 653 97 639 97 97
657 181 651 179 657 183 651 181 223
657 183 647 184 657 185 647 186 97
657 189 646 187 657 191 646 190 102
653 190 642 191 653 193 642 193 97
654 200 644 200 655 203 644 203 84
655 208 644 208 655 211 644 211 115
653 228 635 229 657 233 635 232 8
653 233 633 234 653 239 634 238 12
652 264 622 263 655 273 622 272 65
652 273 620 272 655 283 620 282 114
653 274 622 274 657 285 622 285 118
654 283 618 283 657 295 618 295 145
650 283 614 283 653 295 614 295 85
649 291 611 291 653 305 611 304 98
651 294 613 294 655 309 612 309 143
658 30 644 30 659 27 644 27 42
660 46 645 45 661 43 646 42 226
662 50 647 50 663 47 648 46 166
658 55 644 55 659 53 644 53 128
658 71 644 70 659 69 644 69 137
658 79 643 78 659 77 644 77 227
660 81 645 81 661 79 646 79 118
660 90 646 90 661 89 646 89 82
658 94 644 94 659 93 645 93 92
662 182 652 182 663 185 652 184 143
661 192 649 192 661 195 650 195 98
663 192 651 192 663 195 651 195 94
662 198 651 198 663 201 651 201 107
659 212 646 212 659 215 646 215 81
657 254 631 254 659 261 632 261 23
656 259 628 258 659 267 629 267 48
655 268 625 267 659 279 625 277 97
655 279 621 279 659 291 622 291 138
659 288 623 289 663 301 623 301 148
655 298 615 298 659 313 614 313 120
664 36 649 35 665 33 650 33 100
666 61 652 60 667 59 652 58 307
668 71 654 71 669 69 654 69 121
664 73 649 73 665 71 649 70 139
666 81 651 81 667 79 652 79 112
666 86 652 86 667 85 652 85 79
668 96 655 95 669 95 655 94 74
666 111 652 112 667 111 651 113 256
665 122 660 122 665 123 659 123 387
665 165 660 164 665 167 660 166 217
665 177 656 178 665 179 656 179 225
667 191 657 190 669 193 656 193 112
665 196 653 196 665 199 653 199 104
668 204 656 204 669 207 656 207 82
666 217 652 217 667 221 653 221 23
667 232 645 232 667 237 649 236 11
666 252 641 252 669 259 642 259 10
670 47 655 47 671 45 656 45 141
670 82 655 82 671 81 656 81 81
670 88 656 88 671 87 657 87 104
672 98 658 97 673 97 659 97 57
675 153 670 153 675 155 669 155 332
673 163 668 163 673 165 668 166 154
673 177 668 177 673 179 667 179 315
671 181 665 180 671 183 665 182 244
675 181 656 181 675 183 657 183 307
670 198 658 198 671 201 658 201 60
670 208 657 208 671 211 658 211 33
671 217 657 217 673 221 658 221 20
671 239 652 237 675 245 653 244 8
672 249 648 249 673 255 649 256 16
666 287 629 287 671 301 631 301 102
679 36 663 36 681 33 665 33 87
679 44 665 43 681 41 666 40 163
675 57 662 59 677 55 662 55 146
679 71 664 71 681 69 665 69 136
676 67 661 66 677 65 661 65 171
679 79 663 79 681 77 665 77 81
676 96 661 96 677 95 663 95 62
676 102 662 101 677 101 663 101 66
676 122 663 122 677 123 664 123 480
679 155 674 155 679 157 673 156 312
677 173 659 173 677 175 659 174 788
681 175 665 177 681 177 665 179 644
681 183 673 183 681 185 674 186 344
678 196 667 196 679 199 667 199 135
679 204 667 204 681 207 667 207 89
678 220 663 219 679 223 663 223 29
677 224 661 224 677 227 661 227 16
677 234 659 234 679 239 661 240 16
673 255 648 254 677 263 649 263 9
671 311 627 312 677 329 628 330 155
683 40 669 40 685 37 669 36 119
685 48 672 47 687 45 671 44 144
681 69 666 68 683 67 667 67 113
685 73 670 73 687 71 671 71 66
681 81 665 81 683 79 667 79 73
683 84 668 84 685 83 669 83 158
685 95 670 94 687 93 671 93 98
684 101 668 103 685 99 670 100 78
684 110 668 111 683 111 669 111 219
683 151 674 151 683 153 675 153 375
683 247 658 246 685 253 661 253 10
682 273 644 273 685 281 652 281 13
689 46 675 45 691 43 676 42 134
691 63 676 61 693 61 678 59 119
687 71 671 71 689 69 673 69 79
687 80 672 80 689 79 673 79 173
690 128 675 127 691 127 676 129 411
689 171 676 171 691 173 677 173 483
689 212 668 211 693 217 670 215 56
686 223 669 223 691 227 669 227 42
690 234 669 232 693 239 672 238 36
697 74 682 74 699 73 683 72 124
697 80 681 81 699 79 683 79 91
693 86 678 86 695 85 679 84 156
693 94 678 93 695 93 680 92 78
695 96 681 96 697 95 683 95 82
697 105 684 105 699 105 685 105 75
695 103 681 103 697 103 682 102 90
695 188 675 188 699 191 677 189 331
696 196 678 195 699 199 680 198 173
691 195 674 192 695 197 675 196 155
694 205 674 205 697 209 676 209 111
693 219 673 218 697 223 676 222 32
695 227 675 227 699 231 677 231 33
696 236 676 234 699 241 678 241 46
693 237 673 237 697 243 676 243 18
698 59 684 59 701 57 685 56 108
702 82 688 82 705 81 689 81 83
698 83 683 83 701 83 685 82 98
700 104 686 103 703 103 688 103 58
699 119 684 119 701 119 686 119 136
701 150 688 149 703 151 689 151 159
702 157 689 153 705 155 691 154 133
703 208 683 209 705 211 685 212 115
700 242 677 241 703 247 681 247 31
708 52 693 51 711 49 695 49 191
708 63 693 62 711 61 695 60 69
704 67 688 66 707 65 691 64 86
704 85 690 84 707 83 691 83 84
706 94 691 97 709 93 693 95 111
704 115 690 115 707 115 692 115 44
707 137 693 137 709 139 695 137 130
704 217 679 216 709 221 684 221 68
704 226 680 225 709 231 682 230 51
706 238 681 237 711 243 686 243 38
712 56 696 55 715 53 699 52 201
710 66 693 69 713 65 697 64 81
710 73 694 73 713 71 697 71 52
714 88 699 88 717 87 702 87 64
710 88 695 88 713 87 697 86 86
710 90 695 90 713 89 697 88 65
712 119 698 120 715 119 700 120 65
713 142 704 142 715 143 705 143 99
715 142 706 142 717 143 707 143 164
711 207 691 206 717 211 691 210 101
708 213 684 212 713 217 688 217 73
708 220 684 220 713 223 688 225 42
711 218 687 220 717 225 691 225 42
710 217 685 216 715 221 689 221 50
711 231 687 231 717 237 691 237 26
711 250 687 250 717 257 691 257 27
716 57 700 57 719 55 703 54 249
716 67 701 67 719 65 703 64 97
720 73 705 73 723 71 707 70 81
717 144 708 147 719 147 709 147 55
713 181 690 179 719 183 693 185 193
716 223 693 223 721 229 695 229 76
715 234 691 233 721 239 695 239 16
715 238 691 241 721 245 695 245 19
716 241 691 243 721 249 695 250 15
713 246 690 246 719 253 693 252 14
717 252 690 252 721 259 695 259 37
722 69 708 68 725 67 711 67 169
722 75 707 75 725 73 710 72 105
722 115 709 114 725 115 711 115 177
726 117 713 117 729 117 715 117 255
727 136 717 135 729 137 718 137 87
719 203 694 203 725 207 698 207 62
719 213 694 213 725 217 698 218 46
718 225 694 225 725 231 698 230 38
722 231 697 231 729 237 702 237 23
719 229 694 230 725 235 698 235 31
720 235 695 235 727 241 700 241 21
719 254 693 254 729 263 699 262 19
716 291 674 290 727 305 684 305 14
715 298 676 299 725 315 681 315 11
733 79 722 79 735 79 724 78 236
732 88 721 91 735 89 723 91 270
731 129 720 128 733 129 722 131 91
733 137 722 136 735 137 724 137 136
724 194 700 194 731 197 705 197 35
727 212 702 212 733 217 706 217 43
724 211 699 211 731 215 704 215 43
726 220 701 220 733 225 706 225 23
728 227 703 227 735 233 707 231 19
725 236 702 237 735 243 706 243 15
721 302 682 302 733 319 689 317 12
735 84 724 83 737 83 726 82 383
735 93 723 92 739 91 725 92 438
737 134 726 134 739 135 728 135 119
732 180 707 180 739 181 713 183 34
734 190 712 189 741 193 717 192 23
731 187 707 188 737 191 711 189 35
731 214 708 214 737 219 709 219 37
733 237 710 237 741 243 714 243 11
729 255 703 255 737 263 707 262 19
744 134 733 134 747 135 735 135 145
744 140 734 140 747 141 736 141 128
745 148 731 148 745 149 737 147 152
736 201 710 202 743 205 716 205 21
735 267 706 267 745 277 712 277 19
731 298 693 297 745 313 702 312 11
745 179 722 179 753 183 728 182 41
744 255 714 255 753 263 721 263 15
742 261 713 261 751 269 720 267 21
739 290 700 289 753 305 710 304 10
739 298 700 298 753 313 710 313 8
749 179 726 179 757 181 732 181 36
746 201 719 201 755 205 725 205 37
750 209 725 209 759 213 732 213 38
747 205 722 204 755 209 729 208 20
751 222 725 222 757 227 731 225 17
747 253 719 254 757 261 726 261 13
753 164 731 163 761 165 737 165 101
753 177 729 175 761 179 736 179 36
757 186 735 186 765 187 741 189 51
753 182 730 182 761 185 736 185 39
752 192 729 190 761 195 734 195 41
756 194 731 193 765 197 738 197 38
752 197 727 197 761 201 735 202 22
752 213 732 212 761 217 737 217 45
756 211 736 210 765 215 743 214 46
757 217 734 216 765 221 741 221 20
757 234 728 235 761 241 738 241 16
752 252 725 252 763 259 727 260 14
748 300 707 297 763 315 718 315 12
761 167 737 167 769 169 745 168 79
758 192 733 192 767 195 740 195 30
758 198 733 197 767 201 740 201 21
755 203 731 203 767 207 738 207 38
763 214 739 214 771 219 746 219 19
762 218 741 218 769 223 744 223 21
760 231 735 231 767 237 740 237 12
770 127 757 126 775 127 761 126 162
768 125 755 124 773 125 759 124 248
768 157 755 158 773 159 759 158 102
765 169 741 170 773 171 747 173 63
767 207 741 207 777 211 749 211 28
764 216 742 216 773 221 748 221 23
766 229 740 229 777 235 752 235 16
761 247 734 247 773 255 742 255 16
763 271 730 270 775 281 740 281 17
759 281 726 283 775 295 736 295 32
769 205 744 205 779 209 752 209 20
769 224 745 224 779 231 754 232 17
767 246 739 245 779 253 747 253 16
771 248 741 248 783 257 749 257 14
777 207 752 208 787 213 760 212 16
772 267 739 269 787 279 750 277 17
771 272 735 272 785 283 747 283 19
777 220 745 220 791 227 755 226 17
778 270 747 267 793 281 755 281 15
778 279 743 277 793 291 755 291 12
777 286 739 285 795 301 752 299 27
773 290 737 291 791 305 749 305 29
783 243 752 244 797 251 763 251 11
783 260 747 260 799 271 761 272 12
784 268 750 267 799 279 761 279 14
779 266 745 266 797 277 759 276 13
781 272 746 272 797 283 759 283 15
782 276 747 276 797 287 759 287 12
791 207 766 207 803 211 775 211 50
793 226 768 226 805 231 778 232 19
790 222 766 221 803 227 775 227 21
795 231 767 231 805 237 778 237 17
787 233 756 232 803 239 765 237 22
791 251 760 252 807 259 773 260 8
788 259 754 259 803 269 766 268 10
791 282 755 282 807 295 767 294 7
788 294 749 294 807 309 763 309 22
798 209 773 205 811 211 784 211 83
799 240 765 239 813 247 777 247 18
792 261 758 262 809 271 771 272 8
797 263 763 263 813 277 775 277 9
802 254 768 253 819 263 781 263 9
800 277 765 277 817 291 778 290 11
805 238 774 238 821 245 787 245 16
803 262 768 262 821 273 781 274 14
807 264 773 263 825 275 787 275 9
813 217 781 218 829 223 795 223 25
812 236 781 236 829 243 794 243 14
810 256 776 256 829 265 790 265 13
809 274 773 273 827 285 788 285 14
820 209 788 209 837 215 805 213 14
815 231 783 233 833 239 799 239 11
816 260 781 261 835 271 796 271 11
816 273 779 274 835 285 795 285 13
817 270 782 270 837 281 798 281 8
823 254 788 253 843 263 804 263 5
818 271 784 271 839 283 800 283 11
829 231 797 231 847 239 811 237 13
829 239 796 238 847 247 813 248 7
828 243 793 243 849 251 810 251 13
828 273 788 271 847 285 808 285 6
825 272 790 271 845 283 805 283 8
828 270 792 270 849 281 809 281 9
831 266 796 264 853 277 812 278 10
834 273 798 273 855 285 815 285 8
841 234 812 235 859 241 824 240 11
840 238 809 240 861 247 825 247 9
836 251 800 251 857 261 817 260 8
839 255 804 255 861 265 822 265 10
836 260 802 260 857 271 818 271 11
837 259 802 259 859 269 819 268 7
836 271 799 271 857 283 817 283 16
836 277 799 276 857 289 817 289 15
835 289 796 289 857 303 812 303 14
854 170 833 169 867 177 844 177 26
850 193 829 191 863 195 840 197 24
850 187 829 189 863 191 840 189 13
854 194 833 194 867 197 844 199 15
850 195 829 194 863 199 840 198 28
852 197 831 197 865 201 842 200 28
854 228 833 228 867 233 844 233 15
843 252 808 251 863 261 825 261 8
842 270 804 271 867 283 827 282 9
845 278 807 278 867 289 827 290 10
843 286 805 285 867 299 825 299 15
858 211 837 211 871 219 848 218 21
847 264 811 264 869 275 833 277 10
845 275 810 275 869 287 829 287 7
848 279 812 280 871 291 831 292 9
863 225 842 226 877 231 855 229 10
856 247 825 251 879 257 838 256 13
855 260 822 259 879 271 839 270 10
856 271 818 270 879 283 839 283 12
871 96 849 94 885 93 861 92 65
868 134 846 131 883 133 859 131 36
867 135 844 135 881 135 857 134 58
870 137 848 137 885 137 861 137 37
870 228 847 228 883 233 859 233 11
858 282 819 284 881 297 841 296 12
876 109 854 108 891 107 867 106 58
874 115 852 113 889 113 865 111 62
871 203 849 203 887 207 859 206 14
868 253 830 252 891 263 849 262 11
865 257 830 258 889 267 850 268 11
862 261 827 261 887 271 846 271 17
863 263 829 262 889 273 849 274 10
862 269 825 271 887 283 846 283 9
864 278 827 278 889 291 848 291 6
863 274 825 275 889 287 848 287 11
858 313 811 313 887 333 836 333 15
882 89 858 89 897 87 871 86 36
882 127 859 127 897 129 873 128 48
876 141 853 141 893 141 867 141 30
878 228 856 230 895 235 870 234 11
871 288 828 289 895 303 850 303 10
885 94 862 93 901 91 874 91 44
887 126 864 127 903 125 878 124 63
884 135 861 135 899 135 875 134 70
887 211 862 211 901 215 875 213 13
869 306 825 305 901 325 850 326 12
870 315 825 314 903 335 852 335 12
891 124 867 124 907 123 882 123 45
889 128 866 126 905 127 880 126 55
890 205 867 205 907 209 881 209 14
887 212 864 212 905 217 880 217 12
889 230 866 231 907 237 881 237 10
888 253 854 253 909 261 869 259 15
882 276 844 273 909 289 867 289 14
870 333 818 334 909 359 848 359 23
895 89 871 87 913 85 886 85 32
895 111 870 111 913 109 886 109 34
897 127 873 127 915 127 889 126 42
893 132 869 131 911 131 881 131 58
887 266 850 266 913 277 873 277 14
887 267 851 267 915 279 875 279 13
878 308 831 307 911 327 861 327 10
899 94 875 94 917 91 890 92 35
899 138 874 138 917 137 891 137 57
903 207 873 206 921 211 889 210 14
901 254 871 255 919 263 884 261 12
899 261 865 260 919 269 888 270 14
903 23 879 25 927 17 901 18 143
906 49 879 51 927 45 899 43 8
909 86 882 86 927 83 899 82 16
908 187 882 187 927 189 899 189 14
885 336 832 336 925 361 864 361 14
883 337 829 337 923 363 860 363 17
911 103 882 103 929 101 897 101 49
911 152 884 151 931 153 901 152 30
913 160 887 160 933 161 905 161 53
913 183 884 185 933 185 904 185 37
910 207 883 207 929 211 901 211 15
910 211 881 212 933 215 899 215 20
900 280 863 280 929 293 888 293 11
902 293 861 294 933 309 888 309 8
919 153 892 153 939 153 911 153 37
918 160 892 159 939 161 910 161 77
915 169 888 167 935 171 907 170 57
918 183 892 185 939 185 910 185 50
916 203 889 202 937 207 908 206 22
918 205 891 204 939 209 910 209 24
914 237 887 235 935 243 907 241 14
914 234 888 233 935 239 907 238 8
905 276 867 276 935 289 893 288 14
923 50 895 47 945 43 915 42 20
919 52 893 50 941 45 911 44 15
923 97 895 97 945 95 915 93 35
922 125 895 124 943 123 914 122 27
923 230 896 229 943 237 915 235 13
925 59 897 58 947 51 917 51 21
915 285 876 285 947 299 904 299 13
919 287 880 288 951 301 909 302 12
930 115 900 115 953 113 916 113 52
916 310 867 310 955 329 897 327 14
936 48 907 47 963 39 931 38 51
938 109 909 109 961 107 922 108 26
932 241 906 239 961 245 923 243 33
918 308 873 308 959 327 907 327 18
919 313 873 313 959 333 905 333 15
944 43 915 42 969 35 937 34 31
944 121 914 121 969 119 937 119 19
950 43 920 42 975 35 943 34 19
946 95 917 94 971 91 939 90 33
946 171 917 175 971 173 940 172 25
948 241 920 240 975 247 943 247 23
940 280 902 280 975 293 931 293 21
931 310 889 311 975 329 923 329 14
955 123 925 119 981 119 949 120 22
953 240 924 240 979 247 947 247 9
955 248 925 248 981 257 948 256 12
941 275 903 275 977 289 934 288 10
957 97 926 96 983 93 951 92 22
959 104 929 104 985 101 954 100 22
959 210 929 209 985 215 953 214 33
960 239 931 237 987 247 955 247 19
968 96 936 96 995 93 962 93 17
983 66 950 67 1015 59 979 57 26
983 93 950 95 1015 87 979 85 36
986 123 953 123 1017 121 982 120 23
983 128 950 128 1013 125 980 127 30
983 141 947 141 1015 141 979 139 14
971 279 934 279 1013 293 969 291 13
974 285 935 284 1015 299 969 298 7
991 64 958 64 1023 57 987 56 46
987 122 955 121 1019 119 983 119 42
995 127 963 127 1025 125 986 125 33
1001 229 967 230 1035 237 997 237 19
1001 256 967 255 1035 267 1000 267 13
991 278 951 278 1031 291 985 291 8
1006 87 973 86 1041 81 1003 81 50
1005 107 972 105 1039 103 1003 102 40
1003 109 970 109 1037 105 1001 104 57
1007 118 974 117 1041 115 1005 114 47
1005 82 971 81 1043 75 1001 75 64
1005 211 971 211 1045 219 1003 218 18
1008 230 977 230 1045 237 1007 237 27
1005 233 971 233 1043 241 1006 241 30
1011 52 971 53 1049 43 1007 42 28
1013 78 976 78 1051 71 1013 70 35
1014 116 981 115 1049 113 1011 112 52
1016 212 980 211 1053 219 1015 218 12
1013 256 977 255 1049 265 1012 265 21
1018 87 984 86 1055 81 1017 80 46
1020 85 985 84 1057 79 1019 78 46
1018 251 985 251 1055 261 1018 261 21
1021 253 986 253 1059 263 1022 263 21
1020 262 983 262 1059 273 1021 273 12
1025 62 989 61 1065 53 1019 54 22
1023 78 987 77 1061 71 1017 71 53
1025 219 991 219 1063 225 1026 225 19
1025 233 989 233 1065 241 1026 240 16
1022 237 986 236 1061 245 1022 247 15
1022 248 986 247 1061 259 1022 258 21
1026 252 990 252 1065 261 1026 261 18
1024 259 986 257 1063 269 1024 269 19
1026 111 986 111 1067 107 1017 108 52
1028 239 992 240 1067 249 1028 247 17
1038 99 1001 98 1077 93 1039 91 39
1035 113 995 113 1077 109 1032 109 35
1034 239 998 236 1075 245 1034 246 11
1037 270 995 270 1077 283 1031 281 10
1040 55 1002 54 1083 45 1041 45 37
1040 115 1003 114 1083 111 1042 110 43
1037 117 995 117 1079 113 1034 113 33
1043 221 1006 221 1083 227 1042 227 16
1042 48 1004 47 1085 37 1043 36 29
1042 104 1005 103 1085 99 1044 98 29
1044 115 1006 115 1087 111 1046 110 24
1045 122 1009 121 1089 117 1049 116 23
1051 268 1009 267 1089 279 1042 278 10
1047 119 1010 119 1091 115 1049 115 21
1054 65 1016 65 1099 55 1058 54 30
1053 207 1016 208 1101 213 1059 214 22
1116 146 1073 145 1175 145 1127 144 32
1116 154 1072 154 1175 153 1126 153 25
1122 146 1079 146 1183 145 1135 144 43
1128 156 1083 156 1187 155 1141 154 21
1140 144 1096 144 1203 143 1155 142 20
