75 171 55 170 45 175 24 174 97
76 182 54 182 45 187 22 187 172
95 132 64 131 51 131 17 129 325
78 174 57 174 47 179 24 179 216
81 176 59 176 51 181 29 181 254
83 167 61 166 53 171 31 171 183
87 171 65 171 57 175 34 175 152
105 123 74 123 63 123 30 123 281
103 125 72 125 61 125 28 125 514
103 134 73 134 61 135 29 135 750
89 163 67 164 59 167 36 167 236
92 175 70 175 63 179 40 179 211
109 125 80 126 69 127 37 128 580
97 196 75 196 67 203 44 204 269
111 116 82 116 71 115 40 115 308
115 120 86 120 75 119 44 119 299
113 130 84 130 73 131 42 131 348
111 132 82 133 71 133 39 133 318
102 197 80 197 73 203 50 202 321
135 239 88 238 71 251 19 251 117
136 253 89 252 73 267 19 266 184
117 132 87 132 77 133 46 133 261
141 237 95 238 79 251 25 250 183
140 270 94 269 79 285 26 284 50
127 144 96 143 87 145 55 145 177
124 180 95 180 85 185 53 185 331
148 250 101 249 87 263 32 264 231
147 252 100 252 85 267 31 267 175
128 132 98 133 89 133 57 133 271
128 158 98 158 89 161 57 161 83
131 166 102 165 93 169 61 169 98
129 184 99 183 91 189 59 188 217
150 260 103 259 89 275 36 274 169
151 271 105 271 91 291 38 291 37
134 132 104 134 95 135 63 136 454
135 168 105 168 97 171 66 171 130
133 164 103 164 95 167 64 167 83
133 180 103 180 95 185 63 185 175
136 190 107 190 99 195 68 195 218
135 186 105 186 97 191 65 191 217
159 250 112 250 99 265 46 264 307
142 129 113 129 105 129 74 129 316
138 158 109 158 101 161 70 161 186
139 167 109 167 101 171 70 171 124
138 175 109 175 101 179 70 179 120
140 178 111 178 103 183 71 183 132
139 184 109 184 101 189 69 189 147
141 188 112 188 105 193 73 193 229
161 254 113 254 101 269 47 268 263
143 173 114 173 107 177 76 177 167
143 177 114 177 107 181 75 181 113
142 183 115 182 107 187 75 187 130
168 292 122 290 111 311 58 310 59
169 296 122 296 111 317 58 316 66
163 333 111 333 107 357 50 357 100
151 72 123 73 115 69 84 69 618
148 175 119 175 113 179 83 179 229
152 179 123 179 117 183 86 182 206
151 181 122 181 115 185 83 185 178
171 253 124 253 113 267 61 267 274
173 269 124 268 113 285 59 284 16
171 295 124 294 113 315 60 314 53
174 291 128 291 117 311 65 310 49
174 297 127 296 117 317 65 316 63
169 327 121 327 113 351 61 350 63
173 337 126 336 117 363 62 361 137
159 27 127 28 119 17 85 19 79
146 154 125 154 121 157 99 157 211
168 37 136 38 129 29 95 30 87
165 47 134 47 127 39 93 40 92
151 151 130 151 125 153 105 153 280
150 158 129 158 125 161 103 161 229
181 256 130 257 125 271 71 271 156
181 283 133 283 125 301 72 301 107
179 323 136 322 129 345 81 343 116
183 323 136 323 127 347 74 347 70
168 71 137 72 131 67 98 68 400
170 87 140 88 133 83 101 84 555
168 95 139 96 133 93 101 94 398
161 147 140 147 135 149 114 149 105
156 166 135 166 131 169 110 169 158
158 168 137 168 133 171 112 171 215
187 301 142 301 135 321 80 321 35
186 326 140 326 133 349 81 349 136
172 93 145 92 139 89 107 90 520
160 176 143 177 141 181 117 179 110
164 197 144 196 141 201 120 200 175
193 253 149 255 141 269 93 268 27
194 261 145 261 141 275 89 275 31
188 266 138 266 137 281 88 280 30
191 278 147 277 139 295 90 294 149
193 285 148 285 141 303 91 302 169
188 297 140 297 139 315 85 315 66
188 293 140 293 139 311 85 311 85
189 321 142 321 139 343 86 343 57
191 325 148 324 141 347 93 346 184
179 75 148 76 143 71 110 71 515
166 154 146 154 143 157 122 157 272
166 160 145 160 143 163 122 163 222
170 164 150 164 147 167 126 167 324
170 170 150 170 147 173 126 173 206
167 194 147 194 145 199 125 199 122
196 240 154 239 147 251 98 251 49
196 248 154 247 147 261 99 261 93
199 287 157 286 147 305 98 304 104
195 319 150 319 145 341 94 341 56
177 110 155 110 153 111 137 111 340
170 146 155 146 153 149 138 148 244
175 156 155 156 153 159 133 159 292
175 185 156 185 153 189 133 189 150
173 183 153 183 151 187 131 187 73
172 190 153 190 151 195 131 195 112
205 253 160 254 153 269 105 268 36
201 259 155 259 151 273 102 272 32
205 270 155 271 153 287 104 286 125
173 145 159 144 157 147 141 147 143
175 150 159 151 157 153 141 154 341
179 156 159 156 157 159 137 159 433
180 162 161 162 159 165 139 165 233
175 166 155 166 155 169 130 169 359
204 239 161 239 155 251 108 251 116
207 285 162 285 155 303 103 303 228
205 289 159 289 155 307 103 307 230
207 320 166 319 159 341 113 340 134
203 322 161 321 155 343 108 342 145
207 334 159 334 155 359 102 358 117
185 99 163 102 161 103 145 103 500
183 144 171 144 165 147 151 147 192
183 156 163 156 161 159 141 159 284
183 172 164 172 163 175 143 175 276
186 177 167 177 165 181 145 181 157
184 179 165 179 163 183 143 183 134
182 181 163 181 161 185 142 185 192
181 194 162 194 161 199 141 199 249
186 193 167 193 165 197 145 197 262
213 287 168 287 163 305 108 306 246
191 162 172 162 171 165 149 165 303
187 168 168 168 167 171 147 171 343
189 181 170 181 169 185 149 185 177
191 193 172 192 171 197 151 197 201
195 158 176 158 175 161 155 161 285
195 164 176 164 175 167 155 167 214
195 181 176 181 175 185 155 185 249
197 187 178 187 177 191 158 191 176
197 191 178 191 177 195 157 194 270
194 194 176 194 175 199 156 199 346
199 149 183 149 183 151 167 151 284
198 154 180 154 179 157 159 157 230
203 145 188 145 187 147 171 147 74
203 151 187 150 187 153 171 153 107
205 169 189 168 189 171 173 171 251
206 210 187 209 187 215 168 215 223
236 260 190 260 189 271 155 271 165
207 171 191 174 191 177 175 176 200
208 183 193 183 193 187 177 187 140
207 189 192 189 191 193 175 193 168
225 236 198 236 201 243 183 242 376
221 218 204 217 205 223 188 223 78
226 240 203 240 205 247 185 247 292
224 208 208 208 209 213 192 213 44
224 204 208 204 209 209 192 209 44
227 208 210 208 211 213 195 212 43
224 229 208 229 209 235 200 235 165
227 233 211 233 213 239 196 238 171
229 60 215 62 215 59 203 60 259
234 215 217 216 219 221 205 220 41
234 239 217 239 219 245 199 245 122
239 49 225 48 225 45 208 46 254
238 67 222 67 223 65 207 66 148
234 208 214 208 221 213 200 213 45
241 226 223 225 225 231 210 231 60
245 54 228 53 229 51 212 51 224
242 56 226 57 227 55 210 55 199
246 64 230 65 231 63 215 63 140
249 48 232 48 233 45 216 45 353
250 52 234 53 235 51 218 51 196
251 58 234 58 237 57 220 57 378
250 61 234 61 235 59 218 59 218
252 64 236 65 237 63 221 63 152
247 223 232 223 235 229 220 228 66
252 237 233 237 237 243 218 243 120
248 235 230 235 233 241 214 241 102
249 241 231 240 233 247 214 247 126
255 51 242 51 243 49 225 50 213
251 203 238 202 239 207 223 207 57
254 203 235 203 241 207 225 207 52
256 207 241 206 243 211 227 211 46
256 215 241 214 243 219 227 219 92
253 217 236 217 239 223 224 222 90
263 64 247 65 249 63 233 64 125
261 203 244 202 247 207 231 207 43
258 205 243 205 245 209 229 209 47
260 210 245 211 247 215 231 214 45
262 219 247 221 249 225 233 226 87
258 222 242 222 245 229 229 229 86
258 226 243 226 245 231 229 231 76
291 334 244 333 249 359 195 358 48
269 51 255 52 255 49 238 49 114
267 62 251 63 253 61 237 62 124
267 70 251 70 253 69 236 68 153
264 207 248 206 251 211 235 211 46
264 205 248 205 251 209 235 209 44
264 214 249 214 251 219 235 219 130
268 212 253 212 255 217 239 216 50
266 216 250 216 253 221 237 220 93
266 226 250 226 253 231 237 231 92
270 237 251 237 255 243 235 243 107
263 234 249 233 251 239 231 239 127
275 53 258 53 261 51 244 51 66
273 64 260 63 261 61 243 61 66
274 203 257 203 261 207 244 207 36
270 212 254 212 257 217 241 216 43
274 221 258 217 261 223 245 221 66
272 233 255 233 257 239 239 239 126
283 52 264 51 267 49 250 49 60
281 55 267 56 267 53 250 53 42
277 58 263 59 265 57 248 57 51
282 71 265 71 265 69 248 69 116
280 75 263 75 263 73 246 73 69
278 207 262 207 265 211 249 211 40
275 226 260 226 263 231 247 231 50
279 230 263 230 267 235 251 235 81
276 232 261 231 263 237 246 237 91
280 239 262 239 265 245 246 244 128
289 250 260 249 265 259 234 259 111
289 58 273 58 273 55 259 56 29
285 61 269 61 271 59 257 60 49
286 78 270 78 273 77 257 77 136
284 201 267 201 271 205 255 205 28
287 209 270 207 273 211 257 211 54
284 217 268 217 273 223 257 221 45
288 53 272 53 275 51 258 51 64
287 66 273 67 275 65 259 65 92
289 78 274 78 277 77 262 77 133
291 109 276 109 279 109 264 109 100
289 110 274 111 277 111 262 111 131
291 107 276 105 279 107 264 107 100
287 205 271 205 275 209 259 209 36
296 225 280 225 279 231 263 231 95
287 224 271 224 275 229 258 229 60
299 245 272 247 277 255 246 255 188
303 281 271 281 279 293 245 292 265
293 76 278 76 281 75 266 75 136
295 80 280 80 283 79 268 79 164
297 99 282 101 285 101 270 100 359
294 106 280 107 283 107 268 107 139
296 106 282 107 285 107 271 107 371
292 116 279 117 281 117 266 117 115
296 149 282 150 285 151 270 151 104
294 175 280 176 283 179 268 177 162
297 199 279 199 283 203 267 203 39
296 235 277 236 283 241 266 240 117
305 250 275 250 281 259 251 258 139
309 257 278 257 285 267 252 266 117
309 265 278 264 285 275 251 274 61
301 58 288 59 291 57 275 57 91
303 73 287 73 289 71 276 72 155
302 87 288 87 291 87 277 87 204
302 101 288 101 291 101 277 101 170
298 104 284 105 287 105 273 105 182
302 108 288 109 291 109 277 109 180
300 109 286 109 289 109 275 109 286
302 119 288 119 289 119 274 119 151
301 143 291 144 289 145 274 145 358
300 157 286 156 289 157 275 158 194
298 161 284 162 287 165 272 166 228
298 170 284 170 287 173 272 173 191
298 180 284 180 287 183 272 183 304
302 176 287 176 291 179 276 179 217
298 186 283 186 287 189 272 189 144
299 215 285 215 289 219 274 220 65
301 219 287 218 291 223 276 223 199
302 224 287 224 291 229 276 229 68
314 257 284 257 291 267 259 266 87
311 261 281 261 287 271 254 271 65
314 263 283 262 291 273 258 272 70
315 270 284 270 291 281 258 281 120
316 281 284 281 291 293 257 293 141
304 68 289 68 293 67 275 66 68
305 82 291 82 295 81 281 81 255
307 86 293 87 297 85 283 85 249
308 87 294 87 297 87 283 87 164
303 112 290 113 293 113 279 113 168
305 149 291 149 295 151 281 151 272
303 162 289 162 293 165 279 165 294
303 170 289 170 293 173 279 173 192
305 184 291 184 295 187 281 187 157
307 184 293 184 297 187 283 187 193
303 195 289 195 293 201 279 199 65
304 209 291 208 295 213 281 212 57
305 215 291 215 295 219 281 219 65
303 211 288 211 293 215 278 215 116
305 221 291 221 295 225 281 225 57
315 252 286 252 293 261 262 261 145
320 270 289 270 297 281 265 280 130
311 67 296 67 303 67 288 67 42
315 82 301 82 303 81 288 81 88
312 113 297 113 301 113 285 113 96
311 118 298 119 301 119 287 119 70
309 147 295 147 299 149 285 149 146
309 153 297 151 299 155 285 155 69
309 162 295 159 299 163 285 165 73
309 182 295 182 299 185 284 185 122
313 182 299 182 303 185 289 185 155
310 203 295 203 299 207 283 207 120
309 211 295 211 299 215 285 215 65
309 217 295 217 299 221 285 221 58
322 249 294 248 301 257 272 256 100
321 263 291 263 299 273 267 273 55
335 334 286 334 299 359 244 358 58
318 54 306 55 309 53 297 54 135
317 60 302 60 307 59 293 59 66
315 64 300 64 305 63 290 63 50
320 75 304 74 307 73 293 73 91
316 87 301 87 307 87 293 87 80
318 198 305 198 309 201 295 201 102
316 200 302 200 307 203 293 203 95
317 232 300 232 305 237 288 237 83
319 236 304 235 307 241 289 241 115
325 253 297 252 305 261 274 261 89
328 262 299 261 307 271 275 271 87
327 278 297 277 305 289 272 288 144
322 67 308 67 315 67 303 68 72
325 76 306 74 315 75 301 75 84
325 72 308 71 315 71 301 71 39
324 85 310 85 315 85 300 85 100
320 89 306 89 311 89 297 89 104
324 202 311 202 315 205 302 207 124
324 217 311 217 315 221 301 220 137
320 219 306 218 311 223 297 223 83
325 226 310 226 315 231 300 231 198
324 234 307 234 313 239 294 239 96
331 253 303 252 311 261 281 261 53
333 269 303 268 311 279 279 278 92
335 265 306 265 315 275 284 274 81
336 271 306 270 315 281 283 281 113
334 280 305 279 313 291 279 291 161
348 328 302 327 315 351 263 349 64
330 58 318 58 321 57 309 57 134
328 64 315 64 319 63 308 64 133
328 69 317 70 321 69 307 69 89
325 83 313 82 317 81 305 81 96
328 91 315 91 319 91 306 91 109
330 97 317 97 321 97 308 97 208
328 108 315 107 319 109 306 107 125
330 193 317 193 321 195 308 196 132
330 198 317 198 321 201 308 201 130
328 204 315 204 319 207 306 207 186
337 243 307 243 317 249 287 249 101
339 245 311 245 319 253 290 253 71
339 254 310 254 319 263 289 263 48
339 267 310 267 319 277 287 277 67
341 273 312 272 321 283 289 282 124
333 46 322 46 325 45 313 45 339
331 43 319 43 323 41 311 41 418
335 52 324 53 327 51 315 51 200
333 62 321 62 325 61 314 62 223
332 95 319 95 323 95 310 95 174
332 124 319 124 323 125 310 125 114
332 149 319 149 323 151 310 151 169
333 161 321 162 325 165 312 166 130
333 167 321 169 325 171 312 169 134
333 177 321 177 325 179 312 179 210
335 184 322 184 327 187 314 187 108
334 188 321 188 325 191 312 191 219
333 195 321 196 325 199 312 199 141
332 202 319 202 323 205 310 205 114
334 228 318 228 323 233 306 233 121
342 250 314 250 323 259 293 258 66
357 328 310 328 325 351 272 350 67
337 48 325 48 329 47 316 47 370
339 58 327 57 331 57 319 57 189
344 74 329 74 333 73 317 72 181
336 85 327 86 329 85 315 85 155
339 93 327 93 331 93 318 94 208
337 107 325 107 329 107 317 107 328
341 123 327 123 329 123 315 123 342
335 147 324 147 329 149 316 149 68
341 153 329 153 333 155 321 155 336
339 163 327 163 331 165 319 165 117
337 169 325 167 329 169 317 171 131
337 175 325 175 329 177 317 177 122
339 178 327 178 331 181 319 181 93
339 176 327 176 331 179 319 179 103
338 188 327 188 331 191 317 191 184
341 200 328 200 333 203 320 203 170
337 207 324 208 329 211 316 211 124
341 215 328 215 333 219 320 219 166
339 213 326 213 331 217 318 217 144
337 219 324 219 329 223 316 223 113
343 232 327 232 333 237 316 237 68
339 228 323 228 329 233 313 233 224
343 228 328 228 333 233 317 233 85
346 245 326 245 333 251 300 250 119
348 267 320 267 329 277 299 277 107
362 331 314 331 329 355 275 354 89
343 56 332 57 335 55 323 55 224
345 64 333 64 337 63 326 63 260
347 64 335 64 339 63 328 63 264
347 68 335 68 339 67 328 67 276
346 122 332 123 337 123 322 123 278
343 157 331 157 335 159 323 158 99
344 156 332 156 337 157 324 158 98
345 177 333 177 337 177 325 179 169
345 180 333 180 337 183 325 183 183
348 181 336 181 339 183 329 184 89
344 184 333 184 337 187 325 187 143
343 196 330 196 337 199 325 199 121
343 209 330 210 335 213 322 213 187
345 213 332 213 337 217 325 217 135
350 239 332 239 339 245 320 245 72
357 278 327 278 337 289 305 289 76
369 336 320 335 337 361 281 360 113
352 81 336 80 341 79 325 79 135
356 114 340 113 345 113 329 113 186
351 113 336 113 341 113 325 113 262
353 137 337 138 343 139 327 139 90
354 171 339 172 345 175 329 174 173
351 193 339 193 345 197 330 195 136
354 215 339 215 345 219 330 219 130
352 219 337 219 343 223 328 223 163
354 225 339 224 345 229 329 229 66
350 223 335 223 341 227 325 227 112
354 228 339 228 345 233 328 233 58
358 250 335 250 345 257 318 257 72
361 262 333 262 343 271 313 270 79
363 273 334 273 345 283 314 283 60
354 55 343 56 347 55 336 55 185
358 64 347 64 351 63 340 63 252
356 68 345 68 349 67 338 68 284
357 123 342 123 347 123 331 123 416
363 119 345 119 351 119 335 119 200
357 134 341 134 347 135 331 135 97
361 131 345 130 351 131 335 131 260
357 138 341 138 347 139 331 139 121
359 146 343 146 349 147 333 147 228
360 169 345 169 351 171 335 171 172
356 168 341 167 347 169 331 169 195
358 172 343 173 349 175 333 175 193
357 212 343 211 349 215 334 216 234
360 229 344 228 351 233 335 233 50
365 272 339 271 349 281 318 281 71
370 285 339 285 351 297 317 297 50
362 51 350 51 357 51 343 50 152
362 65 351 65 355 65 344 65 165
365 82 351 82 355 81 339 80 237
365 83 350 86 355 85 344 85 291
364 94 350 94 355 93 339 93 214
367 106 352 106 357 105 342 105 211
363 128 347 129 353 129 337 129 242
362 173 347 173 353 175 337 175 193
361 207 347 203 353 209 338 209 312
366 217 351 217 357 221 341 221 157
368 248 345 248 355 255 330 253 25
369 251 348 250 357 257 333 256 31
369 270 343 269 353 279 323 279 62
369 28 361 28 359 25 350 25 39
365 67 355 69 359 69 348 67 111
366 87 354 85 359 87 346 85 256
368 129 353 129 359 129 344 129 220
371 140 355 140 361 141 346 141 203
365 146 354 145 359 147 344 147 295
365 149 354 148 359 149 348 150 283
367 176 353 177 359 179 350 179 415
370 178 355 179 361 181 345 182 337
370 187 354 186 361 189 345 190 260
370 184 355 185 361 187 346 189 355
372 211 356 212 363 215 347 215 220
372 218 356 217 363 221 347 221 105
369 225 354 224 361 229 345 229 79
368 229 352 228 359 233 343 233 37
372 247 350 247 359 253 337 253 19
377 257 352 257 363 265 338 264 50
372 57 361 57 367 57 356 57 272
375 73 365 74 369 73 359 74 102
371 75 361 75 365 75 355 75 122
378 117 363 117 369 117 353 117 269
375 121 361 121 367 121 351 121 279
378 133 363 133 369 133 354 132 203
377 174 364 174 369 177 358 176 177
374 182 358 183 365 185 353 185 269
378 187 362 186 369 189 354 191 288
376 225 360 225 367 229 351 229 82
373 232 357 232 365 237 350 237 52
377 229 362 229 369 233 352 233 49
380 261 351 261 365 269 338 269 43
386 275 356 275 369 285 338 284 54
373 40 363 39 371 41 362 40 144
377 66 367 66 371 65 361 65 165
377 79 367 79 371 79 361 79 111
383 119 369 118 375 119 359 119 264
381 130 367 131 373 131 358 131 196
383 135 369 134 375 135 359 135 107
380 142 365 142 371 143 355 143 142
379 155 368 155 373 157 363 157 128
380 185 370 185 375 187 365 187 164
381 206 366 205 373 209 357 209 278
379 207 364 208 371 211 355 211 256
379 213 364 213 371 217 356 217 201
383 220 368 219 375 223 359 223 160
383 225 367 225 375 229 359 229 92
386 250 364 250 375 257 352 257 41
387 279 354 281 371 289 339 288 62
383 71 373 71 377 71 367 71 151
386 81 377 81 381 81 371 81 266
384 77 375 78 379 77 369 77 163
387 90 373 89 379 89 365 88 221
386 94 369 92 377 93 363 92 153
388 111 372 112 379 111 363 112 372
386 155 375 155 381 157 370 156 120
384 179 374 179 379 181 367 181 388
386 177 376 177 381 179 371 179 157
386 185 376 185 381 187 371 187 159
383 197 371 199 377 201 367 201 292
384 196 374 196 379 199 369 199 229
385 212 369 211 377 215 363 215 399
387 213 373 213 381 217 367 217 191
389 219 374 219 381 223 366 223 157
385 231 369 231 377 235 360 235 42
393 256 369 256 381 263 355 263 68
397 277 367 276 381 287 348 287 65
389 48 385 48 387 49 383 49 62
395 104 379 101 387 103 372 103 230
388 175 378 175 383 177 373 177 119
390 181 380 181 385 183 375 183 315
390 187 380 187 387 187 377 187 383
389 194 379 194 385 197 375 197 314
388 200 377 200 383 203 373 202 254
393 206 378 206 385 209 371 209 259
394 216 380 215 387 219 372 219 252
391 225 375 225 383 229 367 229 60
393 229 377 229 385 233 369 233 42
391 231 375 231 383 235 367 235 41
397 259 372 259 383 267 356 267 69
398 263 373 263 385 271 358 271 44
391 62 387 62 389 63 385 63 259
398 102 382 101 389 101 373 100 216
394 109 385 109 389 109 379 109 239
398 112 388 112 393 113 383 113 280
398 126 387 126 393 127 383 127 193
395 128 383 128 389 129 378 129 176
398 153 388 152 393 153 383 153 211
395 148 386 148 391 149 381 149 253
397 167 388 167 393 169 383 169 259
398 175 388 175 393 177 383 176 132
395 190 386 191 391 193 381 193 433
396 204 382 204 389 207 374 207 271
403 252 382 252 393 259 370 258 74
405 283 373 283 389 295 354 294 78
401 110 392 111 397 111 388 111 134
402 116 393 116 397 117 387 117 189
403 136 391 136 397 137 385 137 143
403 148 392 148 399 149 387 149 458
399 169 390 169 395 171 385 171 289
400 183 390 183 395 183 385 182 112
404 204 390 204 397 207 382 207 329
402 200 388 200 395 203 380 203 344
405 216 389 216 397 219 381 219 105
402 221 387 221 395 225 379 225 50
402 220 387 219 395 223 379 223 65
402 225 387 225 395 229 378 229 45
410 235 395 234 399 239 386 239 59
409 254 386 254 397 261 373 261 63
411 258 387 258 399 265 374 265 61
407 260 383 260 395 267 370 267 54
409 71 402 72 405 71 398 72 219
407 93 398 93 403 93 394 93 109
409 112 400 112 405 113 395 113 157
406 115 396 114 401 115 392 115 146
407 116 398 116 403 117 394 117 174
411 137 399 137 405 137 393 137 164
409 150 400 150 405 151 396 151 343
407 169 398 169 403 171 394 171 386
407 179 398 179 403 181 394 181 311
405 195 397 192 403 195 391 194 402
410 225 395 225 403 229 387 229 33
408 229 393 229 401 233 385 233 35
413 252 390 252 401 259 377 259 52
417 256 393 256 405 263 381 263 57
406 52 398 51 407 53 397 52 99
412 99 400 98 407 99 397 99 66
416 114 405 114 411 115 399 116 209
415 119 403 119 409 119 398 120 258
417 128 405 129 411 129 399 129 288
411 153 402 154 407 155 398 155 328
416 178 404 175 411 179 400 177 227
416 216 401 216 409 219 390 220 108
416 223 401 223 409 227 393 226 60
422 270 393 270 409 279 379 279 99
419 57 412 57 415 57 408 57 116
413 63 405 63 413 63 400 63 249
416 69 410 69 413 69 407 70 135
420 71 414 71 417 71 411 71 140
415 81 409 81 413 81 407 81 231
420 109 409 108 415 109 403 110 176
420 142 408 142 415 143 403 143 255
420 150 409 150 415 151 403 151 254
420 158 408 158 415 159 403 159 340
419 204 405 204 413 207 395 207 254
421 208 406 208 415 211 400 211 185
420 223 404 223 413 227 397 227 50
425 244 405 243 417 249 395 249 61
427 251 405 251 417 257 395 257 96
430 272 401 271 417 281 387 281 117
428 278 396 278 413 289 380 289 118
433 292 398 291 417 305 378 305 148
424 53 418 53 421 53 415 53 120
424 59 418 59 421 59 415 59 85
424 65 418 65 421 65 415 65 134
424 90 415 91 421 91 415 91 48
428 119 418 118 423 119 413 117 343
426 140 414 140 421 141 409 141 243
428 146 417 146 423 147 411 147 312
424 167 412 167 419 169 407 169 389
428 166 416 165 423 167 412 167 407
427 173 418 173 423 175 416 174 239
426 183 414 183 421 185 411 185 247
428 193 416 193 423 195 409 195 197
428 223 412 223 421 227 405 227 45
431 246 410 246 423 251 401 251 59
429 254 400 256 419 261 395 260 177
433 280 402 280 419 291 385 291 124
428 55 422 55 425 55 419 55 82
432 57 426 57 429 57 423 57 114
430 53 424 53 427 53 421 53 175
432 62 426 63 429 63 423 63 120
428 73 422 73 425 73 419 73 299
429 86 422 87 427 87 421 87 86
434 150 423 149 429 151 418 150 355
430 170 422 171 427 173 419 172 168
429 185 421 185 425 187 417 187 204
432 183 424 183 429 185 421 185 239
432 189 418 189 429 191 413 191 282
428 212 416 212 425 215 410 215 161
431 216 416 216 425 219 409 219 90
431 227 415 227 425 231 409 231 56
435 223 419 223 429 227 405 227 76
435 231 419 231 429 235 412 235 59
433 231 417 231 427 235 410 235 66
431 247 409 249 425 251 404 251 115
439 263 414 263 429 271 401 271 118
438 273 408 273 425 283 393 283 131
441 280 409 280 427 291 392 291 130
442 293 406 293 427 307 387 307 88
446 310 411 310 429 327 396 329 48
437 100 431 100 435 101 429 101 80
436 109 425 108 431 109 422 109 167
439 115 430 116 435 117 427 117 187
440 152 431 152 435 153 426 153 297
439 146 426 148 433 149 421 149 299
434 156 426 156 431 157 423 157 366
436 161 428 161 433 163 425 163 205
438 163 430 164 435 165 429 164 206
438 170 430 169 435 171 428 171 196
438 185 430 185 435 187 427 187 195
438 198 425 198 433 201 419 201 293
441 223 425 223 435 227 419 227 57
439 227 423 227 433 231 416 231 76
439 247 419 247 431 253 410 252 65
438 253 415 253 433 257 409 257 145
444 253 422 252 435 259 411 259 79
444 267 415 266 431 275 403 275 109
447 275 417 275 435 285 403 285 150
444 277 413 277 431 287 397 287 103
445 282 413 282 431 293 396 293 103
446 290 410 290 431 303 392 303 108
438 63 431 62 439 65 434 65 119
437 79 434 81 437 81 433 82 126
439 90 434 92 437 91 431 91 43
440 158 432 157 437 159 429 159 350
444 164 436 164 441 165 434 165 159
440 165 432 165 437 167 430 167 235
444 169 437 169 441 171 433 171 217
443 189 431 189 437 191 427 191 234
446 195 432 195 441 197 427 197 180
444 210 430 210 439 213 424 213 230
447 214 433 214 441 217 427 217 203
445 225 429 225 439 229 424 229 75
449 234 431 234 441 239 425 238 85
445 244 425 244 437 249 416 249 76
448 240 429 240 441 245 422 245 82
447 263 421 263 437 271 409 271 100
453 279 422 278 441 289 407 289 110
452 293 415 293 437 307 397 306 89
448 128 436 129 443 129 431 129 240
451 127 440 126 447 127 435 127 158
447 142 441 142 445 143 439 143 377
445 144 439 144 443 145 437 145 361
449 162 443 161 447 163 441 163 178
449 174 443 174 447 175 441 175 303
449 183 443 183 447 185 441 185 322
451 196 437 196 445 199 430 199 187
449 218 435 218 443 221 427 221 164
453 236 435 236 445 241 426 241 82
454 247 433 247 447 253 425 253 88
451 249 429 249 443 255 421 254 97
452 256 428 256 443 263 417 263 88
454 84 450 84 453 85 449 85 148
456 119 448 118 453 119 445 119 108
451 119 441 120 449 121 438 121 197
451 138 445 138 449 139 443 139 235
453 160 444 158 451 161 442 159 212
451 166 445 166 449 167 443 166 190
451 179 445 179 449 181 443 181 351
458 191 444 191 453 193 439 193 300
456 197 441 196 451 199 437 199 219
458 200 444 200 453 203 438 203 166
454 210 440 210 449 213 434 213 276
458 214 444 214 453 217 438 217 203
454 216 440 216 449 219 435 219 260
454 233 437 233 449 237 433 236 58
461 243 439 244 453 249 433 248 78
460 270 432 269 449 279 419 278 104
463 279 433 278 453 289 419 289 223
458 80 454 80 457 81 453 81 76
459 89 454 88 457 89 453 90 202
460 105 452 105 457 105 449 105 92
460 117 452 117 457 115 449 114 111
460 120 452 120 457 121 449 121 170
462 124 454 124 459 125 451 125 133
460 158 451 158 457 159 448 159 177
461 153 453 154 459 155 450 155 144
459 159 451 160 457 161 448 161 251
462 170 453 170 459 171 450 171 278
459 192 445 192 455 195 441 195 492
464 208 450 208 459 211 444 211 218
462 216 447 216 457 219 442 219 221
462 238 443 238 455 243 435 243 71
471 290 436 290 459 303 420 303 80
473 294 438 294 459 307 419 307 76
469 294 434 294 455 307 416 307 110
463 84 458 85 461 85 456 85 154
465 83 460 83 463 83 458 83 194
468 101 460 101 465 101 457 101 136
465 118 457 118 461 119 455 119 197
464 158 455 158 461 159 452 159 174
467 202 454 202 463 205 449 205 211
469 216 457 216 465 219 453 219 173
467 212 453 212 463 215 449 215 150
470 224 455 224 465 227 450 227 139
469 242 450 242 463 247 445 245 103
470 249 448 249 463 255 439 254 95
468 255 443 255 461 261 436 261 95
474 280 442 280 463 291 427 291 129
472 277 441 277 461 287 428 287 132
477 292 441 292 465 305 426 305 95
476 313 433 313 461 331 413 331 24
472 73 468 73 471 73 467 73 77
470 71 466 71 469 71 465 71 46
468 94 464 94 467 95 463 95 117
471 105 466 104 469 105 464 104 85
471 115 465 114 469 115 463 115 182
471 126 465 126 469 127 463 127 114
469 130 463 130 467 131 461 131 92
473 134 467 134 471 135 465 135 186
473 175 466 176 471 177 465 177 140
473 191 461 192 469 193 457 194 234
473 197 460 197 469 199 456 199 213
473 220 460 220 469 223 455 223 218
476 235 458 235 471 239 453 239 92
474 253 451 253 467 259 443 259 140
478 273 447 273 467 283 435 283 70
480 301 440 301 467 317 423 316 66
484 308 441 307 471 325 424 324 38
484 313 441 312 469 331 421 330 25
483 314 436 315 467 333 418 333 25
476 70 472 70 475 71 471 71 46
479 89 475 89 477 89 473 89 183
475 110 469 110 473 111 467 111 210
476 116 471 117 475 117 469 117 81
475 130 469 130 473 131 467 131 150
478 150 473 150 477 151 471 151 146
475 156 469 156 473 157 469 159 387
477 168 470 167 475 169 469 169 123
479 175 473 175 477 179 471 178 254
480 189 469 189 477 191 467 191 178
476 193 465 193 473 195 461 195 380
479 226 464 226 475 229 460 229 74
482 247 460 247 475 253 451 253 88
480 251 457 251 473 257 449 257 107
482 254 458 254 475 261 450 261 74
485 265 457 265 477 273 447 273 87
487 275 456 276 477 285 443 285 185
485 282 452 282 475 293 438 293 144
487 303 445 303 475 319 427 319 45
483 80 478 81 481 81 478 81 99
480 84 476 84 479 85 475 85 130
482 86 478 86 481 87 477 87 106
480 102 476 102 479 103 475 103 210
484 111 480 110 483 111 478 111 417
481 117 475 115 479 115 474 117 146
484 117 479 116 483 117 478 117 159
484 128 478 128 483 129 478 129 168
480 126 475 127 479 127 473 127 174
483 132 477 132 481 133 475 132 98
480 136 475 136 479 137 474 137 124
482 138 477 138 481 139 475 139 141
482 146 477 146 481 147 475 147 163
484 147 479 150 483 149 478 151 139
482 154 477 154 481 155 476 155 164
480 162 474 162 479 163 473 163 175
485 183 475 183 483 185 473 185 282
483 187 473 187 481 189 471 189 252
482 185 471 185 479 187 469 187 210
481 191 471 191 479 193 469 193 171
483 199 473 199 481 201 471 201 103
484 213 472 212 481 215 469 215 101
486 218 474 218 483 221 470 221 93
489 267 461 266 481 275 451 275 62
491 278 460 278 483 289 449 289 76
496 308 452 307 483 325 436 325 43
490 81 486 80 489 81 485 81 90
487 95 483 95 485 95 481 95 102
488 106 484 106 487 107 483 107 215
486 112 481 112 485 113 480 113 168
488 140 483 140 487 141 482 141 226
490 142 485 142 489 143 484 143 201
490 154 485 154 489 155 484 155 171
486 162 481 161 485 163 480 163 176
488 166 483 166 487 167 482 167 158
488 177 483 178 487 179 482 179 296
488 179 475 179 487 181 477 181 471
489 185 480 185 487 187 477 187 217
489 191 479 191 487 193 477 193 102
491 201 481 201 489 203 479 203 77
487 203 477 203 485 205 475 205 125
489 201 479 201 487 203 477 203 87
495 270 466 270 487 279 455 279 67
493 294 461 293 485 307 445 307 79
496 90 493 90 495 91 492 91 132
494 94 491 95 493 95 490 95 196
496 96 493 97 495 97 492 97 126
494 102 490 102 493 103 489 103 196
494 104 490 104 493 105 489 105 306
494 115 489 115 493 115 488 115 271
496 116 491 116 495 117 490 117 194
496 122 491 123 495 123 490 123 230
492 148 487 148 491 149 486 149 118
494 172 489 172 493 173 488 173 298
493 193 483 193 491 195 481 195 83
497 191 487 191 495 193 485 193 125
496 216 484 216 493 219 480 219 87
491 221 478 221 491 223 478 223 125
498 218 486 218 495 221 482 221 118
495 228 479 228 491 231 475 231 84
495 224 485 223 491 227 476 227 91
496 239 476 239 491 243 471 242 81
502 265 474 265 495 273 465 273 64
502 270 473 270 495 279 464 279 65
500 280 467 280 491 291 455 291 82
504 287 470 287 495 299 457 299 88
499 294 461 294 491 307 448 307 96
502 306 460 306 491 323 447 323 45
502 93 498 92 501 93 497 93 86
502 144 497 144 501 145 496 145 151
497 157 493 160 497 161 492 161 150
502 167 497 168 501 169 496 170 205
502 178 497 177 501 179 496 177 311
501 199 492 199 499 201 490 201 171
503 209 492 209 501 211 489 211 114
499 212 488 212 497 215 485 215 88
500 226 487 225 497 229 484 228 82
505 261 480 262 499 269 471 269 73
506 268 477 268 499 277 468 277 80
508 270 479 270 501 279 470 279 70
509 280 476 280 501 291 465 291 100
509 297 471 297 499 311 456 311 60
509 303 468 302 499 319 453 318 68
511 313 464 312 499 331 450 331 17
506 99 498 99 505 99 502 100 359
506 97 502 96 505 97 502 96 184
507 115 501 115 505 115 500 115 160
508 113 503 112 507 113 502 113 128
506 127 501 126 505 127 500 127 166
506 134 501 134 505 135 500 135 163
504 140 499 140 503 141 498 141 152
506 146 500 146 505 147 500 147 206
506 173 501 172 505 173 500 173 229
506 177 501 176 505 177 500 175 236
506 183 498 184 505 185 497 185 466
507 194 499 193 507 195 498 195 418
509 240 489 240 505 245 484 245 99
507 248 490 247 503 253 481 253 79
512 254 485 252 507 261 479 260 111
511 279 478 279 503 289 468 289 60
516 290 479 290 507 303 468 303 87
511 294 474 294 503 307 462 307 64
514 294 479 294 505 307 465 307 77
514 309 470 309 503 327 454 327 23
513 106 510 106 513 107 509 107 165
510 109 506 108 509 109 505 109 123
510 128 505 128 509 129 504 128 150
514 134 508 134 513 135 508 135 126
512 138 507 138 511 139 506 139 158
514 150 509 150 513 151 508 151 180
512 191 504 191 511 193 502 193 363
510 195 502 195 509 197 501 197 260
517 231 498 232 513 235 495 235 39
517 242 497 242 513 247 491 247 100
514 246 492 246 509 251 486 251 97
517 248 495 248 513 253 490 253 75
519 263 491 263 513 271 483 271 52
519 270 489 270 513 279 481 279 57
519 301 478 301 509 317 464 317 41
517 108 515 109 517 109 515 110 130
518 115 515 114 517 115 514 114 158
520 120 519 123 519 121 513 121 100
518 130 512 130 517 131 512 131 90
518 146 512 145 517 147 512 147 160
520 168 514 168 519 169 513 170 423
516 198 508 197 515 199 506 199 168
517 205 508 205 515 207 506 207 94
519 218 509 219 517 221 504 221 54
522 231 505 231 519 235 502 235 42
523 251 500 251 519 257 495 257 76
520 274 489 274 517 283 484 283 120
521 280 488 280 515 291 479 291 78
526 290 490 290 519 303 479 303 75
525 306 483 306 517 323 467 323 48
527 311 484 311 517 329 467 329 26
526 128 521 128 525 129 519 129 160
522 127 517 126 521 127 516 127 69
526 134 520 135 525 135 520 135 93
523 171 519 169 523 171 518 169 203
522 172 516 172 521 173 516 172 372
522 182 515 182 521 183 515 183 322
521 178 516 178 521 179 516 179 290
526 186 518 186 525 187 517 187 350
524 197 516 197 523 199 515 199 193
522 203 513 203 521 205 512 205 124
526 205 517 205 525 207 516 207 130
523 211 515 210 521 213 511 214 72
525 242 504 242 521 247 498 247 105
529 249 506 249 525 255 500 254 63
526 248 503 248 521 253 498 253 88
525 253 503 253 525 259 499 259 65
528 262 500 261 523 269 494 269 78
533 308 490 308 525 325 478 325 26
527 111 525 111 527 111 524 111 125
528 117 524 116 527 117 524 117 120
532 127 526 127 531 127 526 127 89
530 148 524 148 529 149 524 149 125
532 192 526 192 531 193 525 193 217
528 203 519 203 527 205 518 205 171
532 218 519 218 531 221 517 221 107
531 222 516 222 529 225 514 225 75
532 246 510 246 529 251 506 251 94
534 275 502 275 529 285 494 285 64
533 280 499 280 527 291 491 290 64
534 301 493 301 527 317 481 317 55
537 310 492 309 529 327 483 327 35
534 117 530 117 533 117 529 117 137
538 120 533 119 537 121 532 120 129
534 141 530 140 535 141 530 141 120
534 144 528 144 533 145 528 145 79
535 155 529 155 535 155 529 155 297
533 178 528 178 533 179 528 179 236
537 192 531 191 537 193 531 193 202
538 209 527 209 537 211 526 211 85
538 234 519 234 537 237 516 237 71
536 242 515 242 533 247 511 247 107
542 119 536 119 541 119 535 119 89
542 125 537 125 541 125 536 125 72
544 135 538 135 543 135 537 135 35
540 133 534 133 539 133 534 133 63
540 136 534 136 539 137 534 137 37
541 162 537 162 541 163 537 163 370
541 182 536 182 541 183 535 183 359
543 188 538 188 543 189 537 189 283
541 192 535 192 541 193 535 193 204
542 196 537 196 543 197 537 197 295
540 215 527 215 539 217 526 217 57
543 218 529 219 541 221 528 221 81
541 222 525 223 539 225 522 226 96
543 235 524 235 541 239 521 239 85
546 258 519 258 543 265 514 265 105
545 262 519 262 543 269 513 269 131
545 272 514 272 541 281 508 281 112
548 275 515 275 543 285 508 285 83
547 279 514 279 543 289 506 289 65
544 284 509 284 539 295 501 295 50
549 305 505 305 539 321 495 321 80
546 309 502 309 541 327 492 327 48
552 127 547 127 549 125 544 125 114
546 132 540 133 545 133 540 133 61
548 137 542 137 547 137 542 136 39
547 154 544 154 547 155 545 155 163
545 174 536 173 545 175 536 173 514
549 178 545 178 549 179 546 179 229
547 202 533 202 547 203 532 203 388
549 212 537 212 547 215 536 213 85
551 232 533 232 549 235 530 235 95
547 237 528 237 545 241 525 241 104
550 242 531 242 547 247 527 247 154
552 256 527 257 549 263 522 263 124
550 285 515 285 545 297 507 297 87
551 290 516 291 547 303 508 303 52
553 304 507 305 547 321 497 321 51
555 308 511 308 549 325 500 325 86
553 311 508 311 547 329 497 329 83
553 147 549 147 553 147 549 147 127
551 147 547 147 551 147 547 147 104
555 164 552 164 555 165 552 164 259
551 184 546 184 551 185 547 185 463
555 194 550 194 555 195 550 195 223
555 200 547 200 555 201 547 201 124
554 219 541 219 553 221 540 221 67
552 232 533 232 551 235 533 235 102
555 235 536 235 553 239 533 239 66
553 251 529 251 551 257 526 257 73
558 311 513 311 553 329 502 329 138
559 328 508 328 553 351 495 351 107
557 333 506 332 551 357 492 356 102
555 120 552 121 557 121 549 120 38
559 135 554 134 559 135 553 135 115
559 176 556 176 559 177 556 177 290
557 182 553 182 557 183 553 183 201
561 180 557 180 561 181 557 181 259
561 186 556 186 561 187 556 187 217
559 204 549 204 561 205 551 205 117
561 207 551 207 561 209 551 209 85
557 209 547 209 557 211 547 211 86
558 217 545 217 557 219 544 219 71
563 244 541 244 561 249 538 249 77
558 240 538 240 557 245 535 245 86
559 246 537 246 557 251 534 251 92
561 255 536 255 559 261 531 261 79
560 258 533 258 557 265 529 265 126
562 270 531 270 559 279 526 279 98
562 275 531 276 559 285 524 285 53
562 280 528 280 559 291 522 291 40
563 293 524 293 559 307 516 307 72
563 296 522 296 559 311 514 311 68
563 308 519 308 559 325 510 325 116
565 322 518 320 561 341 507 341 122
566 328 516 328 561 351 504 351 135
563 133 558 133 563 133 557 133 75
567 141 564 141 567 141 564 141 132
563 146 560 146 563 147 560 147 77
567 188 563 188 567 189 563 189 280
563 190 558 190 563 191 559 191 254
563 211 552 211 563 213 551 213 77
564 232 547 231 563 235 544 235 73
568 253 543 253 567 259 539 258 86
567 260 539 260 565 267 535 267 75
567 263 539 263 565 271 534 271 82
569 267 538 267 563 275 532 275 116
566 274 534 274 563 283 528 283 72
566 277 533 277 563 287 527 287 51
570 280 536 280 567 291 530 290 38
567 290 529 290 563 303 521 302 43
568 295 529 295 565 309 522 309 68
567 305 524 305 563 321 516 321 108
573 139 570 139 573 139 570 139 124
571 137 568 137 571 137 569 138 121
570 143 568 142 571 143 568 143 117
572 155 570 154 573 155 570 155 122
573 182 569 182 573 183 570 183 323
572 198 565 198 573 199 565 199 196
573 211 562 211 573 213 561 213 106
570 244 548 244 569 249 546 249 107
570 249 547 250 569 255 544 255 89
571 256 544 256 569 263 541 263 54
570 261 544 262 569 269 539 269 56
575 271 544 270 573 279 540 279 110
573 277 540 277 571 287 535 287 74
574 303 527 302 571 319 525 319 79
575 308 531 308 571 325 523 325 152
576 312 532 312 573 331 523 331 122
572 316 527 316 569 335 517 335 178
573 320 526 320 569 341 515 341 100
577 332 525 334 573 357 514 357 71
573 335 521 335 569 359 509 360 89
577 145 574 145 577 145 574 145 56
575 211 563 211 575 213 563 213 97
577 215 563 215 575 217 562 217 121
577 228 561 227 577 231 559 231 76
574 230 559 230 577 233 554 234 170
579 237 559 237 579 241 558 240 103
580 251 556 251 579 257 553 257 76
578 260 551 260 577 267 547 267 51
581 264 551 263 579 271 549 271 65
578 267 548 267 577 275 545 275 54
577 281 543 281 575 291 538 291 50
580 279 547 279 579 289 543 289 80
577 286 541 285 575 297 536 297 41
579 300 539 299 577 315 533 315 47
578 322 531 322 575 343 521 343 82
580 142 577 142 581 143 577 142 104
582 176 568 175 583 177 569 175 501
584 188 574 188 585 189 575 188 297
584 196 574 196 585 197 576 197 352
583 225 567 224 583 227 567 227 96
585 236 566 235 585 239 565 239 128
584 238 564 237 583 243 563 241 88
582 248 559 248 581 253 557 253 93
582 275 547 275 581 285 546 285 98
585 331 533 331 583 355 525 354 64
586 331 535 331 585 355 527 355 56
591 140 589 140 589 141 586 141 98
588 182 578 182 589 183 579 183 296
586 190 576 190 587 191 578 191 273
590 196 580 196 591 197 581 197 331
588 201 578 200 589 201 579 201 287
586 209 576 208 587 209 576 209 233
589 228 573 227 589 231 571 232 108
589 232 571 232 589 235 571 234 75
587 239 567 239 587 243 566 243 108
589 235 571 235 589 239 569 239 93
591 242 568 242 591 247 568 247 103
589 246 565 246 589 251 566 251 194
588 253 563 253 587 259 561 259 84
592 265 563 265 591 273 561 273 50
587 273 555 273 587 283 552 283 64
590 289 555 289 589 301 551 301 74
587 301 547 302 587 317 537 316 51
591 308 546 307 589 325 540 325 60
589 311 545 311 589 329 539 329 76
592 174 591 175 593 175 585 175 420
596 189 586 189 597 189 588 188 286
594 192 584 192 595 193 586 193 255
594 200 584 200 595 201 585 201 229
596 211 585 211 597 213 585 213 332
594 215 582 215 595 217 583 217 95
593 225 577 225 593 227 577 227 75
597 239 576 239 597 243 576 243 83
595 248 571 248 595 253 570 253 128
595 275 562 275 595 285 559 285 64
594 282 560 282 595 293 557 293 121
595 286 559 285 595 297 555 297 61
595 307 552 306 595 323 546 323 57
593 313 548 313 593 331 542 331 52
594 319 547 319 593 339 540 339 80
603 73 594 73 603 71 593 72 55
603 79 594 79 603 77 594 77 58
603 88 594 88 603 87 594 87 127
601 93 592 92 601 91 592 91 142
603 100 594 100 603 99 594 99 111
603 135 599 135 603 135 599 135 49
601 131 597 131 601 131 597 131 55
599 137 595 137 599 137 595 137 119
598 215 585 215 599 217 586 217 79
602 217 590 217 603 219 590 219 82
601 228 584 228 601 231 583 230 95
601 233 582 233 601 237 581 237 74
599 232 580 232 599 235 580 235 95
599 237 578 237 599 241 578 241 74
601 241 580 241 601 245 579 245 93
598 255 573 255 599 261 571 261 67
602 262 574 262 603 269 571 269 50
602 276 569 276 601 285 565 285 40
602 272 566 271 603 281 568 281 89
599 279 565 279 599 289 562 289 106
599 287 563 287 599 299 559 299 80
601 308 556 308 601 325 552 325 76
602 316 557 316 603 335 551 335 107
602 333 551 333 603 357 543 357 96
605 94 596 94 605 93 596 93 126
609 110 600 110 609 109 600 109 123
605 114 596 114 605 113 596 113 154
607 133 603 133 607 133 603 133 61
604 147 601 147 605 147 601 147 164
607 186 602 186 607 187 603 187 151
605 219 592 219 607 221 592 221 80
608 225 591 225 609 227 592 227 90
607 246 584 246 609 251 585 251 107
606 282 570 283 607 293 569 293 95
605 311 561 311 605 329 557 328 83
608 320 561 320 609 341 555 340 116
607 325 559 325 609 347 553 347 137
608 333 556 334 609 357 549 358 113
613 69 604 69 613 67 604 66 63
615 67 606 67 615 65 606 65 68
613 75 604 75 613 73 604 73 98
611 83 601 83 611 81 602 81 72
615 85 606 85 615 83 606 83 67
613 112 604 112 613 111 604 111 138
613 124 604 123 613 123 604 123 197
612 173 599 173 613 173 600 173 330
610 188 606 188 611 189 607 189 146
614 188 610 188 615 189 611 189 96
614 194 608 194 615 195 609 195 184
614 206 604 206 615 207 605 207 104
609 211 598 211 611 213 599 213 116
614 226 598 226 615 229 598 229 139
612 234 593 234 613 237 593 237 190
612 243 590 243 613 247 590 247 142
607 250 585 250 611 255 586 255 183
613 252 586 251 613 257 587 257 127
614 266 585 266 615 273 584 273 109
611 268 582 268 613 277 580 277 78
612 274 580 274 613 283 578 283 93
612 306 569 306 613 323 564 323 71
612 305 569 305 611 323 562 323 69
609 313 564 313 611 331 560 331 99
613 313 568 313 615 331 564 331 101
614 324 568 324 615 345 565 346 124
613 334 561 335 615 359 555 359 94
621 31 608 31 621 31 610 33 28
621 95 611 94 621 93 611 93 53
617 93 607 93 617 91 607 91 61
617 107 607 106 617 105 608 105 133
617 149 612 149 617 149 613 149 92
618 192 612 192 619 193 613 193 132
616 196 608 196 617 197 610 197 126
620 206 610 206 621 207 611 207 118
618 204 608 203 619 205 609 204 170
620 225 604 224 621 227 605 227 84
616 232 598 232 617 235 598 235 206
615 239 594 239 617 243 595 243 108
618 241 596 241 619 245 597 245 105
616 245 594 245 617 249 593 249 120
621 258 594 258 621 265 592 265 140
616 262 588 262 617 269 587 269 106
619 269 589 269 621 277 589 277 97
615 276 582 276 617 285 581 285 113
617 279 583 279 619 289 582 289 95
619 285 583 285 621 297 580 297 71
619 291 582 291 621 303 580 303 67
627 63 617 63 627 61 618 61 151
625 68 615 67 625 65 616 65 72
623 122 613 121 623 121 614 121 220
624 143 619 143 625 143 620 143 70
624 181 620 180 625 181 621 181 151
624 188 618 188 625 189 620 189 110
619 194 615 194 623 195 618 195 153
626 208 615 208 627 209 616 209 153
623 223 608 223 625 225 609 225 80
623 228 606 228 625 231 607 231 102
619 236 603 235 623 239 602 239 148
622 287 586 287 625 299 585 299 94
624 295 585 295 627 309 583 308 94
622 306 579 306 625 323 577 323 81
624 310 580 310 627 327 577 327 122
620 318 574 318 623 337 571 337 151
631 61 621 61 631 59 621 59 177
633 71 624 71 633 69 624 69 142
632 83 623 83 633 81 623 81 96
632 89 623 89 633 87 623 87 118
632 99 623 98 633 97 623 96 58
628 106 619 106 629 105 620 105 70
628 145 624 145 629 145 624 144 59
630 149 626 149 631 149 626 149 64
632 188 626 188 633 189 627 189 117
630 189 625 188 631 189 626 189 130
632 197 625 196 633 197 626 197 101
632 206 623 206 633 207 623 207 106
630 210 619 210 631 211 620 211 145
627 230 610 230 629 233 611 233 158
629 237 609 237 631 241 610 241 97
628 250 605 250 631 255 606 255 92
626 260 599 260 629 267 599 267 129
626 284 591 284 629 295 590 295 91
629 313 585 313 633 331 583 331 109
639 34 621 34 639 27 621 27 112
638 87 629 87 639 85 629 85 113
634 85 625 85 635 83 625 83 80
636 121 629 119 637 121 629 119 332
634 175 628 175 635 175 629 175 149
636 179 630 179 637 179 631 179 137
636 192 629 192 637 193 629 193 80
638 190 630 190 639 191 631 191 216
638 197 630 197 639 197 631 197 201
633 206 624 206 635 207 626 207 115
637 210 626 210 639 211 628 211 115
635 216 622 216 637 217 624 217 94
633 239 613 239 635 243 614 243 88
638 245 613 244 639 249 615 249 89
636 250 613 250 639 255 614 255 70
631 252 608 252 635 257 609 257 126
632 260 604 260 635 267 605 267 132
633 266 605 265 635 273 604 273 100
636 268 606 268 639 275 607 275 108
632 280 597 280 635 291 596 291 100
632 286 596 286 635 297 596 297 109
632 291 594 291 635 303 594 303 81
631 308 587 308 635 325 584 324 89
640 28 623 27 641 21 622 21 118
640 72 631 74 641 69 631 70 311
645 97 635 97 645 95 636 95 64
644 105 635 104 645 103 635 103 79
644 110 635 110 645 109 635 109 110
644 151 640 151 645 151 641 151 290
640 157 636 155 641 157 637 155 204
642 161 638 161 643 161 639 161 210
642 179 633 179 643 179 634 179 126
644 184 636 183 645 185 637 184 83
641 202 632 202 643 203 634 203 107
640 214 632 213 643 215 631 215 96
637 258 607 258 641 265 613 265 95
637 262 611 262 643 269 613 269 183
638 269 609 269 643 277 611 277 151
645 285 609 285 645 295 605 295 166
641 289 604 289 641 299 601 299 152
647 26 630 25 649 19 630 19 199
650 24 632 24 651 17 633 17 125
650 29 630 30 651 23 631 24 169
649 48 631 48 649 43 630 41 359
650 93 641 92 651 91 641 90 68
648 103 638 103 649 101 639 101 72
646 155 642 155 647 155 643 155 535
648 165 642 165 649 165 643 165 245
650 173 641 172 651 173 643 173 163
647 187 638 186 649 187 639 187 111
647 200 638 200 649 201 640 200 109
647 206 637 206 649 207 638 207 99
649 210 638 210 651 211 640 211 133
647 230 630 229 651 233 632 233 13
645 240 624 240 649 245 626 244 28
646 252 622 252 649 257 623 257 38
643 260 615 260 647 267 615 266 90
646 286 610 286 649 297 609 297 148
656 24 638 23 657 17 639 16 120
651 41 634 41 653 35 635 35 157
652 91 642 91 653 89 643 89 134
652 100 642 101 653 99 643 99 51
656 111 646 110 657 109 647 108 174
656 124 650 123 657 123 651 122 324
653 186 643 186 655 187 645 187 58
651 184 641 184 653 185 643 185 73
651 191 641 191 653 191 643 191 67
656 206 645 206 657 207 647 207 111
648 245 627 249 653 253 630 254 12
649 254 627 254 653 259 628 260 34
652 265 623 263 657 273 625 271 33
651 299 611 299 657 313 612 313 69
647 306 604 306 653 323 605 321 35
659 47 640 47 661 41 641 41 230
661 78 643 77 663 73 645 73 128
657 81 640 80 659 77 641 77 143
657 98 647 98 659 97 649 97 70
661 194 649 194 663 195 651 195 127
660 206 648 206 663 207 650 207 131
659 210 646 210 661 211 648 211 129
661 212 648 212 663 213 650 213 150
662 224 646 223 663 225 648 225 54
657 237 637 238 661 243 641 241 8
655 256 630 256 661 263 632 263 21
657 282 622 282 663 293 622 292 90
653 287 616 287 659 299 619 299 111
663 30 646 29 665 23 647 22 161
665 37 647 38 667 31 649 31 144
667 45 651 45 669 39 653 38 303
663 66 646 66 665 61 647 61 109
666 74 650 74 669 69 651 69 56
663 72 645 72 665 67 646 67 107
664 149 654 151 665 151 656 152 569
662 192 649 191 665 193 651 191 83
661 231 643 232 665 235 646 235 11
662 243 641 243 665 247 645 247 11
665 268 634 268 669 275 637 275 15
659 279 625 279 665 289 627 287 46
668 50 648 50 671 43 650 43 215
671 120 665 120 673 119 666 121 381
672 125 659 126 673 123 664 125 407
673 129 663 128 675 127 665 127 424
672 130 662 130 673 131 663 130 426
673 168 668 165 675 167 669 168 174
670 193 657 192 673 193 659 193 152
669 196 656 196 671 197 658 197 116
672 196 658 196 675 197 661 197 96
668 219 653 219 671 221 656 221 65
669 226 652 225 673 229 655 227 22
667 232 649 232 671 235 652 235 13
665 254 639 253 673 259 640 257 9
669 272 638 271 675 279 642 279 15
665 275 633 275 671 283 636 283 29
666 311 622 311 675 329 623 327 21
678 60 660 60 681 55 662 54 172
678 76 662 75 681 71 664 70 122
674 78 657 78 677 73 659 73 126
678 127 667 126 679 125 668 123 397
679 150 673 149 681 149 675 149 205
679 159 673 159 681 159 675 159 237
679 156 673 156 681 155 675 155 155
679 179 669 178 681 179 671 178 258
677 181 667 180 679 181 669 180 384
679 191 673 190 681 191 675 190 150
676 204 661 204 679 205 664 205 84
676 208 660 208 679 209 663 209 95
677 216 662 216 681 217 665 217 37
673 245 652 246 679 249 655 249 15
683 40 663 39 685 33 666 32 208
681 46 663 46 685 39 666 40 200
680 87 663 87 683 83 665 83 145
682 136 676 135 683 135 677 135 441
682 145 676 145 683 145 677 145 213
681 153 675 153 683 153 677 153 119
684 170 677 169 685 169 679 169 303
685 175 679 175 687 175 681 174 224
685 183 681 183 687 183 682 183 207
681 187 675 185 683 187 677 185 227
683 198 668 198 685 199 671 199 173
682 202 668 202 685 203 671 203 71
679 210 664 209 683 211 667 211 63
681 218 665 217 685 219 669 219 24
675 276 643 276 683 285 647 285 12
676 279 645 282 683 289 647 291 14
676 285 640 284 683 295 644 295 21
687 27 667 27 691 19 671 18 294
689 37 670 36 693 29 672 29 150
688 42 668 43 691 35 671 34 230
686 71 667 69 689 67 669 66 133
686 87 668 87 689 83 671 83 104
691 114 674 115 693 113 676 113 327
686 118 671 119 689 117 673 117 513
687 132 678 131 689 131 681 131 393
687 140 679 140 689 139 681 139 261
691 138 683 138 693 137 685 137 449
687 150 680 149 689 149 682 149 280
691 152 684 151 693 151 686 151 149
687 163 681 163 689 163 683 163 252
687 179 681 178 689 179 683 178 273
689 200 675 200 693 201 678 201 67
685 206 669 206 689 207 673 207 50
685 220 669 220 689 221 673 221 16
685 229 667 230 693 233 674 233 24
688 234 669 234 693 237 673 237 19
686 250 663 250 693 255 668 255 15
686 255 661 255 691 259 662 261 11
681 268 649 267 689 277 656 277 12
691 84 674 83 695 79 677 79 201
693 145 686 146 695 145 688 145 250
693 154 686 153 695 153 688 153 196
693 155 686 155 695 155 688 155 214
693 163 686 163 695 163 688 163 141
690 226 672 226 695 229 676 229 16
693 233 674 233 697 235 678 235 13
690 256 665 256 695 261 668 259 8
688 263 660 262 695 269 665 268 11
699 33 679 33 703 25 682 27 160
697 55 677 55 701 49 680 48 134
701 69 683 71 705 63 684 62 190
699 150 690 147 701 149 693 151 173
699 200 685 200 703 201 689 201 78
698 209 682 209 703 211 686 210 24
704 232 683 232 705 235 687 235 31
692 273 662 273 701 281 669 279 9
704 35 683 36 709 27 688 27 214
702 31 683 29 707 23 686 24 206
704 33 685 33 709 25 688 25 216
705 61 685 60 709 55 689 55 98
705 91 687 92 709 87 690 88 162
707 113 687 112 709 109 690 107 145
702 208 686 208 707 209 690 209 53
704 226 685 227 709 229 690 228 23
701 243 677 242 707 247 681 245 22
700 267 671 267 709 275 677 275 8
712 32 690 31 717 25 697 25 232
709 243 685 242 715 247 690 246 23
709 265 681 263 715 269 688 270 17
716 29 696 29 721 21 701 21 109
717 46 698 46 721 41 701 40 167
718 61 698 61 723 55 702 55 161
719 91 705 90 723 87 708 88 181
714 98 695 97 719 93 700 94 85
716 131 700 131 721 129 704 129 111
713 224 685 224 719 227 690 226 21
722 32 702 32 727 25 706 24 137
722 59 702 59 727 53 706 52 80
723 94 702 96 725 91 706 92 76
720 103 701 103 725 99 706 99 75
724 125 706 124 729 123 710 121 115
722 143 704 143 727 141 709 140 93
722 150 704 151 727 149 709 149 87
721 162 704 162 727 161 709 159 97
726 31 706 31 731 23 711 24 96
726 57 706 57 731 51 710 51 101
729 60 710 59 735 53 715 53 97
730 86 711 85 735 81 715 81 55
723 228 694 228 733 231 702 231 38
719 313 673 313 735 331 683 331 13
719 319 672 318 735 337 685 338 14
735 28 715 27 741 19 720 18 89
735 31 715 31 741 23 720 22 71
735 55 715 58 741 49 720 50 99
732 69 712 68 739 63 717 63 75
732 72 712 71 737 67 719 67 88
733 86 715 85 739 81 720 81 48
733 124 715 124 739 121 720 120 147
733 132 725 129 739 129 728 127 245
731 128 713 127 737 125 719 123 225
733 212 709 215 741 215 716 217 239
732 218 709 219 741 221 716 221 196
727 224 698 224 737 227 705 227 76
729 228 699 228 739 231 707 231 50
721 315 675 315 737 333 685 333 12
723 313 681 313 741 331 687 330 12
724 319 678 319 741 337 689 337 15
739 46 719 46 745 39 725 38 98
737 50 716 48 743 43 722 42 64
739 63 719 62 745 57 725 56 76
737 63 718 63 743 57 723 56 113
737 69 718 69 743 63 723 63 68
739 73 720 73 745 67 725 67 95
741 86 722 84 747 81 728 80 95
738 87 719 87 743 85 725 83 51
737 104 719 104 743 101 724 101 66
739 117 720 121 745 115 726 115 135
740 221 713 222 747 223 721 224 175
737 280 702 278 747 287 709 286 15
743 43 723 42 749 35 728 34 70
743 74 724 74 749 69 729 69 199
747 105 730 105 753 101 735 101 257
743 118 731 118 749 115 735 115 193
744 131 732 131 749 129 736 129 128
744 129 732 129 749 127 737 126 111
750 31 732 29 757 23 735 21 207
751 38 731 39 757 31 735 33 126
749 57 729 57 755 51 735 50 206
752 103 739 102 757 99 744 101 199
748 278 712 276 759 285 723 285 20
736 321 693 322 755 341 705 341 10
756 27 735 27 763 19 733 19 267
758 43 736 43 763 39 743 38 75
758 126 745 125 763 123 750 123 102
749 221 711 221 763 223 718 223 185
747 236 711 235 761 241 724 241 40
749 242 715 242 763 247 724 247 30
764 46 745 45 771 39 751 38 92
760 131 748 131 767 129 754 129 86
766 143 753 143 771 141 758 142 47
754 209 715 210 767 211 730 211 266
754 247 717 244 771 251 729 252 46
755 254 717 252 771 261 729 259 51
751 285 716 285 767 295 728 295 16
768 31 745 33 775 23 749 24 254
767 60 748 60 775 55 755 54 190
769 64 750 63 777 59 757 59 163
767 68 748 67 775 61 755 60 205
768 126 756 125 775 123 761 123 81
771 130 758 129 777 127 763 127 142
768 127 754 127 773 125 759 125 77
770 131 756 131 775 129 761 129 65
771 146 754 145 777 145 763 144 64
759 238 722 237 775 243 735 243 65
760 269 723 269 777 279 737 281 30
758 295 721 297 777 309 735 308 16
762 242 724 242 779 247 738 249 46
761 266 725 267 779 275 738 275 38
762 275 724 272 779 283 738 282 36
764 281 728 282 783 293 742 293 19
763 305 721 303 783 319 736 317 13
779 132 766 131 785 129 772 129 201
782 129 770 129 789 127 776 127 171
771 242 732 242 789 247 746 247 46
767 256 730 256 785 263 743 263 42
771 289 733 289 789 301 747 301 30
764 300 725 301 785 315 740 315 20
788 43 769 43 795 37 775 37 80
787 47 771 46 795 41 777 41 82
787 134 774 133 793 131 781 131 561
774 256 735 256 791 265 749 263 60
772 264 734 265 791 273 748 273 25
778 261 737 261 795 269 753 270 42
792 45 775 44 799 39 782 38 67
781 155 744 155 799 153 760 151 128
779 219 738 219 799 223 754 223 58
781 217 740 217 801 221 756 221 63
777 217 736 217 797 221 752 221 83
782 248 741 249 801 255 756 257 31
779 244 738 244 799 251 754 251 59
780 256 739 256 801 265 758 263 21
776 308 733 308 797 323 748 322 19
795 40 778 37 803 31 785 30 55
782 224 742 224 803 229 758 229 83
782 262 742 262 803 271 758 271 28
786 270 743 269 807 279 761 279 19
788 201 750 203 809 203 763 202 32
792 212 754 211 813 213 771 214 44
789 206 750 207 809 209 766 209 41
790 228 748 228 811 233 766 235 78
791 241 750 241 813 247 768 247 38
806 67 789 66 815 61 797 60 114
808 65 791 64 817 59 799 58 60
809 113 792 113 819 109 801 108 79
806 111 788 111 815 107 797 106 96
806 119 788 117 815 113 797 115 115
794 205 755 205 815 207 772 207 32
797 214 756 214 819 217 774 217 45
793 232 752 232 815 237 769 237 68
795 235 754 235 817 241 772 240 49
794 260 753 260 817 269 771 269 23
793 267 752 267 817 277 771 277 14
795 309 751 308 819 323 769 322 20
816 111 799 110 825 107 808 106 60
800 199 764 199 821 201 780 200 49
803 210 766 210 823 213 782 213 42
799 241 758 241 821 247 777 247 25
798 264 757 264 821 273 775 273 19
798 271 755 271 821 281 775 281 13
798 274 756 275 823 285 776 285 12
817 66 799 65 827 59 808 59 34
819 106 801 105 829 101 806 102 49
808 218 764 218 831 221 785 221 40
825 63 804 65 837 55 815 56 83
816 180 780 180 837 179 797 178 45
810 214 769 214 835 217 789 217 43
813 216 771 216 837 219 791 219 31
816 261 773 260 837 271 787 270 12
815 267 777 267 837 277 790 277 11
810 275 767 275 835 285 787 285 10
817 175 781 176 839 175 799 175 45
819 198 782 195 841 199 801 198 43
821 205 784 204 843 207 803 206 25
837 61 814 63 849 53 823 55 22
824 199 787 197 847 201 807 201 48
824 203 788 203 847 205 807 204 34
823 221 782 221 849 225 803 225 21
837 65 818 63 853 57 831 55 11
841 81 821 80 855 73 827 75 12
829 188 793 188 851 187 812 188 40
826 219 784 219 851 223 805 223 31
831 222 787 223 855 227 809 227 23
829 269 790 269 851 279 809 279 12
828 270 786 270 855 279 818 278 14
848 35 827 35 861 29 839 27 37
846 46 825 45 859 37 837 36 47
845 103 824 107 859 99 837 101 49
834 230 793 230 861 235 815 235 42
841 321 788 321 861 333 808 332 21
850 101 829 100 863 95 841 94 54
853 104 832 104 867 99 845 98 60
840 166 807 165 863 163 825 163 36
838 221 793 220 865 225 819 225 33
839 259 805 257 863 269 822 268 12
841 266 803 266 867 275 819 275 12
838 294 796 294 865 307 823 305 11
855 95 833 94 869 89 841 90 67
855 99 835 98 869 93 848 92 54
858 105 837 104 873 99 850 99 68
841 203 798 204 869 205 824 204 31
843 207 802 207 871 209 825 209 37
841 209 800 209 869 211 823 211 33
861 85 839 86 877 79 849 79 46
864 91 842 90 879 85 854 84 36
847 203 806 203 875 205 829 205 26
847 211 807 211 875 213 830 213 26
847 209 806 209 875 211 830 211 31
847 297 805 294 877 307 833 305 13
869 83 847 83 885 75 862 74 31
858 183 819 183 883 181 840 180 12
859 198 819 198 885 199 837 199 23
851 221 808 221 881 225 833 225 20
855 228 814 228 885 233 839 233 38
875 36 850 36 891 25 865 25 105
874 101 851 102 891 95 866 94 71
872 145 849 148 889 141 865 142 358
863 219 822 219 893 223 845 223 22
866 223 825 223 897 227 851 227 20
863 228 821 229 893 233 847 233 28
866 230 825 230 897 235 851 235 24
883 65 861 65 903 57 875 59 8
884 115 861 114 903 109 884 107 92
871 224 830 224 903 227 857 228 14
868 234 827 234 899 239 853 239 21
889 46 864 46 907 37 881 35 43
893 87 867 87 911 81 885 80 15
892 142 867 143 911 137 885 135 67
882 193 839 193 915 195 870 195 11
906 85 879 89 927 77 899 78 30
893 191 851 190 927 191 882 190 11
893 209 852 209 927 211 882 210 14
907 142 881 142 929 139 901 139 34
895 195 854 195 929 195 885 194 26
900 270 856 270 933 279 890 279 24
896 266 855 266 931 275 883 273 21
915 91 888 91 937 83 909 82 85
913 97 887 95 935 89 907 88 38
913 136 887 137 935 129 907 129 53
903 268 863 268 937 277 893 277 19
906 271 865 270 939 281 897 282 21
890 310 832 311 939 331 872 332 12
919 88 891 89 941 81 913 80 96
905 253 864 254 941 261 895 261 21
927 220 900 220 951 221 922 221 33
910 252 870 253 947 259 901 259 18
932 155 906 155 955 151 926 151 108
930 213 899 215 957 217 928 217 30
935 222 907 222 963 223 932 223 26
938 226 909 227 965 227 934 228 22
928 43 870 43 983 17 914 16 44
932 45 873 45 989 21 920 21 71
934 43 876 43 991 19 921 17 56
939 48 880 47 995 23 926 22 66
997 149 934 151 1071 143 996 142 10
997 254 936 255 1071 267 997 266 11
1002 146 939 147 1075 139 1001 139 11
1000 153 938 153 1075 145 1001 144 8
1005 240 943 240 1079 249 1005 248 13
1008 269 945 267 1083 283 1009 282 16
1010 140 947 139 1087 131 1012 131 13
1009 151 946 151 1085 143 1010 142 7
1017 126 954 129 1095 113 1020 112 22
1027 185 965 187 1105 185 1032 185 18
1056 94 1016 94 1109 81 1062 81 84
1061 97 1020 97 1111 85 1068 84 79
1029 137 967 138 1109 127 1035 127 25
1034 143 972 143 1113 133 1040 134 25
1029 145 967 146 1109 137 1035 137 25
1066 100 1026 101 1117 87 1073 88 44
1064 106 1024 106 1115 95 1071 94 77
1077 223 1037 223 1143 225 1095 226 13
1104 225 1063 225 1169 227 1118 227 15
1105 273 1065 276 1173 285 1125 283 14
1109 75 1060 74 1177 57 1121 56 16
1114 143 1071 142 1179 135 1130 134 46
1117 70 1071 70 1183 51 1135 53 41
1118 225 1074 225 1183 227 1134 227 23
1115 277 1073 277 1183 287 1135 287 11
1120 265 1077 268 1187 275 1139 276 15
1130 274 1084 275 1195 283 1147 283 17
1129 59 1079 59 1199 39 1140 39 31
1141 49 1088 49 1213 27 1152 28 49
1145 56 1095 55 1215 35 1159 34 30
1144 42 1090 41 1217 21 1155 19 65
