67 170 43 170 33 169 21 170 254
66 62 45 60 45 57 24 57 443
68 105 50 102 45 99 27 100 99
66 112 48 113 43 109 25 109 85
76 174 52 174 43 173 18 173 129
75 180 51 180 43 179 18 179 74
75 192 49 192 43 193 18 193 28
77 212 53 211 45 213 21 213 37
71 212 49 212 41 215 16 215 19
77 236 53 236 45 239 20 238 49
77 243 53 243 45 247 20 246 100
75 248 51 248 43 253 18 252 120
72 111 54 111 49 107 31 108 113
81 203 57 203 51 205 27 205 36
79 206 54 205 47 207 23 207 45
80 207 56 207 49 209 25 209 62
81 232 57 232 49 235 24 234 71
80 241 57 241 49 245 24 244 53
81 247 57 246 49 251 24 250 55
77 149 60 149 55 147 37 147 157
75 151 58 151 53 149 33 149 303
77 155 59 156 55 153 36 153 330
85 199 63 200 55 201 31 201 43
88 210 64 209 57 211 33 211 83
84 212 60 211 53 213 28 213 49
85 238 60 237 53 241 28 240 51
90 188 69 188 59 189 46 187 156
90 210 67 210 61 213 37 213 64
91 223 67 221 61 225 37 224 15
90 254 66 254 59 259 35 258 91
97 172 74 172 67 171 43 171 351
99 176 75 175 69 175 45 175 204
97 177 73 177 67 177 43 177 293
95 208 72 208 65 209 42 209 68
99 224 75 224 69 227 46 226 23
95 247 72 246 65 251 41 250 50
95 253 71 252 65 257 40 256 57
104 164 79 164 75 163 51 163 298
104 179 83 180 75 179 53 179 192
103 196 80 196 75 197 52 197 129
100 204 77 203 71 205 48 205 132
100 234 77 233 71 237 47 236 28
101 247 79 247 73 251 50 251 55
108 155 85 155 79 153 53 153 137
108 162 85 163 79 161 55 161 322
106 175 84 175 79 175 55 175 270
103 225 81 223 77 227 54 226 46
109 228 87 229 81 231 58 231 87
107 227 84 227 79 229 56 229 86
107 233 84 232 79 235 56 235 89
109 249 87 249 81 253 58 253 113
113 164 90 164 85 163 61 163 323
113 175 91 175 85 175 62 175 270
112 196 90 196 85 197 62 197 160
112 202 90 202 85 203 62 203 187
112 204 90 203 85 205 62 205 154
114 217 92 217 87 219 64 219 76
113 249 90 249 85 253 62 252 145
118 187 96 187 91 187 68 187 204
120 185 98 185 93 185 70 185 214
116 198 94 198 89 199 66 199 215
118 221 95 221 91 223 68 223 96
118 225 96 224 91 227 68 227 126
116 237 94 237 89 241 66 240 128
116 245 94 245 89 249 66 248 111
120 241 98 241 93 245 70 244 120
116 71 98 71 95 65 77 65 170
119 92 102 94 99 89 81 87 54
120 150 101 151 99 149 81 149 91
119 156 102 157 99 155 81 155 234
125 170 102 170 99 169 76 169 218
121 177 99 177 95 177 72 177 191
122 200 100 200 95 201 72 201 194
122 211 100 211 95 213 72 213 138
124 217 102 217 97 219 74 219 137
122 221 100 221 95 223 72 223 135
122 226 100 226 95 229 72 229 139
124 255 102 255 97 259 74 259 147
121 76 104 77 101 71 83 72 209
123 91 106 90 103 87 85 88 53
125 92 107 93 105 89 87 89 91
125 103 108 103 105 99 87 99 92
121 105 104 105 101 101 83 101 182
123 154 106 155 103 153 85 153 191
129 166 107 166 103 165 81 165 283
129 172 107 172 103 171 80 171 194
127 188 105 189 101 189 78 189 129
129 192 107 192 103 193 80 193 264
129 202 107 202 103 203 80 203 224
128 207 106 207 103 209 81 209 235
129 211 107 211 103 213 80 213 233
129 215 107 215 103 217 80 216 186
129 222 107 222 103 225 80 224 134
131 219 109 219 105 221 82 220 96
129 261 107 260 103 265 80 264 121
133 198 111 198 107 199 85 199 179
134 200 113 200 109 201 87 201 194
133 204 111 204 107 205 84 205 202
135 206 113 205 109 207 86 207 278
136 217 115 218 111 219 89 220 142
133 213 111 213 107 215 85 214 113
133 221 111 221 107 223 84 222 178
133 226 111 226 107 229 84 229 117
136 228 115 228 111 231 88 230 166
133 240 111 239 107 243 84 242 167
137 236 115 236 111 239 88 238 218
137 248 115 247 111 251 89 251 138
134 257 113 256 109 261 86 260 152
142 160 120 160 117 159 94 159 257
137 158 116 158 113 157 91 157 344
138 164 116 164 113 163 91 163 234
140 176 119 176 115 175 93 175 268
138 189 116 185 113 187 91 186 196
138 194 116 194 113 195 90 194 229
140 192 118 192 115 193 93 194 273
140 215 118 213 115 217 93 218 73
140 221 118 221 115 223 92 222 148
138 234 117 234 113 237 90 237 267
141 240 120 240 117 243 95 242 258
142 248 120 247 117 251 95 250 272
140 259 118 259 115 263 92 262 192
136 74 119 75 119 69 99 70 308
141 114 123 115 121 111 107 111 64
149 183 125 182 121 181 104 181 372
145 182 125 181 123 181 105 181 313
144 198 123 198 119 199 96 199 168
144 223 122 223 119 225 96 225 95
149 233 125 232 123 235 103 234 230
144 238 122 238 119 241 97 240 274
145 252 126 251 123 255 105 254 218
146 259 125 259 123 263 104 262 152
148 64 130 65 129 59 111 60 193
148 70 130 71 129 65 111 66 232
148 76 130 77 129 71 111 72 305
148 154 130 155 129 153 111 153 194
150 172 130 172 129 173 109 172 125
148 188 131 189 129 189 111 189 321
149 257 130 257 129 261 108 260 145
150 105 132 105 131 101 113 101 151
152 112 134 113 133 109 115 109 87
152 151 135 151 133 149 115 149 122
149 164 132 165 131 163 111 163 167
150 179 132 179 131 179 113 179 185
154 181 136 181 135 181 117 181 111
150 187 132 186 131 187 113 187 227
154 193 136 192 135 193 117 193 116
154 191 136 191 135 191 117 191 201
154 196 137 196 135 197 117 197 147
151 234 133 234 131 237 113 236 175
152 242 135 242 133 245 115 244 293
156 262 133 262 131 267 109 266 103
153 63 139 63 137 57 117 58 118
156 183 138 184 137 183 119 182 141
158 194 140 194 139 195 121 195 79
165 261 145 260 141 265 119 264 118
161 221 144 221 143 223 125 223 42
164 246 146 246 145 249 126 248 215
166 252 148 251 147 255 127 254 125
164 255 146 255 145 259 126 258 101
168 36 149 37 149 29 137 29 94
171 49 157 50 151 43 137 44 42
170 56 155 57 149 51 139 51 55
171 217 153 217 153 219 135 219 62
170 225 152 224 151 227 132 227 46
170 232 152 233 151 235 132 235 35
169 254 150 253 149 257 130 257 173
175 259 153 259 153 263 129 263 110
174 223 156 223 155 225 136 224 47
174 231 156 231 155 233 136 233 49
178 252 158 251 159 255 139 254 112
187 36 168 37 169 29 150 30 113
192 61 174 61 175 55 157 56 90
189 217 175 217 175 219 155 219 25
194 221 176 221 177 223 159 222 34
195 261 173 260 173 265 151 264 138
196 51 178 52 179 45 161 46 221
198 63 180 63 181 57 163 58 152
197 59 179 60 181 55 163 56 294
197 254 178 253 179 257 159 256 108
204 261 182 260 183 265 159 264 101
204 264 181 263 181 269 157 268 157
202 269 179 269 179 275 155 274 185
204 27 186 28 187 19 169 20 70
206 36 187 37 189 29 168 30 82
206 47 188 48 189 41 171 42 192
202 61 184 61 185 55 167 56 166
210 259 188 258 189 263 168 262 148
211 39 191 40 193 33 175 33 108
206 52 190 54 191 47 173 48 192
207 215 191 215 193 217 173 215 51
215 268 192 267 193 273 167 272 177
213 28 195 29 197 21 179 22 86
213 40 196 40 199 33 179 34 77
217 43 195 44 197 37 179 38 93
215 54 197 55 199 49 180 49 99
215 229 198 229 199 231 181 230 83
217 242 199 241 201 245 183 245 144
214 248 195 248 197 251 179 250 89
219 262 196 262 197 267 174 266 168
239 289 201 288 201 301 159 300 85
236 295 197 294 197 307 162 308 124
222 47 205 48 207 41 190 42 137
222 215 203 215 205 217 186 217 56
223 230 205 230 207 233 189 233 36
224 251 203 251 203 255 185 254 137
242 291 204 291 205 303 162 303 98
227 34 209 35 211 27 192 28 94
225 57 206 57 209 51 191 52 160
228 64 210 64 213 59 195 60 185
226 66 209 67 211 61 192 61 180
229 237 211 237 213 239 195 239 46
225 255 205 255 209 259 185 258 105
231 258 210 258 211 263 189 262 114
249 304 211 303 213 317 171 316 61
232 46 212 46 215 39 195 39 49
237 52 215 51 219 45 197 44 48
235 215 217 215 217 217 197 217 32
237 262 214 262 217 267 194 266 155
235 258 211 258 217 263 193 262 90
252 302 213 301 215 315 172 314 68
252 307 213 306 215 321 172 320 91
253 312 213 312 215 327 172 326 178
235 41 215 41 221 35 201 35 66
239 66 222 67 223 61 204 61 59
240 219 221 219 223 221 189 222 141
238 246 221 246 223 249 204 249 89
241 260 219 260 221 265 199 264 128
256 291 219 291 221 303 180 302 78
261 290 222 289 225 301 183 300 119
239 71 219 71 227 67 208 67 58
247 213 228 213 229 215 209 215 24
249 213 231 213 231 215 212 215 33
242 226 227 225 229 229 209 230 26
250 256 227 256 229 261 209 260 89
246 69 231 70 235 65 217 65 53
245 73 229 74 233 69 214 69 67
253 219 231 221 233 221 216 221 41
251 238 235 238 237 241 219 240 48
269 284 233 284 237 295 204 297 130
271 315 229 316 233 331 190 330 147
272 320 233 319 237 335 193 334 122
256 73 239 74 243 69 226 69 198
256 218 240 217 243 219 221 219 34
254 222 238 223 241 223 217 225 39
253 225 237 226 239 229 223 227 32
255 242 238 242 241 245 223 245 68
253 244 235 244 239 247 221 247 60
273 291 237 291 241 303 201 302 67
262 68 244 68 249 63 233 64 62
258 110 241 110 245 107 228 107 186
263 116 245 116 249 113 232 113 188
262 154 245 154 249 153 232 153 210
260 152 243 152 247 151 230 151 277
260 186 243 187 247 187 230 187 132
262 187 245 186 249 187 232 187 230
260 193 243 192 247 193 230 192 101
262 192 245 192 249 193 232 193 188
260 198 244 198 247 199 230 199 124
265 211 248 211 247 213 227 213 55
259 235 243 234 247 237 230 235 36
256 237 238 237 245 239 229 238 74
263 253 243 253 247 257 227 256 45
264 257 239 255 247 261 224 261 72
279 297 242 297 247 309 207 308 120
279 294 242 293 247 305 207 304 112
279 316 240 316 245 331 203 330 80
262 36 247 37 251 31 236 32 72
265 34 251 35 255 29 240 29 64
265 79 250 80 253 75 237 75 103
263 86 248 87 251 81 236 83 143
269 114 251 114 255 111 239 111 276
264 165 247 161 251 163 234 165 355
264 173 247 175 251 175 234 174 300
266 179 249 179 253 179 236 179 168
267 185 251 185 255 185 238 185 119
267 193 251 192 255 193 239 193 210
264 196 248 196 251 197 234 197 125
270 215 251 215 253 217 239 216 98
265 244 253 243 251 247 234 247 97
271 257 247 257 255 261 229 261 40
282 299 246 299 251 311 211 310 91
287 316 248 316 253 331 211 330 77
266 29 253 29 257 23 242 23 140
271 37 257 39 261 33 246 31 62
272 51 255 51 259 45 242 45 86
269 54 251 54 257 49 239 49 36
271 65 254 65 261 61 247 62 42
270 101 255 102 259 99 243 99 161
272 113 257 114 261 111 245 111 297
271 121 254 121 261 119 245 119 138
267 121 249 121 257 119 240 119 114
269 150 251 150 259 149 243 149 285
269 163 253 161 257 161 242 161 388
272 169 257 169 261 169 245 168 185
273 194 257 194 261 195 245 195 104
269 190 253 190 257 191 241 191 142
267 200 251 200 257 201 235 201 288
269 196 253 196 257 197 241 197 132
273 229 257 229 261 231 245 231 56
269 225 253 225 257 227 242 226 64
269 233 253 233 257 235 241 235 57
275 250 257 249 261 253 243 252 54
288 285 254 284 259 295 222 294 97
288 292 253 291 259 303 221 302 111
290 301 254 301 261 313 222 312 110
288 308 251 308 257 321 216 320 101
291 306 255 306 261 319 222 318 150
294 322 253 322 259 339 214 338 45
293 326 251 326 259 343 213 342 68
273 31 259 33 263 25 248 25 45
277 46 262 46 267 41 252 41 105
275 62 255 61 263 57 248 58 50
277 67 263 68 267 63 253 64 49
274 81 259 81 263 77 247 77 191
276 87 262 85 265 83 250 82 204
276 96 261 99 265 95 249 93 181
274 108 259 105 263 105 247 106 123
274 113 259 114 263 111 247 111 118
273 117 255 117 263 115 246 115 247
278 152 262 152 267 151 251 151 200
274 156 259 156 263 155 247 155 198
278 160 262 161 267 159 251 159 228
278 167 263 171 267 169 251 167 124
278 183 263 183 267 183 251 183 81
278 191 263 190 267 191 251 191 97
277 194 261 194 265 195 249 195 217
277 216 261 216 265 217 245 217 78
275 223 257 223 263 225 247 224 138
277 225 261 225 265 227 249 227 71
275 233 259 233 263 235 247 235 56
279 230 263 231 267 233 251 233 200
282 257 259 257 265 261 246 261 69
292 288 257 287 263 299 225 297 113
294 298 259 298 265 309 228 309 123
279 44 264 44 269 39 255 40 72
283 48 268 48 273 43 259 44 75
280 73 265 74 269 69 253 69 52
282 79 268 78 271 75 255 75 131
285 81 268 81 273 77 257 77 69
279 115 264 116 269 113 253 113 92
280 121 265 122 269 119 253 119 79
280 158 264 159 269 157 254 156 165
284 193 269 193 273 193 258 193 143
284 198 269 198 273 199 257 199 143
279 214 263 214 269 215 249 215 97
282 233 267 233 271 235 255 234 77
289 262 267 262 271 267 251 266 32
300 306 264 306 271 319 232 318 123
299 315 261 315 269 329 226 330 86
286 49 272 50 277 45 263 45 53
287 71 273 72 277 67 261 67 41
290 83 274 83 279 79 263 79 55
289 87 272 87 277 83 261 83 33
289 207 274 207 279 209 264 209 198
289 223 274 223 279 225 264 225 104
289 227 275 230 279 231 264 231 104
286 239 270 239 275 241 258 241 125
292 242 274 242 279 245 261 245 162
293 257 272 257 277 261 254 260 39
296 263 274 262 279 267 257 266 55
303 276 273 276 279 283 253 282 42
303 298 269 298 277 309 241 308 88
303 301 264 299 275 313 237 312 214
309 318 269 318 277 333 240 331 73
293 51 280 52 285 47 272 48 42
293 73 277 73 283 69 267 69 49
293 78 280 79 285 75 271 76 56
291 197 276 197 281 199 266 199 108
293 205 279 208 283 207 268 207 144
295 213 281 215 285 215 270 215 112
294 228 279 228 283 229 268 229 81
295 230 280 230 285 233 270 233 112
295 235 281 235 285 237 270 237 121
291 233 276 233 281 235 266 235 99
295 246 277 245 281 249 261 249 179
298 250 280 249 285 253 266 253 75
302 274 281 274 285 281 256 281 39
296 25 287 27 289 21 280 23 233
297 40 284 40 289 35 276 36 72
295 46 282 48 287 43 274 44 136
294 64 280 65 287 61 271 61 65
296 84 283 85 287 81 271 81 80
300 90 286 91 291 87 276 87 114
301 201 287 203 291 201 277 203 87
299 195 285 198 289 197 274 195 82
301 214 286 213 291 215 276 214 144
302 248 283 248 289 251 271 250 125
307 257 286 257 291 261 268 261 39
306 269 281 269 287 275 262 274 28
309 274 284 274 291 281 263 281 29
311 283 281 282 289 291 258 290 44
312 291 281 291 289 301 254 301 62
301 43 288 43 293 39 280 37 72
305 45 292 47 297 41 284 43 97
301 51 288 52 293 47 280 47 202
305 55 292 56 297 51 284 52 140
304 88 290 89 295 85 280 85 243
306 94 292 95 297 91 282 89 209
304 98 290 99 295 95 281 96 247
305 104 292 107 297 103 282 104 449
304 119 290 119 295 117 281 118 233
304 127 290 127 295 125 281 125 87
306 179 292 179 297 179 283 179 308
306 188 292 188 297 189 283 189 184
305 212 290 212 295 213 280 212 201
307 208 292 208 297 209 283 209 111
303 208 288 208 293 209 278 207 208
307 216 292 216 297 217 282 217 128
305 244 287 244 293 247 275 247 124
315 277 288 278 295 285 265 283 29
319 291 284 291 295 301 258 300 46
319 300 285 300 295 311 257 311 77
309 43 296 43 301 39 288 39 124
309 47 296 47 301 43 288 43 152
311 61 299 62 303 57 291 58 310
311 111 297 112 303 109 286 109 374
308 125 294 125 299 123 285 123 157
311 129 296 129 301 127 291 128 230
310 158 296 158 301 157 287 157 207
312 167 298 164 303 163 289 163 327
310 170 296 171 301 171 287 172 574
310 178 296 178 301 177 287 177 149
310 187 296 187 301 187 287 187 255
310 194 296 194 301 195 287 195 175
308 196 294 196 299 197 285 197 198
308 229 294 229 299 231 285 231 121
312 231 298 231 303 233 289 233 118
311 244 293 244 299 247 280 247 88
321 269 296 269 303 275 278 275 24
314 271 287 271 299 277 271 277 37
322 295 289 295 299 305 262 305 48
316 61 304 61 309 57 296 57 339
320 85 303 86 309 81 291 81 166
319 105 303 106 309 103 291 103 444
317 160 303 160 309 159 295 159 204
315 171 302 171 307 171 294 171 368
313 183 300 183 305 183 291 182 152
317 187 304 186 309 187 296 186 147
317 185 304 184 309 185 296 185 180
313 191 300 191 305 191 291 191 135
311 199 298 199 305 199 289 199 128
314 225 300 225 305 227 291 227 146
318 236 301 236 307 239 289 239 124
321 262 297 262 305 267 281 267 23
326 276 295 275 305 285 275 284 36
328 283 299 282 307 291 276 290 55
317 27 306 27 311 23 300 23 121
318 49 305 48 311 45 298 45 250
322 55 309 55 315 51 302 51 247
320 59 307 59 313 55 300 55 384
324 63 309 64 315 59 301 59 287
324 73 307 74 313 69 295 69 180
322 87 305 88 311 83 293 83 294
322 118 305 118 311 115 294 115 242
325 125 309 127 315 125 297 124 244
326 139 308 139 315 137 297 137 189
324 141 307 141 313 139 295 139 98
321 156 308 156 313 155 299 155 391
319 164 306 163 311 163 298 162 410
319 191 306 191 311 191 297 191 275
326 199 309 199 315 199 297 199 193
326 204 309 203 315 205 297 206 161
321 220 307 220 313 221 299 221 220
323 233 307 233 313 235 295 235 230
324 240 307 240 313 243 294 243 98
321 244 306 244 313 247 293 247 64
326 264 303 263 311 269 285 269 33
330 279 302 279 311 287 281 287 48
335 297 304 296 313 307 279 306 74
326 51 313 51 319 47 307 48 153
324 51 311 51 317 47 304 47 351
332 81 314 81 321 77 303 77 133
328 85 311 85 317 81 299 81 183
332 120 314 120 321 117 303 117 249
328 124 311 124 317 121 299 122 252
328 143 310 143 317 141 299 141 149
330 141 312 141 319 139 301 139 158
331 146 314 147 321 145 303 145 152
330 177 312 177 319 177 301 177 323
321 193 310 193 317 193 299 193 257
324 190 312 192 319 191 302 191 488
324 197 312 196 319 197 301 197 380
330 210 312 210 319 211 301 211 164
328 234 311 235 317 237 299 237 156
332 244 314 244 321 247 302 247 81
333 54 321 55 327 51 315 51 330
336 79 319 79 325 75 307 75 197
335 108 318 108 325 105 307 105 171
334 112 316 112 323 109 305 109 160
338 116 320 116 327 113 309 113 240
334 122 316 122 323 119 305 119 212
338 133 320 133 327 131 309 131 281
334 154 316 154 323 153 305 153 268
337 150 320 151 327 149 309 149 257
335 158 318 158 325 157 307 157 348
334 173 316 173 323 173 305 173 197
334 181 316 181 323 181 305 181 205
336 208 318 208 325 209 307 209 281
336 227 318 227 325 229 307 229 160
337 231 320 231 327 233 309 232 140
340 265 315 265 323 271 290 271 28
342 264 318 264 327 269 303 269 21
342 283 313 283 323 291 292 290 54
347 284 315 285 327 293 294 293 75
340 295 307 295 323 303 288 303 63
335 54 323 54 329 51 317 51 147
339 62 327 62 333 59 321 59 156
337 66 325 66 331 63 319 63 222
343 125 324 124 331 121 313 121 300
340 130 323 131 331 129 313 129 169
341 148 326 149 333 147 315 147 351
341 150 324 150 331 149 313 149 367
342 181 324 183 331 181 313 183 268
339 231 322 231 329 233 311 232 126
342 240 323 240 331 243 313 242 89
340 240 322 240 329 243 311 242 97
340 244 322 244 329 247 311 247 51
340 246 322 246 329 249 310 249 89
353 286 322 286 333 295 300 295 56
349 288 318 288 329 297 295 297 109
352 290 321 290 333 299 299 299 87
343 58 331 58 337 55 325 55 123
345 68 333 68 339 65 328 65 246
340 72 329 72 335 69 323 69 238
340 74 329 74 335 71 323 71 318
344 82 331 82 337 79 324 79 303
342 85 329 87 335 83 321 82 259
349 104 331 105 339 101 319 102 215
348 112 331 113 339 109 321 109 268
348 123 333 121 339 119 321 118 360
347 137 330 137 337 135 319 135 184
349 141 331 141 339 139 321 139 242
345 140 328 141 335 139 317 139 226
347 155 333 152 339 151 329 153 424
344 166 331 165 337 165 324 164 393
346 177 327 177 335 177 317 177 521
349 217 332 217 339 219 322 219 336
347 227 330 227 337 229 319 229 128
345 225 328 225 335 227 317 227 146
345 231 328 231 335 233 317 233 116
347 240 329 240 337 243 319 243 77
349 244 331 244 337 247 318 247 112
352 264 329 263 337 269 313 269 33
355 290 326 289 335 299 302 299 66
361 302 326 302 339 315 300 314 40
357 301 323 299 335 311 298 310 49
350 62 339 62 345 59 334 59 144
348 67 337 70 343 67 332 68 225
350 74 339 74 345 71 334 71 204
351 84 338 84 345 81 332 81 328
349 84 336 84 343 81 330 81 260
349 90 336 91 343 87 330 87 267
349 92 337 92 343 89 330 89 333
355 100 337 101 345 97 336 95 291
353 128 336 129 345 127 326 126 235
351 134 333 136 341 133 323 133 155
351 148 333 148 341 147 327 148 251
347 163 335 163 341 163 329 163 232
349 165 337 165 343 165 331 165 173
351 179 339 179 345 179 333 179 168
350 185 337 185 343 185 331 185 388
351 187 339 187 345 187 333 187 198
355 219 338 219 345 221 327 221 215
353 221 336 221 343 223 325 224 198
359 279 329 278 341 287 310 286 71
352 72 341 72 347 69 336 69 214
354 76 343 76 349 73 338 73 219
360 97 343 97 351 93 334 93 299
355 127 339 129 347 125 329 125 213
358 137 341 137 349 135 332 135 122
356 133 339 133 347 131 330 131 173
356 139 339 139 347 137 329 137 210
353 175 341 175 347 175 335 175 95
355 177 343 177 349 177 337 177 109
353 187 341 187 347 187 335 187 246
357 189 345 189 351 189 340 189 169
353 190 339 191 347 191 335 191 148
356 223 340 223 347 225 330 225 147
356 225 340 225 347 227 330 227 224
357 231 341 231 349 233 332 233 118
357 240 339 240 347 243 328 243 125
359 240 341 240 349 243 330 243 93
359 246 341 246 349 249 330 249 104
359 251 338 251 347 255 327 255 56
364 278 338 277 349 285 318 285 60
364 281 335 281 347 289 316 289 66
366 285 339 284 349 293 317 293 69
358 66 347 66 353 63 342 63 250
362 71 351 72 357 69 347 69 331
358 78 347 78 353 75 342 75 325
366 89 349 88 357 85 340 84 251
367 102 349 103 357 99 339 99 299
366 108 349 108 357 105 340 105 267
366 114 348 115 357 111 340 112 248
358 163 347 163 353 163 342 163 102
362 161 351 161 357 161 346 161 74
360 171 349 171 355 171 344 171 44
362 183 351 182 357 183 345 183 154
359 185 347 185 353 185 342 184 140
362 191 351 191 357 191 345 191 144
354 195 343 195 353 195 339 195 339
362 229 346 229 353 231 337 231 115
363 225 347 225 355 227 339 227 141
365 240 347 240 355 243 336 243 114
367 244 349 244 357 247 338 247 89
365 246 347 246 355 249 336 249 108
369 261 343 260 353 265 331 265 34
374 277 346 277 357 285 327 285 56
370 283 341 283 353 291 322 291 69
370 279 342 279 353 287 323 287 69
362 53 352 54 359 51 349 52 173
367 79 357 77 363 75 353 75 103
370 108 357 107 363 105 352 105 295
368 130 357 131 363 129 352 129 114
365 152 348 152 359 151 341 151 144
359 155 347 155 359 155 348 155 102
364 187 353 187 359 187 347 187 160
364 193 353 193 359 193 348 193 122
369 212 354 212 363 213 347 213 128
370 217 354 217 361 219 345 219 114
371 229 355 229 363 231 346 231 74
375 252 353 251 361 255 340 255 56
375 272 349 272 361 279 333 279 69
373 81 363 81 369 79 359 79 353
369 80 359 79 365 77 355 77 284
372 109 361 109 367 107 356 107 230
372 128 361 129 367 127 356 127 168
373 165 363 165 369 165 358 166 83
369 163 358 163 365 163 353 163 74
370 171 359 171 365 171 354 171 74
374 175 363 175 369 175 358 175 108
372 183 361 182 367 183 356 183 155
374 190 363 191 369 191 358 191 175
372 192 361 193 367 193 356 193 152
371 216 357 215 365 217 348 217 175
383 274 357 274 369 281 340 281 79
389 300 354 300 369 311 331 311 156
386 306 350 306 365 319 325 318 125
375 50 371 50 375 49 371 50 147
377 80 367 80 373 77 363 77 105
375 87 365 88 371 85 361 85 83
377 98 368 99 375 97 364 97 107
379 134 366 134 373 131 360 132 104
376 171 365 171 371 171 360 171 49
376 183 365 182 371 183 360 183 246
377 193 366 193 373 193 362 193 243
380 200 369 200 375 201 365 201 380
379 211 363 211 371 213 354 213 216
382 211 366 211 373 213 356 213 151
383 215 367 215 375 217 358 217 129
381 217 365 217 373 219 356 219 124
381 229 363 229 371 231 353 231 108
384 244 366 244 375 247 357 247 56
383 250 363 250 373 253 353 253 88
385 272 359 272 371 279 343 279 79
379 54 375 54 379 53 375 53 143
381 95 369 95 377 93 366 93 113
385 111 374 110 381 109 370 108 156
381 112 371 113 377 111 366 111 222
383 116 373 117 379 115 368 114 89
381 118 370 118 377 117 366 117 188
385 138 371 138 379 137 366 137 143
381 154 370 154 377 153 366 153 261
385 158 375 159 381 157 371 159 266
383 167 373 168 379 167 369 167 62
385 175 375 175 381 175 371 175 93
383 183 373 183 379 183 369 183 139
381 187 371 187 377 187 366 187 247
383 197 373 199 379 199 368 197 416
381 205 369 204 377 205 360 205 306
387 231 370 230 379 233 361 233 59
388 240 370 240 379 243 361 243 94
386 236 368 236 377 239 359 239 112
386 244 368 244 377 247 359 247 109
392 269 367 269 379 275 352 275 98
390 271 365 270 377 277 350 277 65
395 289 363 289 377 299 345 298 94
398 301 363 301 379 313 341 312 126
385 70 381 72 385 69 381 70 320
388 83 379 83 385 81 376 81 241
386 86 377 87 383 85 373 85 257
391 97 380 97 387 95 376 95 68
389 114 379 114 385 113 375 113 261
389 120 379 120 385 119 375 119 134
389 173 379 173 385 173 375 173 104
387 177 377 177 383 177 373 177 132
391 227 373 227 383 229 365 229 61
392 238 374 238 383 241 365 241 144
391 244 373 244 383 247 364 247 63
395 273 370 273 383 279 355 279 101
402 279 376 278 387 287 356 287 98
402 293 369 293 385 303 349 303 100
389 67 385 68 389 67 385 67 289
394 93 385 93 391 91 382 91 153
396 95 387 95 393 93 384 93 148
393 118 383 119 389 117 379 117 231
398 148 385 148 393 147 380 147 278
397 155 386 156 393 155 381 157 297
396 162 386 161 393 163 383 162 188
397 173 387 171 393 171 383 169 205
397 177 386 177 393 177 385 176 236
393 179 383 179 389 179 379 179 138
396 187 386 187 393 187 382 187 197
400 216 384 216 393 217 371 217 288
401 232 383 232 393 235 375 235 79
397 238 379 238 389 241 370 241 74
400 262 378 261 389 267 365 266 40
403 265 379 265 391 271 365 271 43
405 298 371 297 389 309 352 309 158
407 301 372 300 389 313 350 312 155
398 88 389 88 395 87 386 87 250
401 83 393 84 397 83 393 83 393
402 107 388 106 397 105 384 104 168
401 132 388 131 397 131 383 129 233
404 142 391 142 399 141 386 141 222
402 146 389 146 397 145 384 145 234
401 160 390 158 397 159 387 159 299
403 181 392 179 399 179 387 179 632
403 194 392 192 399 193 390 193 376
404 205 390 204 399 205 384 205 310
402 219 385 219 395 221 378 221 119
406 227 384 228 399 229 377 229 131
403 232 385 232 395 235 377 235 84
404 253 379 251 395 257 374 256 65
409 262 386 262 399 267 375 267 68
415 272 385 274 399 281 370 281 87
413 277 385 277 399 285 368 285 80
413 291 380 291 397 301 362 301 98
410 105 397 105 405 103 391 102 120
409 142 397 142 405 141 393 141 183
406 148 393 148 401 147 388 147 271
410 150 397 150 405 149 392 149 195
406 154 393 154 401 153 388 153 275
405 177 394 177 401 177 389 177 227
406 186 393 183 401 185 389 183 233
412 202 396 202 405 203 389 203 251
409 209 394 210 403 211 387 211 146
409 208 394 208 403 209 387 209 193
412 223 395 223 405 225 388 225 87
408 229 391 229 401 231 383 231 155
413 238 394 238 405 241 386 241 68
410 242 392 242 403 245 384 245 55
416 269 391 268 405 275 379 274 60
410 72 404 73 409 71 403 71 214
410 82 404 82 409 81 403 81 171
413 102 404 103 411 101 398 99 103
416 121 400 119 407 119 394 117 465
414 171 402 171 409 171 400 172 260
415 182 404 183 411 183 402 183 187
412 189 401 189 407 189 397 189 349
411 198 399 198 407 199 394 199 364
415 236 397 236 407 239 388 239 120
413 246 397 245 407 249 386 249 88
417 256 394 256 407 261 383 261 69
418 265 394 266 407 271 381 272 72
420 272 394 272 409 279 381 278 89
419 274 392 274 407 281 379 280 99
425 282 395 282 411 291 378 291 96
419 289 389 289 407 299 373 299 139
427 307 389 307 409 321 367 320 114
427 312 388 312 409 327 365 326 125
429 326 381 327 407 345 357 344 233
418 54 411 55 417 53 411 53 105
417 105 405 105 413 103 400 103 84
421 133 408 133 417 131 403 132 383
420 177 411 177 417 177 409 177 155
418 181 409 181 415 181 406 180 212
419 185 410 185 417 185 408 185 166
420 194 411 194 417 195 408 195 266
416 192 407 192 413 193 403 193 243
419 190 408 191 415 191 406 191 252
418 196 409 196 415 197 406 197 303
422 207 408 207 417 209 402 209 295
423 217 407 217 417 219 400 219 113
419 219 403 219 413 221 396 221 104
423 223 407 223 417 225 400 225 93
423 227 406 227 417 229 399 229 85
422 238 404 238 415 241 396 241 144
426 258 405 258 417 263 394 263 74
425 270 399 270 413 277 386 277 117
427 276 400 276 415 283 386 283 93
429 286 398 285 415 295 381 295 104
429 297 394 297 413 309 375 308 100
431 301 394 301 415 313 375 313 86
433 304 396 304 417 317 376 317 110
422 76 416 77 421 75 415 75 175
420 72 414 73 419 71 413 71 184
424 72 418 72 423 71 417 71 163
424 78 418 79 423 77 417 77 176
422 91 415 90 421 89 414 89 48
423 111 411 110 419 109 407 108 136
423 117 414 116 421 115 411 114 252
425 154 413 153 421 153 409 152 290
425 185 416 185 423 185 414 185 274
428 206 413 206 423 207 396 207 240
425 205 410 204 419 205 405 206 246
427 221 411 221 421 223 404 223 78
426 240 408 240 419 243 401 243 145
427 246 409 245 421 249 404 248 135
429 254 406 255 419 259 397 259 63
435 272 407 272 423 279 395 279 159
430 274 403 274 419 281 390 281 96
435 289 403 289 421 299 386 299 74
437 302 400 302 421 315 381 315 143
427 55 420 55 425 53 419 53 93
426 66 420 66 425 65 419 65 256
429 80 425 80 429 79 426 80 134
426 94 419 94 425 93 418 93 23
430 92 423 92 429 91 423 91 96
432 120 420 121 429 119 429 119 238
432 129 421 129 427 127 418 127 347
427 161 419 161 425 161 417 161 200
431 161 423 161 429 161 421 161 132
429 167 421 167 427 167 419 167 77
429 194 421 194 427 195 419 194 286
432 198 417 198 427 199 411 199 315
433 207 417 207 427 209 411 209 159
433 223 417 223 427 225 411 225 91
431 227 415 227 425 229 409 229 79
431 228 417 229 427 231 412 232 75
432 244 414 244 425 247 406 247 112
440 275 412 275 429 283 399 283 88
440 301 404 300 425 313 385 313 87
443 318 401 318 425 335 378 335 178
448 324 403 324 429 343 378 343 122
448 334 400 334 427 355 375 354 169
433 163 425 163 431 163 423 163 77
435 167 427 167 433 167 425 167 86
437 171 429 171 435 171 428 171 241
433 173 425 173 431 173 423 173 92
436 223 420 223 431 225 415 225 174
441 232 424 232 435 235 426 235 340
445 272 418 272 435 279 407 278 105
449 295 415 295 435 307 395 307 90
440 87 434 87 441 87 439 89 92
438 116 431 116 437 115 431 115 171
442 147 435 147 441 147 435 147 136
440 151 434 152 439 151 433 152 146
441 165 433 165 439 165 431 165 98
439 161 431 161 437 161 429 161 81
442 173 435 173 441 173 434 173 291
440 183 434 182 439 183 433 183 197
443 196 429 196 439 197 424 197 420
445 201 430 201 439 201 425 202 307
442 211 425 212 437 213 419 213 163
446 209 430 209 441 211 425 211 275
446 215 430 215 441 217 425 216 173
444 219 428 219 439 221 423 221 234
444 229 428 229 439 231 422 231 103
442 225 426 225 437 227 421 227 139
446 229 430 229 441 231 424 231 109
443 236 425 236 437 239 419 239 113
450 261 427 261 441 267 417 267 66
446 263 422 263 437 269 411 269 86
454 297 418 297 441 309 402 309 52
456 304 418 304 441 317 400 317 73
452 307 413 307 437 321 394 321 80
447 129 438 130 445 129 436 129 148
448 136 440 135 447 135 439 135 209
444 169 437 169 443 169 431 169 428
444 181 438 181 443 181 436 181 281
449 186 441 187 447 187 440 186 314
452 215 436 215 447 217 431 217 296
448 213 432 213 443 215 427 215 236
448 221 432 221 443 223 427 223 142
448 219 432 219 443 221 427 221 169
452 225 436 225 447 227 430 227 123
452 236 435 236 447 239 429 239 186
455 274 427 274 445 281 415 281 104
458 277 429 277 447 285 417 285 116
456 284 425 284 445 293 412 292 135
459 301 422 300 445 313 405 313 115
464 339 414 339 445 363 403 364 162
451 90 447 90 451 89 447 89 125
453 133 444 134 451 133 443 133 117
451 163 442 163 449 163 439 163 155
455 161 446 162 453 161 443 161 85
453 166 444 168 451 167 442 168 270
453 177 444 177 451 177 442 177 325
456 195 444 194 453 195 442 194 338
455 205 441 206 451 207 436 207 247
453 202 439 202 449 203 434 203 404
455 213 441 214 451 215 436 215 160
457 221 442 221 453 223 438 223 188
453 225 438 225 449 227 433 227 126
458 233 442 233 453 235 436 235 122
454 240 437 240 449 243 431 243 88
456 238 440 238 451 241 434 241 187
460 270 434 270 451 277 422 277 148
463 295 428 295 451 307 412 307 74
465 294 430 293 453 305 415 305 60
465 299 431 298 453 311 413 311 79
465 307 425 307 451 321 409 320 63
467 322 423 322 451 341 401 341 86
471 336 422 336 453 359 397 358 115
455 86 451 86 455 85 451 85 78
459 90 454 90 459 89 454 89 94
461 104 453 104 459 103 451 103 126
460 108 453 108 459 107 451 107 110
460 124 453 124 459 123 453 123 105
457 165 448 165 455 165 446 165 174
461 167 451 167 459 167 450 167 227
462 199 450 201 459 201 448 201 199
463 206 449 206 459 207 445 207 232
461 206 447 206 457 207 443 207 199
459 210 444 209 455 211 440 210 215
461 211 446 212 457 213 442 213 147
458 229 445 229 455 231 440 231 196
467 261 443 261 459 267 435 267 90
463 259 440 259 455 265 430 265 86
465 265 440 265 457 271 431 271 54
464 272 437 272 455 279 426 279 86
467 280 437 280 457 289 427 289 56
470 284 438 284 459 293 426 293 56
469 297 433 297 457 309 418 309 92
472 308 433 308 459 323 415 323 83
469 310 429 310 455 325 411 325 102
461 88 456 88 461 87 456 87 176
463 93 458 94 463 93 458 94 116
465 97 460 98 465 97 461 97 147
462 108 455 108 461 107 455 106 112
465 117 459 118 465 117 459 117 118
461 123 455 123 461 123 454 123 157
466 135 459 135 465 135 459 135 136
467 167 457 167 465 167 455 167 188
462 181 454 181 461 181 453 181 244
466 179 459 179 465 179 458 179 230
465 192 455 193 463 193 454 193 236
465 213 451 213 461 215 447 215 114
466 219 452 219 463 221 449 221 83
466 225 453 225 463 227 450 227 74
467 238 451 238 463 241 446 241 88
470 242 453 242 465 245 447 245 63
471 256 449 257 465 261 431 262 169
473 295 437 295 461 307 423 307 76
478 314 434 315 463 331 416 331 86
479 316 436 316 465 333 417 333 90
481 332 434 332 465 353 411 352 120
482 339 431 339 465 363 408 362 151
468 76 464 76 469 75 465 75 54
471 78 467 78 471 77 467 77 58
467 100 462 99 467 99 463 99 187
472 116 466 116 471 115 465 115 81
470 136 463 135 469 135 463 135 64
468 131 461 131 467 131 461 131 223
468 140 461 139 467 139 460 138 82
471 151 465 151 471 151 465 151 209
468 171 460 171 467 171 461 171 176
474 223 461 223 471 225 458 225 90
474 245 456 245 467 249 448 249 60
476 263 452 263 469 269 443 269 63
481 297 446 297 471 309 432 309 67
479 301 441 302 467 315 426 315 86
483 300 445 300 471 313 431 312 75
483 305 445 305 471 319 429 319 51
485 313 443 313 471 329 425 329 67
483 319 440 319 469 337 421 337 74
487 338 438 338 471 361 415 361 67
475 76 470 76 475 75 471 75 59
476 93 473 94 477 93 473 93 174
475 118 469 118 475 117 469 117 105
477 119 471 119 477 119 471 119 210
475 123 469 123 475 123 469 122 84
477 143 471 143 477 143 471 143 167
475 156 469 157 475 157 469 157 69
476 163 469 163 475 163 471 163 82
477 169 471 169 477 169 471 169 98
474 177 467 177 473 177 467 178 171
474 186 467 187 473 187 467 186 253
478 190 468 190 477 191 467 191 255
475 194 464 194 473 195 462 195 289
475 200 464 200 473 201 462 201 365
477 204 466 204 475 205 465 205 464
477 208 466 208 475 209 463 209 366
479 212 468 212 477 213 466 213 359
475 210 464 210 473 211 462 211 201
478 229 465 229 475 231 461 231 68
484 261 459 261 477 267 451 267 76
483 257 460 258 477 263 453 263 63
480 259 456 259 473 265 449 264 47
484 265 459 265 477 271 450 271 69
480 265 456 265 473 271 447 271 59
485 273 457 273 477 281 447 281 113
485 303 447 303 473 317 431 317 68
488 324 443 324 473 343 423 343 72
481 85 476 86 481 85 477 85 185
478 89 474 89 479 89 475 89 161
481 92 477 92 481 91 477 91 257
483 109 478 109 483 109 479 109 383
481 121 475 122 481 121 475 121 227
482 133 476 133 483 133 478 133 139
483 141 477 141 483 141 477 141 60
479 139 473 139 479 139 473 139 65
479 145 473 145 479 145 473 145 55
479 151 473 151 479 151 473 151 53
481 154 475 154 481 155 475 154 47
480 161 473 161 479 161 473 161 49
483 169 477 169 483 169 477 169 83
481 186 471 186 479 187 471 187 276
483 200 472 200 481 201 470 201 347
483 216 471 216 481 217 469 217 328
482 225 469 225 479 227 465 227 183
487 259 463 259 481 265 456 265 53
490 307 450 306 479 321 435 321 77
497 311 456 312 483 329 436 329 81
496 330 453 331 483 351 429 351 112
484 87 480 88 485 87 481 87 112
488 85 485 86 489 85 485 85 96
485 117 479 117 485 117 480 117 287
485 123 479 123 485 123 480 124 174
487 141 481 141 487 141 482 141 129
489 143 483 143 489 143 484 143 88
485 145 479 145 485 145 480 145 129
487 147 481 147 487 147 481 147 156
489 161 483 161 489 161 484 161 101
487 173 481 173 487 173 482 173 101
485 173 479 173 485 173 479 173 290
485 178 480 180 485 179 480 180 259
487 187 482 186 487 187 482 186 201
487 202 476 202 485 203 474 203 260
491 211 480 212 489 213 478 213 276
491 223 479 223 489 225 476 225 107
490 227 476 227 487 229 474 229 115
492 244 474 244 489 247 470 247 39
493 267 468 267 487 273 460 273 53
497 285 465 285 489 295 455 295 29
499 288 463 288 489 299 452 298 52
499 306 460 306 489 321 446 321 63
499 316 457 316 487 333 440 333 61
492 99 488 99 493 99 490 99 180
494 101 491 102 495 101 492 101 168
492 107 488 107 493 107 489 107 186
492 109 488 109 493 109 489 109 227
493 117 488 117 493 117 489 117 158
495 127 490 127 495 127 490 127 198
497 138 489 137 495 137 490 137 277
493 147 488 147 493 147 488 147 73
495 161 490 162 495 161 490 161 88
491 171 486 171 491 171 486 171 153
496 208 487 208 495 209 485 209 238
495 218 484 218 493 219 482 219 139
495 225 482 225 493 227 480 227 104
497 247 477 247 493 251 474 251 45
500 259 476 259 495 265 469 265 41
503 286 470 287 495 297 459 297 26
502 300 465 300 493 313 452 312 64
497 129 492 129 497 129 492 129 162
499 149 494 149 499 149 494 149 118
501 151 496 151 501 151 496 151 148
501 174 495 176 501 175 496 175 313
499 181 494 181 499 181 494 180 256
497 189 492 188 497 189 492 189 380
501 190 493 190 501 191 493 191 467
502 198 493 198 501 199 492 199 167
502 236 489 237 499 239 482 239 72
503 263 478 263 497 269 470 269 71
507 273 479 273 501 281 470 281 58
507 278 477 278 501 287 468 287 33
507 298 471 298 499 311 458 311 69
507 308 467 308 497 323 452 323 43
510 325 463 325 499 345 445 345 56
511 330 463 330 499 351 446 351 67
511 336 462 337 499 359 443 359 89
502 97 498 97 503 97 499 97 76
504 99 500 100 505 99 501 100 139
504 103 500 103 505 103 501 103 96
505 116 501 116 505 115 501 115 174
507 118 501 117 507 117 501 116 90
503 119 498 119 503 119 498 119 113
504 131 500 132 505 131 500 131 125
503 139 497 139 503 139 498 139 91
503 147 498 147 503 147 498 147 109
505 149 499 149 505 149 500 149 216
505 179 500 179 505 179 500 179 289
505 184 500 183 505 183 500 182 269
505 190 497 190 505 191 495 191 409
503 202 495 202 503 203 494 203 278
506 204 497 204 505 205 496 205 162
507 218 493 218 505 219 493 219 169
507 221 494 222 505 223 493 223 69
506 245 487 245 503 249 484 248 48
510 242 492 242 507 245 488 245 37
510 263 484 263 505 269 479 268 49
509 272 481 271 503 279 473 279 62
513 277 481 277 505 285 475 285 63
512 285 480 285 505 295 471 295 37
514 316 472 316 505 333 457 333 74
515 328 469 328 505 349 453 349 98
517 328 470 328 507 349 454 349 94
512 101 508 101 513 101 510 101 89
510 115 505 114 511 115 508 116 152
509 129 503 129 509 129 504 129 101
509 135 503 135 509 135 503 135 114
509 159 503 158 509 159 503 157 127
513 175 507 174 513 175 508 176 244
510 200 501 200 509 201 500 201 246
512 198 503 198 511 199 502 199 238
512 204 503 204 511 205 502 205 171
510 212 500 212 509 213 499 213 106
512 216 502 216 511 217 501 217 119
516 265 490 265 511 271 484 271 43
516 271 488 271 509 277 480 277 127
518 273 490 273 513 281 483 281 63
520 298 483 298 513 311 472 311 90
519 325 473 325 509 345 453 344 102
518 107 515 108 519 107 516 107 149
517 127 513 125 519 125 513 124 190
515 135 509 135 515 135 509 135 82
519 131 513 131 519 131 513 131 75
517 153 511 153 517 153 511 151 118
515 149 509 149 515 149 510 149 82
518 176 513 174 519 175 513 175 209
515 216 506 216 515 217 505 217 124
518 236 501 236 515 239 498 239 66
518 244 499 243 515 247 496 246 40
521 249 499 249 517 253 495 253 58
521 257 497 258 517 263 491 264 44
519 261 494 261 515 267 489 267 45
521 293 483 293 515 305 477 304 69
525 300 487 300 519 313 477 313 100
521 302 482 302 515 315 472 315 141
526 303 487 303 519 317 476 317 98
525 321 480 321 517 339 466 339 136
526 329 479 329 517 349 463 349 99
520 111 517 112 521 111 518 111 161
523 122 520 123 525 123 519 121 177
525 133 519 133 525 133 519 133 54
523 135 517 135 523 135 517 135 47
521 165 515 164 521 165 516 164 395
523 161 517 160 523 161 518 160 234
520 173 515 172 521 173 515 173 289
521 178 516 177 521 179 516 178 392
523 188 515 188 523 189 517 189 394
521 185 516 185 521 185 516 184 250
525 210 517 210 525 211 516 211 206
525 234 505 236 523 237 506 237 83
525 261 500 261 521 267 494 267 52
527 272 499 272 523 279 493 279 96
529 268 502 268 525 275 496 275 72
529 296 492 296 523 309 483 309 116
527 311 487 310 521 327 473 327 99
533 314 490 314 525 331 477 331 134
534 325 487 325 525 345 473 345 82
531 331 484 332 523 353 469 353 74
535 337 484 337 525 361 468 361 50
530 131 524 131 531 131 525 131 85
530 141 525 141 531 141 525 140 56
526 174 521 174 527 175 522 174 304
528 183 524 182 529 183 525 182 249
525 187 522 187 527 187 522 187 665
529 198 522 198 529 199 523 199 183
527 204 518 204 527 205 518 205 296
529 208 521 208 529 209 521 209 120
530 243 512 243 527 247 507 247 72
534 248 511 249 531 253 509 253 46
534 254 511 254 531 259 507 259 71
531 275 502 275 527 283 495 283 82
536 282 505 282 531 291 497 291 104
536 287 502 287 531 297 494 297 77
537 310 499 309 531 325 485 325 120
534 121 531 122 535 121 532 121 85
534 145 528 145 535 145 529 145 74
537 165 530 165 537 165 530 165 249
533 185 527 185 533 185 527 185 239
537 198 530 198 537 199 531 199 197
535 204 529 204 535 205 529 205 172
537 210 529 210 537 211 528 211 141
536 227 522 227 535 229 520 229 59
538 234 517 236 537 237 520 237 102
538 239 517 241 535 243 517 243 113
537 247 516 247 535 251 514 251 65
539 249 518 249 537 253 515 253 74
537 252 515 252 535 257 512 257 76
540 254 517 254 537 259 513 259 90
538 261 513 261 535 267 509 266 62
540 263 521 262 537 269 517 269 232
538 268 513 269 535 275 506 275 114
539 275 510 275 535 283 503 283 74
540 283 507 283 535 293 495 292 69
538 288 504 288 533 299 496 299 131
539 301 500 301 533 315 490 315 154
540 123 535 124 541 123 535 123 77
540 129 535 129 541 129 536 129 77
538 141 533 141 539 141 533 141 39
540 137 534 137 541 137 535 136 74
540 180 537 181 541 181 538 181 326
542 188 536 188 543 189 537 189 263
538 190 532 190 539 191 533 191 208
542 195 536 194 543 195 537 195 194
541 198 534 198 541 199 535 199 192
544 229 534 229 543 231 529 231 107
545 247 524 247 543 251 521 251 77
543 270 513 270 541 277 507 277 153
543 273 514 273 539 281 508 281 118
545 294 507 294 539 307 499 307 109
547 304 508 304 543 319 498 319 135
549 328 503 328 541 349 487 349 70
544 33 543 34 547 35 541 35 17
544 139 539 139 545 139 539 139 59
546 141 541 141 547 141 541 141 83
546 143 540 143 547 143 541 143 80
548 159 544 158 549 159 546 159 193
549 202 542 202 549 203 543 203 159
545 202 538 202 545 203 539 203 190
546 225 532 225 545 227 532 226 59
547 241 528 241 545 245 525 245 55
548 247 528 247 547 251 525 251 61
549 256 526 256 547 261 522 261 121
549 252 527 252 547 257 524 257 97
549 278 518 278 545 287 512 287 101
551 285 517 285 547 295 513 295 114
551 288 516 288 547 299 509 299 108
550 301 511 301 545 315 502 315 152
549 308 509 308 547 323 501 323 154
552 314 509 314 547 331 500 331 145
555 124 549 124 555 123 549 123 79
550 127 544 127 551 127 545 127 119
554 153 550 153 555 153 551 153 100
550 153 545 153 551 153 546 153 88
552 149 546 149 553 149 547 149 68
552 155 548 155 553 155 549 154 88
550 177 547 177 551 177 548 177 222
550 185 546 185 551 185 548 185 247
553 193 547 192 553 193 549 193 410
551 223 536 223 551 225 535 225 62
553 229 539 229 553 231 538 231 62
554 238 537 238 553 241 533 241 85
557 241 537 241 555 245 535 245 42
557 263 531 263 555 269 528 269 63
554 266 529 265 551 273 524 272 72
554 280 523 280 551 289 517 289 62
556 291 521 291 551 303 512 303 57
559 294 522 294 555 307 515 307 65
556 298 519 298 553 311 512 311 90
556 311 513 311 551 327 504 327 89
559 309 517 309 555 325 508 325 143
555 314 513 314 551 331 503 331 87
558 125 553 126 559 125 553 125 65
560 139 553 140 561 139 555 139 126
556 171 553 170 557 171 554 170 212
560 183 556 183 561 183 558 183 296
558 189 554 188 559 189 555 189 215
556 200 550 200 557 201 552 201 168
561 218 550 218 561 219 550 219 113
556 214 545 214 557 215 545 215 166
557 220 545 220 557 221 545 221 77
561 227 547 227 561 229 546 229 52
562 245 542 245 561 249 540 249 42
559 241 539 241 557 245 537 245 38
558 256 535 256 557 261 531 262 70
563 259 537 259 561 265 534 265 76
561 257 537 257 559 263 533 263 57
562 275 532 275 559 283 528 283 79
563 281 531 281 561 291 527 291 85
565 320 519 320 561 339 510 339 82
562 149 558 149 563 149 560 149 95
564 153 560 153 565 153 562 153 62
562 187 558 186 563 187 559 187 296
562 192 558 192 563 193 558 193 187
566 196 561 196 567 197 563 197 203
566 212 555 212 567 213 556 213 150
563 221 550 221 563 223 549 223 64
565 227 551 227 565 229 551 229 61
564 238 546 238 563 241 544 241 67
566 254 543 254 565 259 540 259 77
564 277 533 276 563 285 528 284 56
567 273 537 273 565 281 534 281 89
569 275 539 275 567 283 535 283 58
567 285 534 285 565 295 529 295 56
569 290 534 290 567 301 528 301 63
566 293 527 292 563 305 524 305 69
567 298 530 298 565 311 524 311 67
569 304 528 304 567 319 522 319 136
570 312 526 312 567 329 520 329 81
572 141 568 141 573 141 570 141 88
570 145 566 145 571 145 568 145 73
572 147 568 147 573 147 569 146 63
570 164 567 164 571 165 568 164 71
569 176 567 176 571 177 569 177 170
568 175 565 174 569 175 567 174 138
572 183 569 183 573 183 571 183 210
570 187 566 186 571 187 568 187 215
570 194 566 195 571 195 567 195 155
570 202 565 202 571 203 564 203 278
572 227 559 227 573 229 559 229 57
570 261 544 261 569 267 542 267 81
573 293 536 293 571 305 531 305 62
571 308 530 308 569 325 523 325 88
576 314 532 314 573 331 525 331 84
575 318 530 318 573 337 523 337 90
575 142 572 143 577 143 574 143 74
578 158 575 158 579 159 576 159 116
573 161 570 161 575 161 572 161 78
574 175 571 175 575 175 573 175 248
578 173 576 173 579 173 577 172 130
578 180 576 181 579 181 577 181 406
574 188 570 188 575 189 572 189 295
575 206 567 206 575 207 567 207 146
579 217 567 217 579 219 567 219 154
574 221 561 221 575 223 562 223 74
576 225 563 225 577 227 563 227 67
579 234 561 234 579 237 561 237 78
577 243 557 243 577 247 556 247 79
575 264 549 264 575 271 546 270 73
580 268 552 268 579 275 548 276 93
579 288 544 288 577 299 539 299 45
578 293 543 293 577 305 538 305 47
580 316 535 316 577 333 528 333 88
578 333 528 333 575 355 519 355 73
582 147 579 147 583 147 580 147 62
580 176 578 176 581 177 579 177 245
580 185 577 184 581 185 578 184 371
582 214 571 214 583 215 572 215 247
584 238 566 238 585 241 566 241 96
581 250 559 250 581 255 558 255 118
581 261 556 261 581 267 554 267 98
585 261 560 261 585 267 558 267 97
585 270 557 270 585 277 555 277 112
585 280 554 280 585 289 551 289 52
583 283 550 283 583 293 547 293 44
583 286 548 286 583 297 545 297 34
586 301 547 301 585 315 543 315 45
579 320 533 320 581 339 530 339 162
585 201 576 200 587 201 578 202 219
587 202 578 203 589 203 580 204 241
586 221 573 221 587 223 574 223 105
586 225 573 225 587 227 573 227 81
589 234 571 234 589 237 571 237 117
590 232 574 232 591 235 574 235 78
588 242 571 239 589 245 568 246 84
589 252 566 252 589 257 565 257 107
587 259 563 258 587 265 561 265 113
592 263 565 263 589 269 562 269 116
589 266 561 266 589 273 560 273 77
590 282 557 282 589 291 554 291 62
589 298 553 298 591 311 549 311 32
593 146 591 146 595 147 594 147 102
596 181 593 181 597 181 589 181 447
596 187 586 187 597 187 588 187 568
596 205 591 205 597 205 588 205 495
594 215 582 216 595 217 584 216 170
596 225 582 225 597 227 583 227 79
594 238 576 238 595 241 576 241 100
596 250 571 250 597 255 573 254 143
592 271 563 271 593 279 561 279 93
596 289 562 292 595 299 558 299 58
591 303 552 305 593 321 546 320 42
598 338 546 338 595 361 540 361 127
601 139 597 139 603 139 599 139 32
600 212 590 212 601 213 591 213 155
598 221 585 221 599 223 586 223 104
600 232 582 232 601 235 584 234 57
602 232 585 232 603 235 585 235 57
601 241 582 241 603 245 582 244 62
599 264 573 264 601 271 572 271 148
600 271 571 271 601 279 569 279 120
600 278 568 278 601 287 566 286 85
603 295 566 295 603 307 562 307 36
598 298 560 297 599 311 557 310 33
601 305 561 305 603 321 558 321 40
599 312 557 312 603 329 554 329 95
597 326 553 327 601 347 548 347 163
603 72 593 72 605 69 595 68 103
607 75 597 75 609 73 599 73 40
603 77 593 77 605 75 595 75 40
605 88 595 88 607 87 597 87 195
607 94 598 95 609 93 599 93 56
603 99 594 99 605 97 595 97 120
605 101 596 101 607 99 597 99 72
607 109 598 108 609 107 599 107 121
607 114 598 114 609 113 599 113 122
605 140 601 141 607 141 603 141 34
603 137 599 137 605 137 601 137 38
607 153 604 153 609 153 605 153 120
603 198 594 199 605 199 596 198 298
608 208 598 208 609 209 600 209 166
604 212 594 212 605 213 595 213 144
603 249 579 249 605 255 581 255 73
606 262 579 262 607 269 579 269 141
604 274 573 275 605 283 572 283 98
604 285 571 285 605 295 569 295 74
605 297 567 297 605 309 563 309 32
605 293 569 293 607 305 567 305 51
606 305 565 305 609 321 562 319 39
604 309 562 309 605 325 559 325 40
608 311 566 311 609 327 562 327 64
611 98 600 98 613 97 602 97 231
609 106 599 106 611 105 601 105 224
611 102 601 102 613 101 603 100 202
609 112 600 112 611 111 601 111 284
613 118 604 119 615 117 606 118 153
613 120 604 121 615 119 606 120 209
609 137 605 137 611 137 607 137 58
609 148 605 148 611 149 607 149 70
610 154 606 155 611 155 608 155 131
609 192 605 192 611 193 607 193 159
613 196 608 196 615 197 610 197 196
611 221 598 221 613 223 600 223 58
609 228 593 229 611 231 595 231 77
613 236 595 236 615 239 596 239 139
608 255 582 255 611 261 586 261 81
613 278 581 278 615 287 581 287 123
609 294 572 294 611 307 572 307 50
614 302 573 302 615 317 570 317 83
617 65 607 65 619 63 609 62 48
615 73 605 73 617 71 607 71 150
617 83 607 83 619 81 609 81 61
619 93 608 93 621 91 609 89 55
615 114 605 114 617 113 607 113 149
619 124 609 124 621 123 611 123 305
615 135 611 135 617 135 613 135 196
619 153 615 153 621 153 617 153 117
615 157 612 157 617 157 613 157 111
617 189 614 189 617 189 615 189 213
618 196 612 196 619 197 613 197 185
617 202 610 202 619 203 612 203 134
617 214 607 214 619 215 608 215 87
617 236 598 236 619 239 599 239 100
617 245 596 245 619 249 597 249 99
617 250 594 250 619 255 595 255 136
618 276 586 275 621 285 587 284 121
616 287 581 287 617 299 578 299 127
619 295 581 295 621 307 580 307 90
617 295 578 294 619 307 579 307 71
616 312 575 313 619 329 571 329 102
625 95 614 95 627 93 616 92 76
623 97 612 97 625 95 614 95 44
625 110 615 111 627 109 617 109 73
625 118 615 118 627 117 617 116 336
625 120 615 120 627 119 617 119 323
623 126 613 126 625 125 615 125 216
623 186 619 186 625 187 621 187 143
621 198 615 198 623 199 617 199 159
621 211 611 211 623 213 613 213 95
621 247 599 247 623 251 601 251 108
622 257 597 257 625 263 599 263 104
620 257 594 257 623 263 597 263 110
620 264 594 264 623 271 594 271 95
620 281 587 281 623 291 588 291 127
624 286 590 286 627 297 589 297 122
620 291 584 291 623 303 584 303 69
620 309 578 309 623 325 576 325 66
629 66 619 66 631 63 621 63 105
631 83 620 83 633 81 622 81 49
629 99 619 99 631 97 620 97 74
627 124 617 124 629 123 619 123 259
631 157 626 157 633 157 628 157 43
629 186 624 186 631 187 626 186 135
631 215 619 215 633 217 621 217 221
627 227 613 227 629 229 615 229 64
629 236 611 236 631 239 613 239 74
630 243 609 243 633 247 612 247 93
627 254 604 254 629 259 604 259 138
627 275 596 275 629 283 596 283 93
629 299 591 300 633 313 591 313 96
627 304 587 304 631 319 587 319 78
629 311 586 311 633 327 586 327 69
634 59 624 59 637 57 626 56 119
633 64 623 64 635 61 625 61 188
636 81 626 81 639 79 628 79 71
633 93 622 93 635 91 624 91 105
637 99 626 99 639 97 629 97 58
633 105 622 104 635 103 625 103 43
633 103 622 102 635 101 625 101 130
633 118 623 118 635 117 625 117 203
633 127 625 127 635 127 628 126 460
633 147 628 147 635 147 630 147 69
633 153 628 153 635 153 630 153 48
637 194 631 194 639 195 633 195 126
635 196 629 196 637 197 631 197 159
634 219 622 219 637 221 625 221 93
632 232 615 232 635 235 617 234 120
634 245 614 245 637 249 616 249 86
631 275 601 275 635 283 602 283 68
631 289 596 290 635 301 596 301 64
631 296 593 296 635 309 594 309 76
634 298 597 298 639 311 597 311 77
639 64 628 63 641 61 631 59 255
640 89 630 89 643 87 632 87 109
639 118 629 118 641 117 631 117 215
639 167 633 166 641 167 638 167 79
639 184 633 184 641 185 635 185 128
639 186 633 186 641 187 635 187 140
641 198 633 198 643 199 635 199 170
643 196 634 196 645 197 637 197 127
643 202 634 202 645 203 637 203 111
636 215 626 215 641 217 629 217 58
641 225 629 225 643 227 630 227 59
640 230 625 231 643 233 628 233 36
640 250 617 250 643 255 619 255 88
637 254 613 254 641 259 616 259 133
637 271 608 271 641 279 610 279 75
640 291 604 291 645 303 605 303 100
636 294 599 294 641 307 600 307 76
638 294 601 294 643 307 603 307 72
646 77 635 79 649 75 638 75 169
644 99 634 99 647 97 637 97 57
648 105 638 105 651 103 640 103 81
644 103 634 103 647 101 636 101 91
646 108 636 108 649 107 638 107 112
648 118 639 119 651 117 643 119 329
647 157 643 156 649 157 645 156 307
645 163 640 162 647 163 642 161 175
647 167 642 166 649 167 645 167 167
647 184 638 184 649 185 640 185 147
648 211 638 212 651 213 641 213 75
646 217 634 217 649 219 637 219 62
644 219 632 219 647 221 634 221 51
646 223 633 223 649 225 636 225 45
647 266 619 266 651 273 621 273 87
642 269 613 269 647 277 616 277 88
646 271 618 271 651 279 620 279 55
642 273 613 273 647 281 615 281 53
641 277 610 277 647 287 615 286 72
644 289 607 290 649 301 610 301 51
644 294 607 294 649 307 609 307 77
651 47 639 47 655 41 643 40 478
654 87 644 87 657 85 647 85 133
654 103 644 102 657 101 646 101 98
652 114 642 114 655 113 644 113 198
652 128 647 125 655 127 649 125 491
654 194 644 194 657 195 646 195 102
651 215 640 215 655 217 642 216 65
654 219 642 219 657 221 645 221 48
655 241 636 240 657 245 636 244 14
653 262 627 261 657 267 629 267 50
649 281 616 281 657 291 621 291 77
658 122 652 123 661 121 655 123 347
658 128 653 127 661 127 656 125 416
659 159 655 161 661 159 657 160 494
658 190 647 190 661 191 650 190 89
658 196 647 196 661 197 650 197 81
659 223 647 223 663 225 650 225 56
656 219 644 219 659 221 647 221 54
656 289 620 289 663 301 625 301 66
653 293 616 293 659 305 619 305 69
654 296 617 296 661 309 620 309 104
652 301 612 301 659 315 616 315 94
656 303 616 303 663 317 619 317 52
665 101 655 101 669 99 658 99 103
662 99 651 99 665 97 655 97 129
662 172 653 175 665 173 653 173 403
662 180 651 180 665 181 654 181 136
661 213 651 214 665 215 653 215 145
663 226 649 227 667 229 652 229 33
663 251 639 250 669 257 642 255 9
663 284 627 285 669 295 632 295 38
659 296 623 296 667 309 625 309 161
657 299 618 299 665 313 623 313 89
668 95 657 94 671 93 661 92 65
671 102 661 102 675 101 664 100 63
672 134 668 135 675 133 672 134 766
668 155 657 154 671 155 661 155 500
670 182 659 182 673 183 662 183 111
670 188 659 188 673 189 663 188 85
671 206 657 206 675 207 661 207 77
669 201 656 201 673 203 659 202 88
667 217 653 217 671 219 657 219 171
669 215 655 215 673 217 659 217 69
669 221 655 221 673 223 659 223 47
669 239 647 239 671 243 651 243 18
668 243 649 243 673 247 652 246 10
676 59 660 57 681 53 665 51 245
677 221 662 221 681 223 666 223 76
675 223 660 222 679 225 664 225 50
677 230 659 230 681 233 664 233 59
669 307 627 308 677 323 631 324 41
678 30 667 30 683 23 672 21 336
679 114 669 114 683 113 673 113 162
684 122 678 121 687 121 680 121 267
677 119 669 119 683 119 673 118 504
682 142 676 143 685 143 679 143 554
682 166 676 167 685 167 679 167 220
681 199 667 199 685 201 671 200 148
679 200 665 199 683 201 668 201 81
678 205 663 205 683 207 669 207 82
682 203 667 203 687 205 671 205 146
682 211 667 211 687 213 671 213 115
677 245 656 245 685 251 662 250 17
677 251 655 251 683 255 660 255 10
687 121 679 121 689 121 682 121 397
686 125 680 125 689 125 683 125 359
688 139 682 139 691 139 685 139 396
688 148 682 149 691 149 685 149 328
686 151 680 150 689 151 683 150 404
690 163 680 164 693 163 687 163 481
686 161 680 160 689 161 683 160 245
690 174 684 175 693 175 687 175 206
689 203 672 203 691 205 675 205 110
687 217 670 217 693 219 669 221 181
687 230 669 231 693 233 674 233 36
687 237 668 237 693 241 674 241 30
682 306 643 305 693 321 648 320 20
693 54 671 57 699 49 677 50 110
695 135 687 135 699 135 691 135 120
695 143 687 143 699 143 691 143 117
695 153 688 152 699 153 691 153 155
694 168 688 168 697 169 691 168 160
692 180 686 180 695 181 689 181 289
692 188 685 187 695 189 688 188 383
695 205 679 205 699 207 685 206 84
690 207 675 207 695 209 679 209 74
694 211 678 211 699 213 682 213 46
693 220 675 220 699 223 680 223 64
691 232 673 232 697 235 678 235 33
690 256 666 256 697 261 672 260 12
689 270 663 267 697 279 665 278 11
695 66 676 66 701 61 681 59 92
697 123 689 124 701 123 693 123 273
698 155 690 155 701 155 694 155 279
697 171 689 171 701 171 693 171 261
700 180 693 180 703 181 696 180 182
698 184 690 184 701 185 694 184 238
700 188 692 188 703 189 696 188 263
698 197 687 197 701 199 689 199 217
700 215 683 215 705 217 686 217 33
697 228 679 228 703 231 684 230 29
695 224 677 224 701 227 682 227 52
697 232 679 232 703 235 684 235 29
707 152 698 151 711 153 702 151 72
702 192 692 195 707 193 695 193 223
703 209 688 209 709 211 693 211 38
701 215 684 215 707 217 689 217 31
705 219 685 218 711 221 693 221 23
704 244 682 244 711 249 689 249 11
709 40 686 40 717 33 694 34 113
706 36 683 37 713 29 689 30 113
706 43 685 42 713 35 691 35 114
711 147 702 147 715 147 706 146 179
709 173 700 173 713 173 704 173 103
712 193 696 192 717 193 701 192 182
707 205 692 205 713 207 697 207 53
711 209 695 209 717 211 701 211 62
710 226 691 226 717 229 698 229 22
709 241 687 241 717 245 694 245 24
705 249 683 249 715 255 691 255 30
707 246 685 246 715 251 693 251 15
705 250 682 250 713 255 689 255 15
714 48 691 48 723 41 698 39 101
715 151 705 152 719 149 710 151 116
718 173 707 172 723 173 713 173 65
715 196 700 195 721 197 710 197 155
716 199 699 200 723 201 707 201 79
715 205 699 205 721 207 705 207 49
714 201 698 201 719 203 701 203 105
716 213 696 214 723 215 705 215 45
714 218 695 218 721 221 701 220 27
711 242 689 242 719 247 695 247 15
713 288 677 288 723 297 684 296 9
705 302 667 302 719 317 676 316 11
720 163 711 162 725 163 715 163 95
722 170 711 169 727 171 717 170 93
718 216 699 216 725 219 705 219 33
722 39 699 39 731 31 707 30 137
726 163 717 164 731 163 723 165 127
723 246 701 246 733 251 707 251 11
731 104 716 101 739 101 720 101 137
733 222 711 222 739 225 717 225 19
730 227 708 227 739 231 716 231 14
727 269 698 269 739 277 708 277 17
738 174 717 175 747 175 726 174 46
735 242 712 242 745 247 720 245 15
735 282 703 282 747 291 713 291 16
730 299 691 299 745 313 703 312 6
730 304 690 305 745 319 699 320 14
740 46 717 47 749 39 726 38 98
742 53 719 52 753 45 729 45 136
741 69 719 69 751 63 728 62 93
741 90 721 91 751 87 728 86 68
738 268 709 268 749 275 718 275 11
741 277 709 276 753 285 719 285 29
736 283 703 282 751 293 716 294 23
733 301 694 301 749 315 707 315 11
737 304 699 301 751 319 711 320 10
746 37 725 36 757 29 732 29 89
749 56 727 55 759 49 736 48 132
744 65 723 64 755 59 732 58 116
745 119 734 121 755 117 743 118 350
746 174 725 174 755 175 733 175 39
750 35 728 35 761 27 737 26 86
752 61 731 63 763 55 741 56 127
755 100 733 103 765 97 743 97 76
756 159 743 159 763 159 749 159 271
751 195 731 195 761 197 740 196 129
748 280 715 280 761 289 726 289 20
749 287 714 287 763 297 726 297 27
758 40 735 43 769 33 747 32 94
756 48 733 48 767 41 742 39 69
759 52 737 52 771 45 747 44 127
757 57 731 58 767 49 741 51 100
757 92 736 91 767 89 744 91 50
763 128 750 128 771 127 757 126 259
762 165 749 164 769 165 755 165 188
759 161 746 161 767 161 751 161 203
765 37 745 37 777 31 755 29 107
762 50 740 50 773 43 749 42 121
761 56 739 56 773 49 749 49 145
763 60 741 59 775 53 751 52 265
767 35 747 35 779 29 757 28 135
771 37 750 37 783 31 761 31 99
771 46 748 46 783 39 759 39 150
767 46 744 46 779 39 755 38 173
771 117 756 116 779 115 764 114 154
773 147 758 143 781 145 766 146 71
763 269 727 270 781 279 741 279 31
765 278 728 281 783 289 742 288 30
764 304 727 304 783 319 740 320 18
773 48 751 48 787 43 764 42 197
777 81 756 82 787 77 768 76 402
777 125 762 124 785 123 770 122 107
779 124 764 124 787 123 772 122 110
779 130 766 130 789 129 776 129 73
777 157 767 153 785 157 771 158 89
778 166 767 168 787 167 781 169 158
769 257 730 257 789 267 745 265 40
766 262 729 262 785 271 744 271 41
766 270 729 271 785 281 744 281 38
769 281 731 281 789 293 747 293 29
768 298 730 298 787 311 745 311 18
778 27 755 26 791 17 767 17 95
782 30 761 28 795 21 772 20 111
778 30 755 30 791 21 767 20 103
773 267 735 267 793 277 751 277 27
771 301 732 301 791 315 750 316 20
790 124 775 124 799 123 785 122 90
792 128 777 128 801 127 786 127 115
790 130 775 130 799 129 783 129 77
795 33 775 32 807 27 783 27 125
795 35 771 35 807 29 784 28 90
790 48 768 47 803 41 779 41 150
801 130 787 130 811 129 797 129 96
805 128 791 128 815 127 799 126 120
805 136 791 136 815 135 800 134 256
809 138 796 138 819 137 806 137 138
790 333 743 333 819 357 763 357 11
814 25 795 26 823 19 807 17 195
811 49 793 47 821 45 805 43 177
816 37 797 36 829 31 809 31 57
820 51 801 51 833 47 813 46 129
803 328 755 327 833 349 778 349 14
805 287 755 286 841 305 784 304 24
808 331 759 331 839 353 783 354 17
832 25 812 28 847 21 826 22 38
833 49 813 49 847 45 825 43 58
818 301 768 301 853 321 794 319 24
849 100 825 101 863 97 843 95 63
828 311 776 311 865 333 805 333 31
831 315 775 313 869 337 808 337 35
861 41 838 40 879 33 855 32 70
858 97 836 95 875 93 847 94 90
861 101 838 101 879 97 854 97 106
838 306 779 305 877 327 815 328 57
838 315 784 315 877 337 814 337 41
839 328 785 328 879 353 816 353 34
836 329 782 329 875 355 812 354 51
865 37 842 36 883 29 859 28 51
863 45 840 45 881 37 857 36 27
841 311 785 311 881 333 818 333 53
840 316 786 315 881 341 817 340 39
843 325 790 327 883 349 821 351 29
843 330 789 330 883 355 820 356 29
841 253 781 251 887 263 822 264 85
858 241 799 241 905 253 836 253 90
861 239 803 239 909 251 840 251 73
860 255 801 255 907 267 838 269 86
857 261 798 262 905 277 836 278 68
860 277 801 277 907 295 838 295 28
858 281 799 281 905 299 836 300 31
861 303 799 302 907 325 837 324 36
866 253 807 253 915 267 845 267 202
866 263 806 263 915 279 845 279 72
862 267 803 267 913 283 843 283 69
866 283 806 283 913 301 845 303 20
894 87 869 86 917 81 890 80 61
872 223 813 225 921 231 851 231 38
872 238 813 238 921 249 851 248 35
870 235 811 235 919 247 849 245 39
867 247 808 246 917 257 847 257 73
868 263 808 263 917 279 847 279 87
877 228 821 228 925 237 860 237 42
875 263 816 263 925 279 855 279 88
877 267 817 267 925 283 855 283 93
875 270 815 270 925 287 854 287 82
908 91 883 90 933 85 905 84 56
881 226 825 226 929 235 864 235 54
879 244 819 244 931 257 860 257 74
880 261 821 262 933 277 862 277 80
880 273 818 273 933 291 862 291 63
881 270 820 270 933 287 862 287 64
913 85 885 85 937 79 909 78 32
912 93 885 93 937 87 909 86 39
882 270 822 270 935 287 864 287 48
884 273 823 273 937 291 866 291 39
918 89 894 88 945 83 919 81 65
893 269 835 269 945 287 874 286 28
888 272 829 272 943 291 871 290 22
900 268 849 267 953 285 893 283 20
900 271 846 271 953 289 889 289 31
901 276 849 275 953 295 893 294 34
910 268 859 268 961 287 903 286 24
905 278 855 277 959 297 899 296 32
911 232 852 233 969 243 899 243 63
952 80 922 81 985 73 951 72 6
955 99 925 99 987 93 954 93 13
958 91 929 92 991 85 959 85 14
941 251 880 251 1005 265 933 265 34
940 263 879 263 1005 279 933 279 27
942 257 881 257 1007 273 935 273 47
949 245 889 244 1015 259 941 259 32
947 251 886 251 1013 265 941 265 58
951 256 890 256 1017 271 945 271 66
948 263 889 263 1017 279 941 279 38
952 259 892 260 1019 275 947 275 44
953 261 893 262 1021 277 948 278 34
958 247 897 247 1025 261 953 261 30
959 252 898 252 1027 267 955 267 68
961 259 901 259 1029 275 957 275 40
969 255 908 255 1039 271 967 271 49
974 249 913 249 1045 263 973 263 44
974 256 913 256 1045 271 973 271 59
974 254 913 254 1045 269 973 269 67
971 260 910 261 1043 275 971 275 42
977 254 916 254 1049 269 977 269 60
979 256 918 256 1051 271 979 271 57
970 319 906 319 1049 339 973 340 32
984 253 923 253 1057 267 985 267 60
986 256 925 256 1059 271 987 271 64
990 248 929 248 1063 261 991 261 43
988 252 927 253 1061 267 989 267 64
994 241 933 241 1067 253 995 253 32
993 246 932 245 1067 259 995 259 42
995 253 934 253 1069 267 997 267 37
994 258 933 258 1069 273 997 273 35
1003 260 940 262 1077 277 1006 277 20
1070 150 1031 150 1125 149 1081 148 29
1057 331 997 330 1133 357 1065 357 5
1086 227 1044 227 1149 233 1102 231 13
1089 185 1046 185 1151 185 1104 186 25
1089 221 1046 221 1151 227 1104 227 34
1094 189 1051 191 1157 191 1110 191 39
1094 270 1053 270 1159 283 1115 282 14
1100 219 1057 217 1163 225 1116 223 18
1104 225 1060 225 1167 231 1118 231 17
1107 208 1064 205 1173 211 1125 209 25
1103 220 1063 221 1169 227 1121 227 14
1115 225 1076 225 1179 231 1129 231 19
1122 213 1083 211 1185 221 1133 222 13
1129 227 1083 227 1189 233 1138 233 9
