59 45 45 46 35 37 18 38 207
64 56 46 57 41 49 16 50 97
79 154 56 154 45 151 18 151 171
77 161 54 161 43 159 17 159 164
80 175 55 174 45 173 20 173 211
76 197 53 197 41 197 17 197 98
75 226 54 226 43 229 17 228 32
79 228 55 228 45 231 20 231 65
79 235 55 234 45 237 20 237 73
74 49 59 52 51 43 41 42 75
74 60 63 61 49 53 31 54 93
85 161 61 161 51 159 25 159 104
85 163 61 163 51 161 25 161 117
85 174 61 174 51 173 26 173 236
83 202 60 202 51 203 26 203 176
80 230 57 230 47 233 22 233 70
81 254 58 253 47 257 22 256 95
82 60 69 61 57 53 39 54 116
87 170 64 170 53 169 27 169 589
89 199 67 198 57 199 32 199 278
85 197 62 197 53 197 28 197 124
86 206 62 206 53 207 28 207 208
87 231 65 231 55 233 30 232 148
89 249 66 249 57 253 32 252 111
86 253 62 253 53 257 28 256 181
90 268 67 267 57 273 33 272 266
89 272 65 272 57 277 31 276 170
95 169 71 169 61 167 36 167 179
94 176 72 176 63 175 38 175 251
91 180 68 180 59 179 34 179 280
91 188 68 188 59 187 34 187 159
93 186 70 186 61 185 36 185 194
91 197 69 196 59 197 34 197 139
95 212 72 211 63 213 38 213 143
93 217 70 217 61 219 36 219 102
95 223 72 223 63 225 37 224 135
91 227 68 227 59 229 34 229 106
95 229 72 228 63 231 39 230 154
100 189 77 189 69 189 44 189 137
99 196 76 195 67 195 42 194 116
97 219 74 219 65 221 40 221 137
99 230 76 230 67 233 42 232 232
97 259 74 259 65 263 40 263 158
101 54 79 55 75 47 59 47 158
96 66 79 67 71 59 52 60 162
99 87 82 91 75 83 56 83 89
99 149 82 149 75 147 56 147 80
104 165 82 165 73 163 49 163 160
103 171 82 170 73 169 48 169 105
104 193 81 192 73 193 48 192 200
106 205 83 204 75 205 50 204 163
104 202 81 202 73 203 48 203 196
102 208 79 208 71 209 46 208 121
104 208 81 208 73 209 49 209 159
102 217 79 217 71 219 46 218 145
104 214 81 213 73 215 48 215 178
106 221 83 221 75 223 51 223 97
106 223 83 223 75 225 51 225 178
102 225 79 224 71 227 46 226 134
104 265 81 264 73 269 48 268 125
103 73 85 74 79 67 60 68 188
101 71 83 72 77 65 58 66 176
103 86 85 87 79 81 60 82 82
105 87 87 88 81 83 62 83 111
103 100 85 100 79 95 60 95 181
101 102 84 102 77 97 58 97 157
107 199 85 198 77 199 53 199 124
110 203 87 202 79 203 55 203 253
111 219 89 219 81 221 57 221 105
108 228 85 228 77 231 52 231 192
110 231 87 230 79 233 54 232 191
109 240 87 240 79 243 54 242 331
108 242 85 241 77 245 53 244 144
111 251 89 251 81 255 57 255 215
109 261 87 260 79 265 55 264 152
111 58 89 59 85 51 65 52 390
110 69 92 70 87 63 68 64 201
108 65 90 66 83 59 65 60 190
109 104 96 104 85 99 71 99 125
109 149 91 149 83 147 65 147 130
112 157 90 157 83 155 59 155 281
115 163 92 163 85 161 61 161 163
112 185 90 185 83 187 59 185 159
115 193 92 193 85 193 61 193 148
115 203 92 202 85 203 61 204 99
115 218 92 216 85 219 61 219 75
117 218 94 216 87 219 63 219 187
115 223 92 223 85 225 62 225 171
113 236 91 236 83 239 59 239 207
115 242 92 242 85 245 63 243 354
115 250 93 250 85 253 61 253 292
114 258 91 257 83 261 59 261 170
118 159 96 159 89 157 69 157 183
121 181 103 181 91 179 72 179 330
119 190 97 190 89 191 64 190 246
119 199 96 199 89 199 65 199 93
119 226 96 225 89 227 64 227 94
119 241 96 241 89 243 71 242 454
121 69 100 70 95 63 73 64 163
123 112 106 112 95 107 75 108 55
123 182 105 182 99 181 80 181 256
120 195 100 195 95 195 74 195 232
123 235 103 234 99 237 77 236 185
121 247 104 246 99 249 82 248 189
124 254 105 253 99 257 79 256 245
119 266 99 265 95 269 75 268 185
125 27 106 29 101 19 81 20 99
129 32 110 32 105 23 85 24 74
128 73 110 74 105 67 86 67 142
128 98 110 98 105 93 86 94 172
127 165 109 164 105 163 86 163 104
127 174 109 174 105 173 85 173 171
128 190 110 189 105 189 86 189 179
125 203 105 203 103 203 87 202 56
127 262 107 261 103 265 83 264 126
131 267 109 266 103 271 80 270 91
160 339 114 337 101 359 50 358 93
131 30 112 30 107 21 87 22 76
130 66 112 66 107 59 88 60 167
130 71 112 72 107 65 88 66 305
132 110 115 110 111 105 92 105 114
133 149 115 149 111 147 92 147 59
130 153 112 153 107 151 88 151 86
132 164 113 164 109 161 89 161 86
132 178 114 178 109 177 90 177 135
132 188 113 187 109 187 90 187 243
131 237 114 236 109 239 90 238 110
132 245 113 244 109 247 89 246 212
139 265 117 264 111 269 88 268 100
138 25 115 23 115 17 96 18 84
139 27 120 27 117 19 97 20 78
137 56 117 57 113 49 101 49 137
136 104 118 104 113 99 93 99 147
135 176 117 176 113 175 94 175 144
137 184 119 184 115 183 96 181 84
135 181 117 181 113 181 94 180 205
135 193 117 193 113 193 94 192 89
135 192 117 191 113 191 94 190 76
139 195 121 195 117 195 98 195 45
135 197 117 197 113 197 94 197 79
136 201 119 201 115 201 96 201 84
147 268 123 268 117 273 92 272 88
141 50 124 51 119 43 101 44 100
141 245 123 244 119 247 100 246 106
144 250 125 250 121 253 99 252 234
146 254 127 254 123 257 103 256 135
151 26 133 27 129 17 109 18 54
150 228 131 227 127 229 106 229 52
152 235 133 234 129 237 109 237 34
148 242 129 241 125 245 105 244 66
155 47 139 47 131 39 118 38 70
154 220 136 220 131 221 112 221 57
156 233 138 232 133 235 113 234 49
157 263 129 264 131 267 101 268 131
161 39 143 40 139 31 117 32 59
160 56 139 57 139 49 118 50 97
160 243 138 242 139 245 117 243 73
167 270 143 270 139 275 114 274 131
162 24 144 25 143 17 122 17 43
168 30 149 30 147 21 127 22 67
166 46 149 48 147 39 126 39 87
165 217 145 217 145 219 119 217 38
171 268 145 268 145 273 119 272 150
171 28 151 28 149 19 129 20 95
175 243 156 242 153 245 135 245 42
173 265 152 264 149 269 125 268 155
180 45 161 45 159 37 139 38 221
176 57 158 57 155 49 136 50 155
180 55 161 55 159 47 139 47 157
179 59 161 60 159 53 139 53 109
174 218 155 217 155 219 133 217 27
179 245 157 244 157 247 137 246 76
183 265 159 265 157 269 133 268 139
182 39 163 40 161 31 141 32 212
186 37 167 38 165 29 145 30 202
181 57 163 58 161 51 141 51 169
185 56 167 57 165 49 145 50 273
183 235 164 235 161 237 135 237 30
212 339 165 339 161 359 109 358 148
188 41 170 42 167 33 147 34 224
193 218 173 218 171 219 149 219 75
191 263 170 262 167 267 144 266 148
197 47 178 47 177 39 157 39 226
194 218 173 218 173 219 151 219 62
199 33 182 34 179 25 155 26 85
199 37 177 38 179 29 162 30 185
199 49 180 49 179 41 159 41 99
198 242 180 242 179 245 159 243 78
200 244 182 244 181 247 161 246 131
201 256 184 255 179 259 157 259 123
206 41 190 42 187 33 168 34 95
204 218 185 218 185 219 165 219 59
206 233 188 233 187 235 168 235 77
210 263 188 262 187 267 164 266 114
208 259 185 258 185 263 162 262 101
212 30 193 31 193 21 173 22 108
210 37 191 38 191 29 172 30 74
210 60 191 59 191 53 170 51 143
213 230 195 229 195 231 176 230 50
213 237 195 239 195 241 175 240 47
222 36 202 36 201 27 180 27 61
216 39 196 39 197 31 176 31 53
220 244 202 243 201 247 182 246 68
219 261 193 261 199 265 177 264 180
223 61 203 61 207 55 186 55 72
224 222 207 221 205 223 187 222 62
221 245 203 244 203 247 184 246 67
223 249 206 248 205 251 187 250 50
226 273 200 273 205 277 177 277 89
225 42 206 42 209 35 188 35 46
229 63 211 63 213 57 193 57 33
225 61 209 62 209 55 189 55 32
227 67 205 66 211 61 191 61 47
225 67 206 67 209 61 189 61 30
227 227 212 227 211 231 194 229 36
231 260 209 260 213 263 191 262 98
234 26 218 27 219 19 202 20 73
235 65 216 65 219 59 199 59 61
233 69 215 69 217 63 197 63 69
232 214 215 214 217 215 195 215 32
231 221 215 220 219 221 198 221 45
240 268 215 268 217 273 195 272 105
241 71 224 71 225 65 207 65 119
241 83 224 81 225 75 207 74 128
241 109 224 109 225 105 207 105 122
237 227 217 226 221 227 203 228 27
239 230 223 227 223 231 205 231 31
238 247 221 246 221 249 201 249 54
245 261 223 261 225 265 201 264 44
242 264 219 264 221 269 197 268 46
243 69 226 69 227 63 209 63 161
247 107 230 107 231 103 213 103 168
245 115 228 115 229 111 211 111 108
247 149 230 149 231 147 213 147 319
246 189 230 186 231 187 213 188 132
246 193 230 193 231 193 213 192 130
244 196 228 195 229 195 211 195 111
243 235 226 235 227 237 208 236 35
246 238 227 239 229 241 210 241 46
245 236 229 237 231 239 213 239 40
255 275 230 275 231 281 203 280 39
251 32 235 32 237 25 220 25 47
250 63 232 63 235 57 218 57 100
251 74 236 75 237 69 221 70 132
250 79 234 79 235 73 218 73 161
251 80 235 80 237 75 220 75 183
248 105 232 105 233 101 215 101 150
249 113 232 113 233 109 215 109 171
251 117 235 117 235 113 217 113 111
250 153 234 153 235 151 217 151 182
249 165 232 165 233 161 217 163 482
251 173 234 173 235 173 218 171 309
248 188 232 187 233 187 215 187 230
250 197 234 197 235 197 217 197 125
248 199 232 199 233 199 215 199 101
251 247 232 247 235 249 216 249 57
253 261 230 261 233 265 209 265 38
257 275 229 276 235 279 207 279 53
256 49 241 50 243 43 224 43 36
253 103 237 104 239 99 222 99 391
257 99 241 99 243 95 226 95 359
256 111 239 111 241 107 223 107 276
256 119 241 119 241 115 224 115 67
256 186 239 185 241 185 223 185 157
254 193 237 193 239 193 221 193 210
257 191 241 191 243 191 226 191 167
256 201 237 201 241 201 223 201 81
257 197 241 197 243 197 226 197 109
257 228 242 227 243 229 226 228 123
258 236 241 235 243 237 226 237 83
260 26 245 26 247 19 231 19 43
262 32 247 32 249 25 233 25 86
260 45 245 46 247 39 231 40 72
258 43 243 44 245 37 227 37 60
260 60 243 60 249 55 231 55 42
259 99 243 99 245 95 228 95 145
259 107 243 107 245 103 228 103 179
263 103 247 104 249 101 232 100 111
262 115 246 115 247 111 229 111 179
261 119 245 119 245 115 228 115 129
257 149 241 149 247 147 230 147 187
261 171 245 170 247 169 230 168 209
263 180 247 180 249 179 232 179 189
261 195 245 195 247 195 230 195 137
262 224 247 223 249 225 232 223 138
260 231 243 232 245 233 228 233 159
262 252 243 251 245 255 225 254 54
266 261 246 261 249 265 229 264 63
267 272 242 271 245 277 223 277 42
267 35 253 36 255 29 240 29 77
267 41 253 42 255 35 239 35 70
267 69 251 69 253 63 236 63 117
267 80 251 80 253 75 236 75 214
264 83 249 82 251 77 235 76 147
265 111 249 111 251 107 234 107 202
268 118 253 119 255 115 238 115 55
264 153 249 153 251 151 234 151 369
266 151 251 151 253 149 237 149 65
269 156 252 158 255 155 239 154 93
267 182 251 181 253 181 236 181 125
269 191 253 191 255 191 238 191 178
265 234 249 233 251 235 234 235 151
271 32 257 33 259 25 244 26 75
273 35 259 36 261 29 246 29 64
272 43 259 43 261 37 244 37 61
273 41 259 42 261 35 246 35 79
275 77 256 76 259 71 242 71 96
270 76 257 77 257 71 240 71 143
272 82 256 82 259 77 242 77 188
270 113 254 113 257 109 240 109 130
272 193 256 193 259 193 242 193 110
272 199 257 199 259 199 242 199 110
274 241 257 241 261 243 244 242 80
273 247 255 246 259 249 239 248 69
279 261 254 261 257 265 235 265 66
278 259 255 259 257 263 234 262 54
277 266 253 265 257 271 232 270 31
276 45 262 45 265 39 250 40 46
276 57 259 57 263 51 245 51 60
277 67 261 67 263 61 246 61 52
280 84 264 84 267 79 250 79 93
279 207 264 207 267 209 251 208 108
276 211 261 210 263 211 246 211 120
280 215 264 214 267 215 251 215 94
277 223 262 223 265 225 248 223 110
280 245 262 244 265 247 246 247 86
282 252 262 252 265 255 244 255 58
283 248 261 248 267 251 248 250 132
286 272 258 271 263 277 235 277 33
291 282 263 281 267 289 237 288 26
280 39 266 38 269 31 254 32 49
282 35 268 35 271 29 256 29 62
284 47 270 47 273 41 258 41 56
283 52 269 53 273 47 257 47 79
286 61 270 61 273 55 256 55 63
282 68 269 69 271 63 254 63 96
287 66 271 66 271 59 254 59 49
283 74 269 75 271 69 255 69 82
279 79 263 79 269 75 252 75 41
281 198 266 198 269 199 253 199 115
283 206 268 205 271 207 255 207 140
285 214 270 214 273 215 257 215 121
284 231 269 231 271 231 255 231 106
285 233 270 233 273 235 257 235 113
286 238 269 237 273 239 256 238 121
286 247 268 246 271 249 251 249 97
289 250 270 250 273 253 253 252 80
287 252 267 252 271 255 250 255 66
295 283 269 285 271 291 239 290 52
288 35 274 35 277 29 263 29 98
288 42 274 43 277 37 263 37 151
293 68 275 67 277 61 260 61 117
288 70 275 71 277 65 257 64 102
287 190 273 191 275 189 259 188 90
289 209 274 208 277 209 261 208 166
291 215 276 214 279 215 264 216 148
294 247 276 246 279 249 259 249 75
294 257 276 257 277 261 255 260 74
295 263 272 263 277 267 251 267 26
295 265 272 265 277 269 251 268 27
299 277 271 277 277 283 247 282 37
293 43 280 43 283 37 269 38 138
293 45 280 47 283 41 269 42 102
295 84 280 84 283 79 267 79 242
292 87 278 88 281 83 266 83 148
296 95 282 95 285 91 269 92 350
294 118 280 118 283 115 267 114 145
295 213 280 213 283 213 268 213 163
297 209 282 209 285 209 270 209 133
293 209 278 209 281 209 265 207 158
297 217 282 217 285 217 270 217 132
299 247 282 246 285 249 264 249 75
300 261 277 261 283 265 257 265 43
302 275 277 274 281 281 254 280 28
299 35 286 35 289 29 275 29 139
301 41 288 40 291 37 277 37 383
297 40 284 43 287 35 273 37 89
297 50 284 51 287 45 273 45 176
298 90 284 92 287 87 271 86 233
298 122 284 122 287 119 272 119 136
298 155 284 155 287 153 272 153 142
300 157 286 157 289 155 274 155 169
302 169 288 170 291 169 276 170 574
300 178 286 178 289 177 274 177 222
302 188 288 188 291 187 276 186 205
298 189 284 189 287 189 272 189 297
302 195 288 195 291 195 276 195 118
298 197 284 197 287 197 272 197 160
300 230 286 230 289 231 274 231 128
298 226 284 226 287 227 272 226 122
306 266 282 266 287 271 261 271 32
306 271 281 271 287 277 259 276 38
308 74 291 75 293 67 281 69 379
309 81 291 81 295 75 275 75 166
311 87 293 87 297 81 278 81 198
311 83 293 83 297 77 278 78 294
305 95 290 95 295 91 275 90 357
309 103 291 103 295 99 276 98 291
303 164 290 165 293 163 279 165 423
305 184 292 184 295 183 281 183 418
307 188 294 187 297 187 283 187 375
307 186 294 186 297 185 283 185 325
304 192 290 191 293 191 278 191 197
306 226 292 226 295 227 280 227 180
304 234 289 234 293 235 278 235 166
309 239 291 238 295 241 273 241 213
311 249 292 248 297 251 275 251 85
313 268 286 268 293 273 266 273 34
317 275 292 274 297 281 268 281 33
318 283 288 283 295 291 263 291 34
322 292 290 291 297 301 263 300 59
319 297 285 297 293 307 257 306 60
321 307 285 307 293 319 253 319 44
310 23 297 22 301 17 291 18 175
310 44 297 44 301 39 287 39 196
312 54 300 55 303 49 290 50 384
310 51 298 54 301 47 287 45 387
317 68 298 66 303 61 284 61 322
313 69 295 69 299 63 280 63 220
315 71 296 70 301 65 281 64 141
312 115 295 115 299 111 279 111 283
316 125 297 124 301 121 282 120 208
316 136 298 136 303 133 284 133 137
316 142 298 143 303 139 284 139 144
312 140 294 140 299 137 280 137 144
309 159 295 159 299 157 285 157 362
313 163 299 163 303 161 288 162 410
314 197 297 197 301 197 282 197 261
314 207 297 205 301 207 282 207 92
316 206 298 206 303 205 284 204 125
316 211 298 211 303 211 284 211 193
309 225 295 224 299 225 283 225 214
311 236 294 236 299 237 280 237 230
314 254 295 254 299 257 278 257 50
320 263 298 262 303 267 279 266 25
321 272 296 272 303 277 275 277 31
318 46 305 46 309 41 296 41 200
313 59 303 60 307 55 294 56 374
320 77 302 76 307 71 288 71 110
318 121 300 121 305 117 286 116 235
322 117 304 117 309 113 290 113 167
318 140 300 140 305 137 286 137 183
320 146 302 146 307 143 288 143 218
314 162 301 161 305 159 289 161 434
322 181 304 182 309 181 290 181 297
318 201 300 200 305 201 286 201 174
318 211 300 211 305 211 286 211 175
318 237 300 237 305 239 286 239 136
324 258 304 257 309 261 291 261 79
327 281 299 281 307 289 275 288 59
332 296 301 295 309 305 272 305 82
334 299 300 299 309 309 271 309 60
330 297 296 297 305 307 268 307 73
320 48 307 48 311 43 298 43 266
319 58 307 58 311 53 298 53 322
328 102 310 102 315 97 296 97 142
324 109 306 109 311 105 292 105 91
328 107 310 108 315 103 296 103 111
328 113 310 113 315 109 295 109 102
324 119 306 119 311 115 292 115 174
328 120 310 121 315 117 296 117 139
328 130 310 130 315 127 296 127 183
326 180 308 180 313 179 304 180 368
326 209 308 209 313 209 294 209 203
328 226 310 225 315 227 296 227 224
325 230 308 230 313 231 294 231 203
325 232 308 232 313 233 294 233 254
328 243 310 242 315 245 295 245 97
328 249 310 248 315 251 294 251 53
327 50 315 50 319 45 306 45 223
325 57 313 58 317 53 304 53 341
324 65 313 66 317 61 304 61 218
330 90 312 90 317 85 298 85 192
334 111 317 111 321 107 302 107 151
332 129 314 128 319 125 300 125 182
329 139 312 140 317 137 298 137 188
334 148 315 147 321 145 302 145 293
330 149 312 149 317 147 298 147 235
332 163 314 163 319 161 300 161 438
332 172 314 172 319 171 300 170 175
332 180 314 180 319 179 300 179 244
333 220 316 220 321 221 301 220 346
334 233 316 232 321 233 303 233 193
330 243 312 242 317 245 297 245 69
333 254 312 254 319 257 297 257 32
334 275 307 272 317 277 287 275 49
336 277 310 276 317 283 288 282 45
340 287 311 286 319 295 286 294 59
340 292 307 292 317 301 281 301 73
333 60 321 60 325 55 312 54 189
336 84 323 83 327 79 313 79 175
339 109 321 109 327 105 307 105 255
334 125 317 123 323 119 303 119 222
337 134 320 134 325 131 306 131 206
336 138 318 138 323 135 305 135 264
339 220 322 220 327 221 308 221 303
338 230 320 230 325 231 307 231 183
336 228 318 228 323 229 304 228 257
335 233 318 233 323 235 305 235 157
336 247 318 246 323 249 307 248 68
338 243 319 243 325 245 305 245 70
342 264 312 265 325 269 292 267 37
347 289 316 289 327 297 292 297 85
348 285 317 285 327 293 295 292 62
352 291 321 291 327 301 291 301 76
337 56 325 56 329 51 316 51 221
338 63 327 64 331 59 319 59 226
336 71 325 71 329 67 317 67 247
338 79 325 80 329 75 315 75 216
339 86 326 86 331 81 317 81 190
338 87 325 87 329 83 316 83 229
343 147 327 147 333 145 320 145 281
340 152 327 151 331 149 318 149 305
337 156 325 157 329 155 316 155 294
341 162 329 162 333 161 320 161 141
337 166 325 167 329 165 316 165 315
339 182 327 182 331 181 318 181 372
339 186 327 186 331 185 318 185 442
345 222 327 222 333 223 314 223 290
345 254 325 254 331 257 309 256 37
345 268 313 268 329 273 295 273 36
351 287 321 287 331 295 299 294 69
351 292 317 293 329 301 293 301 68
344 57 333 57 337 53 325 53 219
346 59 335 60 339 55 327 55 290
342 67 331 67 335 63 323 63 188
346 69 335 69 339 65 327 65 183
346 71 335 71 339 67 327 68 204
345 81 333 82 337 77 323 77 294
343 81 330 81 335 77 321 77 259
343 89 331 89 335 85 319 86 302
343 88 330 88 335 83 321 83 189
349 125 331 125 335 121 320 121 343
348 130 331 130 337 127 318 127 272
343 167 331 167 335 165 323 167 158
344 179 332 179 337 179 324 178 264
346 182 335 182 339 181 327 181 322
344 188 332 187 337 187 324 187 245
345 192 336 191 339 191 323 191 437
347 227 330 227 335 229 317 229 231
349 234 333 233 339 235 321 235 186
347 243 329 242 335 245 315 245 56
358 299 323 298 335 309 299 308 90
359 303 324 302 335 315 297 313 92
359 307 324 306 335 319 294 318 94
363 305 328 305 339 317 298 316 85
365 310 329 309 339 323 299 322 173
352 54 339 53 345 49 331 48 214
348 65 337 66 341 61 329 61 341
352 63 341 64 345 59 333 59 289
350 73 339 73 343 69 331 69 185
348 75 337 75 341 71 329 71 233
352 75 341 75 345 71 333 71 393
357 100 339 100 345 95 326 95 222
355 105 339 106 345 101 335 100 280
348 188 337 187 341 187 328 187 254
351 196 339 196 343 195 331 195 260
353 236 335 235 341 237 322 236 206
355 233 339 233 345 235 327 234 259
355 249 337 248 343 251 323 251 60
359 254 337 254 345 257 323 257 74
359 256 337 257 343 261 320 261 78
359 284 326 285 341 291 311 290 63
367 299 333 298 345 309 309 308 86
354 50 343 50 347 45 335 45 185
355 64 345 63 349 59 338 59 243
357 69 347 69 351 65 340 65 257
354 163 342 162 347 161 335 161 77
356 171 344 172 349 171 337 169 100
354 184 343 183 347 183 335 182 413
358 188 346 188 351 187 339 187 190
355 192 345 191 349 191 337 191 166
357 194 346 193 351 193 339 193 197
361 218 344 218 349 219 331 219 225
357 222 341 222 347 223 330 223 283
357 228 340 227 347 229 328 228 264
365 256 342 256 351 259 325 259 47
365 260 342 261 351 265 327 264 36
363 41 355 41 355 35 348 36 77
360 58 349 58 353 53 341 53 99
363 75 353 74 357 71 346 71 182
363 106 352 106 357 103 345 103 298
363 111 352 112 357 109 345 109 282
363 129 352 129 357 127 345 127 49
364 171 352 172 357 171 345 171 81
361 213 348 212 353 213 337 213 167
367 216 350 216 357 217 339 217 207
367 243 348 242 355 245 335 244 62
369 272 343 271 353 277 325 277 74
373 278 345 278 355 285 324 285 66
375 282 346 282 357 289 326 289 98
377 299 345 298 357 309 321 308 138
369 55 359 55 363 51 352 51 275
367 78 357 78 361 73 350 73 256
367 108 356 108 361 105 349 105 157
370 105 359 105 363 101 352 102 171
366 126 354 126 359 123 347 123 74
366 121 351 121 361 119 347 119 141
369 164 358 164 363 163 352 163 50
366 162 354 162 359 161 347 160 55
365 171 354 172 359 171 347 171 72
367 184 356 183 361 183 349 183 182
368 194 356 193 361 193 349 193 180
372 213 357 212 363 213 345 213 160
373 218 356 218 363 219 345 219 152
371 230 353 230 361 231 342 231 118
370 241 352 240 359 243 339 243 73
371 250 351 250 359 253 339 253 38
374 254 354 254 363 257 341 257 111
379 275 352 275 363 281 334 281 108
375 277 349 276 359 283 331 282 128
369 31 360 30 365 27 359 28 21
372 76 362 76 367 73 356 73 119
371 75 360 74 365 71 354 71 177
371 85 361 85 365 81 354 81 136
375 97 364 97 367 93 358 94 72
372 101 359 100 365 97 353 97 102
373 112 362 112 367 109 356 109 181
374 131 361 131 367 129 353 129 101
376 147 365 147 367 145 354 145 141
375 172 364 173 369 171 358 170 142
371 172 360 171 365 171 353 171 114
375 179 364 178 369 177 358 177 140
371 182 360 182 365 181 354 181 254
372 194 363 193 367 193 355 193 236
375 206 361 204 367 205 349 205 292
374 213 359 212 365 213 347 213 177
375 216 358 216 365 217 347 217 196
378 233 360 232 367 235 348 235 92
376 239 357 239 365 241 345 241 39
380 243 361 242 369 245 349 245 36
376 247 357 246 365 249 345 249 36
378 249 359 248 367 251 347 251 184
379 259 359 255 367 259 344 259 39
378 259 355 259 365 263 340 263 50
381 271 357 270 365 277 336 277 78
384 278 357 278 367 285 339 284 57
376 47 370 51 375 45 371 45 267
374 50 369 51 373 47 368 48 163
376 72 366 72 371 69 360 69 221
376 74 366 74 371 71 360 70 170
378 84 368 84 373 81 363 81 156
381 103 370 103 373 99 362 99 173
377 110 366 110 371 107 360 107 196
379 116 368 115 373 113 362 113 170
377 118 366 117 371 115 360 115 188
379 128 372 128 373 125 363 125 290
382 139 369 139 375 137 361 137 165
379 141 365 141 371 139 357 139 142
377 155 366 155 371 153 360 153 304
381 157 370 157 375 155 364 155 175
380 174 370 174 375 173 364 173 162
379 184 368 184 373 183 362 183 268
377 186 366 186 371 185 360 185 234
379 200 368 199 373 199 362 199 503
386 235 368 235 375 237 356 236 65
384 240 365 240 373 243 353 242 56
383 247 365 246 373 249 353 249 40
387 268 363 267 373 273 347 272 40
389 272 365 271 375 277 347 277 43
393 297 359 297 373 307 335 307 118
378 54 375 53 377 51 373 51 143
382 55 379 56 381 53 377 53 250
382 84 372 84 377 81 367 82 149
384 81 374 80 379 77 369 77 190
384 88 374 88 379 85 369 85 194
384 100 376 101 379 97 368 97 99
383 110 371 110 377 107 366 107 157
384 114 374 114 379 111 368 111 213
385 119 375 119 379 117 368 117 269
387 131 373 131 379 129 365 129 176
386 137 373 137 379 135 365 135 191
386 174 376 174 381 173 370 173 383
384 176 374 176 379 175 368 175 299
391 204 372 204 377 205 362 204 612
397 288 365 288 379 297 345 296 133
398 285 368 285 381 293 349 292 108
395 292 364 291 377 301 340 301 128
388 67 385 67 387 65 383 65 249
384 69 381 71 383 67 379 69 300
392 90 382 90 387 87 377 87 196
388 94 378 94 383 91 373 91 178
393 114 379 113 387 111 376 111 269
388 118 378 118 383 115 371 116 211
394 147 381 147 387 145 373 145 206
392 163 382 162 387 161 376 159 188
397 214 380 214 387 215 368 215 148
395 220 379 220 387 221 369 221 187
397 229 375 230 383 231 364 231 149
393 235 375 235 383 237 364 237 61
394 255 374 255 383 259 360 259 84
398 268 374 268 385 273 358 273 68
399 282 371 281 383 289 351 289 78
393 94 384 94 389 91 379 91 164
397 131 383 129 391 127 376 125 244
398 146 384 145 391 143 376 142 220
398 149 385 149 391 147 377 146 283
400 147 387 147 393 145 379 145 298
398 169 388 168 393 167 383 168 235
394 173 384 171 389 171 378 169 301
397 176 385 176 391 175 383 174 295
399 181 387 181 393 179 380 179 632
395 188 384 187 389 187 379 187 265
399 205 384 205 391 205 375 205 199
401 216 385 216 393 217 376 217 285
403 239 384 239 393 241 373 240 67
411 291 377 291 391 301 357 300 142
407 298 374 298 389 309 350 308 144
411 302 376 301 393 313 354 312 162
403 103 390 102 397 99 383 98 120
403 137 390 137 397 135 383 135 211
405 149 392 149 399 147 385 147 283
406 153 392 153 399 151 385 151 199
403 187 390 185 397 185 387 185 240
405 203 389 203 397 203 380 203 220
403 211 387 210 395 211 373 211 239
403 226 387 226 395 227 377 227 155
404 235 386 235 395 237 367 238 117
406 233 388 233 397 235 377 234 50
405 241 386 241 395 243 375 243 45
406 239 388 239 397 241 377 241 59
406 249 388 248 397 251 377 251 71
406 261 383 261 395 265 370 265 46
409 273 383 273 395 279 367 279 111
409 278 381 278 395 285 364 284 90
413 277 386 276 399 283 370 283 103
414 284 384 283 399 291 367 291 83
415 287 384 286 399 295 365 295 105
416 295 382 295 399 305 362 304 126
409 100 398 99 405 97 392 95 103
406 120 395 119 401 117 389 117 294
407 127 394 128 401 125 387 125 222
407 174 395 174 401 173 391 174 274
406 190 396 190 403 189 393 189 307
412 199 398 199 405 199 387 199 300
414 241 395 241 405 243 385 243 63
414 245 396 244 405 247 385 247 56
414 259 393 258 403 263 380 262 60
416 263 392 263 405 267 380 267 63
417 282 389 281 403 289 372 288 114
420 297 386 297 403 307 366 307 110
409 70 403 70 407 67 401 67 197
409 82 403 82 407 79 400 79 124
413 103 401 102 407 99 393 99 85
413 151 400 151 407 149 393 149 243
412 181 402 182 407 181 397 179 227
415 180 406 179 411 179 402 179 338
415 192 405 192 411 191 401 191 214
415 197 406 197 411 197 401 197 225
416 203 400 203 409 203 392 203 177
418 230 399 230 409 231 390 231 133
417 226 400 226 409 227 391 227 227
418 243 398 242 409 245 390 245 62
419 248 402 248 409 251 391 251 98
420 259 398 259 409 263 385 263 49
419 268 395 267 407 273 381 272 67
421 283 393 283 407 291 375 291 98
417 54 411 54 415 51 409 51 87
420 90 414 89 417 87 414 85 85
419 85 413 86 417 83 411 83 46
422 151 408 153 415 151 402 150 290
417 196 408 195 413 195 403 195 267
425 199 408 199 417 199 401 199 389
420 205 406 205 413 205 388 207 319
423 222 406 222 415 223 397 223 246
429 281 399 281 415 289 384 289 150
430 287 400 286 415 295 382 295 71
429 293 395 293 413 303 376 302 67
435 311 397 311 417 325 374 325 87
423 54 417 54 421 51 415 51 162
425 58 419 58 423 55 417 55 164
421 62 415 62 419 59 413 59 143
423 66 417 66 421 63 415 63 256
423 72 417 72 421 69 415 69 119
421 76 415 76 419 73 412 73 189
424 78 417 78 421 75 414 75 84
426 94 419 93 423 91 417 91 15
422 97 416 97 419 95 413 93 37
422 103 416 102 421 101 412 99 88
422 107 415 108 419 105 411 105 140
425 161 416 160 421 159 412 159 274
422 184 414 184 419 183 410 183 191
425 196 416 195 421 195 412 194 257
429 208 412 208 421 209 404 209 132
430 224 414 224 423 225 406 225 261
430 220 414 220 423 221 406 221 318
426 230 409 229 419 231 401 231 185
428 231 411 231 421 233 403 233 124
429 243 409 243 421 245 401 245 213
434 280 405 280 421 287 390 286 96
441 333 394 333 419 353 365 353 84
428 79 424 80 427 77 423 78 254
427 89 421 89 425 87 418 87 90
427 98 421 98 425 97 418 95 67
430 120 427 117 425 117 425 116 238
430 138 418 137 425 135 412 135 249
430 160 420 160 425 159 416 159 146
430 164 422 164 427 163 419 163 256
428 166 420 166 425 165 417 165 206
428 170 420 170 425 169 416 169 231
430 190 422 190 427 189 419 189 190
428 186 420 186 425 185 417 185 238
436 270 411 269 425 275 397 275 61
440 283 410 283 427 291 394 291 84
441 292 409 291 427 301 390 301 83
443 295 409 295 429 305 391 305 68
441 301 405 301 425 313 384 313 77
433 94 427 93 431 91 424 91 103
437 115 431 115 435 113 428 113 128
438 160 429 160 435 159 427 159 142
434 166 426 166 431 165 423 165 226
433 170 426 170 431 169 424 169 177
437 201 422 201 431 201 416 202 271
435 213 421 212 431 213 413 213 239
440 211 423 210 433 211 416 211 275
442 216 425 216 435 217 418 216 229
438 220 422 220 431 221 414 221 248
438 228 421 228 431 229 414 229 199
442 230 425 230 435 231 418 231 194
440 232 423 232 433 233 414 233 141
438 239 421 239 431 241 412 241 107
440 243 422 243 433 245 413 245 56
441 268 415 268 431 273 405 272 109
445 282 416 281 433 289 400 289 95
451 308 413 307 435 321 391 321 73
452 311 415 310 435 325 387 325 122
452 321 411 320 435 337 388 336 88
456 331 409 331 435 351 382 351 78
438 79 434 79 439 79 433 77 149
442 87 435 86 441 85 437 86 90
444 129 435 129 441 127 432 127 97
441 146 435 146 439 145 432 145 105
439 150 433 151 437 149 431 149 107
440 164 432 164 437 163 429 163 182
443 180 437 180 441 179 433 179 235
439 182 433 182 437 181 430 181 295
447 219 431 218 441 219 424 219 347
444 214 427 214 437 215 420 215 229
444 220 427 220 437 221 420 221 321
445 226 429 226 437 227 419 227 559
448 237 430 237 441 239 423 238 150
448 243 430 243 441 245 422 245 67
451 276 423 276 439 283 408 283 104
453 306 415 306 437 319 395 318 56
457 310 418 309 441 323 397 323 92
446 85 439 84 445 83 439 83 100
448 123 440 124 445 121 436 119 117
448 135 440 135 445 133 436 132 96
445 145 439 144 443 143 436 143 175
445 150 439 150 443 149 436 149 168
447 184 440 185 445 183 437 182 226
445 188 438 187 443 187 435 185 247
451 207 436 207 445 207 429 207 202
449 203 434 203 443 203 427 203 305
451 215 436 214 445 215 429 214 176
449 226 433 226 443 227 426 227 166
454 236 437 236 447 237 429 237 113
452 241 435 241 445 243 427 243 105
455 266 430 265 445 271 419 271 78
459 278 430 278 447 285 416 285 79
455 280 426 280 443 287 411 287 133
457 306 420 306 443 319 400 318 92
460 307 422 307 445 321 401 320 102
463 313 423 312 447 327 401 327 72
464 332 416 332 445 353 390 353 81
465 334 417 333 445 355 390 354 66
454 83 451 83 453 81 447 81 179
450 83 444 83 449 81 442 81 60
452 89 448 89 451 87 446 87 146
451 106 445 105 449 103 441 103 147
452 129 444 129 449 127 440 127 85
452 133 444 133 449 131 440 131 94
452 160 443 161 449 159 438 159 95
454 164 445 165 451 163 441 163 174
453 194 442 193 449 193 438 193 277
455 197 444 197 451 197 439 198 302
458 207 444 207 453 207 438 207 224
454 210 440 211 449 211 433 210 185
458 213 444 212 453 213 437 213 207
455 222 439 222 449 223 433 223 185
458 228 444 228 453 229 439 229 146
461 266 437 267 453 273 426 272 93
459 271 433 271 449 277 420 277 87
463 299 427 299 449 311 411 310 89
467 315 426 315 451 331 404 331 86
469 336 420 336 449 357 394 357 102
458 89 454 89 457 87 452 87 105
458 123 453 123 457 121 449 121 146
460 129 454 129 459 127 451 127 92
459 173 451 172 457 171 448 170 236
461 182 454 182 459 181 452 181 281
463 194 453 194 459 193 448 193 221
459 198 448 197 455 199 443 200 258
459 200 448 201 455 201 445 200 168
462 215 448 214 457 215 442 215 116
463 226 450 226 459 227 445 227 112
463 241 446 241 457 243 439 243 80
465 245 447 245 459 247 440 247 59
468 273 442 273 459 279 430 279 69
468 269 442 269 459 275 431 275 63
471 292 438 291 459 301 422 301 63
468 296 433 296 455 307 417 306 58
469 309 431 309 455 323 413 323 75
473 317 431 317 457 333 410 333 66
471 319 429 319 455 335 407 335 74
462 87 457 87 461 85 456 85 124
464 93 459 94 463 91 458 91 174
467 90 462 91 465 89 462 88 171
466 97 462 97 465 95 461 95 200
463 117 457 118 461 115 454 115 80
467 117 461 117 465 115 459 115 92
463 125 456 125 461 123 454 123 224
465 135 458 135 463 133 456 133 114
467 133 460 133 465 131 458 131 238
467 139 460 138 465 137 458 137 59
467 172 461 172 465 171 459 171 217
467 178 460 178 465 177 457 176 346
469 243 449 245 461 247 442 247 59
469 257 447 257 461 261 438 261 75
474 264 449 264 465 269 439 268 118
472 269 446 269 463 275 435 275 143
472 286 440 286 461 295 427 294 53
472 77 468 77 471 75 467 75 88
470 75 466 75 469 73 465 73 78
469 94 465 94 467 93 464 92 134
468 99 464 99 467 97 462 97 156
470 115 465 115 469 113 463 113 73
469 136 462 134 467 133 460 132 61
472 153 466 153 471 151 464 151 228
473 174 466 174 471 173 464 173 239
473 185 466 186 471 185 464 185 261
470 199 459 199 467 199 455 199 207
474 209 463 209 471 209 459 209 145
474 211 463 211 471 211 459 211 201
471 227 458 226 467 227 453 227 153
475 232 462 232 471 233 456 233 123
474 241 459 240 469 243 453 242 52
474 247 457 246 469 249 449 249 58
477 268 452 267 469 273 441 273 70
477 264 452 264 469 269 443 269 85
476 271 450 271 467 277 438 277 71
477 282 447 281 467 289 434 289 74
479 285 447 284 467 293 433 293 90
482 293 448 292 471 303 434 302 27
481 303 445 302 469 315 431 315 72
481 315 441 315 467 331 420 331 62
486 336 437 336 469 357 413 356 60
487 332 439 332 471 353 415 352 41
474 89 470 89 473 87 469 87 177
476 93 472 93 475 91 471 91 152
478 107 474 107 477 105 472 105 121
478 113 473 113 477 111 471 111 185
474 109 470 109 473 107 466 107 113
478 119 473 121 477 117 471 117 175
474 122 468 122 473 121 467 121 84
477 131 471 131 475 129 468 129 54
479 143 472 142 477 141 471 141 181
478 150 472 150 477 149 471 149 110
476 158 470 158 475 157 469 157 266
478 160 472 160 477 159 471 159 128
475 162 468 162 473 161 467 161 107
476 168 470 168 475 167 468 167 104
478 192 467 192 475 191 464 191 274
476 197 465 197 473 197 462 197 207
478 213 467 213 475 213 463 213 234
480 211 469 211 477 211 465 211 151
481 239 464 239 475 241 457 241 57
482 243 464 243 477 245 457 245 39
488 301 450 301 475 313 434 313 58
489 322 445 322 475 339 426 339 63
481 85 478 85 481 83 477 83 185
482 91 478 91 481 89 477 89 150
484 109 480 109 483 107 479 107 383
482 121 477 120 481 119 475 119 202
483 133 477 133 481 131 475 131 95
482 140 476 140 481 139 475 139 77
480 144 475 145 479 143 473 143 232
482 154 476 154 481 155 475 155 235
482 170 477 170 481 169 475 169 127
482 201 471 201 479 201 467 201 176
486 203 475 203 483 203 471 203 132
482 217 471 217 479 217 467 217 203
485 230 471 230 481 231 466 231 231
483 234 468 234 479 235 463 235 138
486 247 468 246 481 249 461 249 31
488 247 469 247 483 249 463 249 33
490 258 467 259 483 263 458 263 52
487 273 461 273 479 279 449 279 57
492 314 451 313 479 329 432 329 62
485 87 482 87 485 85 481 85 116
490 85 486 85 489 83 485 83 85
488 111 484 111 487 109 483 109 221
486 117 481 117 485 115 479 115 206
486 123 481 123 485 121 479 121 250
490 142 485 142 489 141 483 141 136
489 141 483 140 487 139 481 139 131
486 144 481 144 485 143 479 143 154
488 146 483 146 487 145 481 145 157
488 160 483 160 487 159 481 159 126
486 173 481 172 485 171 479 171 128
486 179 480 178 485 179 479 178 209
486 186 481 185 485 185 479 184 242
490 224 477 224 487 225 473 225 147
492 226 479 226 489 227 475 227 102
499 312 458 312 487 327 441 327 76
501 316 459 315 489 331 441 331 51
493 93 490 93 493 91 489 91 110
493 99 490 99 493 97 489 97 332
495 100 492 100 495 99 491 98 168
492 107 488 107 491 105 487 105 163
492 109 487 109 491 107 487 107 169
494 117 489 117 493 115 488 115 200
492 125 487 125 491 123 486 123 230
494 127 489 126 493 125 488 125 249
496 144 490 144 495 143 489 143 87
492 146 487 146 491 145 485 145 178
494 160 489 160 493 159 488 160 95
496 166 491 167 495 165 489 163 138
492 170 487 170 491 169 485 169 229
496 190 491 190 495 189 490 189 248
495 209 486 209 493 209 483 209 116
494 219 483 219 491 219 480 219 196
497 239 481 239 493 241 476 240 46
501 252 483 251 495 255 471 255 31
499 257 477 257 493 261 467 259 40
498 271 471 271 491 277 462 277 71
501 281 471 281 493 289 460 289 44
503 291 468 291 493 301 456 301 27
507 332 459 332 493 353 438 352 53
498 128 493 128 497 127 492 127 139
496 138 492 138 497 137 489 136 236
502 150 497 150 501 149 496 149 136
501 192 491 191 499 191 489 191 341
501 200 492 199 499 199 489 199 145
503 203 494 203 501 203 491 203 284
504 224 492 224 501 225 489 225 64
503 250 484 249 499 253 477 252 41
504 264 478 264 497 269 469 269 56
504 269 477 269 497 275 468 275 47
504 279 474 279 497 287 463 286 50
506 285 475 285 497 293 463 293 61
510 310 467 310 499 325 453 325 58
508 49 505 47 507 47 506 45 16
505 103 502 103 505 101 501 101 63
504 119 499 118 503 117 497 117 87
506 131 501 131 505 129 500 129 106
508 129 503 129 507 127 501 127 119
504 139 498 138 503 137 497 137 128
506 142 500 142 505 141 499 141 137
504 146 499 146 503 145 498 145 139
506 148 501 148 505 147 499 147 177
504 178 499 178 503 177 498 177 358
506 183 501 182 505 181 500 180 236
509 202 500 201 507 201 498 201 113
507 205 498 205 505 205 496 205 150
509 213 499 213 507 213 497 213 59
505 223 494 223 503 223 491 223 53
510 226 497 227 507 227 494 227 38
509 243 491 243 505 245 485 245 39
508 254 486 253 503 257 479 258 30
513 267 487 267 507 273 478 273 62
510 271 483 271 503 277 473 277 75
516 315 473 315 505 331 458 330 87
511 101 508 101 511 99 507 99 124
511 114 508 116 511 113 505 112 152
510 135 505 134 509 133 503 133 114
514 151 508 150 513 149 507 149 228
514 156 508 156 513 155 507 155 229
510 168 504 168 509 167 503 167 247
512 175 507 176 511 173 505 172 535
513 200 504 199 511 199 501 199 221
511 205 502 205 509 205 499 205 164
512 209 503 209 511 209 501 209 86
515 217 505 217 513 217 503 217 70
511 217 501 217 509 217 498 217 65
511 223 499 223 509 223 497 223 55
518 273 489 273 511 279 480 279 53
518 284 487 283 511 291 476 293 73
519 317 476 317 509 333 460 333 133
519 106 516 107 519 105 516 105 102
520 124 514 124 519 123 513 122 130
520 131 514 130 519 129 514 129 75
516 135 510 134 515 133 509 133 82
516 152 510 152 515 151 509 151 133
520 165 514 164 519 163 513 163 422
520 176 514 176 519 175 513 175 537
518 186 513 185 517 185 512 184 337
521 196 511 195 519 195 510 195 349
520 207 512 207 519 207 510 207 155
518 221 507 221 517 221 505 221 71
521 267 494 267 515 273 486 273 54
525 276 496 276 519 283 487 283 125
523 279 493 279 515 287 481 287 69
525 294 491 294 519 305 479 305 111
523 310 483 310 515 325 469 325 138
521 110 518 111 521 109 518 109 98
525 133 520 132 525 131 519 130 47
522 135 516 135 521 133 515 133 60
522 145 516 144 521 143 515 143 103
522 150 516 151 521 149 515 149 106
524 161 519 160 523 159 518 158 234
524 168 519 167 523 167 518 166 296
522 171 516 172 521 171 515 171 257
521 181 517 178 521 179 516 177 371
524 211 515 211 523 211 514 211 174
522 215 513 215 521 215 511 215 100
527 223 513 224 525 223 512 223 105
528 232 513 232 525 233 509 233 62
524 236 505 236 521 237 504 237 99
527 283 493 284 523 291 483 292 91
531 286 498 286 525 295 489 295 87
533 292 496 291 523 301 484 301 71
532 315 489 315 523 331 474 331 129
530 131 524 131 529 129 523 129 94
531 135 525 134 531 133 524 133 83
529 139 523 140 527 139 521 139 84
528 188 522 188 527 187 521 187 342
530 200 524 200 529 199 522 199 308
530 209 522 209 529 209 521 209 145
535 257 512 257 531 261 506 261 49
531 253 509 253 527 257 503 257 68
531 259 507 259 527 263 502 263 57
534 267 507 267 529 273 500 273 56
535 284 503 284 529 293 494 293 109
535 290 502 289 529 299 492 299 63
533 294 499 294 527 305 488 305 101
534 299 497 299 527 311 486 311 106
538 307 498 307 531 321 486 321 132
534 306 495 305 527 319 482 319 142
539 332 490 332 529 353 474 353 114
535 121 531 119 535 119 530 117 129
534 151 528 150 533 149 527 149 128
533 161 528 160 533 159 527 159 203
537 164 531 164 537 163 530 163 304
534 186 528 186 533 185 526 185 258
538 200 531 199 537 199 530 198 185
539 211 530 211 537 211 528 211 88
535 228 521 228 533 229 515 230 69
537 232 522 232 535 233 519 233 79
537 253 514 253 533 257 509 257 104
537 261 513 260 533 265 506 265 100
539 258 515 258 535 263 509 263 83
540 281 509 281 535 289 500 289 73
543 301 504 301 537 313 494 313 136
544 315 501 315 537 331 488 331 109
539 125 533 125 539 123 533 123 173
543 124 538 125 543 123 537 123 118
541 123 536 123 541 121 535 121 72
542 129 536 129 541 127 535 127 68
541 137 536 136 541 135 535 135 42
543 139 538 138 543 137 537 137 60
539 141 534 140 539 139 533 139 36
541 190 535 189 541 189 535 189 354
539 192 533 192 539 191 532 191 217
543 196 537 196 543 195 537 195 226
539 200 533 200 539 199 532 199 171
543 204 537 204 543 203 537 203 326
545 226 531 226 543 227 524 227 151
543 232 529 232 541 233 527 233 123
539 236 519 238 539 237 522 237 133
544 246 524 246 541 249 519 249 78
544 250 522 250 541 253 518 253 65
546 257 523 257 543 261 518 260 86
547 261 522 260 543 265 516 265 85
543 276 513 277 539 283 507 283 85
544 286 511 286 539 295 503 295 82
547 299 509 298 541 311 500 311 82
548 317 504 316 541 333 492 333 125
549 314 507 314 543 329 495 329 164
547 143 542 142 547 141 541 141 41
545 139 540 138 545 137 539 137 110
549 160 546 160 549 159 546 159 136
548 204 541 203 547 203 541 203 108
548 211 539 211 547 211 537 211 119
548 250 527 250 545 253 522 253 55
548 255 525 255 545 259 520 259 72
552 272 524 272 547 279 516 279 81
551 289 517 289 547 299 508 298 67
553 303 513 303 547 317 502 317 82
554 307 514 307 549 321 504 321 78
555 123 549 123 555 121 549 121 79
551 127 546 127 551 125 545 125 43
551 152 546 152 551 151 546 150 63
553 156 550 157 553 155 549 154 90
551 176 548 176 551 175 548 174 285
551 186 547 186 551 185 547 185 247
553 192 549 192 553 191 548 191 280
555 202 549 202 555 201 549 201 142
552 209 543 209 551 209 542 209 80
552 241 533 241 551 243 529 243 65
554 264 528 263 551 269 523 269 73
558 264 532 264 555 269 527 269 58
559 283 527 283 555 291 520 291 54
559 125 554 125 559 123 553 123 79
561 131 556 130 561 129 555 129 44
557 152 553 152 557 151 553 151 102
561 174 558 174 561 173 558 173 371
557 176 554 175 557 175 554 174 316
561 184 557 184 561 183 557 183 465
557 180 554 180 557 179 554 179 182
562 213 552 213 561 213 553 213 154
562 219 551 219 561 219 549 219 71
556 216 547 215 557 215 545 215 71
562 224 549 224 561 225 547 225 145
558 221 546 221 557 221 545 221 77
561 230 546 230 559 231 543 231 102
557 244 537 244 557 247 533 247 48
563 248 543 248 561 251 539 251 62
564 259 539 259 561 263 535 263 80
561 265 534 265 559 271 530 271 67
564 281 532 281 561 289 526 289 81
564 285 529 284 559 293 523 293 66
560 292 525 292 557 303 517 303 72
562 297 525 297 559 309 518 309 90
565 294 529 294 561 305 521 305 76
561 296 525 296 557 307 516 306 123
563 305 523 305 559 319 515 319 77
565 150 561 150 565 149 561 149 109
565 152 561 152 565 151 561 151 63
567 160 563 160 567 159 563 159 86
567 168 564 168 567 167 564 166 112
563 176 560 176 563 175 560 175 224
563 186 559 186 563 185 559 185 408
563 194 558 194 563 193 558 193 243
563 192 559 191 563 191 559 190 278
565 198 561 198 565 197 560 197 251
569 213 558 213 567 213 556 213 82
564 228 550 228 563 229 548 229 65
569 267 542 267 567 273 537 273 80
568 283 536 283 565 291 530 291 57
570 293 533 292 565 303 526 303 81
566 301 528 300 563 313 520 313 82
572 140 569 140 573 139 569 139 88
571 166 568 166 571 165 568 165 108
571 178 569 178 571 177 569 177 199
569 176 567 176 569 175 567 175 174
573 174 571 174 573 173 571 172 139
573 184 570 184 573 183 570 183 252
569 186 565 185 569 185 565 184 391
571 196 567 196 571 195 566 195 256
572 202 567 201 573 201 568 200 240
571 217 560 217 571 217 559 217 68
575 264 548 264 573 269 545 269 144
575 271 546 270 573 277 542 277 109
574 302 535 302 571 315 528 315 57
573 306 533 306 569 319 524 319 57
575 312 534 312 571 327 524 327 60
574 149 571 148 575 147 571 147 99
575 162 572 162 575 161 572 161 137
578 172 577 172 579 171 577 171 132
578 182 577 182 579 181 577 181 406
575 190 571 190 575 189 571 189 428
575 208 568 207 575 207 566 207 99
576 228 561 228 575 229 559 229 94
577 237 560 237 577 239 558 239 90
578 246 557 246 577 249 555 249 80
580 255 557 255 579 259 554 259 152
580 267 553 267 579 273 549 273 97
577 272 548 272 575 279 543 279 107
579 274 550 274 577 281 545 281 93
577 286 544 286 575 295 538 295 90
578 299 541 299 575 311 533 311 64
577 304 539 304 575 317 531 317 75
578 314 535 313 575 329 527 329 50
582 148 580 148 583 147 580 147 90
580 175 579 176 581 175 579 175 245
581 184 578 184 581 183 578 182 337
581 219 569 219 581 219 568 219 108
583 215 572 215 583 215 571 215 80
586 232 569 232 585 233 568 233 115
583 241 565 241 583 243 563 243 77
584 257 560 257 583 261 557 261 123
586 265 560 265 585 271 556 271 164
584 287 550 287 583 297 545 297 61
583 294 548 294 583 305 542 305 51
582 297 545 297 581 309 540 309 48
587 301 549 301 585 313 542 313 39
591 159 590 157 589 157 589 157 122
589 170 587 169 589 169 587 168 195
586 202 577 202 587 201 578 201 177
589 215 578 215 589 215 578 215 123
587 223 574 222 587 223 573 223 105
589 226 575 226 589 227 575 227 104
589 237 571 237 589 239 570 239 72
590 257 567 257 589 261 564 261 110
588 269 561 269 587 275 557 275 107
591 280 559 279 591 287 556 287 114
589 283 555 282 587 291 552 291 99
590 291 555 291 589 301 550 301 43
593 146 593 146 597 145 589 145 102
596 170 596 170 597 169 596 169 162
592 172 592 172 593 171 592 171 203
594 176 594 175 595 175 594 174 325
594 184 585 184 595 183 586 183 354
596 188 587 188 597 187 588 187 361
593 211 583 211 593 211 583 211 206
595 217 584 216 595 217 583 217 100
595 215 584 215 595 215 584 215 130
596 226 582 226 597 227 583 227 112
597 233 581 233 597 235 579 233 69
595 241 576 241 595 243 575 243 53
595 255 572 255 595 259 569 259 83
597 259 573 259 593 263 574 264 181
595 284 562 284 595 293 559 293 113
596 298 559 298 597 311 553 309 47
603 97 593 98 603 95 592 96 134
603 147 598 146 603 145 598 144 58
601 172 600 172 601 171 600 171 169
600 178 600 178 601 177 600 177 286
598 182 591 182 599 181 596 181 428
602 182 602 182 603 181 602 181 326
599 203 590 206 599 201 590 201 377
599 218 588 218 599 219 587 219 83
599 222 586 222 599 223 585 223 98
602 235 584 235 603 237 584 237 53
603 255 578 255 603 259 577 259 70
603 277 571 277 603 285 569 285 191
599 282 567 282 599 291 563 291 125
600 287 565 287 601 297 562 296 113
601 292 565 292 601 303 561 303 130
601 296 564 296 601 307 559 307 58
599 310 557 310 599 325 551 325 23
603 315 560 314 603 329 556 329 33
609 73 598 73 609 69 598 69 144
607 68 596 69 607 65 596 65 85
605 75 594 75 605 71 594 71 103
608 82 598 82 609 79 598 78 74
608 88 598 88 609 85 598 85 207
608 92 599 92 609 89 599 89 90
604 96 595 96 605 93 595 93 96
606 102 597 102 607 99 597 99 169
606 100 597 100 607 97 597 97 135
605 136 600 136 605 135 601 134 59
608 152 605 152 609 151 605 151 120
606 164 605 165 607 163 605 164 233
608 190 601 190 609 189 601 189 297
608 209 599 209 609 209 599 209 144
606 213 597 213 607 213 597 213 118
604 244 584 244 605 247 584 247 52
603 272 570 271 605 279 574 279 131
606 269 579 269 607 275 576 275 118
605 276 575 276 605 283 573 283 156
606 283 574 283 607 291 572 290 129
612 91 603 90 613 87 603 87 155
614 96 603 96 615 93 605 92 167
614 102 604 101 615 99 604 98 216
610 104 600 104 611 101 600 101 224
610 114 600 114 611 111 601 111 147
614 116 604 115 615 113 604 113 151
610 137 606 137 611 135 607 135 87
610 150 606 151 611 149 607 149 128
610 156 607 156 611 155 608 155 116
614 172 613 172 615 171 613 171 129
610 176 609 175 611 175 609 174 136
615 196 609 195 615 195 610 195 166
612 194 608 194 613 193 608 193 159
613 200 606 199 613 199 608 199 263
614 207 606 207 615 207 606 207 188
612 224 599 224 613 225 601 224 126
609 235 592 235 611 237 592 237 62
613 251 591 251 615 255 591 255 140
611 307 571 307 613 321 568 321 49
618 64 608 63 619 59 608 59 71
618 71 608 71 619 67 609 67 150
616 114 607 114 617 111 607 111 201
616 120 606 119 617 117 605 115 209
619 189 617 190 621 189 617 189 200
618 196 615 195 619 195 615 195 199
621 204 613 203 621 203 614 203 137
620 215 609 215 621 215 610 215 84
616 239 597 239 617 241 596 241 102
618 239 599 239 619 241 598 241 111
620 244 600 244 621 247 599 247 157
620 250 598 250 621 253 598 253 91
619 255 595 255 621 259 595 259 93
625 263 599 263 621 267 593 267 291
617 265 589 265 619 271 590 271 161
618 271 589 270 619 277 587 277 169
616 287 582 287 619 297 581 297 134
619 284 585 283 621 293 584 292 106
618 294 583 295 621 305 581 305 152
619 300 580 300 621 313 577 313 109
617 306 577 306 619 319 574 319 59
615 310 573 310 617 325 570 325 80
622 90 610 89 623 87 611 86 98
626 93 615 92 627 89 615 89 75
626 108 616 108 627 105 617 105 107
624 104 614 104 625 101 614 101 90
626 118 616 117 627 115 617 115 312
626 120 616 119 627 117 617 117 187
625 126 615 126 627 123 616 123 260
622 154 618 154 623 153 618 153 136
624 188 620 188 625 187 621 187 131
622 200 616 199 623 199 617 199 159
622 213 612 213 623 213 612 212 95
626 242 609 242 627 245 611 245 166
623 253 600 252 625 257 600 256 297
624 272 594 272 625 279 593 279 172
623 291 587 291 625 301 586 301 70
623 302 583 302 625 315 581 315 97
621 308 579 307 623 321 577 321 61
632 57 621 57 633 53 622 53 125
630 63 620 63 631 59 620 58 82
630 98 619 98 631 95 620 94 96
628 124 618 123 629 121 619 121 244
630 188 625 187 631 187 626 187 135
630 194 624 193 631 193 625 193 228
628 221 615 220 629 221 616 221 87
628 228 613 228 629 229 614 229 100
631 239 613 239 633 241 614 241 74
627 270 599 270 629 277 598 276 114
628 282 593 281 631 291 595 291 89
625 279 594 279 629 287 595 287 99
628 294 592 294 631 305 591 305 132
628 299 589 298 631 311 588 311 165
634 62 624 61 635 57 624 56 129
637 57 627 57 639 53 628 53 169
634 81 623 80 635 77 624 77 92
635 91 625 90 637 87 626 87 77
631 94 623 94 635 91 624 91 69
634 100 623 100 635 97 624 97 79
635 106 625 106 637 103 626 103 99
636 118 623 115 637 115 627 115 182
636 146 631 146 637 145 632 145 67
634 158 629 158 635 157 630 157 79
638 196 632 195 639 195 633 195 140
636 196 630 195 637 195 631 195 200
634 219 621 218 635 219 622 219 230
636 221 624 221 637 221 624 221 98
635 235 617 235 637 237 618 236 73
635 246 613 246 637 249 614 249 122
635 283 602 283 639 291 604 291 67
636 301 597 301 639 313 596 313 77
633 309 594 308 639 323 593 323 79
639 56 629 55 641 51 630 51 166
641 60 631 59 643 55 632 57 255
643 75 633 75 645 71 634 71 177
641 87 631 87 643 83 632 83 109
642 118 629 116 643 115 633 115 187
643 123 637 127 645 121 636 123 373
640 188 634 188 641 187 635 186 145
641 200 634 199 643 199 634 199 148
641 217 626 216 641 217 631 217 61
638 244 618 244 641 247 619 247 134
638 250 617 250 641 253 618 253 82
640 259 615 259 643 263 616 263 99
641 279 610 279 645 287 611 287 75
637 295 600 295 643 307 601 307 74
639 299 601 299 643 311 601 311 126
645 83 635 82 647 79 636 78 146
645 94 635 94 647 91 636 91 74
645 100 634 100 647 97 636 97 91
650 122 639 122 651 119 640 119 349
647 125 637 124 649 123 639 123 391
649 133 646 135 651 131 647 130 432
650 156 646 156 651 155 646 155 342
648 163 644 165 649 161 644 159 178
650 186 640 186 651 185 642 185 135
646 198 637 197 647 197 638 197 137
645 204 637 204 647 203 638 203 96
647 221 634 221 649 221 636 221 54
649 221 636 221 651 221 638 221 200
644 257 619 256 647 261 621 261 144
643 270 613 270 647 277 614 277 103
645 276 615 276 649 283 616 283 124
646 281 614 281 651 289 616 289 52
646 287 612 287 651 297 613 295 70
644 297 606 297 649 309 607 309 77
646 303 606 303 651 317 606 317 72
642 307 602 307 647 321 601 321 63
641 312 599 312 647 327 599 327 87
640 308 600 308 649 323 603 323 138
644 313 602 313 651 329 603 329 79
653 89 643 88 655 85 644 85 86
651 102 641 102 653 99 642 99 79
655 114 644 114 657 111 646 110 202
651 110 641 110 653 107 642 107 109
651 118 643 119 653 115 644 116 318
653 124 643 124 655 121 645 121 342
654 154 649 155 655 153 650 153 346
656 168 649 167 657 167 650 165 285
655 203 644 203 657 203 644 201 122
651 213 641 213 653 213 641 212 59
653 217 642 217 655 217 643 217 73
651 274 621 274 655 281 621 280 88
650 279 620 280 655 287 621 287 55
647 302 608 302 653 315 609 315 92
650 307 610 306 655 321 610 321 71
658 36 648 34 661 27 650 25 470
657 84 646 84 659 81 648 81 96
657 100 646 100 659 97 647 97 143
661 98 650 98 663 95 652 94 86
660 162 655 163 661 161 656 161 422
661 178 656 177 663 177 657 176 197
661 192 650 191 663 191 651 190 89
661 197 650 197 663 197 651 198 81
659 221 646 220 661 221 648 221 56
660 247 641 246 663 249 642 250 9
657 268 629 267 661 273 631 273 49
657 293 619 292 661 303 622 303 58
656 310 615 310 663 325 616 325 100
665 96 655 96 667 93 656 93 129
665 112 654 111 667 109 656 109 147
665 182 654 182 667 181 657 181 134
665 225 651 225 667 225 653 225 67
662 230 649 230 665 231 649 231 67
665 229 651 229 667 229 652 230 96
665 249 647 253 667 253 647 252 13
665 273 636 273 669 277 637 275 24
661 299 620 298 667 311 620 310 80
658 306 618 306 665 319 620 319 75
660 310 618 310 667 325 620 325 101
660 317 616 317 667 333 618 333 124
671 66 658 67 675 59 661 61 321
671 75 660 74 673 71 662 71 198
672 79 662 78 675 75 664 74 141
672 90 663 91 675 87 664 87 140
671 95 660 94 673 91 662 91 116
668 99 657 98 671 95 660 95 52
671 137 659 137 673 135 661 137 434
671 155 661 155 673 153 663 154 407
672 184 662 183 675 183 663 183 111
672 188 662 187 675 187 663 187 86
670 221 656 220 673 221 658 221 186
671 242 651 242 675 245 653 244 12
667 296 629 296 675 307 633 307 36
663 317 619 317 671 333 622 333 46
664 313 622 313 673 329 625 329 66
677 83 666 82 679 79 668 78 154
674 92 665 93 677 89 666 89 110
675 158 666 158 677 157 667 157 571
677 201 662 199 681 201 665 201 130
676 207 662 207 679 207 664 207 94
674 203 660 202 677 203 662 202 121
674 217 659 216 677 217 662 217 102
674 223 660 223 677 223 662 223 78
677 239 659 239 681 241 662 241 24
670 290 636 291 679 301 640 301 16
669 315 627 315 677 331 629 331 56
678 35 665 33 683 25 669 24 312
682 71 668 73 687 65 671 67 239
682 112 672 112 685 109 674 109 198
685 119 672 118 687 117 674 117 488
685 166 679 166 687 165 681 165 236
681 172 675 172 683 171 677 169 245
683 176 677 176 685 175 679 175 347
683 206 669 207 687 207 672 207 82
683 212 668 213 687 213 671 214 81
681 222 666 222 685 223 668 222 74
679 226 664 226 683 227 667 227 102
681 233 664 233 685 235 667 235 59
682 254 658 253 687 257 660 255 12
677 254 653 255 683 259 656 257 9
677 299 645 299 687 309 643 310 13
687 105 677 107 689 103 679 105 153
686 112 677 110 689 109 679 108 148
691 125 685 125 693 123 686 123 320
687 121 680 121 689 119 682 119 340
689 121 683 120 691 119 684 119 292
687 134 677 134 689 133 678 133 591
687 136 681 136 689 135 682 134 635
691 139 685 138 693 137 687 136 460
691 149 685 149 693 147 687 147 378
689 150 683 150 691 149 684 149 410
689 160 683 160 691 159 684 159 245
685 201 670 200 689 201 673 200 167
687 205 671 205 691 205 674 205 91
685 213 669 213 689 213 672 213 128
687 238 668 237 691 239 672 240 23
687 242 668 242 693 245 671 244 14
685 251 662 250 691 255 666 254 13
683 301 644 301 691 313 646 315 11
696 100 685 99 699 97 690 96 219
695 115 683 115 697 113 684 113 215
697 168 691 167 699 167 692 167 146
693 188 687 191 695 187 693 185 571
695 196 684 196 697 195 685 195 227
692 205 676 205 697 205 679 205 125
691 241 672 241 695 243 674 242 32
690 281 657 280 697 289 665 289 12
684 284 651 285 695 293 653 293 8
698 111 687 112 701 109 691 107 222
702 117 694 116 705 115 696 114 220
702 125 694 125 705 123 696 123 155
702 123 694 123 705 121 696 121 202
698 135 690 134 701 133 692 131 142
698 143 690 143 701 141 692 141 132
698 152 691 152 701 151 693 151 155
700 157 693 156 703 155 695 155 284
700 162 693 162 703 161 695 160 201
700 172 692 172 703 171 694 171 261
700 176 694 176 703 175 696 175 200
703 182 696 181 705 181 698 181 253
700 186 693 185 703 185 695 184 238
700 199 688 199 703 199 689 199 196
698 207 684 206 703 207 686 207 104
696 209 679 209 701 209 683 209 80
699 213 685 212 705 213 687 213 45
698 224 679 224 703 225 683 225 64
699 235 681 233 705 235 685 236 19
696 235 677 236 701 237 681 237 27
695 280 665 279 705 287 670 287 9
696 291 660 290 705 301 668 301 8
708 185 700 183 711 185 703 185 143
707 193 698 195 711 193 702 195 184
704 203 687 203 709 203 691 203 98
706 203 689 203 711 203 693 203 82
705 216 687 216 711 217 690 217 74
702 226 683 226 707 227 687 227 41
703 231 685 231 709 233 689 233 25
701 235 682 234 707 237 687 237 29
701 254 678 254 707 257 682 257 17
712 143 703 142 715 141 705 139 133
712 150 703 149 715 147 706 149 68
709 210 693 210 715 211 697 211 34
708 223 688 222 715 225 695 225 43
706 235 690 235 713 237 697 236 22
704 268 676 268 713 275 682 274 10
711 30 689 28 719 19 693 20 113
716 33 694 33 723 23 698 23 159
716 147 707 146 719 145 709 145 131
719 147 710 151 723 147 713 148 112
718 151 708 152 721 149 711 150 109
718 194 702 193 723 193 706 192 132
714 207 697 207 719 207 702 207 28
717 210 701 210 723 211 706 211 62
712 221 694 222 719 223 699 223 47
716 229 696 229 723 231 702 231 16
712 242 689 242 719 245 695 245 14
709 249 687 249 719 253 694 253 12
714 251 693 251 723 255 699 255 20
707 276 679 275 719 285 684 287 12
708 281 677 281 719 289 683 289 13
710 292 675 291 721 303 682 303 9
725 163 716 161 729 161 719 160 101
722 192 712 191 727 191 716 191 120
723 201 707 201 729 201 712 201 79
721 207 705 207 727 207 710 207 48
722 215 703 215 729 215 711 215 44
721 222 701 221 727 223 706 222 32
722 221 702 220 729 223 708 222 41
718 226 699 225 725 227 704 227 21
718 246 695 246 725 249 700 249 11
719 247 695 247 727 251 701 251 17
719 283 686 282 729 291 692 291 12
715 286 682 286 727 295 689 295 12
722 41 698 40 731 31 705 31 101
726 89 723 87 733 83 729 81 133
727 194 717 194 731 193 720 193 116
726 220 706 220 733 221 712 221 38
722 282 689 282 735 291 697 292 12
720 279 688 279 731 287 695 287 12
731 222 710 222 739 223 717 223 21
732 251 707 251 741 255 715 255 8
724 295 683 297 739 309 692 309 8
721 318 679 319 737 335 688 335 8
738 226 715 226 743 227 725 228 22
738 242 715 241 747 245 722 245 14
733 245 723 247 743 249 717 249 17
734 268 706 269 745 275 713 275 20
739 41 715 41 749 31 723 31 110
740 231 717 230 749 233 724 234 12
740 274 710 274 753 281 719 281 22
739 283 706 282 751 291 716 292 17
735 317 690 316 751 333 702 334 9
748 39 724 39 757 29 733 28 225
750 73 728 73 759 65 736 65 95
747 178 728 178 759 177 736 177 45
751 219 724 221 759 223 736 221 23
745 251 721 251 755 255 729 255 7
749 261 723 261 759 267 733 265 13
754 45 730 45 765 35 738 35 170
755 117 743 117 765 113 752 112 339
755 194 734 194 765 195 742 194 48
755 228 732 228 765 231 740 230 42
753 230 730 230 763 233 738 232 37
752 237 727 237 761 239 735 238 15
750 241 727 242 761 245 734 245 44
747 273 717 273 761 281 727 281 20
744 277 713 277 761 287 725 287 28
745 289 714 292 761 301 724 302 17
745 314 702 313 763 329 714 329 10
759 49 734 50 769 39 745 38 87
759 71 737 70 769 63 745 62 36
759 190 738 189 769 191 746 189 53
754 265 724 266 767 273 735 272 19
755 279 723 278 767 285 730 283 12
755 280 724 281 771 289 735 288 22
753 284 720 284 767 293 730 293 23
749 312 709 312 769 327 720 327 12
748 315 705 315 767 331 718 331 11
750 317 707 317 769 333 721 333 10
762 30 735 29 773 19 742 20 204
762 42 738 41 773 31 747 30 157
763 56 741 57 773 47 749 49 129
766 91 744 91 777 85 753 85 85
764 97 742 98 775 91 751 91 76
770 165 756 165 777 163 762 163 142
765 163 751 163 773 161 759 161 231
763 195 742 193 773 195 751 193 183
762 225 753 228 773 229 753 227 222
769 33 747 32 779 23 756 21 107
766 42 743 40 779 31 753 31 70
768 49 742 50 779 39 754 38 94
772 169 758 168 779 167 764 167 167
763 292 728 292 781 303 740 302 25
761 307 724 309 783 323 737 322 12
773 43 749 42 785 33 760 33 121
773 49 750 48 785 39 759 39 142
775 53 751 52 787 43 761 42 275
775 98 754 99 785 93 760 95 352
785 29 763 29 795 23 772 21 86
783 89 763 88 793 83 771 82 459
773 267 735 271 795 273 750 271 37
788 76 768 75 799 69 777 69 277
779 251 737 251 801 259 755 259 86
797 124 781 124 805 121 791 119 78
797 123 783 122 807 119 789 120 83
799 128 783 128 807 125 791 125 69
781 254 741 257 803 261 757 263 62
783 289 742 287 805 301 759 301 30
777 328 729 328 805 351 747 349 15
780 335 731 335 807 357 747 356 16
805 123 789 122 813 119 798 119 84
804 128 789 128 813 125 798 125 95
786 269 745 270 809 279 762 279 62
786 276 745 275 809 287 762 287 45
787 282 744 282 809 293 762 293 36
785 285 745 287 809 299 762 299 39
788 292 746 292 811 305 764 305 29
788 312 747 313 811 327 764 328 18
786 336 737 335 813 357 756 357 17
793 277 751 277 817 289 769 289 28
791 290 749 290 815 303 767 302 45
786 325 740 325 815 347 761 346 17
815 128 801 128 825 125 808 124 120
821 31 795 30 831 23 803 23 87
821 45 797 45 831 39 807 37 138
804 297 759 297 829 311 781 313 24
823 26 802 26 833 19 807 19 76
830 31 810 30 843 23 821 23 45
832 29 812 29 845 21 824 20 83
834 48 814 47 847 41 825 40 142
854 48 833 46 869 39 846 38 29
855 46 835 44 871 37 849 35 34
868 46 847 44 887 35 862 35 17
872 56 848 55 891 47 865 45 9
877 93 851 93 893 87 868 86 40
882 56 859 56 903 47 876 46 11
883 68 861 68 903 61 875 63 14
880 96 856 95 899 89 873 89 56
884 100 860 101 903 93 877 93 28
885 60 860 59 905 51 878 49 9
886 116 862 115 905 111 879 109 73
899 132 873 133 919 129 892 128 106
904 56 879 55 927 45 898 44 9
872 289 808 289 927 311 849 309 54
911 117 884 117 933 113 905 113 28
906 127 881 127 929 123 900 122 37
919 81 892 80 943 73 914 72 53
930 45 902 47 957 35 925 37 10
937 79 907 79 967 69 934 69 38
952 69 921 68 981 59 949 58 26
951 75 919 75 981 65 946 65 30
915 248 845 248 985 263 899 263 45
914 283 845 283 985 305 898 305 74
921 248 852 249 991 263 905 264 37
922 263 852 263 993 281 906 281 121
921 265 851 265 991 283 904 283 135
922 275 851 274 993 295 906 295 119
919 297 848 295 991 321 904 322 40
925 280 855 279 997 301 910 301 82
930 276 859 276 1005 297 917 297 70
937 251 865 251 1013 265 925 265 39
937 291 865 290 1013 315 924 314 32
940 296 868 296 1017 321 928 321 46
936 301 864 302 1013 327 924 328 23
945 287 873 287 1023 311 939 311 43
942 292 870 292 1019 317 930 317 43
942 301 870 302 1019 327 930 328 30
999 275 927 276 1091 297 1002 297 39
1006 267 934 266 1099 285 1010 285 54
1006 273 934 273 1099 293 1010 294 68
1005 280 934 280 1099 301 1009 301 26
1011 271 938 271 1105 291 1016 292 86
1016 257 941 257 1111 277 1024 277 35
1014 265 942 265 1109 283 1020 283 56
1017 271 945 271 1113 291 1024 291 66
1020 270 948 271 1117 291 1028 291 70
1024 265 952 264 1121 283 1032 283 62
1025 268 953 268 1123 287 1034 287 71
