71 232 49 232 39 233 16 232 65
74 225 51 224 41 225 18 225 89
78 228 54 227 45 227 22 227 57
83 227 60 226 51 227 28 226 47
81 259 60 258 51 261 29 260 114
79 255 58 254 49 257 27 256 99
89 225 68 225 59 225 37 225 39
93 225 72 225 65 225 45 225 36
99 258 74 257 69 261 43 260 109
100 251 79 251 71 253 50 252 68
114 223 93 222 85 223 66 222 40
123 249 99 249 91 251 72 250 64
117 255 95 254 89 257 65 256 75
124 219 107 218 97 219 75 218 39
129 219 105 219 101 219 77 219 29
127 225 107 224 101 225 78 225 38
132 229 109 233 105 231 83 231 96
130 253 109 253 103 255 80 254 105
137 219 115 218 111 219 87 218 52
135 219 115 219 109 219 88 219 35
133 223 112 223 107 223 85 223 60
133 239 112 237 107 237 85 236 136
133 249 112 247 107 251 85 250 82
137 251 116 251 111 253 89 252 104
141 219 119 219 115 219 92 219 39
143 223 121 223 117 223 94 223 44
139 229 118 228 113 229 91 228 75
144 228 122 226 117 227 95 228 77
143 253 122 253 117 255 95 254 99
141 253 120 253 115 255 93 254 92
142 257 121 256 117 259 95 258 112
147 255 126 254 121 257 100 256 75
156 217 134 217 129 217 105 217 26
158 35 138 36 135 25 110 25 65
157 234 136 234 131 235 109 233 22
158 266 133 265 133 269 108 268 50
165 274 137 274 133 279 105 278 46
164 37 141 37 141 27 116 27 47
164 217 141 217 137 217 113 217 32
165 217 142 217 139 217 116 217 27
165 225 142 223 141 223 117 223 25
161 251 139 251 137 253 113 253 88
164 255 142 255 139 257 116 257 49
171 221 149 221 147 221 124 221 36
165 230 145 230 143 231 120 232 41
172 39 149 39 149 29 125 29 46
169 44 150 45 149 35 125 35 48
181 215 156 215 153 215 129 215 45
173 225 153 226 149 225 126 226 34
181 267 155 267 153 271 128 270 37
176 265 154 265 149 269 122 268 42
178 215 158 215 155 215 132 215 30
180 221 158 221 155 221 134 221 41
185 27 163 27 165 17 142 17 29
183 219 162 219 161 219 137 219 41
187 219 166 219 165 219 143 219 43
184 246 166 245 163 247 141 247 38
192 65 172 61 171 55 151 57 145
192 86 172 83 171 79 151 81 194
188 222 170 222 167 223 147 222 30
192 253 171 253 169 255 147 255 59
197 63 178 64 177 55 157 55 172
196 92 176 92 175 85 155 85 192
199 98 178 98 177 91 156 91 185
197 141 178 141 177 137 157 137 144
196 155 176 151 175 149 155 147 115
197 178 178 178 177 177 157 176 271
197 191 178 190 177 189 157 189 94
196 192 177 192 175 191 155 191 226
198 197 178 196 177 195 157 195 129
197 222 178 222 175 223 154 222 35
197 247 176 247 175 249 154 249 53
201 59 182 59 181 49 162 51 138
199 143 180 143 179 139 159 139 144
201 149 182 149 181 145 164 145 415
201 170 182 169 181 167 161 167 147
203 176 184 176 183 173 163 173 274
201 187 182 187 181 185 161 185 182
199 189 180 189 179 187 159 187 149
200 194 180 194 179 193 159 193 160
203 213 181 213 179 213 149 214 42
201 253 178 253 179 255 153 254 58
202 257 180 256 179 259 156 258 56
205 255 185 255 183 257 160 257 52
206 30 188 31 189 21 165 20 38
207 77 189 79 189 71 170 71 203
206 91 189 92 189 85 169 85 366
206 99 186 99 189 93 167 93 189
205 95 185 95 189 89 168 89 269
207 103 187 103 189 97 168 97 103
207 138 187 138 187 133 163 133 210
205 151 185 151 185 147 169 148 271
205 172 186 171 185 169 165 169 358
206 177 187 177 187 175 167 175 159
209 181 190 181 189 179 169 179 185
206 191 188 191 187 189 167 189 236
207 217 186 217 185 217 161 217 39
208 233 189 233 189 233 169 233 90
213 90 195 90 195 83 177 83 387
213 105 194 105 195 99 175 99 45
211 139 190 139 195 135 173 135 136
213 147 194 147 195 143 177 143 88
209 164 191 164 191 161 172 162 303
209 195 191 194 191 193 171 193 282
203 199 187 199 193 197 167 197 222
205 199 191 198 191 197 170 197 145
218 211 197 211 193 211 172 211 25
210 229 192 228 191 229 172 228 75
214 234 195 234 195 235 176 234 123
215 264 192 264 191 267 162 267 67
218 29 197 29 199 19 180 20 41
221 36 198 35 199 25 180 26 45
217 39 197 39 197 29 173 28 38
215 82 197 83 197 75 178 73 122
215 93 197 94 197 87 178 87 273
217 95 199 96 199 89 180 89 143
218 101 199 101 201 95 180 95 224
215 105 196 105 197 99 177 99 74
219 148 201 148 201 145 182 146 104
219 167 201 167 201 163 182 161 360
217 164 199 164 199 161 181 161 123
219 173 201 173 201 171 182 171 143
219 185 200 185 201 183 182 183 109
216 193 197 192 197 191 178 191 156
219 231 199 231 201 231 181 231 118
215 227 195 227 199 227 177 227 143
219 255 199 254 197 257 172 257 72
223 50 204 50 205 41 186 42 64
224 61 206 62 207 53 188 54 166
221 63 203 63 203 55 184 56 134
221 80 203 81 203 71 184 71 184
224 103 206 103 207 97 187 97 98
221 107 202 107 203 101 183 101 166
220 145 202 145 203 141 184 141 86
224 143 206 143 207 139 189 139 118
226 147 208 147 207 145 190 143 97
223 165 204 161 205 161 186 159 83
221 178 203 178 203 175 184 175 122
224 189 206 189 207 187 188 187 166
223 242 205 242 205 243 185 243 138
226 253 207 252 205 255 181 255 116
227 267 207 267 207 271 185 270 64
233 36 213 36 211 25 190 25 34
228 57 211 58 211 49 193 50 80
228 63 209 63 211 55 191 55 140
226 99 208 100 209 93 190 94 84
226 105 208 105 209 99 190 99 85
228 193 210 192 211 191 193 191 167
229 197 212 196 213 195 194 195 302
234 255 213 254 213 257 190 256 53
237 267 212 266 213 271 187 270 44
234 209 216 210 217 209 199 209 108
233 237 214 236 215 237 199 236 51
236 240 217 240 219 241 200 241 103
244 49 225 49 223 39 203 39 83
238 65 220 65 221 57 202 57 53
242 67 224 67 225 59 206 59 59
241 193 224 194 225 191 208 193 110
241 221 223 220 225 221 207 221 61
239 225 221 224 223 225 205 225 61
241 237 223 236 225 237 207 237 108
244 253 222 253 223 255 200 255 71
242 259 220 258 221 261 197 261 48
241 285 212 285 221 291 193 291 45
246 63 228 63 229 55 210 55 61
245 208 227 205 229 205 211 204 196
243 212 226 212 227 211 209 211 228
245 220 228 220 229 219 211 219 81
243 229 226 229 227 229 209 229 65
247 228 229 227 231 227 213 226 70
247 237 230 236 231 237 214 237 178
247 244 227 244 231 245 211 245 242
251 253 229 253 231 255 208 255 66
252 259 229 258 231 261 207 261 38
253 274 224 274 227 279 199 277 35
255 271 229 270 231 275 202 275 24
250 184 233 185 235 183 218 183 97
252 214 235 213 237 213 220 213 226
252 215 235 215 237 215 220 215 177
248 229 231 229 233 229 215 229 145
255 251 234 250 235 253 212 253 106
254 255 231 254 233 257 211 257 47
259 275 233 275 235 281 205 280 29
260 50 244 52 241 41 224 42 383
262 51 241 51 243 41 221 41 136
255 71 235 70 239 63 217 62 259
256 185 239 185 241 183 224 183 162
253 195 237 197 239 195 207 193 245
255 205 239 207 241 205 224 205 288
257 212 241 212 243 211 226 211 190
254 225 237 225 239 225 222 225 138
256 233 239 232 241 233 224 233 164
256 238 240 239 241 239 221 237 158
266 273 241 272 243 277 215 276 54
261 27 246 25 249 19 233 17 227
266 60 244 60 247 51 224 52 202
266 66 244 66 247 57 224 58 221
263 147 247 147 249 143 232 143 300
259 155 243 159 245 155 228 153 112
261 208 244 207 247 207 230 207 422
261 217 245 217 247 217 230 217 170
264 255 242 255 245 257 221 257 45
269 259 246 258 249 261 226 261 39
266 267 241 267 245 271 217 271 39
287 339 239 338 245 359 192 358 107
273 70 252 71 255 61 233 62 162
269 73 247 73 251 65 235 66 192
270 81 248 81 251 73 234 71 258
273 92 252 93 255 85 233 86 229
273 117 252 117 255 111 233 111 170
269 123 248 123 251 117 229 117 247
271 124 250 125 253 119 231 119 167
269 128 247 128 251 123 229 123 166
273 138 252 138 255 133 233 133 251
265 157 249 161 251 155 235 157 497
265 161 248 157 251 161 234 159 266
265 173 249 173 251 171 234 172 520
273 194 252 195 255 193 243 193 442
271 205 250 206 253 205 242 203 301
273 210 252 210 255 209 233 209 238
278 284 248 284 255 291 221 290 37
269 28 254 29 257 21 242 23 160
274 46 253 47 257 37 235 37 239
278 56 257 56 261 47 239 47 102
277 98 256 98 259 91 237 91 227
279 102 258 102 261 95 239 95 262
279 115 257 114 261 109 239 109 330
277 136 256 136 259 131 237 131 136
275 145 254 145 257 141 235 141 332
279 193 258 193 261 191 251 191 323
275 197 254 197 257 197 235 197 273
279 210 258 210 261 209 239 210 168
277 220 256 221 259 221 242 220 316
279 236 258 236 261 237 239 237 218
278 251 256 250 259 253 236 252 69
278 257 255 257 259 259 235 259 64
281 273 254 273 257 279 227 278 35
285 85 263 84 267 77 245 77 191
283 107 261 107 265 101 243 100 144
285 127 263 126 267 121 245 121 293
283 141 261 141 265 137 243 137 368
281 144 260 144 263 139 241 139 234
284 208 263 208 267 207 245 207 307
283 219 263 221 267 221 247 221 346
285 235 263 235 267 235 246 235 324
285 249 263 249 267 251 244 251 79
284 256 262 256 265 259 242 258 189
287 267 263 266 265 271 237 270 43
286 272 260 272 263 279 245 278 55
282 34 268 36 271 27 256 27 262
288 73 267 73 271 65 249 66 131
287 80 267 81 271 73 249 73 130
286 90 265 91 269 83 247 84 135
290 117 269 117 273 111 257 111 506
286 119 265 119 269 113 247 113 204
288 128 267 128 271 123 249 123 194
291 125 269 125 273 119 251 119 369
290 149 267 151 271 147 251 147 234
288 164 267 163 271 161 252 159 335
287 174 266 174 269 171 252 171 372
290 200 269 203 273 201 251 203 243
290 203 269 204 273 203 251 204 210
290 208 269 208 273 207 251 207 227
290 212 269 212 273 213 251 213 164
289 266 265 265 269 269 242 269 53
290 29 275 29 279 21 265 22 215
288 33 274 33 277 25 262 25 372
289 42 275 43 279 35 265 36 277
295 132 275 132 279 127 257 127 204
296 134 275 134 279 129 257 129 148
293 138 273 138 277 133 255 133 325
294 141 273 141 277 137 255 137 213
291 155 271 155 275 151 254 152 213
296 172 275 172 279 169 257 169 247
296 174 275 174 279 171 257 171 291
292 223 271 223 275 225 255 226 358
295 236 275 235 279 235 260 235 187
296 249 274 248 279 251 256 251 54
297 265 272 265 277 269 251 269 48
301 280 272 279 277 285 245 284 22
293 40 279 40 283 33 269 34 290
295 44 281 44 285 37 271 38 325
293 46 279 47 283 39 269 39 245
299 66 279 64 283 57 273 59 334
298 116 277 115 281 109 259 109 282
300 117 279 117 283 111 261 111 207
301 121 280 121 285 115 263 116 219
299 128 279 128 283 123 261 123 185
301 135 281 136 285 131 263 131 156
297 168 277 168 281 165 259 165 160
299 176 279 174 283 173 261 173 140
299 208 279 208 283 207 261 208 222
298 223 279 223 283 223 263 223 155
297 231 277 230 281 231 261 231 276
299 258 276 258 281 261 257 261 95
302 263 275 262 281 265 255 265 45
309 288 279 287 285 295 249 295 98
301 42 287 42 291 35 278 36 399
303 75 282 75 287 67 265 67 219
304 90 282 91 287 83 265 83 176
307 99 286 100 291 93 269 93 365
304 102 282 102 287 95 265 95 310
304 119 284 119 289 113 267 113 419
307 124 287 124 291 119 270 119 241
307 224 287 224 291 225 271 225 245
306 249 284 249 289 251 265 250 62
309 274 281 274 287 279 256 279 38
310 283 281 282 287 289 255 288 34
313 291 280 291 287 299 252 298 108
315 303 279 303 287 313 247 313 69
306 30 293 31 297 23 283 23 129
306 45 293 46 297 39 283 39 257
308 116 289 117 295 111 273 111 468
313 111 290 113 295 107 273 107 448
308 120 288 121 293 115 271 115 354
313 124 291 124 297 119 275 120 281
315 211 293 212 297 211 282 210 159
309 223 289 223 295 223 274 223 129
309 229 291 228 295 229 276 228 219
312 258 289 258 295 261 271 261 111
314 262 290 262 295 265 267 265 49
319 277 290 277 297 283 266 283 30
318 293 285 292 293 301 257 300 111
312 54 299 54 303 47 289 47 200
309 56 293 55 299 49 285 49 215
309 68 294 68 299 61 283 61 204
311 141 297 141 301 137 287 137 131
313 150 299 150 303 147 289 147 88
311 148 297 148 301 145 288 147 92
311 154 297 154 301 151 287 151 155
311 160 297 160 301 157 287 158 76
311 158 297 158 301 155 287 156 206
313 168 299 168 303 165 289 165 64
313 177 299 177 303 175 289 175 71
313 183 299 183 303 181 289 181 71
313 187 299 187 303 185 289 185 45
313 191 299 191 303 189 289 189 37
317 221 298 220 303 221 282 221 145
313 227 293 227 299 227 279 227 235
321 274 292 273 301 279 270 278 39
325 291 291 291 301 299 264 299 54
326 298 292 298 301 307 265 306 63
316 49 303 50 307 43 294 43 229
318 56 305 56 309 49 296 49 288
321 66 305 66 309 59 295 60 253
318 138 301 139 307 135 291 135 62
315 144 301 145 305 141 291 141 265
315 156 301 156 305 153 291 153 112
317 158 303 158 307 155 293 155 223
315 170 301 169 305 167 291 167 64
317 189 303 189 307 187 293 187 58
323 223 304 223 309 223 290 223 157
321 227 300 226 307 227 288 227 137
323 229 304 229 309 229 288 228 106
319 233 300 232 305 233 285 233 108
323 237 303 236 309 237 289 236 101
323 241 301 241 307 243 284 243 101
325 245 303 245 309 247 286 247 88
325 265 297 265 307 269 281 268 58
323 43 311 44 315 37 302 37 319
320 52 307 52 311 45 298 45 289
322 96 308 97 313 91 299 92 241
323 152 309 151 313 149 301 148 101
324 171 310 170 315 169 302 170 256
320 175 306 174 311 173 297 172 124
322 177 308 177 313 175 300 175 156
322 183 309 183 313 181 299 181 137
325 225 306 225 311 225 290 224 157
330 249 309 248 315 251 291 251 67
330 258 306 258 313 261 288 261 47
329 267 306 267 311 271 286 270 38
335 286 305 285 313 293 280 292 50
340 308 303 307 313 319 271 319 74
325 55 313 55 317 49 304 50 133
327 61 314 61 319 55 306 55 163
326 92 313 93 317 87 303 87 236
328 95 314 97 319 91 305 93 189
330 99 317 99 321 95 308 95 168
326 114 312 114 317 109 303 109 90
329 118 316 118 321 113 308 113 35
333 135 319 135 317 133 305 131 75
337 142 324 142 321 139 306 139 162
335 142 321 142 317 139 306 139 93
328 163 313 163 319 161 302 161 213
326 183 313 183 317 181 303 181 188
328 185 315 185 319 183 305 183 164
330 214 314 213 319 213 299 213 142
334 217 315 217 321 217 301 217 153
330 223 311 222 317 223 297 223 184
332 253 309 253 317 255 294 255 50
334 253 312 253 319 255 290 255 61
341 289 308 289 317 297 282 297 68
335 34 322 34 327 27 315 28 108
331 47 319 48 323 41 310 41 156
333 55 321 56 325 49 313 50 96
333 61 320 61 325 55 313 55 304
333 67 319 67 325 61 311 61 218
331 92 319 92 323 87 310 87 179
333 96 320 97 325 91 312 91 225
336 117 322 118 327 113 312 114 27
331 146 317 146 323 143 308 143 48
331 156 319 156 323 153 310 153 32
333 166 320 166 325 163 312 162 84
335 179 322 179 327 177 314 177 133
331 180 319 181 323 179 309 177 180
335 187 322 187 327 185 314 185 128
329 191 317 191 323 189 309 189 96
340 213 321 213 327 213 307 213 129
342 245 320 245 327 247 314 245 128
340 253 318 253 325 255 302 255 52
338 257 315 256 323 259 299 259 46
339 262 315 262 323 265 291 266 73
341 42 328 42 333 35 320 35 102
338 55 326 55 331 49 319 49 249
338 64 326 65 331 59 319 59 251
335 72 324 73 329 67 314 67 110
342 75 328 75 333 69 319 69 205
341 83 325 82 331 77 317 77 54
339 92 326 92 331 87 317 87 220
341 88 328 88 333 83 320 83 118
341 98 328 98 333 93 320 93 126
338 114 324 114 329 109 316 110 76
337 183 324 183 329 181 316 181 121
339 185 326 185 331 183 318 183 105
337 191 323 191 329 189 316 189 120
343 213 323 213 329 213 309 213 179
344 217 325 217 331 217 311 217 116
342 219 323 219 329 219 309 219 122
343 229 323 228 331 229 305 229 101
344 249 321 248 329 251 306 251 55
348 253 326 253 333 255 310 255 35
348 267 319 266 331 271 303 271 50
350 279 321 279 331 285 300 284 68
349 281 320 280 329 287 297 286 71
352 284 321 284 331 291 298 291 74
355 292 322 293 333 301 297 301 86
354 304 318 303 329 315 289 314 79
344 38 333 39 339 33 328 34 83
344 55 332 55 337 49 325 49 218
344 85 332 85 335 79 322 79 84
347 98 334 98 339 93 326 93 132
343 94 330 94 335 89 322 89 183
345 100 332 100 337 95 324 95 178
344 111 329 111 337 107 324 107 161
346 117 334 117 339 113 326 113 149
351 139 337 139 339 135 324 135 117
351 143 338 143 339 139 326 139 117
347 143 335 143 335 139 321 139 83
351 147 340 147 339 143 326 143 155
346 156 334 155 339 153 326 152 65
346 165 334 165 339 163 326 162 98
346 179 334 179 339 177 327 177 77
344 183 332 183 337 181 325 181 74
347 189 334 189 339 187 326 187 157
353 217 333 217 339 217 317 217 129
347 225 330 224 335 225 322 224 94
349 221 325 221 339 221 319 221 231
353 240 331 240 339 241 316 241 83
351 256 329 256 337 259 313 259 49
355 283 325 282 335 289 302 289 71
359 302 323 302 335 313 295 312 92
365 312 326 312 339 325 296 324 100
353 28 339 26 345 21 333 20 31
349 26 335 24 341 19 334 20 27
349 45 338 46 343 39 332 40 71
352 41 340 41 345 35 334 35 187
353 48 341 48 345 41 333 41 80
348 64 336 64 341 59 329 58 237
354 89 342 89 345 83 334 84 92
350 113 336 113 343 109 330 109 124
354 133 339 133 345 129 329 129 72
350 158 338 158 343 155 331 155 44
352 167 340 167 345 165 333 165 58
348 167 336 169 341 167 328 167 37
352 179 340 179 345 177 333 177 116
350 187 338 187 343 185 331 185 276
352 191 340 191 345 189 333 189 264
355 249 333 249 341 251 318 251 38
357 253 337 253 345 255 321 255 42
361 264 337 263 345 267 318 267 65
358 266 332 267 341 271 315 271 62
363 286 332 286 343 293 309 293 62
367 306 330 305 343 317 302 316 95
366 307 327 307 341 319 297 319 109
354 43 342 43 347 37 335 37 180
355 62 344 62 349 57 338 58 287
353 67 342 67 347 61 336 61 154
357 64 346 65 351 59 340 60 234
355 72 344 72 349 67 338 67 185
353 83 337 82 349 79 333 78 95
351 87 339 87 347 83 334 83 86
355 98 342 98 347 93 334 93 137
358 94 345 93 351 89 338 88 93
356 102 344 102 349 97 337 97 126
358 100 346 100 351 95 339 95 203
358 108 346 107 351 103 339 103 186
357 121 343 123 349 119 334 119 187
361 131 345 131 351 127 335 127 179
354 156 342 156 347 153 335 153 78
358 175 346 174 351 171 339 171 208
356 177 344 177 349 175 337 175 162
354 189 342 189 347 187 335 187 213
361 202 342 202 349 201 329 201 412
363 221 340 221 351 221 326 221 163
364 239 343 239 351 241 328 241 62
362 239 341 239 349 241 326 241 81
365 249 344 248 351 251 328 251 71
367 284 336 284 347 291 314 291 65
371 296 336 296 349 305 312 304 69
376 309 337 308 351 321 308 320 98
363 72 352 72 357 67 346 67 190
361 76 350 76 355 71 344 71 207
361 82 349 82 355 77 342 77 113
363 91 351 91 353 85 341 85 127
367 93 355 93 357 87 345 87 110
362 106 350 105 355 101 343 101 142
365 122 349 121 355 117 339 117 419
364 125 349 125 355 121 339 121 239
362 127 347 127 353 123 337 123 184
362 133 347 133 353 129 338 130 181
364 129 349 129 355 125 339 125 196
366 137 351 136 357 133 342 133 238
363 140 347 140 355 137 339 136 199
364 151 352 150 357 147 345 147 201
363 169 352 169 357 167 345 167 311
362 179 350 179 355 177 343 177 194
360 183 348 183 353 181 341 181 195
359 196 348 196 353 195 341 194 228
365 217 345 217 353 217 333 217 112
369 215 350 215 357 215 337 215 122
368 221 349 221 357 221 337 221 126
370 234 349 234 357 235 335 235 63
368 254 346 254 355 257 332 257 48
367 260 344 260 353 263 328 263 66
372 276 345 275 355 281 324 281 68
367 65 356 64 361 59 350 59 229
366 71 356 73 361 67 350 67 188
372 127 357 127 363 123 348 123 253
370 129 355 129 361 125 346 125 216
374 211 355 211 363 211 343 211 103
370 219 351 219 359 219 339 219 89
374 221 355 221 363 221 343 221 145
372 247 350 247 359 249 336 248 61
376 245 354 245 363 247 340 247 47
378 284 346 284 359 291 324 291 71
383 300 347 300 361 311 321 310 82
372 66 362 66 367 61 356 61 285
370 70 360 70 365 65 354 65 227
372 70 362 70 367 65 356 65 250
375 84 364 84 369 79 357 79 166
374 94 359 93 367 89 352 88 161
373 117 359 117 365 113 350 113 369
377 136 362 137 369 133 353 133 199
373 139 358 139 365 135 349 135 221
377 143 362 142 369 139 354 139 393
375 171 367 170 367 169 358 168 582
379 202 360 202 367 201 349 201 324
381 205 361 206 369 205 350 204 192
381 215 359 215 365 215 345 215 171
381 221 361 221 369 221 348 221 133
375 227 357 226 365 227 343 227 75
385 270 357 270 369 275 340 275 69
385 289 352 289 365 297 330 296 54
372 41 368 41 371 37 367 37 147
381 69 370 68 375 63 364 62 412
380 64 374 66 375 59 370 59 311
376 72 366 72 371 67 361 67 180
380 70 370 70 375 65 364 64 352
378 80 368 80 373 75 363 75 270
380 82 370 82 375 77 365 77 274
380 93 364 91 371 87 356 86 171
387 106 371 105 375 101 363 100 239
379 113 364 113 371 109 356 110 357
381 133 366 133 373 129 358 129 232
383 131 369 131 375 127 360 127 281
380 139 364 139 371 135 356 135 274
383 151 369 150 375 147 361 147 281
382 187 374 187 375 185 365 185 371
385 247 363 247 373 249 350 249 52
383 251 361 251 371 253 348 253 40
389 265 363 265 375 269 347 269 76
387 270 363 269 375 273 347 273 68
393 282 362 282 375 289 342 289 68
381 41 376 40 379 37 375 37 176
382 44 378 45 381 41 377 41 131
378 46 374 47 377 43 373 43 246
384 63 378 62 381 59 377 59 200
384 81 374 82 379 77 369 79 221
389 118 374 118 381 113 366 113 338
385 146 370 146 377 143 362 143 202
386 190 377 190 379 189 369 189 368
389 208 371 208 379 207 360 207 179
386 222 370 223 379 223 359 223 233
392 221 371 221 381 221 360 220 92
392 226 372 227 381 227 360 227 114
393 238 371 237 381 239 359 239 109
389 240 367 239 377 241 354 241 51
389 245 367 245 377 247 355 247 54
389 249 366 248 377 251 354 251 47
391 263 365 263 377 267 351 267 72
393 267 367 267 379 271 351 271 50
396 276 368 275 381 281 350 281 72
398 285 363 287 377 295 341 295 60
399 305 361 305 377 317 334 317 161
386 49 382 51 385 47 381 47 137
384 58 380 59 383 55 379 55 147
388 60 384 60 387 57 383 57 133
386 64 382 64 385 61 381 61 317
394 90 379 90 387 85 371 84 159
390 129 376 129 383 125 368 125 207
395 142 379 143 387 139 372 139 203
393 144 378 144 385 141 370 141 276
393 177 382 177 387 175 377 175 267
390 182 376 180 383 179 372 179 275
393 202 375 202 383 201 367 203 218
389 198 377 198 387 197 365 197 326
395 209 376 209 385 209 366 208 112
395 225 376 225 385 225 365 225 113
394 239 373 239 383 241 360 240 73
401 277 372 277 385 283 354 283 77
399 279 370 279 383 285 353 284 56
405 310 366 310 383 323 339 322 145
395 49 386 49 393 45 385 45 185
397 111 385 111 391 107 380 107 452
398 121 384 121 391 117 376 117 374
397 128 384 129 391 125 377 125 339
398 145 384 144 391 141 376 141 216
394 166 384 165 389 163 379 163 170
396 185 385 185 391 183 381 183 194
401 206 382 206 391 205 372 205 223
403 227 383 226 393 227 374 227 179
399 236 380 236 389 237 368 237 174
403 233 384 233 393 233 373 233 311
399 234 379 234 389 235 368 235 112
404 247 382 247 393 249 369 249 48
403 263 378 263 389 267 363 267 81
409 294 375 294 391 303 353 302 114
410 299 373 299 391 309 351 309 105
413 304 375 304 393 315 351 315 130
396 55 393 55 395 51 390 51 94
401 61 395 61 399 57 392 57 162
403 93 391 92 399 89 389 89 99
401 164 392 164 397 161 387 161 52
399 179 390 179 395 177 385 177 107
403 185 394 185 399 183 388 183 212
400 189 387 189 395 187 385 187 248
405 209 386 209 395 209 375 209 104
405 221 387 221 395 221 376 221 230
405 234 386 235 395 235 376 236 151
408 251 385 251 397 253 374 253 35
416 285 383 285 399 293 364 293 167
417 302 380 302 397 313 356 313 138
406 39 397 39 403 35 393 34 62
403 47 397 48 401 43 394 43 72
405 63 399 63 403 59 396 59 109
404 70 397 71 401 67 394 68 153
407 103 395 102 403 99 389 98 287
408 127 393 127 401 123 386 122 387
410 125 395 125 403 121 388 121 374
405 177 396 177 401 175 391 175 96
405 181 396 181 401 179 391 179 229
412 204 393 204 403 203 384 203 235
412 209 393 209 403 209 383 209 165
415 231 395 230 405 231 385 231 456
410 227 391 226 401 227 381 227 257
410 232 391 232 401 233 381 233 258
413 245 392 245 403 247 380 247 70
411 253 389 253 401 255 378 255 63
413 256 390 256 401 259 377 259 40
417 262 393 262 405 265 380 265 52
420 283 389 283 405 291 372 291 81
419 289 387 289 403 297 367 297 115
411 44 404 44 409 39 403 39 55
409 65 403 65 407 61 400 61 96
411 74 404 74 409 71 401 70 53
409 78 402 78 407 75 400 76 35
416 103 405 103 411 99 401 99 268
413 99 406 99 411 95 401 95 178
414 104 401 105 409 101 399 101 155
416 124 409 124 411 121 407 121 330
415 156 406 157 411 153 402 155 106
411 152 401 152 407 149 397 149 345
411 175 401 176 407 173 398 173 244
413 179 404 178 409 177 400 176 128
411 188 401 188 407 187 397 187 220
413 191 403 191 409 189 400 189 328
417 200 399 200 409 199 390 199 258
418 213 399 213 409 213 389 213 132
420 211 401 211 411 211 391 211 149
416 221 397 221 407 221 387 221 167
420 232 401 232 411 233 391 233 174
417 243 396 243 407 245 385 245 159
419 247 398 247 409 249 387 249 66
419 253 395 254 409 255 386 255 109
425 259 399 260 411 263 386 263 46
421 268 391 269 407 273 378 273 41
421 267 394 267 409 271 380 271 55
425 291 391 290 409 299 372 299 121
427 299 389 298 409 309 369 309 119
419 43 412 43 417 39 410 39 123
415 47 409 47 413 43 406 43 66
419 47 413 47 417 43 411 43 166
415 53 409 53 413 49 406 49 73
417 55 411 55 415 51 409 51 192
419 57 413 59 417 53 411 55 77
417 61 411 61 415 57 408 55 129
419 69 412 69 417 65 410 65 105
420 84 413 84 417 81 411 80 13
417 107 407 107 413 103 404 103 184
419 105 409 105 415 101 405 101 107
419 111 409 111 415 107 405 107 165
421 134 411 134 417 131 407 131 166
419 152 409 152 413 149 405 149 370
419 156 412 155 417 153 408 153 251
418 161 410 162 415 159 406 159 258
419 165 410 165 415 163 406 163 199
420 171 412 171 417 169 408 169 245
420 185 411 184 417 183 408 183 180
419 183 410 183 415 181 406 181 168
417 187 408 187 413 185 404 185 245
423 221 405 221 415 221 396 221 136
424 244 404 243 415 245 394 245 137
426 249 406 249 417 251 395 251 69
428 263 407 261 417 267 392 266 50
431 281 401 280 417 287 385 286 58
429 287 396 287 413 295 378 295 81
430 292 395 292 415 301 379 301 192
435 304 397 303 417 315 375 315 56
421 65 415 65 419 61 412 61 176
421 80 414 79 419 77 412 77 45
426 116 419 116 423 113 415 113 135
423 126 417 126 421 123 414 123 169
421 130 414 130 419 127 412 127 177
425 138 419 137 423 135 416 135 116
425 144 418 144 423 141 416 141 98
422 157 414 157 419 155 410 155 310
426 161 418 161 423 159 415 159 325
422 163 414 163 419 161 410 161 193
422 169 414 169 419 167 410 167 218
426 171 418 171 423 169 414 169 159
429 204 412 204 421 203 403 203 122
427 219 409 219 419 219 400 219 239
430 221 413 221 423 221 405 221 211
429 229 409 229 423 229 398 230 374
428 235 411 234 421 235 400 235 187
432 239 413 238 423 239 405 239 200
430 253 409 253 421 255 399 255 63
432 263 407 263 421 267 394 267 48
434 272 405 273 421 277 391 277 42
442 313 401 313 423 327 378 327 33
431 108 424 108 429 105 422 105 164
425 107 420 104 425 101 417 102 113
427 110 421 111 425 107 418 107 147
429 116 422 115 427 113 420 113 102
431 144 424 144 429 141 422 141 186
429 156 419 155 425 153 417 153 171
427 186 420 187 425 185 418 185 227
436 208 419 208 429 207 412 207 222
435 233 413 233 429 233 407 233 337
436 253 415 253 427 255 407 254 49
441 270 413 270 429 275 400 275 52
441 283 410 283 427 291 392 291 63
440 289 406 288 425 297 389 297 138
438 74 432 72 435 69 431 69 121
437 79 433 80 435 75 431 76 94
437 83 431 83 435 79 429 79 106
435 105 427 104 433 101 423 99 100
433 110 426 110 431 107 423 107 104
436 122 427 122 433 119 424 119 204
438 132 431 132 435 129 427 129 158
435 140 429 140 433 137 426 137 148
439 158 428 157 435 155 424 155 226
435 160 424 159 431 157 420 157 201
434 169 425 170 431 167 421 169 165
433 178 425 178 431 175 421 177 268
439 191 427 191 435 189 422 190 292
442 213 425 213 435 213 418 212 118
438 210 421 210 431 209 413 208 221
442 221 425 221 435 221 418 221 118
439 229 424 229 433 229 417 229 114
439 246 420 245 431 247 410 247 84
442 249 422 249 433 251 412 251 50
444 263 418 263 433 267 406 266 33
443 268 416 269 431 273 402 273 49
447 285 415 285 433 293 397 293 114
446 289 412 289 431 297 396 297 122
444 100 437 102 441 97 432 96 83
440 115 431 117 437 113 428 114 116
443 118 433 118 439 115 430 116 189
444 124 435 124 441 121 432 121 174
440 128 431 127 437 125 428 124 172
439 138 433 138 437 135 429 135 127
439 144 433 144 437 141 430 141 112
444 156 432 155 439 153 428 153 166
445 159 434 159 441 157 430 156 178
440 173 430 173 437 171 426 172 209
446 192 433 192 441 191 428 191 225
445 214 429 213 439 213 422 213 164
443 217 427 217 437 217 420 217 134
447 231 432 231 441 231 425 231 86
444 240 419 240 437 241 418 241 205
446 239 428 238 439 239 420 239 81
448 266 421 267 437 271 409 271 38
451 265 425 265 441 269 413 269 31
451 292 417 292 437 301 399 301 88
454 300 413 300 437 311 397 311 42
449 128 437 128 447 125 435 125 134
449 162 439 162 447 159 436 159 206
449 168 438 168 447 165 435 165 358
448 164 439 163 445 161 433 161 227
450 185 440 185 447 183 436 183 213
448 198 435 198 443 197 430 197 182
450 250 426 252 443 253 416 253 131
456 256 432 257 447 259 423 259 54
453 263 427 263 443 267 416 267 30
459 278 428 278 447 285 414 284 78
456 287 423 287 443 295 407 295 90
460 311 419 311 443 325 397 325 21
454 97 445 97 451 93 442 93 106
452 93 443 93 449 89 440 89 142
452 116 444 116 449 113 442 113 94
456 167 446 167 453 165 447 166 367
455 177 448 177 453 175 446 175 265
454 202 441 202 449 201 436 201 209
457 208 444 208 453 207 440 207 149
456 216 442 216 451 215 436 215 117
456 225 441 225 451 225 436 225 58
457 238 440 238 451 239 433 239 135
463 264 436 265 453 269 425 269 26
458 64 456 64 457 59 453 57 25
458 78 453 78 457 75 452 75 130
456 80 451 80 455 77 450 77 121
458 88 452 88 457 85 451 85 312
460 104 454 104 459 101 453 101 77
458 128 452 128 457 125 450 125 121
459 162 451 163 457 161 449 161 227
457 173 450 173 455 171 448 171 229
461 197 449 197 457 195 444 194 149
463 193 450 192 459 191 446 191 142
467 202 455 202 459 201 451 201 479
463 198 450 198 459 197 447 197 116
461 204 449 204 457 203 444 203 157
463 210 450 210 459 209 446 209 207
463 216 451 216 459 215 447 215 152
460 229 445 229 455 229 440 229 158
461 240 444 240 455 241 437 241 69
464 249 444 249 457 251 435 251 62
468 265 442 265 459 269 431 270 29
466 273 437 273 455 279 424 277 53
467 270 439 269 457 275 427 274 42
466 275 434 275 455 281 419 280 59
469 283 437 283 457 291 422 291 88
467 287 434 287 455 295 419 295 68
468 297 432 297 455 307 415 307 84
469 301 431 301 455 313 411 313 65
472 308 437 308 457 321 425 321 94
465 83 459 84 463 81 460 80 192
464 90 459 90 463 87 459 87 198
464 96 459 96 463 93 458 93 172
465 102 457 102 463 99 457 99 221
466 106 460 106 465 103 459 103 80
462 110 456 110 461 107 455 107 132
467 116 460 116 465 113 458 113 95
463 126 456 126 461 123 454 123 131
465 128 458 128 463 125 456 125 117
463 132 456 132 461 129 454 129 242
467 145 460 146 465 143 458 144 117
467 156 460 155 465 153 459 154 117
469 189 457 188 465 187 453 187 242
465 195 453 195 461 193 448 192 137
469 198 457 198 465 197 452 197 292
465 208 452 208 461 207 448 207 255
469 212 456 212 465 211 452 211 347
466 229 451 229 461 229 446 229 72
471 236 454 236 465 237 448 237 70
470 233 454 232 465 233 448 233 95
473 272 445 273 463 277 433 277 30
472 282 441 281 461 289 426 289 53
476 285 443 285 465 293 429 293 60
468 66 463 66 467 63 463 63 51
469 68 465 68 469 65 465 65 88
472 82 467 82 471 79 467 79 211
470 108 464 108 469 105 463 105 155
470 114 464 114 469 111 463 111 208
469 134 462 134 467 131 460 131 279
472 163 466 163 471 161 464 161 109
469 169 462 169 467 167 460 167 166
468 172 462 174 467 171 460 171 139
469 182 462 182 467 181 460 181 266
472 198 460 198 469 197 456 197 154
473 210 459 209 469 209 455 208 349
473 218 460 218 469 217 456 218 270
474 231 458 231 469 231 453 231 81
473 236 457 236 467 237 450 237 198
475 240 457 240 469 241 450 241 52
476 253 454 252 469 255 446 255 31
479 282 447 281 469 289 432 289 81
478 289 445 288 467 297 430 297 92
473 66 469 66 473 63 471 65 55
477 81 473 82 477 79 473 79 208
477 87 471 86 475 83 471 83 118
478 100 473 99 477 97 473 97 226
474 104 468 104 473 101 467 101 161
474 112 468 112 473 109 467 109 252
476 134 470 134 475 131 469 131 162
476 139 470 140 475 137 469 137 224
474 145 468 145 473 143 467 143 149
476 155 470 155 475 153 469 153 225
478 189 467 189 475 187 463 187 229
476 196 464 196 473 195 460 195 113
477 200 464 200 473 199 460 199 308
480 204 468 204 477 203 465 203 151
481 227 466 227 477 227 462 227 91
480 249 459 249 473 251 451 251 30
485 259 464 258 475 263 459 262 41
484 268 451 267 475 273 445 273 32
487 285 454 285 477 293 441 293 76
489 300 451 300 477 311 436 311 113
481 78 477 78 481 75 477 75 91
483 80 479 80 483 77 479 77 162
484 110 478 110 483 107 477 107 241
480 114 474 114 479 111 473 111 243
482 116 476 116 481 113 475 113 341
480 120 474 119 479 117 473 117 177
480 136 474 135 479 133 473 133 182
484 135 478 135 483 133 477 133 160
482 140 476 140 481 137 475 137 124
482 161 476 161 481 159 475 159 179
480 165 474 165 479 163 473 163 241
482 175 476 174 481 173 475 172 214
482 183 476 183 481 181 475 181 177
484 185 478 185 483 183 477 183 277
482 191 471 191 479 189 467 188 219
486 210 475 210 483 209 472 209 179
487 243 470 241 481 243 461 244 61
490 278 459 278 481 285 447 285 75
488 275 458 275 479 281 447 281 51
492 298 455 298 481 309 440 309 103
487 78 484 78 487 75 483 75 55
488 106 483 106 487 103 483 104 314
490 112 484 112 489 109 483 109 311
490 120 484 119 489 117 484 118 316
486 118 480 118 485 115 479 115 363
486 122 480 122 485 119 479 119 258
486 126 481 126 485 123 480 123 181
488 138 482 137 487 135 481 135 89
490 142 484 142 489 139 484 139 147
486 141 480 141 485 139 479 139 137
486 155 480 155 485 153 479 153 169
488 157 482 157 487 155 482 155 192
488 165 482 165 487 163 481 163 271
488 169 482 170 487 167 481 168 188
490 175 484 174 489 173 483 172 296
490 207 479 206 487 205 476 205 144
491 224 477 224 489 223 475 223 72
495 249 473 249 489 251 467 251 37
496 258 472 257 489 261 464 260 50
492 256 468 256 485 259 461 258 48
492 263 472 264 485 267 457 267 47
497 272 468 272 489 277 458 277 26
493 86 490 86 493 83 490 83 105
495 90 492 89 495 87 491 87 83
495 95 491 95 495 93 491 92 92
492 102 487 102 491 99 487 99 307
491 110 487 110 491 107 487 107 218
492 116 486 116 491 113 486 113 279
496 124 491 124 495 121 490 121 197
492 122 487 122 491 119 486 119 295
494 131 488 131 495 129 489 129 203
492 128 487 128 491 125 486 125 210
494 140 488 139 493 137 488 137 133
494 162 488 160 493 159 487 157 129
494 167 488 167 493 165 488 165 168
494 185 488 184 493 183 488 183 187
495 197 485 196 493 195 483 195 107
493 193 483 192 491 191 481 191 316
493 199 483 198 491 197 481 197 88
494 216 483 216 491 215 480 215 96
495 219 482 219 493 219 480 219 108
498 223 485 223 495 223 482 223 50
496 225 483 225 493 225 479 225 70
499 238 481 238 495 239 477 239 57
500 247 479 247 495 249 473 249 50
501 270 472 270 493 275 463 275 51
502 288 468 288 493 297 456 297 76
504 292 470 291 495 301 456 301 71
501 90 497 90 501 87 497 87 117
502 132 496 132 501 129 495 129 166
501 141 496 141 501 139 496 139 86
498 144 492 143 497 141 492 141 96
500 145 494 145 499 143 494 144 87
499 193 489 192 497 191 488 191 208
501 197 491 196 499 195 488 195 107
499 200 489 200 497 199 487 199 225
501 202 491 202 499 201 489 201 95
503 210 493 210 501 209 490 209 110
502 218 489 218 499 217 486 217 86
500 227 486 227 497 227 482 227 38
502 245 482 245 497 247 476 247 48
504 270 476 269 497 275 466 275 33
508 273 479 273 501 279 469 279 44
510 295 474 294 501 305 461 305 78
507 297 469 297 497 307 456 307 81
505 88 501 88 505 85 501 85 48
505 95 501 96 505 93 501 93 105
505 94 501 94 505 91 501 91 67
504 180 499 180 503 177 498 177 310
504 187 497 187 503 185 495 186 517
507 197 497 196 505 195 495 195 127
509 202 499 202 507 201 497 201 95
507 202 497 202 505 201 495 201 107
505 222 493 222 503 221 491 221 73
508 229 493 229 505 229 489 229 40
512 247 489 246 507 249 485 249 63
514 275 483 275 507 281 474 281 44
515 290 480 290 507 299 469 298 99
512 299 475 298 503 309 461 309 70
509 94 505 94 509 91 505 91 79
511 108 506 107 511 105 506 104 173
514 128 507 128 513 125 507 125 79
510 150 504 150 509 147 503 147 188
512 145 506 145 511 143 506 143 218
512 152 506 151 511 149 505 149 155
512 171 506 171 511 169 505 169 252
511 216 499 216 509 215 497 215 98
512 227 497 228 509 227 495 227 51
517 240 497 240 513 241 494 241 68
515 249 491 250 511 251 487 251 77
517 266 490 265 511 271 482 270 50
518 278 486 278 511 285 476 285 62
520 293 484 293 511 303 471 303 75
519 108 517 109 519 105 516 106 110
519 114 514 114 519 111 513 113 137
518 124 511 124 517 121 511 121 114
516 147 510 148 515 145 509 145 108
520 160 514 159 519 157 514 157 168
519 168 514 166 519 165 513 165 207
518 171 511 172 517 169 511 169 229
520 174 514 174 519 173 513 173 518
519 181 514 179 519 179 514 178 540
515 183 511 183 515 181 511 181 407
518 187 511 187 517 185 511 185 268
519 197 509 197 517 195 507 195 151
517 193 506 192 515 191 505 191 227
516 206 507 206 515 205 505 205 159
521 210 511 210 519 209 509 209 146
518 236 501 236 515 237 497 237 69
521 238 503 238 517 239 499 239 96
523 245 502 245 519 247 497 247 84
519 247 499 246 515 249 492 249 74
525 268 495 266 519 273 487 271 64
521 270 492 270 515 275 484 274 58
525 273 497 272 519 279 487 279 43
521 105 518 106 521 103 518 103 126
525 107 522 107 525 105 522 105 78
522 120 516 119 521 117 516 116 125
523 164 518 163 523 161 518 160 210
525 183 520 183 525 181 519 181 316
521 191 513 191 523 189 511 189 721
522 202 513 202 521 201 512 201 194
523 199 517 198 523 197 516 197 204
523 206 513 206 521 205 512 205 118
524 214 513 217 523 213 512 214 65
527 231 512 230 525 231 508 231 59
527 247 506 247 523 249 501 249 76
531 293 495 293 525 303 484 303 64
533 298 495 298 525 309 483 309 80
528 295 491 294 521 305 480 305 75
528 128 521 128 527 125 521 125 64
528 142 521 141 527 139 521 139 47
532 155 525 155 531 153 525 153 157
527 179 522 179 527 177 522 177 357
531 181 525 181 531 179 525 179 219
530 197 523 197 529 195 522 195 174
527 202 521 202 527 201 520 201 181
532 229 516 228 529 229 513 228 74
530 235 514 234 527 235 510 235 63
533 240 514 240 531 241 511 241 88
532 238 514 238 529 239 511 239 70
534 254 509 254 529 257 503 257 82
533 290 498 289 527 299 488 298 81
541 97 535 95 537 95 535 95 17
537 124 531 124 537 121 531 121 67
535 140 529 139 535 137 529 137 30
533 143 527 143 533 141 527 141 113
533 169 528 169 533 167 528 166 378
536 197 529 196 535 195 528 195 139
534 202 528 202 533 201 526 201 157
536 212 526 212 535 211 524 211 133
534 210 525 210 533 209 525 209 160
535 242 516 242 533 243 513 243 68
537 254 513 253 533 257 507 257 60
541 260 516 260 537 263 510 263 38
538 259 512 260 533 263 507 263 43
540 268 512 267 535 273 505 273 55
540 273 510 273 535 279 502 279 56
540 295 503 295 533 305 493 305 64
539 132 533 131 539 129 533 129 79
543 134 537 133 543 131 537 131 41
539 136 533 136 539 133 533 133 32
539 153 534 153 539 151 534 151 164
541 157 537 157 541 155 537 155 266
539 182 533 183 539 181 533 181 290
541 185 535 185 541 183 535 183 229
539 189 532 189 539 187 532 187 280
540 196 533 196 539 195 532 195 351
541 193 535 193 541 191 534 191 233
543 201 536 201 543 199 536 199 236
542 220 530 219 541 219 528 219 55
546 249 524 249 543 251 519 252 44
545 261 518 261 541 265 513 264 41
546 285 512 284 541 293 504 293 95
545 124 539 124 545 121 539 121 126
545 132 539 132 545 129 539 129 87
547 136 541 135 547 133 541 133 88
549 168 546 167 549 165 546 165 239
550 206 541 206 549 205 540 205 115
550 221 537 221 549 221 536 221 57
547 227 532 226 545 227 530 226 62
546 233 530 233 545 233 529 233 54
548 241 527 241 545 243 523 243 61
553 251 528 251 549 255 525 254 57
552 263 525 263 549 267 519 268 47
551 275 520 275 547 281 514 280 51
553 286 519 286 549 295 511 295 111
554 296 516 296 549 307 507 307 87
552 109 546 110 555 107 546 105 40
555 128 549 128 555 125 549 125 66
553 147 548 147 553 145 548 145 94
555 151 551 151 555 149 551 148 80
553 165 549 164 553 163 550 161 214
551 181 547 180 551 179 543 178 368
553 189 549 189 553 187 548 187 194
555 199 549 198 555 197 549 197 112
557 206 548 206 555 205 546 205 239
556 214 544 214 555 213 541 213 140
556 220 543 219 555 219 542 219 147
556 225 541 225 555 225 539 225 56
556 258 531 258 553 261 526 261 49
554 261 527 261 551 265 523 265 34
556 266 528 266 553 271 523 270 65
557 274 525 274 553 281 519 280 40
556 291 519 291 551 301 511 301 77
560 134 557 132 561 131 557 130 52
557 147 553 147 557 145 553 145 69
561 149 557 149 561 147 558 147 49
561 159 557 158 561 157 558 157 131
561 185 557 185 561 183 557 183 375
558 217 545 217 557 217 544 217 109
560 225 547 224 559 225 543 225 60
563 231 547 231 561 231 545 231 121
561 238 542 238 559 239 539 239 52
560 276 529 276 557 283 523 283 72
567 124 561 123 567 121 561 121 125
563 121 557 121 563 119 557 119 150
563 169 560 168 563 167 560 167 289
563 181 559 181 563 179 559 179 197
564 182 561 183 565 181 561 181 154
563 191 558 191 563 189 558 189 266
565 189 560 189 565 187 560 187 125
567 193 562 192 567 191 562 191 111
567 212 555 212 567 211 555 211 132
564 234 545 234 563 235 545 235 46
566 241 546 241 565 243 543 243 42
567 252 543 251 565 255 540 254 50
567 257 542 258 565 261 537 261 52
570 294 532 294 567 305 526 304 134
568 139 565 139 569 137 566 137 47
572 161 570 160 573 159 570 159 102
572 172 570 173 573 171 571 171 178
571 171 569 170 571 169 570 168 243
570 182 567 183 571 181 567 180 219
569 181 565 181 569 179 566 179 311
571 191 566 191 571 189 567 189 120
573 200 565 200 571 199 563 199 166
573 206 563 206 573 205 563 205 197
569 210 559 210 569 209 559 209 97
574 225 558 225 573 225 558 225 70
572 225 556 225 571 225 556 225 66
574 240 554 239 573 241 552 241 53
574 247 551 247 573 249 549 249 52
573 276 541 276 571 283 536 283 137
578 139 575 139 579 137 576 137 66
576 143 573 143 577 141 574 141 79
577 157 573 157 577 155 574 155 92
578 171 576 171 579 169 577 169 201
574 171 572 171 575 169 573 169 149
579 208 569 208 579 207 569 207 215
577 210 567 210 577 209 566 209 112
575 218 563 217 575 217 562 217 90
576 229 560 229 575 229 559 229 55
578 243 556 243 577 245 554 245 48
579 267 550 267 577 273 546 273 161
577 274 545 274 575 281 541 281 179
581 276 549 276 579 283 543 285 137
583 290 547 290 579 299 540 299 105
577 293 540 293 575 303 534 303 136
579 295 542 295 577 305 536 305 123
581 300 541 299 579 311 535 311 145
580 303 539 302 577 315 532 315 99
584 143 581 143 585 141 582 141 61
582 145 579 145 583 143 580 143 70
580 155 577 155 581 153 578 153 94
584 155 582 153 585 153 583 151 86
582 172 580 172 583 171 581 171 256
580 169 579 169 581 167 579 167 129
581 177 579 177 581 175 579 175 310
583 181 580 181 583 179 581 179 335
585 212 574 212 585 211 574 211 145
583 214 571 214 583 213 571 213 140
583 219 570 220 583 219 570 219 81
583 247 561 247 583 249 559 249 70
584 266 557 263 583 271 553 270 134
582 271 553 271 581 277 549 277 159
586 271 557 271 585 277 553 277 107
586 277 553 279 585 283 551 283 127
583 286 548 286 581 295 543 295 161
586 291 550 291 585 301 545 301 105
584 302 544 302 583 315 538 315 110
590 193 581 193 591 191 582 193 201
590 199 582 199 591 197 583 197 153
591 214 579 213 591 213 579 213 121
587 223 572 223 587 223 572 223 111
589 227 574 227 589 227 573 227 69
587 240 567 239 587 241 566 241 69
591 241 570 241 591 243 569 243 54
589 243 568 243 589 245 567 245 49
590 259 564 259 589 263 561 263 85
593 273 562 273 591 279 558 279 90
600 143 596 143 597 141 594 141 152
594 183 584 185 595 181 585 183 303
594 191 585 190 595 189 586 187 222
596 197 587 197 597 195 589 195 188
592 201 584 201 593 199 585 199 177
595 208 584 208 595 207 585 207 201
593 210 582 210 593 209 582 209 127
597 214 585 214 597 213 585 213 133
595 219 581 220 595 219 581 219 92
595 247 573 247 595 249 571 249 51
597 278 565 278 597 285 562 285 77
594 288 558 288 593 297 554 297 81
597 289 562 289 597 299 557 299 60
600 183 591 183 601 181 592 181 263
598 187 589 187 599 185 590 185 300
598 195 589 195 599 193 590 193 136
602 206 594 206 603 205 594 205 199
603 210 592 210 603 209 592 209 121
601 219 588 219 601 219 587 219 79
599 223 584 223 599 223 584 223 70
599 227 583 227 599 227 583 227 78
603 234 584 234 603 235 584 235 50
600 240 579 240 599 241 577 241 44
598 258 572 258 599 261 568 262 101
603 275 569 274 601 281 567 281 67
598 285 563 285 599 293 561 293 172
600 294 562 294 601 305 559 305 106
608 57 597 56 609 51 597 51 80
608 62 597 62 609 57 597 57 77
608 78 597 77 609 73 598 73 179
608 90 597 89 609 85 598 85 205
605 86 594 86 605 83 593 84 89
608 131 604 131 609 129 605 129 107
608 151 605 151 609 149 606 149 126
604 169 591 171 605 167 593 169 326
604 189 595 189 605 187 596 187 205
607 198 598 198 607 197 599 196 177
608 212 598 212 609 211 598 211 147
604 221 589 221 605 221 591 221 89
604 241 583 241 605 243 582 243 39
606 245 585 245 607 247 584 247 53
606 254 582 254 607 257 581 257 66
604 257 578 257 605 261 578 260 38
602 279 571 279 607 287 572 287 84
603 295 565 295 607 307 565 307 81
614 56 603 57 615 51 603 50 124
610 61 599 60 611 55 599 55 116
610 76 599 76 611 71 600 71 127
614 80 603 80 615 75 604 75 133
612 82 601 81 613 77 602 77 147
610 90 599 89 611 85 600 85 118
614 94 603 94 615 89 604 89 138
614 101 603 101 615 97 604 97 140
610 147 606 147 611 145 607 145 99
614 145 610 145 615 143 611 142 106
614 151 611 151 615 149 612 149 121
612 167 611 167 613 165 612 165 107
610 187 603 187 611 185 605 185 228
613 196 607 196 615 195 609 195 158
611 202 602 202 611 201 603 201 159
612 208 602 208 613 207 603 207 142
612 229 595 229 613 229 596 229 43
615 232 597 232 615 233 598 233 64
614 241 591 240 615 243 593 242 55
612 265 583 265 613 271 582 271 63
613 273 582 273 611 279 577 279 90
610 276 578 276 611 283 576 283 108
611 281 578 281 613 289 577 289 76
614 286 579 286 615 295 577 295 120
610 292 572 292 611 303 570 303 163
614 292 576 292 615 303 574 303 125
613 298 575 298 613 309 573 310 80
609 301 570 301 611 313 567 313 110
608 302 568 302 611 315 566 315 131
618 86 605 86 619 81 607 81 117
616 90 605 89 617 85 605 85 124
618 97 606 97 619 93 607 93 141
620 103 609 103 621 99 610 99 148
618 107 607 107 619 103 608 103 151
619 108 609 109 621 105 610 105 129
619 114 608 114 619 111 608 111 149
618 129 614 129 619 127 615 127 114
616 150 613 149 617 147 614 147 138
616 169 614 169 617 167 615 167 87
620 175 618 175 621 173 619 173 140
617 193 611 193 617 191 612 191 156
614 196 609 196 617 195 611 195 143
616 204 607 204 617 203 608 203 128
620 218 607 217 621 217 608 217 70
618 225 602 225 619 225 603 225 52
617 239 597 239 619 241 598 241 62
616 278 583 278 617 285 582 285 96
615 289 579 289 617 299 577 299 147
624 51 613 51 625 45 614 45 91
622 49 611 48 623 43 612 42 81
622 105 611 105 623 101 612 101 150
622 117 611 117 623 113 612 113 135
626 150 621 149 627 147 622 147 93
627 197 620 196 627 195 621 195 89
622 193 618 192 623 191 619 191 85
622 200 614 200 623 199 615 199 120
622 214 610 214 623 213 611 213 111
626 212 614 211 627 211 616 211 147
623 223 609 223 625 223 611 223 81
621 221 607 221 623 221 608 221 91
624 234 606 234 625 235 606 235 72
623 245 601 245 625 247 602 247 65
625 252 601 252 627 255 601 255 128
625 259 599 259 627 263 599 263 69
621 264 593 264 623 269 593 270 72
624 269 595 269 627 275 595 275 100
622 279 590 279 627 287 591 287 84
621 283 587 283 623 291 586 291 85
624 289 588 289 625 299 585 299 124
625 301 589 302 627 313 586 314 111
632 51 620 51 633 45 621 45 108
629 55 618 55 631 49 619 49 72
631 67 620 66 633 61 621 61 71
630 70 618 70 631 65 619 65 86
631 72 620 72 633 67 621 66 83
631 80 619 80 633 75 620 75 72
631 98 620 97 633 93 622 93 152
627 113 616 113 629 109 618 109 195
632 111 620 110 633 107 622 107 241
629 117 618 117 631 113 620 113 228
632 143 627 143 633 141 628 141 39
630 145 625 145 631 143 626 143 42
628 183 624 182 629 181 625 180 143
629 198 623 198 631 197 627 197 124
630 216 617 215 631 215 618 213 94
632 222 617 221 633 221 619 221 87
627 261 600 261 629 265 600 265 91
630 267 601 267 633 273 601 273 118
627 276 595 275 629 283 595 283 100
631 298 590 297 633 309 590 309 128
637 72 626 72 639 67 627 67 106
635 78 623 78 637 73 625 73 127
637 82 625 82 639 77 627 77 112
633 120 622 120 635 117 624 117 456
637 118 626 118 639 115 628 115 433
636 181 630 181 637 179 631 179 86
634 191 628 191 635 189 629 189 105
634 193 627 192 635 191 629 191 75
637 227 621 227 639 227 623 227 55
633 231 617 231 635 231 618 231 55
635 261 610 261 639 265 613 265 97
636 296 598 296 639 307 597 307 99
634 303 594 303 635 315 590 315 96
634 299 595 299 639 311 596 311 116
643 43 631 42 645 37 633 36 108
639 46 628 47 641 41 630 41 130
641 59 629 59 643 53 631 53 87
639 61 627 62 641 55 629 55 78
639 90 627 89 641 85 629 85 48
639 95 628 96 641 91 629 91 117
641 109 627 107 643 105 629 103 261
643 111 632 111 645 107 634 107 266
642 137 636 137 643 135 638 135 100
640 141 634 141 641 139 636 139 67
644 163 635 163 645 161 627 163 219
644 179 637 179 645 177 639 177 79
640 193 633 192 641 191 635 191 109
641 221 627 221 643 221 629 221 88
642 241 622 241 645 243 623 243 43
639 245 617 245 641 247 618 247 59
642 247 621 247 645 249 622 249 86
647 45 636 45 649 39 637 39 165
645 41 633 41 647 35 635 34 154
647 68 635 68 649 63 637 63 48
645 66 633 66 647 61 635 61 64
649 74 637 74 651 69 639 69 52
645 76 633 76 647 71 635 71 69
644 95 633 95 647 91 635 91 58
647 109 636 108 649 105 637 104 233
648 143 642 144 649 141 644 141 111
647 182 640 182 647 181 640 181 144
643 192 637 192 647 191 639 191 274
648 196 638 196 649 195 640 195 120
649 194 640 194 651 193 642 193 122
645 200 634 200 647 199 638 199 113
647 215 633 215 647 215 627 213 176
645 217 633 217 649 217 637 217 48
648 254 622 253 651 257 625 257 55
647 259 622 259 651 263 624 263 63
646 267 617 267 651 273 620 273 78
643 271 613 271 647 277 614 277 83
641 281 609 281 649 289 611 289 72
645 286 610 286 649 295 610 295 94
644 297 606 297 649 309 606 309 69
651 41 640 41 653 35 641 34 277
651 63 640 62 653 57 641 56 72
653 64 642 64 655 59 644 58 136
655 70 644 69 657 65 646 64 47
653 84 641 83 655 79 643 79 83
653 90 641 89 655 85 643 85 60
656 161 651 161 657 159 652 157 226
654 163 649 163 655 161 651 161 249
656 173 651 171 657 171 652 169 193
655 183 645 183 657 181 648 181 142
653 189 650 189 655 187 647 187 287
651 201 642 201 653 199 644 199 66
647 279 614 279 655 287 620 287 99
648 287 611 289 653 297 617 298 45
658 75 646 74 661 69 649 68 116
658 90 646 89 661 85 649 85 47
657 126 652 129 659 123 654 121 336
660 129 649 128 663 125 651 125 394
657 149 653 149 659 147 655 147 345
657 212 645 211 659 211 647 210 58
658 227 642 227 661 227 645 227 43
655 257 629 255 659 261 632 260 26
656 271 625 270 661 277 628 277 57
658 280 626 280 663 287 628 287 60
658 295 618 295 663 307 618 306 46
664 68 652 68 667 63 655 63 70
666 72 655 72 669 67 657 67 74
662 103 650 103 665 99 653 99 155
664 111 654 111 667 107 656 107 473
663 157 659 157 665 155 660 153 331
667 174 655 175 669 173 657 173 141
664 192 653 192 667 191 655 191 86
662 202 651 202 665 201 653 201 62
664 209 652 208 667 209 655 208 33
661 217 649 217 665 217 652 217 71
664 227 648 227 667 227 651 227 39
670 62 659 62 673 57 661 56 70
668 86 656 86 671 81 659 80 103
672 88 660 87 675 83 663 82 64
672 101 660 100 675 97 663 96 151
670 105 658 105 673 101 661 101 219
668 111 660 110 671 107 663 107 276
672 147 663 150 675 145 665 146 631
669 157 664 156 671 155 666 153 334
672 170 663 171 675 167 665 168 182
668 182 656 181 671 181 659 179 108
667 197 655 197 671 195 658 195 104
668 199 660 199 671 199 658 198 105
670 209 659 209 673 209 660 208 90
668 217 655 217 671 217 657 217 46
672 225 657 225 675 225 660 225 47
668 221 654 221 671 221 657 221 59
670 227 655 227 673 227 658 227 51
671 233 651 231 673 233 655 233 26
667 236 651 239 671 237 653 237 16
667 259 642 260 673 263 645 264 11
678 62 667 62 681 57 669 57 90
676 60 664 60 679 55 667 55 125
674 84 661 83 677 79 666 79 93
676 88 664 87 679 83 667 82 80
674 103 662 102 677 99 665 99 174
679 131 671 132 681 129 673 128 377
674 186 662 185 677 185 665 184 67
671 249 643 251 679 253 648 253 9
682 58 670 58 685 53 674 52 154
682 64 671 64 685 59 674 58 130
682 74 669 74 685 69 673 68 77
684 171 677 171 687 169 679 169 252
682 184 670 184 685 183 672 183 44
680 188 667 189 683 187 671 186 58
677 217 664 217 683 217 665 216 177
679 225 663 225 683 225 666 225 47
681 221 665 221 685 221 668 221 71
686 103 674 103 689 99 677 99 216
688 105 676 104 691 101 678 99 208
690 117 681 119 693 113 684 114 473
686 166 680 168 689 165 682 167 295
691 164 684 163 693 161 686 160 351
691 173 684 173 693 171 686 171 245
691 171 684 171 693 169 686 169 260
687 205 671 206 691 205 675 205 138
689 210 673 210 693 209 676 209 111
685 217 668 217 689 217 672 216 81
685 223 669 223 689 223 673 223 114
683 239 663 240 689 243 668 242 13
687 252 663 252 693 255 667 255 13
693 74 682 74 697 69 685 70 261
695 86 684 85 699 81 687 81 150
691 101 679 101 695 97 683 97 110
694 129 685 129 697 127 687 127 454
697 144 690 143 699 141 692 140 342
697 153 690 153 699 151 693 151 415
695 155 688 154 697 153 691 152 485
693 165 686 165 695 163 688 162 323
697 165 690 164 699 163 692 163 249
690 201 673 201 695 201 678 201 142
694 217 676 217 699 217 680 217 86
690 215 674 215 695 215 678 215 109
692 228 674 228 697 229 678 228 52
689 255 666 254 697 257 671 257 11
699 134 692 133 701 131 695 131 415
702 162 696 161 705 159 698 159 236
698 201 680 200 703 201 685 199 130
699 214 681 215 705 215 685 214 78
698 232 680 232 703 233 684 233 42
696 238 677 238 701 239 680 239 29
693 246 668 243 701 249 678 249 21
696 250 673 249 703 253 677 252 17
708 72 694 69 711 69 698 71 709
707 88 698 87 709 85 700 84 145
707 114 698 114 711 111 702 111 216
708 128 699 127 711 125 702 125 303
708 167 700 167 711 165 703 165 113
706 163 699 163 709 161 702 161 289
706 171 699 170 709 169 701 168 226
701 205 683 205 707 205 688 205 124
703 211 685 211 709 211 690 211 60
703 236 683 236 709 237 689 237 46
702 260 677 261 711 265 681 264 11
697 263 671 263 707 269 677 268 8
710 93 701 93 713 89 704 88 93
712 97 703 97 715 93 706 93 98
709 104 700 103 713 101 704 101 160
711 110 702 109 715 107 706 107 200
711 116 702 116 715 113 706 113 268
714 127 705 127 717 123 708 125 158
712 122 703 122 715 119 706 119 199
710 145 701 145 713 143 705 142 137
712 153 704 153 715 151 707 151 133
712 155 704 155 715 153 707 153 130
710 151 702 151 713 149 705 149 240
712 162 703 163 715 161 706 161 113
711 179 703 178 713 177 707 177 299
714 199 695 199 715 199 695 199 121
706 215 687 215 713 215 692 215 60
710 230 688 230 717 231 694 231 49
708 243 687 243 715 245 692 245 32
706 250 683 250 713 253 688 252 15
719 182 699 183 723 181 703 182 561
716 203 697 203 719 203 700 203 87
717 207 695 207 723 207 703 207 145
717 213 698 213 723 213 704 213 49
714 231 692 232 721 233 698 233 31
714 243 692 243 721 245 698 245 22
723 144 713 144 727 143 717 144 55
721 167 712 167 725 165 715 164 92
725 167 715 167 729 165 719 165 45
721 202 701 202 729 201 709 201 130
717 228 695 228 725 229 702 229 55
718 236 696 236 725 237 702 238 19
721 241 699 241 729 243 706 243 22
718 246 697 246 727 249 703 248 36
721 252 696 252 729 255 702 254 23
718 248 695 247 725 251 701 250 24
720 257 694 257 729 261 701 261 22
715 265 689 269 725 271 697 271 16
727 142 717 141 731 139 721 138 32
727 152 717 154 731 151 721 153 28
727 163 717 163 731 161 721 161 33
729 167 719 167 733 165 723 165 36
725 190 708 190 731 189 712 189 139
723 217 703 217 731 217 710 217 59
723 230 701 230 731 231 708 231 59
736 132 725 131 741 129 729 128 68
736 169 725 169 741 167 729 167 27
732 192 715 194 739 191 720 190 97
732 207 713 207 739 207 719 207 38
730 215 711 215 737 215 718 215 28
729 228 704 226 737 229 715 230 37
732 233 709 233 741 235 717 235 18
729 240 704 239 737 243 712 242 20
730 248 703 248 739 253 711 252 21
729 257 702 255 739 261 709 261 11
742 134 730 134 747 131 735 131 108
738 136 727 136 743 133 732 133 82
738 149 727 152 743 149 732 150 51
742 161 730 161 747 159 735 159 75
739 157 728 156 743 155 733 154 51
738 167 727 166 743 165 732 164 75
740 201 721 201 745 201 731 200 117
739 207 721 207 747 207 728 207 44
738 211 719 211 745 211 725 211 30
738 209 718 208 745 209 725 209 53
735 215 717 215 743 215 722 215 31
735 226 711 225 743 227 719 227 27
738 228 715 227 747 229 723 228 19
734 265 707 266 747 271 715 271 37
747 135 734 136 753 133 740 131 109
745 211 726 211 753 211 733 211 40
745 215 724 215 753 215 732 215 35
741 229 719 229 751 231 727 231 18
743 231 720 231 753 233 728 232 32
740 262 712 262 751 267 721 267 18
748 78 722 77 759 69 732 69 68
748 203 728 203 757 203 737 203 63
751 209 732 209 759 209 739 209 51
749 224 725 224 759 225 734 225 33
745 258 717 259 757 263 726 262 14
744 264 712 262 755 269 724 269 16
753 68 729 67 763 59 738 58 99
754 81 728 81 765 73 738 73 111
755 142 746 141 761 139 757 137 142
751 231 727 231 761 233 735 233 17
753 252 724 253 765 257 733 257 12
750 281 715 280 761 287 723 285 23
761 218 740 218 771 219 750 219 33
760 222 737 221 771 223 746 223 26
756 226 732 225 767 227 741 227 30
757 242 727 242 769 245 739 245 12
756 255 725 253 769 259 738 259 16
754 258 725 258 767 263 736 263 7
755 274 723 274 769 281 735 281 22
763 214 742 213 773 215 751 216 44
761 226 736 226 775 227 746 227 20
764 260 735 261 777 265 746 265 10
771 100 747 99 783 93 757 94 221
771 105 747 105 783 99 757 100 111
770 224 745 224 783 225 756 225 21
766 243 741 244 783 249 752 249 10
763 270 733 270 779 275 744 274 10
762 294 723 293 779 305 738 305 16
778 101 752 98 789 91 763 90 131
774 156 746 158 785 155 756 156 77
773 250 745 251 789 255 757 254 7
774 256 745 255 789 261 756 260 12
782 93 757 95 795 85 769 86 141
778 169 751 170 791 167 763 167 24
780 227 753 227 795 229 765 227 11
778 229 751 231 793 233 763 233 13
776 241 747 240 791 245 760 245 9
778 247 748 247 793 251 761 251 9
776 260 746 260 791 265 759 264 14
786 43 759 42 801 31 772 30 85
784 47 757 46 799 35 770 35 90
784 179 758 178 799 177 771 177 16
785 259 752 262 799 267 765 267 11
787 32 758 31 803 19 772 18 121
792 45 764 47 807 35 778 33 92
792 52 764 52 807 41 777 41 71
792 93 767 92 807 85 780 84 105
792 107 765 107 807 99 779 97 120
790 128 762 129 803 125 775 124 201
792 166 767 168 807 165 780 166 117
791 212 766 209 807 213 779 212 25
790 224 765 225 805 227 776 226 11
787 263 757 263 807 267 773 267 13
789 265 758 265 805 271 773 271 9
791 267 760 267 807 273 774 273 11
799 33 773 34 813 23 786 22 138
795 43 767 42 811 31 781 30 88
794 63 766 62 809 51 780 50 51
794 78 769 77 809 69 782 67 55
797 94 771 91 813 85 784 84 224
798 177 773 173 813 173 786 173 63
796 223 770 223 811 225 783 224 21
804 95 777 93 819 87 791 86 469
807 126 790 124 817 121 799 121 146
807 135 790 135 817 131 799 132 57
809 183 792 183 819 181 802 181 63
809 202 792 202 819 201 801 201 49
809 213 791 213 819 215 802 214 46
805 219 788 219 815 219 797 219 52
801 220 775 219 815 221 788 220 36
804 227 777 227 819 227 795 229 26
812 111 795 111 823 107 805 107 293
810 115 793 115 821 111 803 111 239
811 162 794 163 821 159 803 157 51
811 198 794 197 821 197 803 196 54
813 200 795 199 823 199 805 198 36
814 207 797 206 825 205 807 206 26
812 217 793 219 823 217 805 217 57
803 239 773 240 821 243 789 241 8
807 235 779 236 825 239 793 240 11
806 245 776 245 823 249 792 249 9
807 256 777 256 825 261 791 260 14
805 265 774 265 823 271 791 271 14
819 118 801 117 827 113 807 112 228
816 190 800 190 827 189 809 189 42
820 186 804 186 831 185 814 185 49
813 240 784 240 831 243 797 241 13
809 241 780 243 827 247 796 247 9
807 245 782 247 829 251 797 251 15
809 261 778 261 827 267 791 266 14
809 257 779 258 827 263 794 261 11
813 265 781 265 831 271 798 271 13
823 135 804 136 833 131 820 133 19
814 240 787 241 835 245 804 245 13
813 259 784 258 835 263 799 264 12
820 29 793 27 839 17 808 16 368
825 43 799 43 841 33 814 31 391
826 48 799 48 843 37 815 36 341
826 54 800 53 843 43 816 43 356
824 55 796 57 841 45 814 44 421
831 116 814 115 843 111 825 111 163
831 141 814 141 843 137 818 138 15
827 179 807 178 839 177 820 177 31
827 188 809 188 839 187 820 187 27
826 197 806 197 841 197 817 196 54
829 203 811 203 841 203 817 203 22
821 243 790 244 839 249 807 248 12
821 261 790 261 841 267 807 267 8
830 36 803 37 847 25 819 24 270
837 114 819 113 849 109 831 109 87
837 139 821 138 849 135 832 134 12
834 137 817 137 847 131 831 129 13
834 181 813 180 847 179 826 179 43
833 188 817 190 845 187 826 187 44
842 119 825 119 855 115 837 114 116
841 169 821 169 855 167 834 165 35
838 172 818 172 851 171 830 170 38
838 175 817 173 851 173 830 172 46
840 188 821 188 853 187 833 187 37
833 283 806 285 851 289 813 289 118
847 118 829 117 859 113 840 112 108
847 125 829 125 859 121 841 121 123
847 163 827 161 861 159 840 159 46
845 174 825 173 859 171 838 171 50
843 186 824 186 857 185 837 186 40
845 188 825 187 859 187 838 186 99
853 123 838 123 867 119 847 118 77
854 129 838 129 867 125 850 125 77
850 150 830 149 865 147 844 146 45
849 154 828 154 863 151 842 151 53
843 264 815 265 863 269 828 269 121
858 125 841 125 871 121 852 120 56
856 152 836 152 871 149 850 149 53
858 171 837 171 873 169 851 169 44
854 169 833 169 869 167 847 167 42
864 131 845 130 877 127 859 126 134
868 127 851 127 881 123 864 123 240
868 133 850 132 881 129 862 128 156
875 152 855 152 891 149 870 149 67
888 143 864 141 909 139 883 138 78
889 150 865 149 909 147 884 146 106
898 108 873 106 919 101 892 102 30
900 127 875 126 921 121 895 121 31
906 111 880 111 929 105 901 104 28
917 47 889 47 941 37 911 37 9
929 79 899 79 957 69 925 69 30
936 73 904 73 963 63 930 63 24
947 73 917 73 977 63 945 62 45
1006 61 971 59 1047 45 1009 45 43
1010 55 975 54 1051 41 1013 40 43
1030 55 991 55 1075 41 1034 40 43
1034 53 997 52 1079 39 1038 38 42
1036 63 999 63 1083 49 1042 49 48
1035 42 997 41 1085 25 1041 25 18
1037 56 1001 55 1085 41 1046 39 67
1045 45 1004 45 1093 29 1048 29 33
