78 130 55 128 45 129 21 127 186
79 184 54 184 45 187 19 187 277
79 191 51 191 45 195 15 195 159
76 65 47 65 47 61 21 62 234
81 71 53 71 51 67 21 67 124
80 71 57 72 49 67 25 68 90
82 124 58 124 49 123 24 123 126
80 136 56 136 47 135 22 134 137
85 27 61 31 53 23 27 25 54
87 30 63 31 55 23 29 25 125
87 67 62 68 55 63 30 64 113
85 86 61 87 53 83 28 83 23
86 92 62 93 53 89 28 90 23
85 129 61 129 53 127 26 129 88
90 165 65 164 57 165 32 167 76
93 45 68 45 61 39 35 39 29
91 86 67 87 59 83 33 83 24
93 125 69 126 61 125 35 124 137
93 137 68 135 61 137 35 137 63
95 163 71 164 63 165 37 165 29
95 171 71 169 63 173 37 173 30
91 191 67 191 59 195 33 195 105
95 188 71 188 63 191 38 192 101
95 193 71 193 63 197 37 197 168
97 95 68 95 69 93 42 93 22
97 188 73 189 65 191 40 192 54
99 87 73 87 73 85 45 85 21
99 97 73 97 73 95 45 95 17
119 244 87 243 75 253 35 252 115
106 93 82 93 79 91 52 91 19
107 97 79 96 81 95 54 95 13
107 126 84 126 77 125 53 125 10
107 131 85 132 77 131 52 131 9
113 129 88 129 85 129 61 129 31
114 125 91 126 85 125 60 125 8
111 133 87 133 85 133 57 133 10
117 43 95 44 89 37 65 38 17
121 99 98 99 93 97 69 97 12
117 97 93 97 89 95 64 95 23
117 100 95 101 89 99 65 99 17
117 124 94 125 89 125 63 124 12
118 132 94 131 89 131 64 131 15
133 235 98 234 89 243 52 243 177
137 238 102 238 93 247 56 246 184
123 94 101 95 97 93 72 93 7
123 95 99 96 95 93 69 93 11
151 258 109 257 99 269 55 269 198
148 261 108 261 97 273 52 272 139
151 271 109 270 99 283 54 282 94
150 251 113 250 105 261 65 260 173
151 207 116 207 107 213 67 213 89
152 247 116 247 107 257 67 256 192
159 261 118 261 109 273 64 272 171
156 215 122 214 115 221 80 221 295
160 245 123 245 115 255 75 254 219
164 265 122 265 115 277 68 276 129
145 28 122 28 119 21 96 22 225
145 145 123 145 121 145 98 145 73
146 149 124 149 121 151 98 151 50
164 213 125 213 121 219 81 219 247
161 219 127 219 123 225 83 227 277
165 264 123 263 119 275 72 274 145
153 41 131 40 129 35 107 37 87
153 54 132 55 129 49 107 51 91
150 72 130 71 127 67 104 68 97
150 148 128 148 125 149 102 149 63
152 150 130 150 127 151 104 151 93
169 215 133 215 127 221 88 221 209
172 225 136 224 129 233 89 233 181
172 231 135 231 129 239 89 238 147
175 261 133 261 127 273 80 273 105
176 265 134 265 129 277 84 276 113
171 264 131 263 125 275 78 275 131
176 277 135 276 127 291 81 290 86
157 38 135 38 133 33 110 33 128
159 70 137 71 135 67 113 67 168
157 72 135 73 133 69 110 70 156
159 78 137 78 135 75 113 76 105
158 116 136 116 133 115 110 115 137
156 114 134 114 131 113 109 113 204
159 133 138 133 135 133 113 133 105
157 139 136 139 133 139 111 139 96
159 139 138 139 135 139 113 139 195
159 153 138 154 135 155 113 155 106
164 76 141 76 141 73 117 73 122
163 123 143 125 141 125 119 125 106
162 130 141 131 139 131 117 131 115
163 132 143 133 141 133 119 133 109
161 137 140 137 137 137 115 137 191
163 157 142 158 139 159 117 159 113
163 174 142 174 139 177 117 177 180
161 178 140 178 137 181 115 181 283
161 184 140 184 137 187 115 187 251
163 188 142 188 139 191 117 191 186
161 190 140 190 137 193 115 193 191
179 199 143 199 137 207 99 205 137
179 208 147 207 139 213 97 213 111
179 230 144 230 139 237 121 236 141
183 266 144 265 139 277 95 276 173
170 141 149 140 147 141 125 141 148
166 142 145 143 143 143 121 143 242
186 233 152 233 147 241 111 241 148
190 267 152 266 147 279 108 278 202
188 274 152 272 147 285 107 286 177
173 41 147 40 153 37 129 37 118
174 80 150 81 151 77 124 78 137
175 154 155 154 153 155 131 154 129
186 312 140 311 153 327 102 326 155
180 55 160 55 159 51 138 52 193
176 53 156 53 155 49 134 50 154
176 61 156 61 155 55 134 54 144
178 75 158 76 157 73 136 73 160
183 112 155 112 157 111 133 111 77
175 125 153 126 155 125 135 125 110
182 132 161 131 159 133 139 133 21
181 175 161 175 159 177 137 177 434
175 188 155 188 155 191 131 191 242
196 258 160 257 155 269 114 268 130
197 262 158 264 155 275 114 274 155
191 314 143 313 157 329 108 327 195
192 325 146 324 157 341 106 340 134
183 45 163 46 163 41 142 42 267
182 67 162 68 161 63 140 63 321
181 65 161 66 161 65 140 65 169
184 169 164 169 163 171 142 171 198
198 217 164 217 161 223 124 224 130
199 240 159 240 161 249 131 248 139
188 34 166 34 167 29 147 28 65
187 48 167 48 167 43 146 44 162
189 66 169 65 169 65 148 63 159
187 67 166 67 167 65 146 63 273
189 76 169 76 169 73 148 73 222
188 167 165 163 167 169 145 167 156
187 173 167 173 167 175 145 175 203
190 177 170 176 169 179 148 179 439
188 178 168 178 167 181 146 180 272
200 206 171 206 169 211 137 211 388
211 254 173 254 171 265 132 264 156
207 264 172 263 169 275 129 274 229
195 37 175 38 175 33 153 33 59
193 49 173 49 173 45 152 45 112
197 45 176 45 177 41 155 41 183
195 123 174 123 175 123 153 123 53
194 173 173 172 173 175 153 175 304
195 178 175 176 175 181 155 181 308
212 249 173 248 177 259 131 257 179
216 274 179 274 177 287 137 286 161
205 88 181 88 181 85 156 86 211
207 90 183 90 183 87 158 87 343
208 100 183 100 183 97 157 97 155
198 169 180 168 179 171 157 171 116
211 213 183 213 181 219 147 219 205
222 273 185 272 183 285 143 284 158
217 276 181 276 179 289 139 288 168
205 25 187 26 189 21 166 21 32
206 46 186 47 187 43 167 44 132
211 97 187 98 187 95 161 95 172
213 101 189 102 189 99 164 99 204
205 128 181 127 189 129 160 127 31
208 140 188 140 189 141 169 141 15
201 140 183 140 185 141 163 141 27
224 231 188 231 187 239 148 239 98
223 251 189 251 185 261 147 261 145
228 253 190 252 189 263 149 262 156
221 256 185 256 187 269 146 268 158
232 291 192 290 189 307 146 306 109
231 294 190 294 189 311 143 310 71
230 319 187 318 185 339 137 338 79
219 84 195 86 195 81 169 81 416
217 82 192 82 193 79 167 79 192
215 86 190 86 191 83 165 83 305
215 88 190 88 191 85 165 85 303
215 94 191 94 191 91 165 91 272
219 101 194 101 195 99 169 99 211
215 98 191 98 191 95 166 96 217
217 105 191 105 193 103 167 103 196
212 125 192 125 193 125 173 125 23
209 138 189 138 191 139 171 139 15
209 153 191 153 191 157 171 157 36
209 161 191 165 191 165 171 163 31
211 176 193 176 193 179 173 179 291
213 186 194 186 195 189 175 189 229
210 182 190 182 191 185 171 185 252
233 276 195 274 195 287 155 287 211
236 298 194 297 193 315 146 314 128
222 95 198 96 199 93 174 94 268
224 97 200 98 201 95 176 96 241
224 105 200 105 201 103 175 104 279
214 121 193 121 197 121 173 121 99
217 163 198 163 199 165 180 163 40
217 182 198 182 199 185 180 185 213
217 188 198 188 199 191 180 191 296
238 207 204 207 199 213 171 212 137
238 247 199 246 201 255 161 254 219
236 271 200 271 199 283 159 283 187
241 310 199 310 199 329 152 328 100
242 317 199 317 199 337 152 336 121
224 37 201 37 207 33 187 34 63
227 78 204 78 205 75 182 75 278
230 109 206 109 207 107 181 107 241
226 114 201 114 203 113 177 112 200
228 115 204 115 205 113 179 113 211
243 207 208 207 205 213 165 213 168
243 226 206 225 207 233 167 232 107
227 38 208 39 211 35 190 35 94
231 87 207 84 209 81 184 81 403
236 90 211 90 213 87 187 87 301
232 92 207 92 209 89 183 90 316
233 104 209 105 211 103 185 103 206
234 118 211 118 211 117 187 117 326
228 123 208 123 211 123 189 123 164
225 127 207 127 209 127 186 127 71
243 211 207 211 209 217 175 216 126
246 215 210 214 211 221 177 220 126
247 249 210 249 211 259 171 258 176
243 279 209 278 211 291 169 291 200
241 48 217 48 219 43 194 43 216
237 67 213 68 215 63 189 63 319
237 63 214 63 217 59 191 58 372
238 94 213 94 215 91 189 91 288
241 109 217 109 219 107 193 107 325
237 114 213 115 215 113 189 113 327
239 155 215 156 217 157 193 156 78
238 167 215 165 217 167 192 167 161
232 178 213 178 215 181 190 181 302
235 176 215 176 217 179 192 179 428
237 192 214 191 215 197 190 197 290
249 231 213 231 215 241 175 240 108
251 248 215 247 217 257 176 257 270
254 256 217 256 219 267 180 266 332
256 296 217 296 219 311 177 311 157
248 69 223 68 225 63 200 63 378
245 91 220 92 223 89 197 89 285
245 100 223 101 225 99 199 101 328
244 107 221 107 223 105 198 105 475
247 110 222 111 225 109 200 109 398
245 118 221 118 223 117 198 117 241
245 125 221 125 223 125 198 125 100
242 129 219 129 221 129 195 128 60
245 139 221 139 225 143 200 142 106
243 157 219 158 221 159 196 159 105
245 164 221 163 223 165 198 165 144
243 165 219 165 221 167 196 167 179
260 306 221 306 223 323 180 322 113
258 310 219 309 221 327 177 326 97
251 79 225 77 227 73 202 74 252
248 120 225 120 227 119 202 119 232
250 129 226 129 229 129 204 129 92
252 135 228 135 231 135 206 135 64
262 227 227 227 231 235 194 234 61
263 246 228 245 231 255 192 255 277
262 252 226 251 229 261 190 260 207
263 253 228 253 231 263 192 262 204
262 269 226 269 229 281 190 280 99
269 293 234 293 229 309 192 308 84
266 321 223 321 231 339 185 338 65
270 331 223 330 227 353 175 352 56
259 39 235 38 237 33 212 32 159
258 52 234 52 237 47 211 47 137
256 59 232 58 235 55 209 57 288
257 66 232 66 235 61 208 61 453
257 92 234 91 237 89 212 89 211
258 120 234 120 237 119 212 119 224
254 133 230 133 233 133 208 133 70
256 139 232 139 235 139 210 139 154
258 152 235 152 237 153 213 153 160
254 152 231 152 233 153 208 153 112
256 163 232 163 235 165 210 165 156
258 176 234 176 237 179 213 181 354
269 229 234 229 237 237 200 236 54
265 231 229 231 233 239 193 239 67
267 235 230 235 237 243 196 243 85
269 248 234 247 237 257 199 256 270
265 255 230 254 233 265 193 265 132
264 279 231 278 233 291 196 290 112
274 309 233 309 237 327 193 326 119
273 315 233 314 237 333 192 332 68
251 20 236 21 239 17 221 17 315
262 36 241 36 239 29 219 30 239
262 50 236 50 241 45 214 45 176
261 129 238 129 241 129 216 129 151
263 125 240 125 243 125 218 124 178
262 154 241 153 243 155 218 155 209
263 162 238 161 241 163 216 163 213
260 160 236 159 239 161 214 161 160
262 172 238 172 241 175 227 175 360
262 178 240 178 243 181 219 181 382
272 223 237 223 243 229 205 227 110
272 248 237 248 241 257 203 256 168
271 258 232 259 239 269 200 269 97
271 270 239 269 243 281 201 281 77
269 292 236 291 239 305 203 304 57
274 305 235 304 239 321 196 320 95
269 45 245 46 249 39 223 40 160
269 46 245 47 249 41 224 42 195
269 73 245 73 249 69 222 69 428
265 117 242 118 245 117 220 117 271
266 121 242 122 245 121 221 121 188
269 120 245 120 249 119 224 119 195
261 147 244 147 247 145 229 146 244
265 158 242 158 245 159 221 159 230
267 195 245 195 249 199 224 199 519
275 227 241 227 245 235 208 234 64
279 257 243 257 249 267 213 266 92
277 273 243 273 247 285 208 285 91
281 315 239 315 245 333 201 332 63
267 26 251 27 255 23 239 24 417
274 51 251 53 255 47 230 47 97
273 58 249 58 253 53 228 53 132
270 89 246 89 251 87 225 87 267
272 91 250 91 253 89 231 88 314
269 101 247 101 251 99 227 99 219
273 114 249 114 253 113 229 113 248
272 118 249 118 253 117 229 117 201
274 123 251 123 255 123 230 123 198
264 153 248 153 251 155 234 155 183
273 190 251 192 253 195 241 193 226
280 235 247 235 251 243 214 243 111
284 242 250 242 255 251 218 251 179
280 283 249 282 253 295 218 294 94
282 287 251 286 255 299 217 299 99
287 308 247 308 253 325 211 324 91
288 312 250 311 255 329 211 328 108
272 25 257 26 261 23 246 24 334
278 50 255 51 259 45 234 45 132
276 59 252 59 257 55 232 55 171
277 84 252 85 257 81 232 82 306
280 99 257 99 261 97 237 96 287
270 146 254 146 257 147 240 147 134
274 144 258 144 261 145 245 145 127
274 163 258 163 261 165 244 165 187
273 158 254 159 257 161 240 161 202
289 223 257 223 261 229 227 230 158
287 227 253 225 259 233 222 231 142
289 250 256 249 261 259 225 259 129
285 252 252 251 257 261 220 261 206
285 273 254 272 259 283 224 282 190
285 278 254 278 259 289 225 288 214
287 290 251 289 261 303 225 302 181
289 295 254 294 259 309 221 308 110
276 28 261 28 265 25 250 25 333
281 35 263 34 267 31 251 31 362
284 103 260 104 265 101 240 101 380
284 124 260 123 265 123 241 123 399
275 145 260 146 263 147 247 147 77
275 153 259 153 263 155 247 155 86
277 161 261 161 265 163 249 163 192
279 192 264 190 267 195 251 193 98
294 228 262 228 267 235 231 234 126
292 232 259 231 265 239 230 239 73
293 270 260 270 265 281 233 279 204
292 278 262 277 267 289 234 288 255
290 285 257 285 263 297 227 297 185
296 293 261 292 267 307 228 306 105
293 302 257 301 263 317 217 318 65
296 309 258 308 265 325 221 325 90
283 22 269 22 273 19 258 20 345
283 31 269 32 273 29 258 29 300
290 82 266 82 271 79 247 81 346
291 107 268 107 273 105 249 104 359
283 139 267 140 271 141 255 141 90
282 184 267 186 271 189 255 188 44
297 238 265 237 271 245 236 244 55
289 29 275 30 279 27 264 27 293
287 33 273 34 277 31 262 31 359
294 79 270 79 275 75 251 75 277
297 81 273 80 279 77 254 77 353
295 95 271 95 277 93 252 93 364
292 112 269 112 275 111 251 111 369
294 110 271 110 277 109 253 109 417
290 165 275 165 279 167 263 167 91
287 192 271 192 275 195 259 195 84
291 195 275 195 279 199 262 199 197
287 199 269 199 275 203 252 203 154
301 282 268 281 275 293 240 293 152
305 293 270 292 277 307 239 306 60
301 69 277 69 283 65 258 66 125
299 91 276 91 281 89 257 89 489
299 96 277 96 283 93 261 92 377
298 97 275 98 281 95 258 95 395
298 112 275 112 281 111 257 111 206
296 166 281 167 285 169 269 169 113
294 165 279 165 283 167 267 167 105
294 186 279 185 283 189 267 189 125
305 271 276 270 283 281 253 280 122
312 307 273 306 281 323 238 322 60
296 23 283 24 287 21 272 21 178
300 34 286 35 291 33 277 34 187
297 37 282 37 287 35 273 36 189
300 39 286 39 291 37 277 37 315
308 57 285 55 291 53 269 51 221
303 97 281 97 287 95 264 95 356
300 134 285 134 289 135 273 135 172
302 136 287 136 291 137 276 138 150
299 143 285 144 289 145 273 143 220
300 152 285 152 289 153 274 154 230
300 159 285 159 289 161 274 161 126
302 178 287 178 291 181 275 180 159
300 182 285 182 289 185 274 185 152
313 225 284 224 291 231 259 231 114
312 232 282 232 289 239 257 239 123
309 258 277 257 287 267 255 266 54
313 290 279 289 287 303 250 302 63
304 23 290 24 295 21 281 22 225
304 33 290 33 295 31 281 31 223
306 35 292 35 297 33 283 33 232
302 37 288 37 293 35 278 35 187
303 44 290 45 295 43 283 44 163
310 93 289 93 295 91 271 92 379
304 149 289 149 293 151 278 151 145
305 151 291 152 295 153 280 153 250
306 161 291 161 295 163 280 162 141
305 176 291 176 295 179 281 179 248
319 224 290 224 297 231 265 230 253
319 236 290 235 297 243 265 243 109
319 239 289 239 297 247 265 247 93
317 247 288 246 295 255 263 255 108
315 249 285 248 293 257 261 256 41
325 296 289 296 297 311 259 310 47
309 25 296 27 301 25 287 25 218
310 45 296 45 301 43 287 43 183
309 72 292 75 299 71 275 72 236
311 152 297 150 301 153 286 153 46
311 184 297 184 301 187 286 187 218
313 186 299 186 303 189 288 189 264
310 188 295 188 299 191 284 191 304
320 223 291 223 299 231 267 230 138
321 234 291 234 299 241 267 241 317
321 243 293 242 299 251 267 251 78
318 263 292 262 299 271 271 270 70
320 269 289 269 299 279 266 279 108
327 297 291 297 301 311 261 311 44
328 306 289 306 299 323 251 322 56
332 314 291 313 301 333 255 332 53
334 316 293 315 303 335 256 334 63
317 19 304 20 309 17 295 17 91
314 23 300 24 305 21 291 21 261
315 25 302 26 307 23 293 24 111
316 31 302 31 307 29 293 30 157
317 58 304 59 309 57 294 57 96
319 74 303 75 309 73 294 72 326
317 78 302 78 307 77 292 77 408
317 167 303 168 307 169 293 170 201
315 165 301 165 305 167 290 167 214
318 171 304 171 309 175 294 174 106
316 176 302 176 307 179 292 178 257
326 204 299 204 307 209 278 209 428
329 234 301 233 309 241 278 241 169
328 249 297 250 309 257 280 256 76
330 271 301 271 309 281 278 281 112
332 282 299 281 309 293 275 293 175
334 311 294 311 305 329 260 329 44
324 82 309 82 315 81 299 81 363
325 130 311 130 315 131 301 131 101
325 136 310 136 315 137 299 137 140
320 151 305 152 311 153 296 153 54
321 165 306 165 311 167 295 167 169
324 174 310 174 315 177 301 177 186
322 178 308 178 313 181 299 181 121
324 186 310 186 315 189 301 189 276
330 213 304 214 311 219 284 219 161
335 221 306 221 315 227 285 227 99
331 232 303 232 311 239 281 239 217
334 261 307 260 315 269 289 269 125
332 265 301 266 311 275 276 276 132
343 306 304 306 315 323 272 323 26
325 51 313 52 319 51 307 52 138
329 71 311 70 317 69 302 69 144
327 72 311 72 317 71 302 71 150
327 80 311 80 317 79 301 79 214
329 83 314 83 319 83 304 82 154
326 87 311 87 317 87 302 87 201
329 105 314 105 319 105 304 105 75
327 143 314 144 319 147 306 145 48
326 149 312 149 317 151 303 151 16
326 176 312 176 317 179 303 179 252
330 180 317 180 321 183 307 183 207
340 232 312 232 321 239 291 239 163
336 240 309 239 317 247 286 247 151
336 255 311 255 319 263 293 262 119
337 262 312 262 321 271 293 270 100
339 283 308 282 317 295 283 294 62
340 290 307 290 317 303 282 302 66
331 85 317 85 323 85 309 85 112
335 98 322 99 327 99 314 100 152
331 102 318 103 323 103 308 103 95
333 107 318 107 323 107 308 107 99
337 109 322 109 327 109 312 109 198
335 192 322 191 327 195 313 195 358
348 283 316 283 327 295 294 294 140
349 301 310 302 323 317 282 317 33
339 71 325 71 333 71 319 71 66
338 109 324 109 329 109 314 109 118
341 107 328 107 333 107 319 107 248
341 113 328 113 333 113 320 113 209
332 129 319 127 331 131 317 131 50
336 135 327 136 333 137 319 137 62
335 146 322 145 331 149 317 149 32
333 145 321 145 329 149 315 149 26
337 153 327 155 333 157 321 158 57
341 174 328 173 333 177 320 177 164
338 178 325 178 331 181 317 181 271
342 190 328 190 333 193 319 193 203
340 195 326 195 331 199 317 198 385
345 211 327 210 333 215 314 215 131
349 224 323 224 331 229 309 229 157
347 222 321 222 329 227 304 227 149
349 230 323 230 331 235 310 235 192
347 228 320 227 329 233 300 233 90
349 239 324 240 333 247 304 246 95
345 255 320 255 329 263 304 262 101
347 259 323 259 331 267 305 267 85
353 278 323 277 333 289 295 289 138
352 281 321 281 331 293 297 293 63
354 285 322 285 333 297 298 297 77
358 300 321 299 333 315 293 314 33
345 73 329 72 339 73 325 73 81
346 78 329 77 337 77 323 77 80
342 87 330 87 335 87 322 87 77
344 91 332 91 337 91 324 91 81
342 93 330 93 335 93 322 93 96
338 131 322 131 335 133 321 133 33
345 151 332 151 337 153 324 153 35
347 178 334 178 339 181 326 181 319
342 178 329 178 335 181 322 181 154
343 188 330 188 335 191 321 191 415
350 205 332 205 339 209 321 209 225
353 228 331 227 339 233 315 232 128
353 259 328 259 337 267 310 267 69
355 261 330 260 339 269 312 269 75
358 274 328 274 339 285 308 284 97
356 285 324 285 335 297 300 297 56
360 297 324 296 337 311 297 311 42
359 306 325 306 339 323 295 323 36
345 39 340 40 343 41 338 41 62
345 50 340 50 343 51 339 52 170
346 57 340 56 343 57 338 56 252
351 75 338 75 345 75 332 75 89
352 87 339 87 345 87 332 87 128
352 89 339 89 345 89 332 89 144
349 93 335 93 341 93 328 93 127
350 110 339 111 345 111 331 111 202
352 141 340 141 345 143 332 143 119
348 141 336 142 341 143 328 143 92
349 149 336 149 341 151 329 151 79
352 165 339 165 345 169 332 167 129
360 236 336 236 345 243 320 243 62
358 238 334 238 343 245 318 245 77
360 250 336 249 345 257 319 257 60
358 251 334 251 343 259 317 259 57
360 257 336 257 345 265 319 265 67
367 294 333 294 345 309 306 308 33
371 310 330 308 345 327 301 326 37
350 33 346 33 349 35 344 35 124
352 37 348 38 351 39 346 39 144
349 48 344 48 347 49 342 49 174
357 73 344 73 351 73 335 72 140
358 79 345 79 351 79 338 79 173
354 172 342 172 347 175 335 174 267
354 170 342 170 347 173 335 172 309
359 209 339 209 349 213 330 213 47
361 209 343 209 351 213 331 213 50
362 215 344 215 351 219 332 219 57
366 237 341 236 351 243 326 243 57
362 244 337 244 347 251 321 251 51
362 253 338 253 347 261 321 261 43
364 269 336 269 347 279 315 278 76
366 273 337 273 349 283 317 283 72
370 276 340 276 351 287 318 287 75
373 296 337 296 351 311 312 310 29
382 329 334 329 351 353 298 352 45
354 24 350 24 353 25 348 25 129
362 81 349 81 355 81 342 81 226
362 109 351 108 355 109 347 109 282
360 114 351 113 355 115 346 113 241
360 145 348 145 353 145 341 147 157
367 203 349 203 357 207 338 207 94
368 209 350 209 357 213 338 213 96
374 227 349 227 357 233 336 233 106
367 250 344 249 353 257 327 257 33
372 275 344 275 355 285 324 285 76
370 271 341 271 353 281 322 281 67
380 299 342 299 357 315 312 314 35
367 77 355 77 361 77 348 77 172
365 77 353 77 359 77 346 77 157
365 92 357 92 361 93 352 93 235
364 101 353 102 359 103 350 103 194
367 135 355 135 363 137 350 137 93
367 182 353 182 361 185 345 184 677
366 190 353 190 359 193 353 194 498
369 205 351 205 359 209 340 209 72
375 229 352 229 361 235 337 235 76
375 235 351 234 361 241 337 241 64
373 244 349 243 359 251 334 250 84
377 253 353 253 363 261 337 261 48
374 257 349 257 359 265 333 265 83
377 259 353 259 363 267 337 267 87
373 261 348 261 359 269 331 269 85
378 267 350 267 361 277 331 277 188
383 301 345 301 359 319 317 318 38
385 306 345 309 361 323 317 323 36
369 17 359 17 365 17 358 18 163
369 32 364 33 367 33 363 33 209
366 27 362 28 365 29 361 29 135
369 88 362 88 365 89 358 89 243
372 94 364 94 369 95 359 94 61
373 100 365 99 369 101 361 101 85
375 116 369 115 369 117 365 117 74
375 149 363 149 369 151 357 149 459
373 151 361 151 367 153 356 153 231
374 158 363 158 367 161 356 161 378
371 186 359 186 365 189 353 189 460
380 240 357 240 367 247 342 247 62
378 244 354 244 365 251 339 251 77
381 251 356 251 367 259 341 259 71
379 255 355 255 365 263 339 263 72
382 271 353 271 365 281 337 280 83
387 298 349 298 365 313 324 312 28
394 333 345 332 365 357 308 357 75
374 19 366 19 371 19 361 19 188
377 53 367 55 373 55 364 56 31
379 78 371 78 375 79 367 79 176
375 92 366 92 371 93 363 93 87
377 161 366 161 371 163 360 163 415
382 186 367 186 373 189 359 188 332
384 188 368 188 375 191 360 191 275
381 228 360 228 371 233 348 233 67
384 233 361 233 371 239 347 239 69
385 251 360 251 371 259 345 259 68
389 262 361 261 375 271 347 271 99
387 271 359 271 371 281 343 280 58
392 295 356 294 371 309 332 309 26
392 298 355 298 371 313 330 312 38
395 296 359 296 375 311 335 310 30
396 299 359 299 375 315 334 315 41
380 23 372 23 377 23 369 23 103
380 29 372 29 377 29 369 29 175
381 39 372 39 377 39 369 39 83
382 35 374 35 379 35 371 35 87
387 109 375 109 381 111 365 111 167
386 145 372 146 379 147 368 149 332
388 149 374 149 381 151 369 151 676
386 151 372 151 379 153 364 152 344
385 178 369 177 377 181 362 180 333
388 182 374 182 381 185 366 185 172
391 218 372 218 381 223 362 223 81
389 231 371 231 377 237 362 237 159
394 244 370 244 381 251 357 251 62
390 246 366 246 377 253 352 253 101
390 251 366 251 377 259 351 259 116
392 257 367 257 379 265 353 265 96
395 264 369 264 381 273 355 272 110
392 261 367 260 379 269 351 269 111
390 275 359 275 377 285 343 285 124
393 278 358 279 377 289 344 289 41
386 19 378 19 383 19 375 19 101
390 21 382 21 387 21 379 21 83
388 29 380 29 385 29 377 29 193
386 36 378 37 383 37 375 37 119
389 43 380 43 385 43 378 44 43
388 53 380 53 385 53 376 54 61
391 69 379 69 385 69 373 68 52
390 97 377 99 385 99 373 101 67
385 100 375 100 383 101 372 100 154
392 104 380 104 387 105 374 105 124
391 118 382 117 387 119 379 119 238
395 163 380 164 387 167 372 167 282
394 197 377 199 385 203 368 203 76
392 207 373 207 383 211 363 211 50
393 213 374 213 383 217 364 217 64
392 228 374 228 383 233 364 233 103
396 251 372 251 383 259 358 259 63
397 249 374 249 385 257 360 257 75
401 262 375 262 387 271 361 270 66
398 271 370 270 383 281 353 281 79
401 276 371 276 385 287 353 287 47
405 288 371 288 387 301 350 301 26
405 300 371 301 383 317 340 317 41
407 310 366 309 385 327 340 327 39
404 305 365 305 383 323 339 322 39
411 327 363 327 385 351 331 350 48
409 327 361 327 383 351 329 351 55
393 41 384 41 389 41 381 41 135
397 47 387 46 393 47 385 47 30
396 52 389 54 393 53 385 53 55
396 69 385 69 391 69 379 69 44
398 85 386 87 393 87 385 88 215
397 100 384 99 391 101 379 102 132
399 102 386 101 393 103 381 103 160
394 129 388 129 393 131 384 131 175
395 134 388 134 393 135 383 136 123
400 151 385 152 393 153 378 153 287
399 165 385 165 393 167 378 167 364
400 173 386 171 393 175 378 175 362
400 197 382 198 391 201 372 201 103
400 203 382 203 391 207 372 207 100
402 203 384 203 393 207 374 207 129
400 207 382 207 391 211 372 211 114
399 207 380 207 389 211 370 211 240
401 234 381 233 391 239 371 239 189
405 253 381 253 393 261 368 260 90
403 257 378 257 391 265 365 265 61
405 259 381 259 393 267 367 267 80
403 261 379 260 391 269 364 269 106
406 264 380 264 393 273 365 273 53
406 286 373 286 389 299 353 299 45
408 288 375 288 391 301 355 301 26
414 306 374 305 393 323 348 323 43
412 307 372 307 391 325 346 325 34
402 60 394 61 399 61 390 60 127
402 86 394 86 399 87 390 87 89
401 94 391 94 397 95 388 95 151
401 106 388 106 395 107 383 107 114
400 115 388 116 395 117 383 117 198
399 112 391 112 397 113 384 113 329
401 120 393 119 397 121 385 121 289
400 125 392 125 397 127 389 127 187
404 153 389 153 397 155 390 155 648
401 182 387 181 395 183 379 185 256
403 186 387 186 395 189 378 189 288
405 196 385 195 395 199 376 199 160
406 247 383 247 395 255 369 255 97
415 263 386 264 399 273 372 272 57
413 273 385 273 399 283 368 283 29
416 299 378 299 397 315 355 315 45
414 296 377 295 395 311 355 311 34
410 32 399 30 405 31 398 31 18
408 50 399 49 403 49 397 50 59
403 52 395 52 401 53 392 52 111
407 111 398 111 403 113 395 113 88
404 129 396 129 401 131 393 131 87
410 154 401 155 405 157 397 157 324
406 172 398 172 403 175 394 175 281
411 199 393 199 403 203 384 203 123
413 214 395 214 405 219 386 219 223
411 218 393 218 403 223 384 223 387
412 246 389 246 401 253 377 253 143
416 252 393 251 405 259 381 259 64
412 253 389 253 401 261 376 261 163
412 255 389 255 401 263 376 263 58
411 64 402 63 407 63 393 64 160
414 100 405 100 411 101 402 101 46
413 110 400 109 409 111 400 111 95
410 116 402 116 407 117 398 117 120
414 168 405 168 411 171 402 171 228
417 181 404 177 409 183 400 183 382
415 196 397 196 409 201 390 201 143
417 203 399 203 409 207 390 207 90
419 212 401 212 411 217 392 217 288
417 216 399 216 409 221 390 221 270
416 233 398 233 407 239 388 239 253
418 244 395 244 407 251 383 250 98
419 253 395 253 407 261 382 261 61
423 269 396 269 411 279 391 279 74
419 66 409 65 415 65 403 65 224
418 74 409 74 415 75 407 75 55
420 80 412 80 417 81 409 81 17
420 100 411 100 417 101 408 101 45
420 166 411 166 417 169 408 169 259
417 164 407 165 413 167 404 167 276
424 190 407 190 417 193 400 193 184
421 191 403 192 413 195 396 195 156
422 197 405 197 415 201 397 201 93
421 201 403 201 413 205 394 205 110
425 203 407 203 417 207 398 207 94
421 207 403 207 413 211 394 211 116
425 216 407 216 417 221 398 221 222
423 224 405 224 415 229 396 229 204
425 248 403 248 415 255 392 255 149
421 244 401 244 413 251 391 251 88
423 89 414 89 419 89 410 88 69
423 99 415 99 421 101 412 101 46
426 158 417 159 423 161 414 161 137
426 168 417 168 423 171 414 171 190
426 172 417 172 423 175 414 175 207
423 170 413 170 419 173 410 173 193
427 213 409 213 419 217 400 217 181
427 215 409 214 419 219 400 219 255
427 218 409 218 419 223 400 223 253
430 222 413 222 423 227 404 227 156
428 230 411 230 421 235 403 235 206
428 236 412 235 421 241 402 241 128
433 248 411 248 423 255 400 255 64
430 250 408 250 421 257 398 257 46
430 63 425 64 429 65 424 66 116
430 109 421 109 427 111 418 111 118
428 154 419 154 425 157 416 157 155
430 176 421 176 427 179 418 179 190
435 191 420 193 429 195 413 195 152
431 188 415 188 425 191 408 191 245
432 220 415 220 425 225 407 225 124
434 239 415 239 427 245 407 245 94
432 245 414 244 425 251 405 250 83
437 266 410 266 425 275 397 275 51
435 60 428 60 433 61 427 61 175
434 65 429 67 433 67 427 68 164
437 72 430 71 435 73 428 72 122
435 83 428 84 433 85 425 85 83
436 98 427 98 433 99 423 97 84
433 99 425 100 431 101 421 99 67
436 117 427 115 433 117 425 119 143
438 111 429 111 435 113 426 113 148
438 120 429 119 435 121 426 120 205
436 154 427 154 433 157 424 156 138
438 159 429 158 435 161 426 160 100
438 168 429 168 435 171 426 171 182
436 172 427 172 433 175 424 175 158
438 178 430 178 435 181 427 181 203
441 197 425 197 435 201 419 201 165
438 210 421 209 431 213 414 213 138
439 205 423 205 433 209 416 209 118
445 46 438 44 441 45 435 46 18
439 62 432 62 437 63 431 63 180
439 58 432 57 437 59 429 59 116
441 60 434 60 439 61 433 61 85
442 75 437 76 441 77 435 77 111
440 88 432 88 437 89 429 89 52
443 94 436 94 441 95 433 95 46
444 100 436 100 441 101 435 102 57
443 114 435 114 441 115 433 115 45
443 121 435 121 441 123 433 123 68
444 133 435 133 441 135 433 135 49
444 135 435 135 441 137 433 137 48
442 143 434 143 439 143 431 141 50
444 149 435 149 441 151 433 152 200
444 147 435 146 441 149 433 149 229
442 159 433 158 439 161 430 160 186
444 163 436 162 441 165 433 165 124
444 169 435 168 441 171 433 172 185
444 182 436 182 441 185 433 185 180
440 184 431 184 437 187 429 186 188
446 196 432 195 441 199 427 198 167
443 203 427 203 437 207 421 207 107
443 209 427 209 437 213 421 213 59
445 219 429 218 439 223 423 222 108
446 224 431 224 441 229 425 229 102
444 239 425 239 437 245 417 245 137
444 245 424 245 437 251 415 251 49
448 73 443 73 447 75 442 75 115
446 83 439 82 443 83 437 83 160
447 90 440 90 445 91 437 91 225
444 101 436 101 443 103 435 103 57
447 119 439 119 445 121 437 121 51
447 117 439 117 445 119 437 119 193
447 123 439 124 445 125 437 125 205
449 149 442 148 447 151 439 151 231
447 154 439 154 445 157 436 157 200
448 161 439 160 445 163 436 162 186
452 199 439 199 447 203 433 203 90
449 207 434 207 443 211 428 210 47
452 220 437 220 447 225 432 225 57
452 226 437 226 447 231 431 231 86
450 232 432 232 443 237 426 237 90
454 237 435 237 447 243 428 243 73
453 244 433 244 445 251 425 251 40
450 245 432 244 443 251 423 251 29
451 254 428 253 443 261 420 260 39
456 257 432 256 447 265 421 265 21
454 68 446 70 451 71 449 69 145
454 75 449 75 453 77 448 77 119
454 79 449 80 453 81 448 81 157
452 77 447 77 451 79 446 79 131
452 83 447 84 451 85 445 85 167
453 92 445 91 451 93 444 93 253
455 96 447 95 453 97 446 97 177
451 99 444 100 449 101 442 101 166
453 102 446 102 451 103 443 102 73
451 115 444 115 449 117 440 116 30
452 133 444 133 449 135 442 135 63
455 135 448 135 453 137 446 137 240
453 145 446 145 451 147 443 147 60
455 146 448 147 453 149 445 149 248
453 154 445 154 451 157 443 157 194
451 158 443 158 449 161 441 161 166
455 196 443 195 451 199 437 198 82
457 230 441 230 453 235 436 235 96
460 235 442 235 453 241 434 241 50
463 267 435 267 453 277 423 277 76
460 54 455 54 459 55 454 55 68
458 51 453 51 457 53 452 53 45
456 58 451 58 455 59 450 59 56
457 72 452 72 457 73 452 73 109
458 77 453 77 457 79 452 79 126
458 83 453 84 457 85 452 85 203
457 89 450 89 455 91 448 91 170
459 92 452 92 457 93 450 93 256
460 113 455 114 459 115 451 115 107
461 125 454 125 459 127 452 127 83
459 123 451 123 457 125 450 125 222
459 129 452 129 457 131 450 131 100
461 139 454 139 459 141 451 141 239
459 143 452 144 457 145 450 146 77
459 156 451 156 457 159 450 158 97
461 158 453 158 459 161 452 161 193
457 161 449 161 455 163 448 165 83
459 162 451 162 457 165 450 166 92
461 170 453 170 459 173 451 173 198
457 174 449 173 455 177 447 176 89
459 199 446 199 455 203 441 203 55
460 203 446 203 455 207 441 207 93
463 207 449 207 459 211 445 211 46
464 213 449 213 459 217 444 217 49
463 232 445 232 457 237 439 237 79
464 230 448 230 459 235 442 235 87
465 253 442 253 457 261 432 261 23
465 264 437 263 455 273 427 273 44
465 271 434 271 455 281 422 281 104
464 52 459 52 463 53 458 53 54
462 67 457 68 461 69 456 69 209
463 91 456 91 461 93 454 93 213
467 102 460 102 465 103 458 103 317
465 100 458 100 463 101 456 101 283
464 115 457 115 463 117 455 117 101
465 121 457 121 463 123 456 123 62
467 129 460 129 465 131 458 131 177
467 145 460 143 465 145 458 145 118
464 156 457 156 463 159 456 159 163
465 162 458 162 463 165 456 165 241
467 174 460 173 465 175 458 175 139
467 180 460 180 465 183 458 183 191
469 201 455 201 465 205 451 205 88
469 207 455 207 465 211 451 211 153
470 220 454 220 465 225 450 225 101
466 220 451 220 461 225 446 225 75
467 236 449 236 461 241 443 241 48
472 248 456 246 465 255 443 254 36
469 256 442 258 461 265 435 265 50
472 267 444 267 463 277 434 276 72
469 69 465 69 469 71 464 71 115
471 70 467 71 471 73 466 73 112
470 81 465 81 469 83 464 83 99
469 95 462 95 467 97 460 97 277
473 97 466 97 471 99 464 99 390
472 103 466 103 471 105 465 104 217
473 129 466 129 471 131 464 131 211
471 140 464 140 469 143 462 143 167
473 161 466 161 471 163 464 163 157
473 164 466 164 471 167 464 167 320
471 186 462 186 469 189 456 189 301
469 184 462 184 467 187 460 187 267
475 201 461 201 471 205 457 205 95
471 213 457 213 467 217 453 217 53
472 230 455 230 467 235 450 235 85
477 257 452 256 469 265 443 264 64
479 265 450 265 469 275 441 274 69
479 19 470 18 475 19 467 17 12
476 67 471 67 475 69 470 69 93
474 65 469 65 473 67 468 67 122
477 87 472 87 477 89 472 89 176
476 93 471 94 475 95 470 95 278
476 99 470 99 475 101 469 101 233
478 101 472 101 477 103 471 103 425
476 107 470 107 475 109 469 109 313
474 111 468 111 473 113 467 113 224
476 133 470 133 475 135 469 135 209
478 129 472 129 477 131 471 131 85
478 134 472 135 477 137 471 137 105
474 150 468 151 473 155 467 156 255
478 156 472 157 477 159 470 159 105
479 218 464 218 475 223 460 223 62
479 224 464 224 475 229 459 229 92
482 241 462 241 477 247 455 247 31
481 264 454 263 473 273 444 273 50
485 269 457 269 477 279 446 279 78
480 65 475 65 479 67 474 66 127
483 78 479 79 483 81 478 80 188
480 81 475 81 479 83 474 83 166
482 91 477 91 481 93 476 93 221
480 97 475 98 479 99 474 100 216
480 109 474 109 479 111 473 111 224
480 121 471 120 479 123 472 123 146
480 131 474 131 479 133 473 133 102
484 135 478 135 483 137 477 137 125
481 144 475 145 481 147 474 146 120
482 160 476 160 481 163 475 163 250
481 165 474 164 479 167 473 167 269
484 174 479 175 483 177 479 179 635
480 176 474 176 479 179 473 179 289
480 180 474 180 479 183 473 183 322
486 205 473 205 483 209 469 209 131
487 217 473 217 483 221 469 221 58
483 230 466 231 479 235 462 235 66
486 239 467 238 481 245 461 245 24
487 264 460 263 479 273 450 273 70
490 271 460 270 481 281 450 281 118
489 71 485 71 489 73 485 73 118
485 75 481 75 485 77 481 77 163
489 79 485 79 489 81 485 81 54
489 84 485 85 489 87 485 87 79
486 109 480 110 485 111 479 112 225
486 121 479 121 485 123 478 123 125
488 133 482 133 487 135 480 135 177
488 168 482 168 487 171 481 171 228
487 184 479 183 485 187 477 186 601
492 195 479 196 489 199 475 198 333
490 199 477 199 487 203 473 203 167
490 217 477 217 487 221 473 221 115
495 253 472 253 489 261 463 261 42
496 257 471 257 489 265 462 264 54
494 127 487 127 493 129 486 129 114
494 133 488 133 493 135 486 137 170
492 136 486 138 491 139 484 140 275
494 152 487 151 493 155 486 155 283
492 170 486 170 491 173 485 173 268
494 205 481 205 491 209 478 209 153
493 213 482 213 491 217 479 217 100
498 221 484 221 495 225 481 225 80
496 217 484 217 493 221 481 221 89
500 246 478 246 495 253 472 253 28
497 255 473 255 491 263 465 263 38
499 262 473 261 493 271 465 271 75
500 267 472 267 493 277 462 277 49
502 271 473 270 495 281 463 281 59
499 75 495 75 499 77 495 77 31
499 81 495 81 499 83 495 83 51
501 95 493 95 497 97 489 97 161
502 117 495 117 501 119 494 119 56
498 121 490 121 497 123 489 123 81
502 140 495 141 501 143 494 143 244
500 155 493 155 499 157 492 157 384
502 162 495 163 501 165 494 167 427
500 178 493 178 499 181 489 179 737
500 204 488 203 497 207 485 207 197
502 207 490 207 499 211 487 211 126
500 211 488 211 497 215 485 215 97
499 217 487 217 497 221 484 221 117
501 235 483 235 497 241 478 240 33
506 242 485 242 501 249 478 249 29
504 244 483 244 499 251 476 251 31
505 251 481 251 499 259 474 259 33
503 83 499 83 503 85 499 85 51
507 85 503 85 507 87 503 87 62
505 81 501 81 505 83 501 83 40
507 93 503 93 507 95 504 94 89
504 109 496 109 503 111 495 111 97
507 111 501 111 507 113 500 113 88
504 131 497 130 503 133 495 133 121
506 148 499 149 505 151 498 151 280
504 186 496 186 503 189 495 189 283
503 200 494 200 503 203 492 203 347
505 213 494 213 503 217 491 217 58
505 221 493 221 503 225 491 225 69
510 254 486 253 505 261 479 261 37
511 259 485 258 505 267 477 267 53
514 263 487 263 507 273 478 273 47
513 267 484 267 507 277 477 277 36
509 271 480 271 503 281 472 281 31
513 97 509 97 513 99 509 99 111
514 113 507 112 513 115 505 115 74
510 115 503 115 509 117 502 117 56
514 162 507 162 513 165 507 164 434
510 160 503 160 509 163 502 163 431
514 186 506 186 513 189 505 189 280
513 190 503 190 511 193 503 193 331
514 188 506 188 513 191 505 191 290
514 196 506 196 513 199 505 199 288
511 213 500 213 509 217 497 217 49
518 241 497 240 513 247 492 247 20
519 260 493 260 513 269 482 270 55
519 263 491 263 513 273 483 273 47
517 91 513 91 517 93 513 93 55
515 99 511 99 515 101 511 101 142
516 121 509 121 515 123 508 123 46
516 131 508 131 515 133 507 133 61
520 145 513 144 519 147 511 147 143
518 166 512 167 517 169 511 168 422
520 180 512 180 519 183 511 183 343
518 184 510 184 517 187 509 188 357
519 193 512 194 519 197 511 197 249
519 198 509 197 517 201 509 201 256
517 209 506 209 515 213 504 213 100
521 213 509 213 519 217 507 217 67
517 215 505 215 515 219 503 219 35
519 217 506 217 517 221 504 221 59
519 237 499 237 515 243 495 242 20
523 244 497 244 519 251 497 251 56
519 250 496 249 515 257 491 257 31
521 267 493 267 515 277 485 277 39
527 265 501 265 519 275 493 274 74
523 270 495 270 519 281 486 280 45
522 117 514 117 521 119 513 119 50
526 119 518 119 525 121 517 121 41
526 133 518 133 525 135 517 135 95
522 135 515 135 521 137 514 137 61
526 152 518 153 525 155 516 154 227
526 161 521 160 525 163 520 162 350
526 166 519 166 525 169 519 169 399
522 163 516 163 521 167 515 167 265
526 184 517 183 525 187 516 186 318
526 190 518 190 525 193 517 193 370
526 241 507 240 523 247 501 247 29
529 254 505 254 521 263 495 263 67
532 125 524 125 531 127 524 127 35
529 168 525 168 529 171 524 171 355
531 178 521 179 531 181 525 181 342
532 186 524 186 531 189 523 189 249
528 188 520 188 527 191 519 191 319
532 192 524 192 531 195 523 195 257
528 198 520 198 527 201 519 201 201
534 241 514 241 531 247 510 247 49
535 253 510 253 531 261 505 261 52
533 101 526 101 533 103 525 102 96
534 107 527 107 533 109 526 109 64
534 121 526 121 533 123 525 123 38
538 121 530 121 537 123 529 123 76
536 123 528 123 535 125 527 125 72
534 141 526 141 533 143 526 143 91
535 151 530 150 535 153 530 153 207
537 170 533 169 537 173 533 172 195
537 190 530 190 537 193 529 193 161
534 211 523 212 533 215 522 215 82
537 221 523 221 535 225 521 225 50
539 221 524 221 537 225 523 225 53
538 230 522 229 537 235 518 235 64
540 233 521 233 537 239 518 239 63
538 237 518 237 535 243 515 243 33
539 265 510 265 535 275 504 274 39
541 105 534 103 541 105 534 104 87
541 109 534 109 541 111 534 111 113
543 115 536 115 543 117 536 117 61
543 131 536 131 543 133 536 133 93
540 133 532 133 539 135 532 135 81
539 148 535 148 539 151 534 150 150
539 178 536 180 539 181 536 183 285
543 186 537 186 543 189 537 189 217
542 194 534 194 541 197 534 197 125
540 202 531 202 539 205 531 205 115
544 215 531 214 543 219 529 219 47
545 232 528 231 543 237 524 237 54
545 239 525 239 543 245 522 245 48
547 258 522 258 543 267 515 267 77
545 261 517 261 541 271 512 270 40
547 327 497 327 539 353 482 352 75
551 335 497 335 543 363 482 362 61
549 103 542 103 549 105 542 105 77
545 111 538 111 545 113 538 113 82
545 117 538 117 545 119 538 119 77
545 167 541 165 545 169 541 167 166
545 178 542 179 545 181 542 182 177
549 209 539 209 547 213 536 213 96
547 209 536 209 545 213 534 213 70
551 232 532 232 549 237 530 237 51
549 239 529 238 547 245 526 245 93
552 244 529 244 549 251 525 251 66
551 288 531 289 547 303 526 303 59
555 119 548 119 555 121 548 121 137
551 117 544 117 551 119 544 119 105
553 146 549 146 553 149 549 149 163
553 166 549 166 553 169 549 169 463
553 180 549 178 553 183 549 182 223
555 196 549 196 555 199 548 199 145
552 198 545 198 551 201 544 201 203
552 194 545 194 551 197 544 197 143
553 203 545 203 553 207 544 207 72
556 215 543 214 555 219 541 218 53
557 235 538 235 555 241 535 241 50
557 252 533 252 555 261 529 261 50
559 264 531 264 555 273 525 273 56
559 330 507 331 553 355 495 355 60
561 109 554 109 561 111 554 111 67
559 113 552 113 559 115 552 115 75
557 142 552 142 557 145 553 145 38
561 142 557 142 561 145 557 145 68
561 149 557 148 561 151 557 151 31
557 174 553 174 557 177 553 177 206
561 178 557 178 561 181 558 181 222
559 184 554 184 559 187 555 187 246
561 190 555 190 561 193 555 193 193
563 199 555 199 561 203 552 203 158
561 205 550 205 559 209 548 209 83
560 211 549 211 559 215 547 215 63
559 231 541 232 557 237 538 237 66
560 258 534 258 557 267 530 267 42
561 265 532 265 559 275 529 275 38
562 328 512 328 557 353 499 353 74
566 334 514 334 561 361 500 362 63
563 113 556 113 563 115 556 115 95
565 138 561 138 565 141 561 141 27
567 143 563 143 567 145 563 145 29
563 166 560 165 563 169 560 168 325
565 194 559 194 565 197 559 197 203
566 203 558 203 565 207 555 207 90
567 214 554 214 567 219 553 218 51
564 213 551 211 563 217 550 216 71
564 224 549 224 563 229 547 229 125
568 233 550 233 567 239 547 239 64
565 235 547 235 565 241 543 241 111
568 239 548 239 567 245 546 245 47
567 244 543 244 565 251 547 251 91
565 251 541 251 563 259 537 259 61
565 257 540 257 563 265 536 265 56
570 300 547 301 567 317 538 315 108
571 129 567 129 571 131 567 131 37
568 133 564 133 569 135 565 135 30
573 135 568 134 573 137 569 137 82
569 149 564 148 569 151 565 151 42
569 150 565 150 569 153 565 153 133
571 180 567 180 571 183 568 183 368
569 186 565 186 569 189 565 189 175
571 190 566 190 571 193 566 193 231
570 201 562 201 569 205 560 205 74
573 213 559 213 571 217 559 217 54
572 240 551 240 571 247 550 247 78
574 254 548 254 573 263 545 263 129
575 265 546 265 573 275 542 275 39
571 296 547 298 569 313 541 315 97
576 332 525 331 573 357 515 355 63
579 123 573 123 577 123 563 121 83
578 132 575 132 579 135 576 135 43
576 130 572 130 577 133 573 133 33
577 137 572 136 577 139 571 137 39
577 184 573 184 577 187 573 187 197
576 193 569 194 575 197 569 197 151
580 224 564 224 579 229 563 229 86
578 230 561 229 577 235 559 234 116
578 242 556 242 577 249 554 249 103
579 257 553 257 577 265 549 265 75
582 327 532 327 579 351 522 351 47
584 140 581 140 585 143 582 143 95
585 203 575 203 585 207 575 207 62
588 138 585 138 589 141 586 141 94
590 182 588 182 591 185 588 185 332
583 187 580 187 587 189 583 189 259
589 207 579 207 589 211 579 211 63
589 253 565 252 589 261 563 260 100
597 136 594 136 597 139 595 137 67
594 184 587 186 595 187 588 189 267
596 192 588 192 597 195 589 195 138
595 196 587 196 595 199 588 199 112
598 215 584 215 597 219 584 219 90
593 219 578 219 593 223 578 223 99
595 231 577 231 595 237 576 237 146
593 235 573 235 593 241 572 241 140
593 249 569 250 593 257 567 257 89
597 253 572 253 597 261 571 261 75
593 257 567 257 593 265 565 265 83
593 263 564 263 593 273 562 273 45
595 267 566 267 595 277 563 277 33
597 265 569 265 597 275 566 275 33
593 335 540 334 593 361 533 361 55
600 174 592 174 601 177 593 177 280
602 178 595 178 603 181 596 181 247
600 180 593 180 601 183 594 183 212
600 186 592 186 601 189 594 189 155
602 182 594 182 603 185 596 185 253
598 184 591 185 599 187 592 187 211
600 192 592 192 601 195 594 195 140
601 203 591 203 601 207 591 207 98
599 220 584 220 599 225 584 225 125
599 224 583 224 599 229 582 229 106
599 238 579 238 599 245 578 245 78
599 240 578 240 599 247 577 247 77
603 267 573 267 603 277 571 277 43
609 176 599 173 609 179 600 177 286
606 180 599 181 607 183 600 183 256
608 187 601 186 609 189 602 189 150
604 192 596 191 605 195 597 195 230
606 192 598 192 607 195 599 195 192
606 199 599 199 607 201 600 201 163
604 219 593 218 605 223 590 223 178
608 230 591 230 609 235 591 235 64
608 253 583 253 609 261 582 261 56
613 21 598 20 615 17 599 16 69
614 45 598 44 615 43 599 42 128
614 55 599 55 615 53 599 52 151
610 113 605 114 613 115 600 117 104
614 120 609 121 615 123 610 123 60
614 126 609 126 615 129 610 129 88
610 127 605 126 611 129 606 129 78
610 134 605 134 611 137 606 137 95
612 186 605 186 613 189 606 189 220
612 209 601 209 613 213 602 213 84
612 215 599 214 613 219 599 219 56
612 222 597 222 613 227 598 227 105
610 228 593 227 611 233 593 232 94
614 253 589 253 615 261 588 261 67
613 263 585 263 615 273 584 273 63
616 22 600 22 617 19 601 18 79
617 31 602 31 619 29 603 29 162
618 41 603 41 619 39 603 39 130
616 39 601 39 617 37 601 37 135
616 47 600 47 617 45 601 45 121
618 52 603 53 619 51 604 51 132
620 64 604 64 621 63 605 63 123
620 73 605 73 621 71 606 72 143
618 125 613 125 619 127 614 127 61
618 141 613 141 619 143 613 144 145
618 146 615 146 619 149 616 149 96
616 207 606 207 617 211 606 211 94
616 218 602 218 617 223 603 223 89
620 224 604 225 621 229 605 229 99
618 228 602 228 619 233 602 233 48
616 240 595 240 617 247 595 247 38
612 243 590 243 617 251 593 251 66
620 248 596 248 621 255 596 255 42
619 267 590 267 621 277 589 277 48
614 268 584 268 617 279 585 279 46
624 33 609 33 625 31 610 31 140
623 40 608 39 625 37 609 37 188
626 146 621 147 627 149 622 149 139
622 194 616 194 623 197 617 197 109
626 215 613 215 627 219 614 219 66
624 211 612 211 625 215 613 215 52
622 232 605 232 623 237 606 237 36
621 254 595 254 623 263 595 263 77
622 263 594 263 625 273 595 273 86
626 259 598 259 627 269 598 269 55
623 269 592 268 625 279 593 279 91
631 39 615 39 633 37 617 37 125
627 44 609 44 629 41 611 41 157
631 47 615 47 633 45 616 44 132
631 89 616 89 633 89 618 89 80
631 95 616 95 633 95 618 95 113
630 121 625 120 631 123 626 123 58
630 186 625 186 631 189 626 189 108
628 194 623 194 629 197 624 197 96
629 201 620 201 629 205 621 205 107
632 205 622 205 633 209 624 209 67
632 213 619 213 633 217 621 217 59
631 235 611 235 633 241 613 241 33
627 233 610 233 631 239 611 239 54
629 242 608 239 631 249 608 249 35
635 25 620 24 637 21 618 21 122
633 52 617 52 635 49 619 49 172
637 80 622 80 639 79 623 79 118
637 86 621 86 639 85 623 85 231
633 93 618 93 635 93 620 93 94
637 97 622 97 639 97 624 97 84
638 117 633 116 639 119 634 119 105
638 131 632 130 639 133 633 133 101
638 139 632 139 639 141 633 141 70
634 182 629 182 635 185 630 185 93
633 199 626 199 635 203 627 203 118
638 200 629 199 639 203 632 203 207
633 224 617 224 635 229 619 229 76
637 222 621 222 639 227 623 227 82
637 230 619 229 639 235 621 235 75
633 247 610 247 637 255 612 255 37
635 244 611 243 637 251 613 250 47
632 263 605 264 635 273 605 273 77
635 265 607 265 639 275 609 275 57
639 42 621 42 641 39 623 39 96
639 55 622 55 641 53 623 53 112
643 74 627 74 645 73 629 73 204
641 82 625 82 643 81 627 81 372
640 78 625 78 643 77 627 77 186
643 87 627 88 645 87 629 87 137
640 147 634 146 641 149 635 149 47
643 220 628 220 645 225 630 225 48
641 226 625 227 643 231 627 233 90
639 232 620 230 641 237 622 236 89
642 236 623 237 645 243 624 243 106
639 254 614 254 643 263 615 263 50
639 260 610 260 641 269 612 269 70
636 306 617 307 641 325 618 323 87
646 41 628 41 649 39 631 38 104
648 72 632 72 651 71 634 71 106
647 84 633 86 649 83 634 84 231
645 89 630 89 647 89 632 89 303
650 121 645 121 651 123 647 122 112
650 127 644 128 651 129 645 129 87
649 134 643 134 651 137 645 137 98
647 141 641 140 649 143 643 143 47
646 146 639 146 647 149 641 149 57
648 179 641 179 649 183 643 182 66
649 186 642 186 651 189 643 189 99
650 196 642 196 651 199 643 199 144
650 200 641 199 651 203 643 203 83
646 235 627 235 649 241 629 241 67
643 302 625 302 647 319 628 319 68
644 334 592 334 651 361 591 361 103
650 26 633 27 653 23 635 23 103
652 43 634 42 655 43 638 41 140
654 68 637 68 657 67 639 65 134
650 81 636 82 653 81 638 81 166
653 112 647 113 653 115 649 115 262
652 153 641 153 653 157 642 156 154
654 156 647 157 655 159 648 160 131
651 182 644 181 653 185 645 185 91
652 195 644 195 653 199 645 199 147
651 210 641 209 653 213 644 211 55
652 237 632 237 655 243 634 243 66
650 241 629 241 653 247 631 247 72
653 247 630 247 657 255 632 255 93
649 256 623 256 653 265 625 265 75
647 335 595 335 655 363 595 363 94
656 53 639 53 659 51 642 51 56
660 51 643 51 663 49 645 48 103
660 57 643 57 663 55 643 53 55
660 84 648 81 663 83 649 85 271
662 133 657 132 663 135 659 135 135
662 169 657 167 663 171 658 173 102
660 170 656 169 661 173 657 171 90
661 182 652 182 663 185 654 185 217
661 211 649 210 663 215 651 215 28
657 237 637 237 661 243 639 243 61
658 247 635 246 661 253 637 253 104
655 260 627 260 659 269 630 269 67
655 302 637 301 661 321 633 323 86
664 61 647 61 667 59 650 59 87
662 79 652 78 665 79 655 77 250
668 150 662 150 669 153 664 153 185
668 156 662 155 669 159 664 159 328
664 161 658 160 665 163 660 163 343
665 180 657 180 667 183 659 183 174
665 199 651 200 667 203 655 203 107
665 209 653 209 667 213 655 213 50
666 217 653 216 669 221 655 221 15
664 249 641 250 669 257 644 257 78
659 247 637 249 665 257 640 257 93
659 329 608 329 667 355 609 355 116
657 334 605 335 665 361 606 361 80
660 333 609 333 669 359 612 359 79
668 24 650 25 671 21 653 20 127
668 30 651 30 671 27 654 27 113
673 37 658 39 675 35 661 36 160
668 53 651 53 671 51 654 51 57
670 111 653 113 671 111 655 113 945
673 120 668 121 675 123 670 125 421
672 120 666 119 673 121 668 122 322
673 125 668 126 675 129 670 131 357
669 144 664 144 671 147 666 147 233
671 148 666 148 673 151 668 151 292
670 170 665 171 671 173 666 172 213
669 182 661 182 671 185 663 185 232
668 198 657 198 671 201 659 201 135
669 203 657 203 671 207 659 207 99
669 211 656 211 671 215 659 215 58
669 241 648 241 673 247 651 247 59
670 255 645 255 675 263 648 263 61
665 329 615 329 675 355 617 355 110
677 55 660 55 681 53 663 53 133
677 64 660 62 681 61 663 61 69
675 67 658 67 679 65 661 66 69
678 185 665 185 681 189 668 188 157
674 193 661 193 677 197 664 196 187
677 231 658 229 681 237 662 236 21
673 250 648 249 677 257 652 257 65
671 328 621 328 681 353 624 352 99
669 333 616 333 679 359 619 359 61
682 35 666 35 687 33 670 33 106
679 53 662 53 683 51 665 50 103
683 50 666 49 687 47 669 46 63
683 59 666 59 687 57 669 56 71
681 57 664 57 685 55 667 54 54
679 68 662 68 683 67 666 67 86
680 99 669 99 683 99 671 98 835
683 154 675 154 685 157 677 157 203
683 178 675 178 685 181 677 180 213
683 192 669 192 687 195 673 195 118
680 213 665 213 685 217 668 218 22
682 218 667 218 685 223 670 223 25
681 223 665 223 683 227 667 227 32
679 246 657 246 685 253 661 252 88
687 21 668 20 691 17 675 16 89
686 40 669 40 691 37 673 37 78
686 57 670 57 691 55 674 55 72
686 65 670 64 691 63 674 62 90
684 83 668 84 689 83 672 83 126
685 195 670 195 689 199 674 199 93
689 194 675 191 693 197 679 196 79
689 199 671 200 693 203 676 203 53
689 213 672 212 693 217 676 217 22
685 220 669 220 689 225 673 224 24
686 226 670 226 691 231 675 232 59
686 241 665 241 691 247 670 247 41
687 253 663 252 693 261 667 261 50
692 22 675 22 697 19 679 18 76
694 26 677 26 699 23 682 22 85
690 30 673 30 695 27 677 27 83
694 36 677 35 699 33 681 32 82
690 39 673 37 695 35 677 35 91
693 53 681 49 699 51 681 51 97
691 50 674 49 695 47 678 47 63
693 61 676 60 697 59 680 58 115
695 69 678 68 699 67 681 67 81
691 80 674 80 695 79 678 79 107
693 112 678 112 697 113 682 113 403
697 151 693 149 699 153 697 151 329
690 201 674 201 695 205 678 205 50
692 214 675 214 697 219 679 219 22
694 210 677 210 699 215 681 215 26
690 253 666 252 697 261 671 261 51
690 257 665 257 699 265 672 265 48
689 335 635 335 699 361 640 361 54
685 335 634 335 697 361 638 361 61
700 26 682 27 705 23 687 23 86
697 49 679 49 701 47 684 46 94
697 67 680 66 701 65 684 65 116
700 74 683 74 705 73 687 73 98
701 166 685 165 703 169 694 167 185
699 184 682 183 703 187 686 187 67
695 197 679 197 701 201 683 201 119
700 201 681 202 705 205 686 205 49
700 228 682 228 705 233 687 233 55
698 233 679 233 703 239 683 239 62
699 238 678 238 705 245 684 245 96
699 242 677 242 705 249 683 249 104
705 43 684 44 711 39 693 39 121
704 44 687 43 709 41 691 41 60
703 78 685 78 707 77 690 77 140
705 210 687 210 711 215 692 215 14
702 218 684 218 707 223 688 222 20
706 216 687 216 711 221 692 221 15
703 222 685 222 709 227 690 227 15
703 246 681 246 709 253 686 253 97
702 249 679 249 709 257 685 257 77
700 261 679 263 709 271 678 271 42
708 45 690 45 713 43 695 45 94
705 63 691 65 713 63 695 61 137
714 129 697 125 717 127 703 129 870
711 174 693 173 717 177 698 176 95
708 191 689 191 713 195 694 195 53
711 195 693 195 717 199 697 200 32
707 201 689 201 713 205 694 205 24
710 235 690 235 717 243 696 241 119
708 242 687 242 715 249 693 249 102
710 242 689 242 717 249 694 249 92
705 253 681 253 713 261 687 261 62
703 291 665 295 713 309 678 310 11
717 34 700 33 723 31 705 30 84
718 66 701 66 723 65 706 64 83
718 86 705 86 723 85 708 85 213
717 96 702 96 721 97 707 97 323
715 140 700 140 719 141 704 142 677
717 142 702 143 721 145 706 145 424
715 251 692 252 723 259 698 259 91
711 261 683 262 719 271 690 271 32
710 267 682 267 719 277 687 277 12
721 37 703 37 727 33 709 32 79
721 48 704 47 727 45 709 45 134
721 54 704 53 727 51 709 50 89
719 59 702 59 725 57 707 57 69
720 94 706 94 725 95 711 95 383
722 118 708 117 727 119 712 119 612
724 145 709 145 729 147 714 147 263
719 176 699 176 725 179 709 177 93
719 183 705 182 725 187 709 186 81
721 214 702 214 727 219 708 219 41
719 210 701 210 725 215 706 215 22
719 216 700 216 725 221 706 221 20
720 237 700 236 729 243 708 243 121
719 242 697 242 727 249 705 249 153
720 251 696 252 727 259 702 259 119
717 270 688 270 727 281 693 281 16
728 102 714 101 733 103 717 104 497
730 119 715 119 735 121 720 121 360
730 127 715 127 735 129 720 129 355
730 133 715 134 735 135 720 135 214
726 141 711 141 731 143 716 143 320
732 151 724 150 735 153 727 153 342
728 156 719 157 731 159 723 159 421
730 164 721 164 733 167 725 166 223
724 177 707 177 731 181 713 180 99
725 185 709 185 731 189 712 189 63
723 184 708 184 731 187 714 187 93
728 197 710 197 735 201 716 201 44
726 199 708 199 733 203 714 203 35
724 204 706 205 731 209 712 209 27
725 216 707 216 733 221 714 221 53
731 224 706 225 735 231 717 230 53
726 238 704 238 733 245 711 245 136
727 249 701 250 735 257 710 257 108
726 255 701 255 735 263 708 263 65
731 26 715 25 737 23 721 23 136
737 88 729 87 741 89 732 88 252
733 96 718 95 739 97 723 96 188
735 100 720 99 741 101 726 101 269
735 103 721 102 741 103 726 103 384
732 115 717 117 737 119 722 118 376
735 147 728 146 739 149 733 149 300
738 160 729 160 741 163 733 162 217
732 199 714 199 739 203 720 203 23
734 212 715 212 741 217 722 217 62
733 244 705 244 741 251 715 251 207
733 253 707 253 741 261 713 260 107
741 42 724 41 747 39 729 38 251
736 50 720 50 743 47 725 47 214
742 63 725 63 747 63 734 62 278
740 141 730 140 745 143 734 142 194
739 158 731 158 743 161 735 161 404
743 160 735 160 747 163 739 163 246
738 181 721 181 745 187 727 185 96
741 187 723 186 747 189 729 190 103
738 201 720 200 745 205 726 205 30
737 258 711 258 747 267 719 267 79
736 261 708 261 747 271 716 270 35
734 265 706 265 745 275 715 275 20
735 269 704 268 745 279 714 279 16
743 20 726 20 749 17 733 16 208
747 31 730 31 753 29 736 29 269
746 67 734 67 751 67 739 67 69
749 74 737 74 753 73 742 74 104
746 87 734 87 751 89 739 88 107
748 96 736 95 753 97 741 96 185
748 101 736 101 753 103 741 103 308
746 117 730 115 751 119 733 117 500
744 137 734 137 749 139 738 138 216
748 168 737 168 753 171 742 171 255
741 172 724 172 749 175 727 173 220
742 244 714 244 753 251 724 251 200
738 263 710 263 749 273 719 273 15
750 70 738 70 755 69 743 70 97
750 80 738 80 755 81 743 80 50
750 119 733 118 755 121 743 121 265
750 125 738 125 755 127 743 127 160
750 166 739 166 755 169 744 169 237
747 197 729 197 755 201 736 200 89
747 220 719 220 757 227 727 227 125
748 226 721 226 759 233 730 233 172
746 242 718 241 757 249 728 249 119
744 248 717 248 755 255 726 255 156
757 39 743 40 761 39 748 39 199
756 63 743 63 761 63 749 62 61
759 68 746 68 765 67 752 66 88
755 137 743 136 761 139 748 138 128
756 190 744 189 761 193 749 193 93
752 224 723 224 763 231 731 232 255
752 231 724 231 763 237 734 238 153
749 233 721 234 761 241 731 242 105
750 261 722 261 761 271 732 271 25
761 132 748 131 767 133 754 133 114
761 160 749 160 767 163 754 162 67
763 195 747 196 769 199 756 199 101
759 218 731 218 771 223 743 225 258
768 63 755 67 775 65 761 63 35
771 123 757 123 777 125 764 124 32
769 148 755 148 775 151 761 149 87
756 267 726 267 773 275 736 276 40
772 89 759 89 779 89 765 88 27
773 111 760 109 779 109 765 109 9
774 122 761 121 781 123 765 123 67
776 126 762 125 783 127 768 127 95
774 158 761 159 781 161 767 161 34
772 162 759 162 779 165 765 165 51
772 183 758 183 779 189 765 189 29
778 93 764 93 785 93 770 93 41
778 124 764 123 785 125 770 125 61
780 154 766 155 787 155 773 156 93
780 162 766 162 787 165 772 165 63
773 235 745 237 789 243 759 245 182
770 261 736 261 785 271 747 270 39
768 291 731 291 787 307 747 307 20
785 83 770 83 793 83 777 83 76
785 92 770 91 793 93 778 92 34
788 103 773 103 795 105 779 103 26
787 160 772 159 795 163 780 163 51
777 199 746 199 795 205 760 205 119
776 245 742 245 793 255 756 255 80
776 242 743 242 793 251 757 251 86
775 270 741 269 791 279 754 277 28
772 293 736 294 791 309 749 308 21
774 299 736 299 793 315 750 315 19
793 116 776 116 801 117 784 117 78
780 244 745 243 797 253 758 252 80
783 247 747 245 801 257 763 257 105
783 278 749 278 801 291 765 292 22
783 275 749 275 801 287 764 285 20
779 290 741 290 797 305 751 303 55
794 40 778 39 803 37 786 37 33
795 51 778 47 803 47 787 49 30
796 82 780 82 805 81 788 81 47
794 84 778 84 803 83 786 83 39
793 121 779 120 803 121 786 121 125
796 118 780 118 805 119 789 118 57
797 144 781 144 805 145 789 143 23
795 155 779 154 803 157 787 156 63
798 163 782 162 807 165 790 165 56
789 221 756 221 807 229 769 229 59
788 227 753 227 807 235 769 235 83
787 246 753 247 805 255 768 256 102
786 257 751 257 803 267 766 268 43
786 284 751 284 803 297 763 298 30
804 63 787 62 813 61 796 60 50
802 140 786 140 811 141 794 141 44
800 147 784 146 809 149 793 148 32
804 153 788 153 813 155 797 155 34
790 233 756 233 811 243 773 242 143
793 253 756 253 809 263 770 263 56
793 261 759 262 813 273 774 273 43
791 259 757 260 811 271 772 271 49
809 25 791 25 817 23 799 22 23
809 38 792 38 819 35 801 36 45
808 57 791 57 817 57 800 55 71
805 65 789 64 815 63 797 63 66
807 81 790 80 817 79 799 77 43
805 82 788 82 815 81 798 80 71
808 115 791 114 817 115 800 117 92
806 131 789 131 815 133 798 132 96
807 165 791 165 817 169 800 167 32
797 199 764 199 815 205 778 205 41
798 205 764 203 817 209 780 209 34
796 216 762 216 815 223 777 223 25
802 219 766 219 819 227 779 227 34
801 223 766 223 819 231 780 231 50
798 239 762 240 819 249 779 249 60
796 238 760 238 817 247 776 247 103
799 243 762 245 819 255 779 255 42
794 241 757 241 815 251 774 252 94
797 247 760 247 817 257 776 256 73
796 252 760 252 817 263 777 263 84
799 258 761 258 819 269 779 269 50
795 295 756 294 817 311 774 311 21
811 51 793 52 821 49 803 48 35
811 65 794 65 821 67 803 67 47
814 78 797 77 825 77 807 77 35
811 84 794 83 821 83 803 82 78
811 158 793 158 821 159 803 159 25
811 168 794 167 821 171 803 169 22
811 178 794 178 821 181 803 182 22
805 204 774 203 821 209 786 211 24
806 223 771 223 823 231 785 231 45
805 227 769 227 825 235 785 235 48
800 267 764 267 821 279 781 279 16
799 307 757 307 823 325 775 325 21
799 317 755 317 825 337 774 338 13
817 140 798 140 827 141 808 141 46
817 188 799 188 827 193 809 192 29
808 217 774 217 827 225 786 225 23
813 225 775 225 831 233 792 233 53
806 234 769 234 827 243 787 243 59
811 237 776 237 829 247 789 247 149
804 263 767 263 827 275 785 275 20
808 263 770 263 831 275 790 275 23
808 266 770 267 829 279 789 279 15
807 301 765 301 831 319 785 319 13
804 299 761 297 829 317 782 316 17
824 107 805 107 835 107 816 106 45
823 117 805 116 835 117 815 117 60
823 186 805 186 833 191 815 191 54
816 221 781 221 833 229 795 229 48
809 245 775 244 833 255 791 255 35
816 261 774 261 835 273 794 273 20
808 287 771 288 835 303 784 301 13
809 312 765 312 835 333 785 333 12
813 320 767 320 837 339 787 340 13
827 33 809 31 839 29 819 28 27
827 109 809 108 839 109 820 108 41
829 107 811 107 841 107 821 106 41
823 200 795 199 843 205 802 205 34
820 238 782 238 843 247 801 247 33
817 248 783 248 839 259 796 259 55
813 321 765 320 841 343 791 345 18
824 232 786 232 847 241 807 241 51
821 241 784 243 845 253 804 253 29
820 311 775 311 849 331 799 331 13
838 102 819 101 851 101 831 100 70
831 239 794 239 855 249 815 249 27
827 236 789 236 851 245 810 245 29
826 275 782 276 855 291 805 291 23
821 326 773 327 853 351 797 351 13
844 54 824 53 857 51 836 50 79
848 104 828 103 861 103 841 102 72
844 101 824 101 857 101 836 101 66
844 150 824 147 857 149 837 151 56
836 234 797 234 861 243 820 243 39
827 277 781 277 857 293 807 293 31
831 301 790 301 859 319 812 319 16
853 27 833 25 867 21 846 20 44
853 41 833 40 867 37 846 36 68
854 107 833 107 867 107 847 106 85
853 145 833 145 867 147 846 147 93
840 239 803 239 865 249 824 249 42
841 238 804 238 867 247 826 247 64
842 243 805 243 867 253 826 253 41
836 269 792 272 867 287 816 289 32
835 271 790 272 865 287 815 288 41
832 280 787 280 863 297 812 298 24
837 312 792 312 867 331 816 329 14
856 43 833 44 871 39 848 39 108
858 41 836 42 873 37 851 36 38
858 47 836 47 873 43 851 42 50
858 150 837 149 873 151 851 151 84
856 159 834 159 871 161 849 161 48
843 227 806 227 869 235 828 235 50
843 234 806 234 869 243 828 243 60
837 316 791 316 869 339 816 339 12
837 320 790 321 869 343 815 343 17
862 49 840 49 877 45 854 45 42
862 151 840 151 877 153 855 152 62
862 153 840 153 877 155 855 154 64
864 157 842 157 879 159 857 159 36
851 196 819 196 875 201 839 201 66
851 227 813 226 877 235 835 234 80
851 232 814 232 877 241 836 241 68
851 238 814 238 877 247 836 247 75
865 73 843 72 881 71 858 72 10
866 101 845 101 881 101 859 100 43
857 209 822 208 881 215 844 215 52
854 234 818 234 881 243 840 243 62
856 243 819 243 883 253 842 253 59
854 246 817 246 881 257 840 257 45
849 323 800 323 885 347 829 347 25
860 234 822 234 887 243 846 243 59
860 240 823 239 887 249 845 248 64
861 243 824 243 889 253 848 253 59
854 270 804 270 891 287 834 287 43
854 297 805 297 891 321 834 319 34
879 99 856 99 897 95 873 97 58
869 232 832 232 897 241 856 241 41
867 243 830 243 895 253 854 253 38
865 245 828 245 893 255 852 255 28
856 271 806 271 895 289 837 289 30
857 297 806 296 895 317 837 317 40
859 302 809 302 897 323 840 323 46
860 316 809 316 897 339 841 340 24
858 314 808 314 895 337 839 339 40
883 33 860 32 901 27 876 26 56
881 35 858 34 899 29 874 28 54
881 82 858 80 899 79 875 78 29
883 89 860 88 901 87 877 86 55
885 93 862 92 903 91 879 90 61
883 153 860 153 901 155 877 155 35
874 237 837 237 903 247 862 246 49
863 326 813 326 901 351 844 352 16
877 220 841 219 905 227 866 227 58
876 230 840 230 905 239 864 239 41
876 243 839 243 905 253 863 253 48
865 296 813 293 905 317 846 316 42
894 69 870 70 913 67 887 65 18
895 91 869 91 913 89 886 89 65
894 97 871 96 913 95 889 94 57
892 148 869 147 911 149 887 149 62
895 155 872 155 915 157 883 157 51
875 265 823 265 915 283 855 281 24
899 61 875 61 919 59 893 58 15
903 81 878 80 921 79 895 78 46
889 228 852 228 919 237 878 237 46
889 230 852 230 919 239 879 239 64
890 237 853 237 921 247 880 247 29
907 166 881 168 927 169 904 169 44
892 225 855 224 923 233 882 233 47
896 237 859 237 927 247 886 247 27
895 255 859 254 927 265 887 265 38
913 57 885 59 933 55 904 55 139
907 156 878 156 929 157 903 157 43
898 241 861 240 929 251 889 250 23
900 246 863 246 931 257 890 257 32
900 252 862 252 931 263 890 263 39
918 155 889 154 951 155 920 155 118
965 243 935 242 999 253 966 252 11
973 107 942 107 1005 107 972 107 24
973 151 943 151 1005 153 972 152 24
969 147 939 146 1001 149 968 147 21
973 188 943 188 1005 193 972 192 23
973 190 942 190 1005 195 972 194 24
969 193 939 193 1001 197 967 197 16
970 213 939 214 1001 221 968 221 23
975 100 945 100 1007 97 974 98 38
977 149 946 149 1009 151 976 149 33
975 155 944 153 1007 157 974 159 32
979 182 948 181 1011 187 978 188 23
977 220 946 220 1009 227 976 227 29
962 266 918 267 1009 281 958 281 22
983 105 952 101 1017 101 983 103 15
981 180 950 179 1015 183 981 181 13
983 216 952 215 1017 223 983 222 23
981 248 947 247 1013 257 977 256 20
986 126 954 123 1019 125 985 125 15
986 187 955 188 1021 193 987 193 22
985 196 954 195 1019 201 985 200 45
985 218 954 218 1019 225 985 224 30
986 229 954 229 1021 237 986 236 13
987 242 956 242 1021 251 988 250 8
995 113 963 113 1029 111 996 109 17
992 111 960 111 1025 109 991 108 12
990 224 959 227 1025 233 991 235 22
1001 94 968 95 1033 91 999 91 14
998 104 965 102 1031 101 997 100 11
997 154 963 152 1031 155 996 155 13
995 182 962 181 1031 187 996 186 10
1000 196 968 195 1035 201 1000 200 27
996 198 964 197 1031 203 996 202 17
1000 202 968 201 1035 207 1001 207 26
996 213 966 213 1033 219 996 219 19
996 229 965 232 1033 239 999 239 12
980 270 932 267 1033 285 978 287 20
978 272 930 273 1031 289 976 289 21
1002 69 967 68 1037 63 1003 62 82
1005 74 969 74 1041 69 1001 67 68
1005 193 973 191 1039 195 1006 197 12
1002 198 970 197 1037 203 1003 202 23
1000 230 969 231 1037 237 1002 239 7
1004 240 974 239 1041 247 1008 247 8
1006 83 977 83 1043 79 1009 78 35
1010 91 978 92 1047 87 1013 86 12
1007 91 975 90 1043 87 1010 85 11
1010 101 979 100 1047 97 1012 96 13
1009 141 978 141 1045 141 1012 140 8
1010 205 976 205 1047 211 1011 211 29
1009 231 976 231 1047 239 1010 239 10
1008 232 975 233 1045 241 1010 240 9
1017 63 979 64 1053 57 1019 56 484
1017 103 984 104 1051 101 1018 99 8
1013 170 982 169 1051 173 1016 174 11
1015 205 982 205 1053 211 1018 211 24
1013 208 980 210 1051 215 1015 214 26
1012 217 980 217 1051 225 1015 225 20
1011 218 978 218 1049 225 1013 225 20
1015 235 979 234 1049 243 1013 243 12
1018 67 981 68 1055 61 1021 60 338
1020 127 989 126 1059 125 1025 126 10
1022 184 988 183 1059 187 1025 188 7
1022 192 990 190 1059 195 1025 196 14
1018 186 986 187 1055 191 1020 191 10
1016 205 983 205 1055 211 1020 211 23
1023 237 985 236 1057 245 1021 245 13
1023 205 989 205 1063 211 1027 211 30
1021 209 987 210 1061 215 1024 215 26
1034 123 1001 124 1069 121 1036 119 10
1028 135 998 138 1067 137 1033 136 23
1031 201 995 200 1069 207 1035 207 41
1027 205 993 205 1069 211 1031 211 27
1034 207 1000 207 1077 213 1039 213 26
1033 207 999 207 1075 213 1038 213 41
1014 261 964 261 1077 277 1019 277 24
998 320 934 320 1075 351 999 351 16
998 325 933 325 1075 357 998 357 17
1040 199 1005 199 1083 205 1045 205 44
1035 198 1000 198 1079 203 1043 201 26
1006 320 941 321 1083 353 1007 354 16
1043 181 1003 181 1089 185 1049 185 24
1042 197 1007 197 1085 203 1047 203 66
1045 207 1007 207 1087 213 1049 213 52
1042 205 1007 205 1085 211 1047 211 36
1046 185 1009 185 1093 189 1052 189 44
1055 177 1015 178 1101 183 1063 181 101
1053 177 1012 177 1097 181 1057 181 82
