93 145 69 145 59 141 34 141 56
97 147 73 147 63 143 38 143 86
93 150 69 150 59 147 34 147 44
99 143 74 143 65 139 41 140 98
98 145 74 145 65 141 40 142 81
98 151 74 151 65 147 40 147 61
126 270 85 270 69 281 23 281 156
124 281 81 281 65 293 16 293 122
103 41 80 41 71 33 46 31 132
107 47 84 47 75 39 50 38 104
103 49 80 49 71 41 46 39 150
107 132 84 132 75 127 51 127 234
107 138 84 138 75 133 51 134 138
131 244 86 245 71 251 23 250 120
133 278 87 277 71 289 22 289 138
130 283 87 283 71 295 19 294 140
132 310 87 309 73 325 21 324 385
109 143 86 141 77 139 52 140 112
109 154 86 157 77 151 53 153 122
111 158 88 158 79 155 55 155 78
109 164 86 162 77 161 53 160 155
111 169 87 169 79 167 55 166 134
112 177 89 177 81 175 57 175 241
109 175 85 175 77 173 53 173 137
109 183 85 182 77 181 53 181 319
109 188 86 188 77 187 53 187 285
112 192 89 192 81 191 57 191 173
109 194 86 194 77 193 53 193 233
137 285 95 285 79 297 27 296 138
117 54 94 54 87 45 63 46 131
114 130 89 128 83 125 58 125 266
117 141 95 143 87 137 63 137 129
114 152 92 152 83 149 59 148 85
116 196 97 195 87 195 61 195 233
129 209 95 209 83 211 46 211 112
131 214 97 214 83 217 45 217 222
143 244 100 244 87 251 39 250 137
141 248 98 248 85 255 37 255 109
121 74 102 75 91 65 68 66 148
123 139 101 140 93 135 69 135 131
121 160 98 160 89 157 67 158 105
127 160 102 160 93 157 67 157 193
117 173 98 173 89 171 63 171 279
121 179 99 179 91 177 68 177 550
120 192 98 192 91 191 67 191 221
151 279 106 278 91 291 41 290 169
127 66 102 66 95 57 71 58 221
126 72 104 72 95 63 72 64 154
125 132 105 132 95 127 70 127 41
131 140 110 139 99 135 79 136 110
128 185 104 185 99 183 73 183 292
140 207 106 207 95 209 58 209 161
153 294 110 294 95 307 45 306 187
129 35 106 36 101 25 76 26 93
133 43 111 44 105 33 82 34 150
133 68 111 68 105 59 77 60 396
132 169 108 169 103 167 81 167 177
135 177 109 177 105 175 83 175 409
131 179 107 179 103 177 80 177 582
132 185 111 184 103 183 77 183 325
161 265 114 264 105 271 54 271 139
138 37 117 38 111 27 88 28 248
140 111 115 112 109 105 82 106 43
141 115 113 115 107 109 79 109 43
141 119 116 119 109 113 81 113 30
138 185 116 184 111 183 89 183 303
165 255 123 254 109 263 57 263 201
167 269 122 269 111 279 61 279 220
165 265 120 265 109 275 60 274 272
165 310 121 309 111 325 62 324 134
165 328 123 327 111 345 63 344 211
149 76 122 77 115 67 86 68 353
140 131 119 130 113 125 88 127 29
144 133 117 133 115 129 92 129 13
145 170 121 167 117 167 94 167 133
143 175 122 175 117 173 95 173 278
143 182 122 182 117 181 94 181 246
171 249 128 249 117 257 68 256 100
171 262 128 261 117 271 68 270 182
169 269 124 269 113 279 64 278 234
170 303 125 303 115 317 65 316 107
170 327 127 326 117 343 69 342 112
146 58 124 57 119 49 96 47 314
145 66 119 67 119 57 91 58 625
153 80 126 80 119 71 90 72 275
155 82 128 83 121 73 92 74 223
152 86 126 86 119 77 90 78 171
156 92 128 92 121 83 93 84 147
150 132 128 133 123 129 99 128 12
149 130 127 129 123 127 98 125 18
146 137 121 137 119 133 94 133 9
148 137 125 137 121 133 97 133 9
148 141 125 141 123 137 97 136 9
147 179 126 179 121 177 99 177 322
149 177 128 177 123 175 101 175 281
149 182 128 182 123 181 101 181 207
175 253 131 253 121 261 72 261 101
177 257 133 257 123 265 74 264 131
175 295 131 295 121 309 72 308 190
176 301 130 301 121 315 72 314 110
155 35 132 35 129 25 107 26 182
158 89 132 90 125 81 96 82 215
162 95 135 95 129 87 100 88 185
157 111 131 111 129 105 101 105 51
155 115 131 115 127 109 100 109 60
154 115 129 115 125 109 99 109 61
153 180 132 180 127 179 105 179 324
178 239 137 239 129 243 87 242 74
180 246 137 246 127 253 79 252 65
180 328 136 327 127 345 83 346 159
181 325 135 325 129 341 78 341 73
160 52 139 53 135 43 113 45 232
167 74 139 73 133 63 104 63 433
164 78 137 79 131 69 102 70 364
164 86 137 86 131 77 102 78 250
158 107 131 107 131 101 101 101 90
157 173 137 173 133 171 111 171 106
185 319 139 319 133 335 82 335 68
164 48 143 49 139 39 118 39 187
173 80 146 80 141 71 112 72 277
171 87 144 88 139 79 110 80 333
166 113 143 113 139 107 111 107 162
169 117 145 117 139 111 111 111 91
167 117 140 117 137 111 110 111 63
165 122 143 122 141 117 109 116 58
161 139 142 139 139 135 115 135 12
184 233 143 232 137 237 108 238 94
195 251 150 251 139 259 89 259 80
191 252 152 251 141 259 92 259 82
191 259 149 258 141 267 93 267 156
191 264 148 264 141 273 93 273 182
189 271 146 271 139 281 91 280 199
188 293 145 292 137 305 89 304 70
193 317 149 317 141 333 91 333 65
175 84 148 84 143 75 114 76 391
179 109 152 110 147 103 118 103 284
167 139 147 139 143 135 121 135 18
190 244 151 242 143 249 93 250 102
193 247 149 247 145 253 97 253 63
194 268 152 267 145 277 98 276 183
185 67 159 66 153 57 125 57 215
182 103 155 103 151 95 122 96 383
183 119 159 119 153 113 126 113 128
200 261 160 260 153 269 108 268 146
197 279 156 278 149 289 103 288 86
188 39 163 38 157 27 131 27 235
189 65 162 66 157 55 128 56 288
187 75 159 74 155 65 126 65 315
187 93 160 94 155 85 126 86 178
189 111 162 111 159 105 130 105 233
182 115 159 115 155 109 128 109 401
178 186 158 186 155 185 133 185 448
178 192 158 192 155 191 133 190 593
189 197 163 197 159 199 131 199 298
203 238 163 238 157 245 111 245 68
204 265 163 264 157 273 121 272 341
203 277 163 277 157 287 109 287 71
205 299 165 298 159 311 113 310 50
205 313 162 313 159 327 112 327 56
196 104 169 104 165 97 136 97 347
194 108 167 109 163 101 134 101 388
195 117 168 117 165 111 137 111 122
194 121 166 120 163 115 133 114 100
192 157 166 156 163 153 135 153 94
194 165 168 166 165 163 137 163 130
192 166 166 166 163 163 135 163 104
193 179 166 179 163 177 135 177 335
194 203 168 203 165 203 137 202 291
211 247 169 246 165 253 121 253 76
210 253 166 253 165 259 119 259 147
211 259 168 259 165 267 117 267 83
209 278 170 277 165 287 117 287 62
210 311 168 311 165 325 118 325 57
209 320 168 319 163 335 117 334 65
212 325 169 325 165 341 117 340 123
202 77 175 78 171 67 143 69 332
197 92 170 91 167 83 138 84 488
200 94 174 95 171 87 143 88 371
199 121 172 121 169 115 141 115 92
199 127 170 126 167 121 139 121 67
198 132 172 132 169 127 141 127 69
196 158 170 158 167 155 139 155 91
198 164 172 164 169 161 141 161 103
200 165 174 166 171 163 143 163 121
198 198 172 197 169 199 141 198 361
207 224 167 223 167 229 124 230 182
216 245 175 245 171 251 125 251 72
215 250 175 250 171 257 126 257 83
215 263 175 263 171 271 126 270 106
209 269 169 268 167 277 120 277 164
216 274 174 274 171 283 125 283 89
217 314 177 314 169 329 123 329 86
205 36 176 36 173 23 143 24 186
206 86 179 86 177 77 149 77 237
202 103 176 103 173 95 145 96 383
205 107 180 103 175 101 146 102 590
202 115 176 114 173 107 144 108 374
204 127 177 126 175 121 146 121 79
206 134 179 134 177 129 148 129 84
202 154 177 155 173 151 143 149 195
202 151 176 153 173 149 144 148 110
205 164 179 162 177 159 149 159 142
204 158 178 158 175 155 147 155 115
203 199 177 199 175 199 147 199 318
220 243 178 243 175 249 130 249 108
220 247 179 247 175 253 130 253 99
218 267 178 266 175 275 129 275 125
212 39 184 40 181 27 151 28 177
212 127 185 126 183 121 155 121 132
208 130 181 130 179 125 151 125 74
212 132 186 132 183 127 155 127 86
211 138 185 138 183 133 155 133 77
207 139 181 140 179 135 151 136 123
211 145 184 145 183 141 154 141 99
208 152 181 152 179 149 151 149 138
207 163 181 162 179 159 151 159 192
212 164 185 164 183 161 155 161 145
222 259 182 259 179 267 135 267 116
222 265 182 264 179 273 135 272 129
224 274 183 274 181 283 137 282 96
224 287 185 286 183 297 140 296 76
226 328 182 327 179 345 130 344 110
214 30 188 29 185 17 158 17 204
214 99 187 99 185 91 157 92 194
217 121 191 120 189 115 161 114 187
215 130 189 131 187 125 159 125 141
215 140 188 139 187 135 159 135 81
213 165 187 166 185 163 157 163 171
215 191 189 192 187 191 159 190 446
214 201 189 201 187 201 159 201 255
225 239 187 240 185 245 142 245 124
227 263 188 262 185 271 141 271 118
230 265 191 264 189 273 147 272 120
228 267 189 267 187 275 143 275 138
230 271 191 270 189 279 145 279 99
229 305 189 305 189 317 149 316 148
223 39 199 37 193 27 164 28 191
221 104 194 105 193 97 168 95 462
221 114 194 114 193 107 165 107 194
220 115 192 116 191 109 162 109 144
219 121 193 120 191 115 163 114 125
222 135 196 135 195 129 167 129 105
220 154 194 154 193 151 166 151 101
218 154 192 154 191 151 165 151 147
217 188 192 188 191 187 166 187 444
235 242 196 241 195 247 153 247 93
234 266 196 265 195 273 152 273 81
232 271 193 270 191 279 147 279 114
234 291 198 290 195 301 158 300 138
229 293 195 292 191 303 154 302 230
232 298 197 297 195 307 157 307 162
231 309 192 309 191 321 148 321 161
236 325 193 324 191 341 143 340 142
226 32 199 33 197 19 169 21 205
225 62 198 62 197 51 169 52 493
227 82 201 82 199 73 169 73 359
227 88 202 89 201 81 171 80 288
224 93 198 93 197 85 169 86 230
228 96 202 97 201 89 173 90 189
227 106 202 106 201 99 174 99 255
228 109 202 110 201 103 174 103 334
227 116 201 115 199 109 171 108 202
225 154 200 154 199 151 172 151 117
224 158 198 158 197 155 169 155 116
226 160 200 160 199 157 172 158 148
225 197 200 196 199 195 171 197 363
223 201 198 200 197 201 169 200 255
236 283 198 283 197 293 156 291 91
237 299 202 298 201 309 163 308 157
233 303 197 302 197 313 158 312 151
233 89 207 89 207 81 180 81 323
229 95 204 95 203 87 176 87 298
232 102 205 103 205 95 178 96 196
230 109 204 110 203 103 176 103 202
230 123 203 122 203 117 176 117 183
232 119 206 119 205 113 177 113 294
222 148 204 147 203 145 184 146 109
240 237 203 237 203 241 172 240 96
245 246 206 246 205 251 161 251 80
245 271 207 271 207 279 165 279 39
236 37 210 38 209 25 181 26 162
236 75 210 75 209 65 181 66 354
235 89 209 89 209 81 182 81 262
239 93 214 92 213 85 186 85 197
231 168 213 168 213 165 195 167 95
248 237 211 237 211 243 176 244 40
249 299 215 298 213 309 177 308 108
244 45 217 45 217 33 189 34 149
240 91 215 90 215 83 188 83 257
240 123 215 122 215 117 187 116 263
236 135 218 135 219 131 201 132 162
235 156 217 156 217 153 198 153 78
236 179 219 179 219 177 201 177 248
232 181 215 181 215 179 197 179 205
234 195 217 197 217 197 199 197 380
251 241 217 240 219 245 179 244 59
249 253 213 253 215 259 170 259 29
252 261 217 261 215 267 184 267 38
255 257 216 257 219 263 179 263 59
253 303 217 302 217 313 176 312 105
258 313 218 313 219 327 175 326 100
248 98 222 99 223 91 195 91 384
250 104 224 104 225 97 197 97 321
248 112 222 112 223 105 195 105 270
242 130 225 130 225 125 207 125 220
238 139 220 139 221 135 203 136 131
238 158 220 158 221 155 203 155 118
238 189 221 192 221 191 203 191 228
241 198 224 198 225 197 207 197 223
266 325 225 324 225 341 178 340 73
256 54 229 54 231 43 202 43 160
252 80 225 80 227 71 205 69 343
255 108 230 108 231 101 204 101 260
253 111 228 112 229 105 202 106 222
251 115 226 115 227 109 200 109 258
243 125 229 126 229 121 209 121 342
247 142 230 143 231 139 213 139 125
244 148 228 149 229 145 211 145 108
243 146 226 147 227 143 209 143 131
243 162 225 162 227 159 209 159 117
248 164 230 164 231 161 212 161 209
244 168 226 168 227 165 208 165 101
264 237 229 237 231 241 193 241 290
262 276 228 275 231 283 194 283 24
267 317 227 316 229 331 184 330 70
269 315 229 314 231 329 187 328 70
266 321 226 320 229 335 181 335 84
267 325 229 323 231 339 185 338 74
259 36 236 33 233 23 209 21 288
260 41 234 40 235 29 206 28 148
260 50 233 50 235 39 206 39 151
257 104 232 104 233 97 207 97 353
261 108 235 108 237 101 210 101 232
249 129 232 129 233 125 215 125 175
248 154 232 155 233 151 216 152 149
249 160 232 160 233 157 215 157 261
253 164 236 164 237 161 219 161 217
251 169 234 169 235 167 218 167 127
250 189 234 189 235 187 218 187 22
269 250 235 249 237 255 199 255 218
267 265 232 264 235 271 197 271 61
265 280 234 278 235 287 199 287 51
271 319 231 318 233 333 188 332 77
268 58 241 58 243 47 214 47 105
266 83 239 84 241 75 216 76 431
265 100 241 101 243 93 217 94 357
263 106 239 106 241 99 215 99 330
256 123 240 124 241 119 220 119 166
257 130 241 129 241 125 223 125 99
256 141 240 137 241 137 224 137 84
255 163 238 163 239 161 221 161 99
256 189 239 188 241 187 224 187 21
272 236 238 236 241 241 204 241 165
271 237 237 237 239 241 202 241 223
271 254 236 253 239 259 201 259 121
272 258 238 257 241 263 203 263 123
273 265 238 264 241 271 203 271 68
276 317 235 317 239 331 195 330 77
280 315 239 315 243 329 199 328 89
270 54 243 54 245 43 217 44 183
272 75 246 76 249 67 222 67 383
262 196 245 196 247 195 230 195 134
260 194 244 193 245 193 228 193 65
281 228 245 229 247 231 216 231 183
278 239 244 239 247 243 210 243 172
278 261 243 261 247 267 209 267 83
278 287 244 287 249 295 215 294 86
271 162 253 162 255 159 237 158 99
267 168 251 168 253 165 236 165 97
269 173 253 173 255 171 239 172 108
269 185 253 185 255 183 238 183 134
265 192 249 192 251 191 234 189 84
265 194 249 194 251 193 234 193 96
284 247 251 246 255 251 219 250 138
279 286 248 285 253 293 216 293 85
272 25 256 25 259 17 244 18 195
275 106 259 106 261 101 245 102 201
271 167 255 167 257 165 240 165 179
273 169 257 169 259 167 242 167 232
273 180 256 178 259 177 243 178 97
271 190 255 190 257 189 240 189 70
274 199 259 200 261 199 245 197 338
290 250 257 250 261 255 225 255 176
288 247 255 246 259 251 223 251 139
286 252 253 252 257 257 221 257 144
288 289 254 289 259 297 222 297 99
280 32 265 33 267 25 252 26 269
278 84 263 85 265 79 249 80 527
278 102 263 102 265 97 249 97 222
279 131 263 131 267 127 250 127 46
277 133 261 133 263 129 246 129 136
279 135 263 135 265 131 248 131 136
281 150 265 150 267 147 251 147 114
278 146 263 146 265 143 249 143 202
276 159 261 162 263 159 247 159 159
280 167 265 168 267 165 251 165 158
281 183 265 183 267 181 251 181 230
276 184 261 185 263 183 246 182 76
281 187 265 187 267 185 251 185 182
291 245 261 244 263 249 231 248 157
291 265 260 263 263 271 230 269 71
294 287 261 287 265 295 230 295 98
296 309 257 309 263 321 220 321 114
284 47 267 47 269 39 253 40 139
282 98 266 98 269 93 254 94 192
282 106 267 106 269 101 253 101 117
284 152 269 152 271 149 255 149 92
285 164 268 163 271 161 255 161 303
284 171 269 171 271 169 255 169 179
286 183 271 183 273 181 258 181 193
286 191 271 191 273 189 257 189 276
299 251 268 250 273 255 238 255 108
293 277 266 277 271 283 237 282 138
299 284 267 284 273 291 239 291 177
302 302 264 302 271 313 229 313 131
288 77 273 77 275 71 259 72 291
291 77 279 78 279 71 265 72 243
290 151 275 151 277 151 261 149 69
290 171 275 170 277 167 262 168 237
289 187 274 186 277 185 261 185 165
288 191 273 191 275 189 259 189 223
288 199 272 198 275 197 259 197 310
300 279 270 278 277 285 245 284 103
302 276 272 275 277 281 247 281 219
303 287 272 287 277 295 243 294 135
303 294 269 294 275 303 236 303 123
307 304 270 304 277 315 236 315 123
297 33 283 33 285 25 271 26 110
297 52 281 52 285 45 270 46 98
293 50 281 52 281 43 263 43 124
296 73 280 73 283 67 266 67 128
298 92 282 89 285 85 269 83 63
298 95 282 93 285 89 269 89 76
294 135 278 135 285 131 263 131 108
295 169 280 169 283 167 268 168 201
297 179 282 179 285 177 270 177 184
293 191 278 191 281 189 265 189 127
306 253 275 253 281 257 248 257 128
305 269 278 267 283 273 253 273 189
304 275 276 275 281 281 251 281 101
310 287 278 287 285 295 250 295 111
310 299 274 298 281 309 242 308 66
313 310 274 311 281 323 238 323 50
300 40 287 41 289 33 277 35 73
297 57 283 58 287 51 270 51 47
301 59 285 59 291 53 274 53 91
304 77 288 77 291 71 274 71 173
300 77 284 77 287 71 271 71 178
304 98 288 98 291 93 274 94 149
300 102 284 102 287 97 270 97 103
303 131 290 131 291 127 276 127 27
299 177 284 177 287 175 271 174 215
302 181 288 181 291 179 276 179 172
312 253 282 253 287 257 254 256 79
311 270 283 270 289 275 259 275 151
317 301 282 300 289 311 251 310 51
308 40 294 40 297 33 281 32 55
309 47 295 47 297 39 285 41 106
307 56 291 56 295 49 280 50 102
306 66 291 66 293 59 277 59 179
306 68 290 68 293 61 276 61 168
308 76 292 76 295 69 278 69 156
309 81 294 81 297 75 281 75 155
307 108 292 108 295 103 278 103 166
306 137 290 137 293 133 275 133 44
304 150 289 150 293 147 277 147 28
306 152 292 152 295 149 280 150 22
306 155 292 157 295 155 280 155 75
308 178 294 179 297 177 282 177 243
304 177 290 177 293 175 277 175 256
308 187 294 187 297 185 282 185 188
306 189 292 189 295 187 280 187 112
310 219 291 219 295 219 274 219 76
310 217 290 217 295 217 274 217 67
309 224 288 223 293 225 271 223 91
309 230 288 230 293 231 272 231 110
318 257 291 257 297 261 268 261 104
321 299 285 299 293 309 255 308 50
320 303 286 302 293 313 255 312 38
322 303 285 303 295 313 255 313 67
310 87 296 87 299 81 284 81 162
314 83 300 83 303 77 288 77 102
313 100 297 100 301 95 285 95 218
311 104 295 104 299 99 282 99 188
315 106 299 106 303 101 285 101 137
314 129 297 129 301 125 281 125 35
316 135 301 135 303 131 285 131 31
314 135 298 135 301 131 283 131 27
312 145 297 145 299 145 283 145 26
313 155 297 156 303 153 284 153 58
312 183 297 183 301 181 286 181 129
314 209 294 209 301 207 280 207 418
318 219 298 219 303 219 282 219 87
317 232 297 232 301 233 278 233 104
322 252 295 252 301 255 272 255 58
321 253 294 253 299 253 271 253 99
321 276 292 276 299 281 268 281 66
327 287 295 287 303 295 267 294 78
324 289 291 289 299 297 264 297 78
329 296 295 296 303 305 266 305 125
318 48 304 48 307 41 294 42 44
315 84 302 85 305 79 293 80 260
317 106 301 106 305 101 290 101 196
319 112 300 111 307 107 290 107 99
318 131 301 131 305 127 287 127 27
320 139 303 139 305 135 289 135 36
318 183 305 183 309 181 297 181 179
318 195 303 197 307 195 292 195 261
320 192 305 193 309 191 294 191 203
320 217 300 217 305 217 284 217 131
324 238 299 237 305 239 278 239 115
327 263 300 262 307 267 277 267 69
329 268 302 268 309 273 279 273 62
327 265 300 264 307 269 277 269 69
326 270 298 270 305 275 275 275 85
328 272 300 272 307 277 277 277 63
333 287 301 287 309 295 274 295 103
329 291 299 290 305 299 271 298 102
334 296 300 296 309 305 272 305 112
322 49 308 49 313 43 298 43 107
320 53 306 53 311 47 296 47 90
323 72 311 73 315 67 297 66 54
325 86 311 86 315 81 301 81 134
321 90 310 91 311 85 296 85 118
325 131 308 131 313 127 289 126 68
324 156 312 158 315 155 301 155 35
322 179 309 179 313 177 299 177 178
324 195 309 194 313 193 298 193 308
324 223 305 223 311 223 289 223 83
333 244 308 244 315 247 287 247 96
331 243 306 242 313 245 285 245 97
333 257 306 257 313 261 284 261 62
331 265 304 264 311 269 281 269 114
333 270 306 269 313 275 283 275 85
337 284 304 284 313 291 279 291 118
337 289 304 289 313 297 278 297 112
338 308 301 307 311 319 269 319 41
322 34 319 33 319 29 307 29 22
327 69 315 70 317 63 302 63 64
325 72 313 73 317 67 299 66 58
327 84 313 84 317 79 303 79 131
331 91 319 91 321 85 309 86 172
327 90 314 90 317 85 303 85 116
331 137 317 137 319 133 302 133 58
330 141 316 141 317 137 301 137 48
329 154 315 153 319 151 305 151 29
329 173 315 173 319 171 305 170 80
331 177 317 177 321 175 308 175 104
329 183 315 183 319 181 305 181 184
327 206 311 204 317 203 299 202 369
335 228 308 228 319 229 293 229 82
335 241 310 241 317 243 290 243 111
339 274 311 274 319 279 289 279 101
334 66 322 67 327 61 312 61 209
335 76 321 76 327 71 312 71 165
336 86 322 86 327 81 313 81 171
334 92 320 92 325 87 311 87 189
334 108 320 108 323 103 310 104 162
333 109 319 109 327 105 313 106 228
336 133 321 133 327 129 309 129 80
339 139 325 139 327 135 317 136 115
336 148 321 146 327 145 314 143 155
332 149 318 149 323 149 310 149 51
334 183 321 183 325 181 311 181 193
332 189 319 189 323 187 309 187 171
341 219 321 219 327 219 306 219 49
340 215 319 215 325 215 304 215 106
339 221 319 221 325 221 304 221 48
343 243 317 243 325 245 297 245 80
342 257 315 257 323 261 294 261 47
347 268 319 268 327 273 297 273 98
345 272 317 272 325 277 295 277 104
346 274 318 274 327 279 297 279 107
345 279 316 278 325 285 293 284 139
349 291 319 290 327 299 291 299 91
349 306 312 307 323 319 281 319 36
338 84 325 84 329 79 316 79 175
340 97 327 96 331 91 318 92 180
342 104 329 105 333 101 320 101 132
346 135 332 135 333 131 317 131 203
340 173 327 173 331 171 318 171 187
340 175 327 175 331 173 318 173 186
347 212 326 211 333 211 312 211 84
345 221 324 221 331 221 310 221 65
344 226 323 226 329 227 308 227 59
347 246 321 246 329 249 301 249 95
351 253 325 253 333 257 305 257 45
350 257 322 257 331 261 302 261 51
350 265 322 264 331 269 301 269 76
350 270 322 270 331 275 302 275 113
350 282 320 282 329 289 296 289 156
342 70 328 70 335 65 321 65 146
344 84 331 85 335 79 322 80 186
346 106 333 107 337 103 324 103 167
349 139 337 139 337 135 321 135 290
346 145 333 145 337 141 324 143 243
346 152 333 151 337 149 324 149 261
344 154 331 154 335 151 322 151 242
354 266 326 266 335 271 306 271 106
356 265 328 264 337 269 308 269 83
354 272 327 271 335 277 305 277 143
355 290 325 289 335 297 300 297 107
364 314 324 313 337 327 292 327 32
364 315 324 315 337 329 291 329 33
348 27 343 28 345 23 341 23 111
346 35 341 35 343 31 339 29 108
354 75 341 75 345 69 331 69 176
352 75 339 75 343 69 329 69 196
350 78 337 79 341 73 328 73 273
351 91 343 92 345 87 337 88 225
351 109 342 109 345 105 336 105 222
347 156 338 156 341 153 332 153 385
356 206 336 206 343 205 322 205 162
354 210 334 210 341 209 320 209 164
350 222 329 223 341 223 317 223 97
357 227 338 226 345 227 324 227 76
357 232 334 231 345 233 320 232 107
360 250 334 250 343 253 315 253 117
361 257 334 257 343 261 314 261 52
363 259 336 259 345 263 316 263 48
359 268 332 268 341 273 311 273 120
363 277 335 276 343 283 311 283 69
364 281 334 281 345 287 313 287 75
364 298 329 298 341 307 303 307 94
367 310 327 311 341 323 298 322 31
369 314 329 314 343 327 298 327 43
349 24 345 24 347 19 342 19 90
352 37 348 37 349 33 344 34 132
351 40 347 41 349 37 344 37 315
357 83 348 84 351 79 342 80 208
355 85 346 86 349 81 340 82 212
356 91 347 91 351 87 341 87 52
353 113 344 111 347 109 338 108 149
353 136 345 137 347 133 331 133 113
364 194 345 194 351 193 335 193 215
360 236 339 236 347 237 321 237 145
363 241 338 241 347 243 320 243 76
367 247 342 246 351 249 324 249 93
365 255 337 253 349 259 321 259 79
368 265 341 264 351 269 322 268 113
366 281 337 280 347 287 314 287 89
377 303 337 305 351 317 310 317 44
357 46 350 46 353 41 344 42 143
362 52 354 52 357 47 349 47 45
365 75 354 76 357 71 348 71 88
361 85 353 85 355 81 347 81 107
363 87 353 87 355 83 347 83 100
359 117 353 117 353 113 345 113 103
362 191 349 191 355 189 341 189 398
367 203 347 202 355 201 335 200 94
369 215 349 215 357 215 335 215 56
364 228 346 228 353 229 330 229 95
369 232 350 231 357 233 333 233 133
372 241 347 241 357 243 330 243 118
372 249 348 248 357 251 330 251 136
370 263 343 262 353 267 324 267 85
370 274 343 273 353 279 322 279 133
373 282 341 283 353 289 321 289 84
377 299 342 299 355 309 316 309 41
378 311 338 310 353 323 310 322 36
366 91 357 91 361 87 353 88 117
363 101 355 100 359 97 349 97 53
366 103 357 103 361 99 351 99 81
374 206 355 206 363 205 341 206 117
371 213 351 213 359 213 337 213 89
375 217 355 217 363 217 342 217 58
371 219 351 219 359 219 338 219 44
373 236 353 236 361 237 340 237 228
375 240 355 240 363 241 342 241 149
377 247 353 247 363 249 336 249 214
376 263 348 262 359 267 330 267 82
379 267 352 266 363 271 334 271 103
376 272 347 272 359 277 329 277 121
380 274 353 273 363 279 333 279 114
379 279 350 279 361 285 330 285 77
377 283 345 283 359 289 329 288 77
383 291 351 291 363 299 327 299 28
383 301 347 300 361 311 321 311 36
386 307 352 306 363 319 319 319 40
373 26 366 27 369 21 360 21 155
374 38 366 39 369 33 361 34 94
371 49 363 49 367 45 359 43 28
370 72 360 71 365 67 355 67 96
371 77 361 78 365 73 357 73 169
372 85 364 85 367 81 358 81 168
372 92 363 93 367 87 358 88 223
374 101 364 101 369 97 358 97 117
376 181 361 181 367 179 351 179 270
374 187 359 186 365 185 349 185 221
381 205 361 204 369 203 348 203 154
381 210 361 210 369 209 348 209 158
381 213 361 213 369 213 348 213 173
377 213 357 213 365 213 344 213 53
381 261 354 261 365 265 335 265 89
387 283 357 282 369 289 336 287 44
388 304 350 304 365 315 323 315 36
390 310 356 311 367 323 328 324 59
380 32 372 33 375 27 367 25 109
378 34 370 35 373 29 365 30 148
377 64 367 64 371 59 357 61 62
382 103 370 103 375 99 362 99 146
384 154 367 155 375 151 359 151 318
380 160 365 160 371 157 355 157 426
380 179 365 180 371 177 355 177 129
382 181 366 180 373 179 357 179 173
383 200 363 200 371 199 350 199 204
383 210 363 210 371 209 350 209 122
385 227 367 226 375 227 354 227 139
383 232 363 232 371 233 350 233 187
385 240 365 240 373 241 352 241 307
383 244 362 243 371 245 350 245 249
386 250 361 250 371 253 344 253 182
388 252 363 252 373 255 346 255 166
388 257 363 257 373 261 346 261 169
386 254 360 254 371 257 344 257 161
384 26 376 27 379 21 371 22 141
384 38 376 38 379 33 371 33 88
382 53 373 53 377 47 368 47 70
385 67 372 67 377 61 364 61 78
384 99 372 102 377 97 364 96 94
388 103 376 103 381 99 368 99 128
387 118 375 118 379 115 370 115 134
385 128 376 128 379 125 371 125 169
385 134 375 134 379 131 370 131 124
389 156 374 155 379 153 364 152 328
386 180 370 178 377 177 361 178 232
386 183 370 185 377 183 361 181 240
387 191 370 191 377 189 360 189 247
387 189 374 189 381 187 365 187 232
392 225 373 225 381 225 360 225 265
390 231 370 230 379 231 358 231 256
392 232 372 232 381 233 360 233 423
395 262 370 261 381 265 354 265 99
396 267 370 267 381 271 353 271 86
393 272 366 272 377 277 348 277 63
395 287 363 287 377 295 342 294 28
398 301 362 301 377 311 337 311 53
401 305 363 305 379 317 336 317 36
397 348 362 349 377 363 339 365 240
390 52 383 54 385 47 377 48 109
390 71 378 69 383 63 371 63 70
392 89 383 89 387 85 378 85 107
390 93 381 93 385 89 376 89 149
392 101 384 101 387 97 378 97 190
394 121 387 121 385 117 376 117 369
389 130 379 130 383 127 374 127 152
390 128 381 128 385 125 376 125 262
394 160 378 160 385 157 369 157 314
393 171 387 172 387 169 378 169 275
396 202 375 201 385 201 366 202 166
396 206 377 206 385 205 363 204 160
398 223 379 223 387 223 366 223 267
393 226 375 227 383 227 362 227 238
396 234 376 234 385 235 364 235 338
394 240 374 240 383 241 362 241 277
396 244 377 243 385 245 364 245 177
399 249 378 249 387 251 365 251 153
400 258 376 258 387 261 362 261 178
400 262 376 261 387 265 361 265 127
405 289 372 289 387 297 353 296 34
405 300 369 300 385 311 345 310 80
397 51 388 50 391 45 383 45 110
398 61 386 61 391 55 379 55 142
399 65 390 65 393 59 381 59 177
395 87 387 87 391 83 382 83 51
396 93 387 93 391 89 382 89 57
397 112 385 113 389 109 377 109 201
398 117 389 117 393 113 384 113 209
395 126 386 126 389 123 381 123 180
398 130 389 130 393 127 384 127 135
396 128 387 128 391 125 382 125 264
396 134 387 134 391 131 382 131 240
398 155 383 155 391 153 374 152 234
397 175 389 175 393 173 384 173 189
394 179 385 179 389 177 381 177 240
400 204 379 203 389 203 370 204 125
403 213 384 213 393 213 372 213 276
399 209 380 209 389 209 368 209 168
401 219 382 219 391 219 370 219 196
401 221 381 220 391 221 370 221 536
407 263 382 263 393 267 366 267 53
404 260 379 260 391 263 365 263 83
408 288 376 287 391 295 356 295 35
412 295 372 297 393 305 354 305 96
402 68 394 69 397 63 389 64 95
403 95 393 95 399 93 387 92 25
401 101 391 101 397 97 387 97 23
400 113 391 113 395 109 386 109 73
404 117 395 117 399 113 390 113 178
399 119 391 119 395 115 386 115 147
401 128 393 128 397 125 388 125 202
402 134 393 134 397 131 388 131 182
402 158 393 158 397 155 388 155 128
402 165 393 163 397 161 388 160 245
399 179 391 179 395 177 386 177 150
408 195 391 194 399 193 381 193 234
409 200 391 200 399 199 380 199 206
405 198 387 198 395 197 377 197 210
406 208 386 208 395 207 374 207 244
411 210 390 209 399 209 379 209 240
409 219 390 219 399 219 378 219 226
407 223 387 222 397 223 376 223 243
409 227 390 227 399 227 378 227 289
406 232 386 232 395 233 374 232 296
411 262 387 262 399 265 373 265 63
411 266 387 266 399 269 372 269 33
417 294 383 293 399 303 355 304 91
417 302 379 302 397 313 355 313 108
406 72 400 75 403 69 394 69 41
408 96 398 94 403 91 400 91 42
407 111 399 110 401 107 393 106 61
410 167 400 167 405 165 396 165 246
414 202 396 202 405 201 386 201 216
415 213 395 212 405 213 385 213 149
411 215 391 214 401 215 380 214 199
413 217 393 217 403 217 382 217 158
411 221 392 221 401 221 381 221 199
411 227 392 227 401 227 380 228 205
414 238 396 238 405 239 386 239 271
412 253 385 253 401 255 378 255 93
413 260 389 260 401 263 376 263 58
419 283 388 282 403 289 370 289 36
423 298 387 298 403 309 363 309 104
421 301 386 300 403 311 363 311 126
413 41 408 42 411 37 404 37 21
411 73 403 74 407 69 398 69 29
411 77 403 78 407 73 398 73 14
413 101 405 101 409 97 401 97 21
412 172 402 171 407 169 397 169 220
415 173 406 173 411 171 402 171 152
414 179 404 179 409 177 400 177 178
415 189 397 188 407 187 390 187 283
416 193 398 193 407 191 389 191 216
417 193 400 193 409 191 391 191 192
420 202 402 202 411 201 393 201 158
418 208 400 208 409 207 390 207 160
418 229 399 229 409 229 390 228 127
418 235 400 235 411 235 392 235 152
416 240 398 240 407 241 388 241 162
419 249 398 249 409 251 383 251 137
425 285 393 285 409 293 373 293 48
429 299 391 299 411 309 370 309 85
427 305 390 305 409 317 367 317 95
417 60 413 62 415 57 411 58 141
417 67 410 67 413 63 404 62 134
419 81 410 81 415 77 406 77 28
418 99 409 99 413 95 406 95 26
421 156 413 156 417 153 408 153 128
419 160 410 160 415 157 406 157 129
419 162 410 162 415 159 406 159 223
419 177 410 177 415 175 406 175 152
419 181 410 181 415 179 406 179 146
422 208 404 208 413 207 395 207 168
423 213 406 214 415 213 397 213 264
427 268 401 267 415 271 387 271 36
430 270 403 271 417 275 388 276 32
430 288 397 288 415 295 379 295 52
425 82 417 81 421 77 413 77 25
423 87 415 87 419 83 410 83 15
423 99 416 99 421 95 413 95 25
425 168 416 168 421 165 412 165 153
423 173 414 173 419 171 410 171 134
429 200 413 200 421 199 404 199 91
427 202 410 202 419 201 402 201 137
431 208 414 208 423 207 406 207 102
429 208 412 208 421 207 403 207 127
427 212 410 212 419 211 401 211 114
429 214 412 214 421 213 403 213 165
430 228 414 227 423 227 406 227 77
431 253 409 253 421 255 398 255 58
429 249 409 249 419 251 397 251 118
431 258 410 257 423 259 399 259 37
435 267 408 268 423 271 395 271 26
434 274 406 273 421 279 391 278 26
440 302 402 301 423 313 382 313 122
431 86 423 85 427 81 419 81 33
429 101 420 101 425 97 416 97 64
431 99 422 99 427 95 419 96 27
433 105 425 105 429 101 420 101 39
431 113 422 113 427 109 418 109 77
429 117 420 117 425 113 416 113 177
431 162 422 161 427 159 418 159 100
429 164 420 163 425 161 416 161 140
431 172 422 172 427 169 418 169 170
431 177 422 177 427 175 418 175 224
433 181 424 181 429 179 420 179 117
432 196 417 196 425 195 410 195 127
436 231 420 231 429 231 412 231 69
436 242 417 242 427 243 408 243 105
435 251 413 251 425 253 403 253 40
442 279 413 278 429 285 397 285 39
443 284 409 283 429 291 396 291 47
440 285 407 285 425 293 390 293 77
444 292 410 292 429 301 391 301 105
445 296 409 296 429 305 390 305 105
434 57 428 57 431 53 425 53 92
434 63 428 64 431 59 425 59 135
434 83 427 83 431 79 424 79 71
434 89 428 90 431 85 424 86 31
439 95 431 95 435 91 427 91 93
439 101 430 101 435 97 426 97 38
437 99 429 99 433 95 425 95 33
439 115 430 115 435 111 427 111 150
439 123 430 122 435 119 427 119 77
437 143 428 144 433 141 424 139 83
439 150 430 149 435 147 427 147 178
435 162 426 161 431 159 422 159 99
437 172 428 171 433 169 424 169 116
439 183 430 185 435 183 427 181 111
435 187 426 187 431 185 423 185 157
437 200 423 200 431 199 416 199 124
437 214 422 214 431 213 416 213 67
442 229 426 229 435 229 418 229 63
444 253 422 253 435 255 409 256 61
442 253 420 253 433 255 411 255 40
444 249 424 249 435 251 414 251 41
446 262 420 262 435 265 409 265 29
446 267 420 267 435 271 407 270 19
443 274 416 271 431 279 399 277 26
447 281 416 281 433 287 399 285 46
449 289 416 289 435 297 399 297 74
449 286 417 285 435 293 400 293 87
440 51 433 50 437 47 431 47 35
442 77 434 76 439 73 433 73 213
440 77 435 78 437 73 432 74 144
443 82 437 82 441 79 435 79 134
442 91 435 91 439 87 431 87 143
443 109 434 109 439 105 430 105 55
442 120 434 120 439 117 431 117 86
441 118 432 118 437 115 429 115 62
440 126 432 126 437 123 429 123 166
442 158 434 157 439 155 430 155 122
442 163 434 163 439 161 430 160 106
444 191 439 191 439 189 433 189 187
444 199 432 200 439 197 426 198 94
443 204 425 204 437 203 421 203 122
444 221 428 221 437 221 421 221 42
446 226 430 226 439 225 423 225 53
448 236 431 236 441 237 427 236 151
446 233 430 233 439 233 422 233 55
455 302 417 302 439 313 397 313 83
445 74 440 75 443 71 437 71 119
450 85 444 85 447 81 441 81 167
448 93 441 93 445 89 437 89 171
448 101 441 101 445 97 438 98 168
451 112 443 112 445 107 439 108 80
446 134 438 134 443 131 434 131 216
450 138 442 138 447 135 439 135 300
448 148 440 148 445 145 437 145 222
446 152 438 152 443 149 435 149 199
450 158 443 158 447 155 439 155 141
449 195 434 195 443 195 427 193 82
453 194 438 194 447 193 432 192 264
451 199 436 198 445 197 430 197 65
451 204 437 204 445 203 430 203 124
449 208 434 208 443 207 428 207 156
451 214 437 214 445 213 429 214 257
453 225 437 225 447 225 431 225 49
451 242 432 242 443 243 423 243 84
453 250 432 250 445 253 423 253 39
459 291 425 291 445 299 408 299 85
455 51 450 51 453 47 447 48 40
455 59 450 59 453 55 448 55 65
453 69 448 69 451 65 445 66 130
449 72 447 70 449 67 443 68 234
452 76 449 75 449 73 444 73 248
455 79 450 78 453 75 448 75 200
452 89 445 89 449 85 442 85 164
452 95 445 95 449 91 441 91 164
454 93 447 93 451 89 444 89 212
454 124 447 124 451 121 443 121 209
456 128 448 128 453 125 445 125 256
452 128 444 128 449 125 441 125 196
452 150 444 150 449 147 441 147 219
454 159 447 159 451 157 443 157 190
454 166 446 165 451 163 443 162 196
454 177 447 178 451 175 444 176 85
458 222 441 221 451 221 435 221 97
458 235 438 235 453 235 436 235 97
456 242 438 242 449 243 430 243 44
460 238 442 238 453 239 435 239 45
457 254 437 254 449 255 427 256 28
463 271 436 270 453 275 424 276 41
463 294 427 293 449 303 410 303 99
466 292 432 292 453 301 415 301 84
459 55 454 55 457 51 452 51 94
461 51 455 50 459 47 454 47 37
459 69 454 69 457 65 452 66 97
460 91 453 91 457 87 450 87 190
460 101 453 101 457 97 450 97 456
462 109 455 109 459 105 452 105 171
461 116 454 116 459 113 449 112 128
458 142 451 142 455 139 448 139 337
458 161 451 161 455 159 448 159 246
459 159 452 159 457 157 450 157 235
461 166 455 165 459 163 452 163 178
458 174 450 173 455 171 448 171 93
461 185 455 185 459 183 447 181 377
462 208 448 208 457 207 442 207 158
460 212 446 212 455 211 440 211 185
462 214 448 214 457 213 442 213 140
462 220 447 220 457 219 441 219 121
461 227 445 227 455 227 438 227 70
465 242 450 243 457 243 438 243 62
467 253 445 253 459 255 436 255 25
469 288 436 288 457 295 421 295 104
471 298 435 298 457 307 417 307 95
463 73 458 73 461 69 456 69 93
467 83 462 82 465 79 461 79 92
464 97 457 97 461 93 454 93 279
464 147 457 146 461 143 454 143 186
466 187 459 187 463 185 457 187 295
468 208 454 208 463 207 448 207 123
470 227 455 227 465 227 449 227 47
470 231 455 231 465 231 449 231 67
467 237 450 237 461 237 443 237 47
471 239 454 239 465 239 449 239 34
473 286 441 286 461 293 426 293 75
477 295 441 295 465 305 425 305 66
471 67 466 67 469 63 464 63 79
469 71 464 70 467 67 462 67 99
471 73 466 72 469 69 464 69 92
473 95 468 95 471 91 466 91 266
473 101 467 101 471 97 465 97 179
473 108 467 108 471 105 465 106 139
469 105 463 105 467 101 460 101 167
469 110 463 110 467 107 461 108 137
471 112 465 112 469 109 462 109 114
469 130 463 130 467 127 460 127 179
473 134 467 134 471 131 464 131 156
471 156 465 156 469 153 463 154 108
469 163 463 164 467 161 460 161 346
473 168 467 168 471 165 465 165 252
472 199 453 199 467 197 453 197 302
474 229 459 229 469 229 453 229 68
475 233 458 233 469 233 452 233 59
475 238 456 239 467 239 450 239 56
478 251 457 250 471 253 449 253 22
477 258 453 257 469 261 444 261 30
480 269 453 268 471 273 442 273 27
481 305 444 306 469 317 426 318 49
476 64 472 64 475 61 471 61 104
479 67 474 66 477 63 473 63 55
475 69 470 69 473 65 468 65 81
479 92 474 93 477 89 473 89 379
475 102 469 103 473 99 467 99 161
477 113 471 112 475 109 469 109 268
477 122 470 122 475 119 468 119 130
479 134 473 134 477 131 471 131 283
475 159 469 160 473 157 466 155 120
475 162 469 162 473 159 466 159 267
479 164 473 163 477 161 471 161 119
477 167 471 168 475 165 469 166 106
479 175 473 175 477 173 471 173 105
475 177 469 177 473 175 467 175 117
477 183 471 183 475 181 469 181 231
479 187 473 187 477 185 471 185 311
477 198 463 198 473 197 458 197 380
480 210 465 210 475 209 460 209 167
477 216 462 215 473 215 457 215 162
478 224 463 224 473 223 457 223 150
484 252 462 251 477 253 454 253 23
481 252 458 253 473 255 450 255 20
487 290 452 290 475 299 437 299 55
486 302 448 302 473 313 431 313 48
484 76 480 76 483 73 479 73 217
481 114 475 115 479 111 473 112 203
485 111 479 111 483 107 477 108 83
485 117 479 116 483 113 477 113 104
483 138 477 138 481 135 475 136 147
482 162 475 162 479 159 473 159 111
486 191 477 191 483 189 474 189 412
488 197 474 197 483 195 469 195 346
485 200 471 200 481 199 466 199 277
484 199 469 198 479 197 464 197 268
484 204 469 204 479 203 464 203 212
486 220 473 220 483 219 469 219 130
484 231 469 231 479 231 463 231 65
486 238 466 239 479 239 462 239 86
487 263 462 263 479 267 451 267 27
491 267 464 267 483 271 453 272 38
489 284 455 284 479 291 444 291 54
491 280 461 280 481 287 443 286 110
488 74 484 74 487 71 483 71 106
488 80 485 80 487 77 483 77 107
488 86 484 86 487 83 483 83 179
491 103 484 103 489 99 481 99 107
487 136 481 136 485 133 477 132 249
491 150 484 150 489 147 482 149 202
489 161 483 162 487 159 480 159 395
487 172 481 172 485 169 479 169 148
489 209 475 209 485 209 471 209 374
493 224 479 224 489 223 475 223 96
491 228 477 227 487 227 472 227 87
489 232 475 231 485 231 469 231 105
494 260 470 260 487 263 460 263 34
497 268 470 268 489 273 459 273 34
495 265 468 265 487 269 459 269 41
499 282 467 282 489 289 455 289 52
497 287 465 287 487 295 451 295 56
495 298 457 297 485 309 444 309 32
494 80 490 80 493 77 489 77 90
495 97 490 96 493 93 484 94 139
493 128 486 128 491 125 483 125 117
493 160 486 159 491 157 484 157 214
493 165 487 165 491 163 484 163 232
495 165 488 166 493 163 486 163 450
497 169 490 170 495 167 488 167 309
499 195 489 195 495 193 487 193 277
495 197 487 197 493 195 485 195 225
495 209 483 209 491 207 478 207 176
496 213 484 212 493 211 480 211 123
495 215 482 217 491 215 478 216 135
498 227 483 228 493 227 480 227 105
497 231 481 232 493 231 476 232 79
506 295 469 295 495 305 454 305 56
498 76 494 76 497 73 493 73 89
502 84 498 84 501 81 497 81 70
501 111 493 110 499 107 491 107 48
499 119 491 118 497 115 489 115 41
503 132 495 132 501 129 493 129 105
501 173 494 173 499 171 492 171 351
499 181 492 181 497 179 489 179 719
503 182 496 183 501 181 494 180 295
501 189 493 189 499 187 491 187 153
499 205 488 205 497 203 488 203 148
501 218 489 218 499 217 485 217 216
507 249 485 249 501 251 477 251 35
507 257 483 256 501 259 476 258 27
505 277 475 277 497 283 464 283 46
505 282 474 281 497 289 464 288 49
511 292 476 292 501 301 461 301 42
504 82 500 82 503 79 499 79 90
507 101 500 100 505 97 499 97 167
505 109 498 109 503 105 495 105 76
507 117 499 116 505 113 497 113 70
505 140 498 140 503 137 496 137 351
505 152 498 151 503 149 496 148 277
510 161 502 161 507 159 500 159 502
505 177 498 177 503 175 497 173 242
509 195 500 195 507 193 498 193 130
507 197 498 197 505 195 496 195 76
509 203 501 202 507 201 498 202 161
510 216 498 216 507 215 495 215 122
506 220 494 220 503 219 490 219 152
509 253 486 253 503 255 479 255 24
513 256 490 256 507 259 482 259 45
514 268 486 268 507 273 477 273 51
511 284 479 284 505 291 468 291 50
510 88 506 88 509 85 505 85 135
511 103 505 102 509 99 503 98 158
513 123 505 122 511 119 503 119 33
513 132 505 132 511 129 503 129 105
511 189 502 189 509 187 500 187 299
515 203 507 203 513 201 505 201 108
512 214 500 214 509 213 497 213 128
512 220 500 220 509 219 497 219 84
514 224 501 224 511 223 497 223 91
518 253 495 253 513 255 489 255 22
520 282 488 282 513 289 477 290 49
516 92 512 92 515 89 512 89 175
521 167 514 169 519 165 513 165 405
516 183 511 183 515 181 509 181 365
519 197 510 196 517 195 508 194 263
521 201 512 201 519 199 510 199 103
518 218 506 218 515 217 503 217 110
517 226 503 226 515 225 500 225 81
522 251 500 251 517 253 493 253 30
520 256 497 257 515 259 490 260 29
521 277 492 275 515 283 479 283 58
530 338 479 339 517 359 462 360 56
525 121 517 120 523 117 515 117 33
525 136 517 136 523 133 515 133 42
523 156 514 156 521 153 512 153 227
525 152 516 152 523 149 515 150 253
524 178 520 177 523 175 519 175 281
527 191 519 191 525 189 517 189 134
525 189 517 189 523 187 515 187 294
523 195 514 195 521 193 513 193 99
526 222 512 222 523 221 509 221 116
528 251 505 251 523 253 499 253 39
530 253 507 253 525 255 501 255 48
530 258 505 258 525 261 498 261 49
528 267 501 267 523 271 493 271 51
533 277 501 277 525 283 492 283 55
530 284 497 284 523 291 487 291 49
535 336 487 333 525 357 467 357 36
528 105 520 107 527 101 518 103 111
532 109 525 109 531 105 523 105 70
531 117 523 116 529 113 522 112 33
529 126 521 126 527 123 519 123 40
530 122 523 122 529 119 521 119 68
529 130 521 130 527 127 519 127 43
530 132 523 132 529 129 521 129 53
529 142 521 142 527 139 520 139 100
533 144 525 144 531 141 524 141 107
532 150 527 147 531 147 525 147 205
532 152 527 151 531 149 525 149 253
530 189 522 189 529 187 521 187 291
531 195 522 195 529 193 521 193 224
532 201 525 201 531 199 523 199 106
531 211 521 211 529 209 520 209 110
532 216 520 217 529 215 519 215 126
535 244 514 244 531 245 510 245 50
531 248 510 248 527 249 505 249 37
537 264 509 265 531 269 503 269 62
535 340 484 340 527 363 466 363 49
537 117 529 117 535 113 527 113 41
534 125 527 125 533 121 526 121 53
536 123 529 122 535 119 527 119 59
538 129 531 128 537 125 530 125 66
536 140 529 140 535 137 528 137 113
536 154 531 153 535 151 530 151 185
538 152 534 153 537 149 532 149 191
536 172 532 172 535 169 532 170 362
534 189 527 189 533 187 525 187 211
536 194 529 193 535 191 527 192 112
538 205 531 205 537 203 531 203 169
535 207 527 207 533 205 524 205 200
540 242 520 242 537 243 516 243 61
541 258 516 258 537 261 510 261 76
538 269 510 269 535 273 501 274 67
541 275 511 275 533 281 501 281 55
543 282 512 282 537 289 503 289 49
541 285 507 285 535 293 498 293 51
544 97 535 93 541 91 537 92 39
540 106 533 104 539 101 531 102 64
540 111 533 111 539 107 532 107 71
540 129 533 128 539 125 532 125 117
542 142 536 142 541 139 533 138 200
539 183 535 184 539 181 535 182 250
540 197 533 197 539 195 531 195 134
542 201 535 201 541 199 534 199 85
546 214 535 214 543 213 532 213 99
541 222 528 221 539 221 525 221 90
543 248 521 247 539 249 516 249 77
544 249 522 248 541 251 518 251 71
542 253 519 252 539 255 514 255 81
542 251 520 251 539 253 515 253 110
545 256 520 256 541 259 515 259 78
543 273 514 272 541 275 511 275 126
547 287 513 287 541 295 504 295 27
548 292 513 293 543 301 503 301 35
549 341 497 341 541 363 481 363 55
546 77 538 79 545 75 533 73 16
550 103 543 103 549 99 543 100 45
546 113 539 112 545 109 538 109 70
548 117 541 116 547 113 539 113 59
550 119 543 119 549 115 542 115 118
548 142 542 142 547 139 541 139 82
548 168 544 167 547 165 545 166 346
545 183 542 184 545 181 541 183 201
550 197 544 197 549 195 543 195 105
550 203 543 203 549 201 542 201 113
548 246 527 245 545 247 522 247 92
553 268 525 268 549 273 518 273 72
554 138 549 138 553 135 549 135 86
552 142 548 142 551 139 547 139 126
555 146 551 146 555 143 551 143 74
553 160 550 159 553 157 549 157 108
555 179 552 179 555 177 552 177 526
551 189 547 190 551 187 545 187 252
555 189 550 189 555 187 549 187 281
554 201 547 201 553 199 546 199 133
557 217 545 217 555 215 543 215 140
555 222 541 221 553 221 539 221 73
556 258 531 258 553 261 526 261 78
556 274 527 274 551 279 519 279 88
553 283 523 284 551 291 516 291 50
560 110 553 110 559 107 552 107 90
560 146 556 146 559 143 555 143 88
561 162 558 161 561 159 557 159 142
557 162 554 161 557 159 553 160 146
560 158 555 157 559 155 556 155 144
559 174 556 173 559 171 556 170 387
557 178 554 177 557 175 554 174 193
559 215 549 215 559 213 549 213 111
559 226 544 226 557 225 542 225 128
559 228 541 228 557 227 541 227 61
560 256 535 256 557 259 531 259 79
564 268 536 268 561 273 531 272 66
560 272 531 272 557 277 525 277 88
563 146 559 146 563 143 559 143 54
567 146 564 146 567 143 563 143 42
563 185 559 185 563 183 558 183 447
563 192 559 191 563 189 558 189 173
565 197 560 197 565 195 560 195 140
564 199 558 199 563 197 557 197 121
561 209 556 208 563 207 552 207 101
567 222 553 221 565 221 551 221 90
568 226 553 226 567 225 552 225 146
567 247 546 247 565 249 542 249 91
569 251 546 251 567 253 543 253 91
566 249 544 249 563 251 540 251 58
566 258 541 259 563 261 536 261 90
566 282 532 279 563 289 527 289 61
571 125 566 125 569 119 562 118 71
571 132 568 132 571 129 567 129 110
569 136 566 136 569 133 565 133 51
569 152 565 151 569 149 565 149 92
573 174 571 173 573 171 571 171 300
571 185 567 185 571 183 567 183 144
569 189 565 189 569 187 565 187 148
569 195 564 195 569 193 564 193 107
570 205 562 205 569 203 561 203 93
572 224 559 223 571 223 556 223 127
575 254 552 254 573 257 548 257 122
571 268 543 268 569 273 539 273 78
574 272 544 272 571 277 539 277 85
573 337 522 337 569 359 509 359 48
579 136 575 135 579 133 576 133 75
577 134 574 134 577 131 574 131 64
577 140 573 140 577 137 573 137 59
577 152 573 151 577 149 573 149 48
575 162 572 161 575 159 572 159 99
575 175 573 175 575 173 573 173 173
579 178 577 177 579 175 577 175 380
577 187 574 187 577 185 573 185 331
576 197 570 197 575 195 570 195 119
579 215 569 215 579 213 566 213 128
578 228 563 227 577 227 561 227 75
578 233 561 233 577 233 559 233 87
580 244 560 244 579 245 557 245 125
577 246 555 245 575 247 551 245 124
577 277 545 277 575 283 541 283 44
579 281 546 281 577 287 541 287 40
584 48 566 51 583 37 559 39 13
585 144 582 144 585 141 582 141 84
585 173 584 173 585 171 584 171 195
583 170 581 169 583 167 581 167 93
583 179 581 179 583 177 581 177 108
585 183 582 183 585 181 582 181 171
581 191 578 191 581 189 578 189 101
586 208 576 208 585 207 575 207 71
585 207 575 207 585 205 575 205 74
585 220 572 220 585 219 571 219 122
586 226 572 226 585 225 569 225 81
584 266 558 263 583 269 554 268 107
589 142 584 140 589 139 586 139 78
587 156 585 155 587 153 585 152 86
591 178 590 177 591 175 590 175 179
591 186 589 185 591 183 589 183 259
589 182 587 182 589 179 587 179 239
589 193 585 193 589 191 583 191 191
588 197 582 197 587 195 583 194 93
589 213 579 213 589 211 579 211 68
590 222 574 221 589 221 574 221 112
590 258 564 258 589 261 562 260 132
592 263 565 263 591 267 562 267 146
596 156 597 156 595 153 593 151 90
593 160 592 159 593 157 592 157 121
595 168 593 167 595 165 591 163 105
595 164 595 164 595 161 594 161 70
597 196 589 196 597 193 590 193 112
595 199 589 199 595 197 589 196 177
593 207 584 207 593 205 584 205 66
594 213 583 213 593 211 582 211 86
598 222 584 222 597 221 582 221 71
593 226 578 226 593 225 578 225 93
595 242 575 242 595 243 574 243 143
597 239 579 237 597 239 577 239 124
595 249 573 248 595 249 571 250 101
598 252 574 253 597 255 572 255 107
596 267 567 268 595 271 565 271 179
603 183 596 184 603 181 597 181 210
603 190 596 190 603 187 596 187 228
599 188 592 189 599 185 592 186 198
601 209 587 209 601 207 591 207 189
599 215 587 215 599 213 587 213 118
603 216 591 216 603 215 590 215 93
599 231 582 231 599 231 581 232 100
600 250 577 250 599 253 575 253 109
599 268 571 268 599 273 568 273 78
601 275 571 275 603 281 570 281 69
605 168 604 168 605 165 605 165 143
609 170 608 169 609 167 609 167 114
607 183 599 184 607 181 599 181 203
605 188 598 187 605 185 598 185 207
607 213 596 212 607 211 595 211 82
605 226 590 226 605 225 590 225 103
607 230 591 229 607 229 591 229 98
609 333 558 333 609 353 552 353 18
615 38 598 37 615 29 598 29 99
613 47 597 47 613 39 596 39 71
613 126 608 126 613 123 608 123 78
615 130 610 130 615 127 610 127 82
611 130 606 130 611 127 606 127 69
611 179 610 179 611 177 610 177 203
611 202 604 201 611 199 604 199 106
615 209 604 208 615 207 604 207 137
615 214 604 214 615 213 604 213 120
611 226 595 226 611 225 595 225 96
614 229 599 230 615 229 598 229 49
612 237 594 237 613 237 594 237 54
613 249 590 249 613 251 589 251 45
614 266 586 266 615 271 585 271 49
609 274 582 274 613 279 580 279 59
610 270 581 269 611 275 579 275 56
610 282 576 282 611 289 576 289 48
619 34 603 34 619 25 602 25 134
617 32 601 31 617 23 600 23 113
617 40 600 39 617 31 600 31 158
619 47 603 47 619 39 603 39 122
617 49 601 49 617 41 600 41 138
619 126 614 126 619 123 614 123 69
619 142 614 142 619 139 614 139 85
617 148 613 148 617 145 613 145 93
619 152 616 152 619 149 616 149 124
619 158 616 157 619 155 617 155 125
619 176 618 176 619 173 618 173 159
617 180 616 179 617 177 617 177 97
621 195 615 195 621 193 616 193 76
620 201 614 201 621 199 614 199 92
617 207 607 206 617 205 607 205 128
618 225 604 225 619 225 603 223 129
621 237 602 237 621 237 602 237 52
619 241 598 241 617 241 595 241 51
617 251 593 252 617 255 592 254 33
616 263 589 263 617 267 585 265 53
622 30 606 30 623 21 606 21 190
626 32 610 31 627 23 610 22 185
625 65 608 64 625 57 609 59 90
623 69 606 68 623 61 606 61 107
623 128 618 128 623 125 623 126 231
627 150 622 150 627 147 623 147 78
623 170 621 170 623 167 621 167 80
625 178 624 177 625 175 624 175 113
626 195 621 195 627 193 622 193 71
625 203 618 203 625 201 618 201 99
626 216 613 216 627 215 614 215 94
623 232 606 231 623 231 607 231 70
624 241 604 241 625 241 605 241 37
626 251 603 251 627 253 602 253 25
618 257 593 257 623 261 596 261 47
625 267 597 266 627 271 596 271 84
621 274 591 274 623 279 590 279 66
623 270 594 270 625 275 594 275 84
621 291 589 293 623 299 593 299 135
630 35 612 35 631 25 612 25 146
628 51 612 50 629 43 612 42 125
629 144 624 144 629 141 624 141 53
632 140 626 140 633 137 626 137 79
629 154 625 154 629 151 625 151 87
631 162 629 161 631 159 630 157 85
629 174 626 173 629 171 627 171 147
629 197 624 197 629 195 624 195 178
630 207 621 207 631 205 621 205 103
629 227 613 227 631 227 615 227 80
630 233 614 233 633 233 615 233 44
631 249 609 250 633 251 610 253 31
628 278 596 278 629 285 594 285 121
636 78 619 78 637 71 620 71 161
634 87 618 88 635 81 618 82 151
638 90 622 89 639 83 623 83 110
634 94 618 93 635 87 619 87 81
637 117 631 116 637 113 632 113 89
639 162 635 161 639 159 636 159 89
635 166 633 166 635 163 633 164 84
637 187 632 187 637 185 632 185 94
636 195 631 195 637 193 631 193 63
638 205 631 205 639 203 631 203 83
633 214 622 214 635 213 622 213 88
629 227 615 227 635 227 618 227 101
635 245 614 245 637 247 614 247 36
628 259 603 259 635 263 607 263 47
643 44 621 44 645 35 620 37 304
644 57 628 57 645 51 627 49 95
642 75 625 76 643 69 626 69 207
639 83 622 83 641 77 624 77 214
642 93 626 93 643 87 627 87 97
640 140 635 140 641 137 635 137 54
641 177 629 173 641 173 629 171 162
644 205 635 205 645 203 636 203 61
641 229 625 229 643 229 626 229 77
639 233 622 233 641 233 623 233 63
643 241 623 240 645 241 624 240 114
634 255 609 255 641 259 614 259 54
638 261 612 261 643 265 615 265 30
643 279 610 279 645 285 610 285 55
638 282 607 285 641 289 605 289 59
639 302 600 302 643 313 601 313 44
646 37 628 37 649 27 629 27 74
645 42 626 41 647 33 628 33 97
647 55 635 55 649 47 630 46 133
647 62 633 63 649 53 633 55 74
647 70 630 71 649 63 631 63 133
646 89 630 89 647 83 632 82 161
650 93 634 93 651 87 635 87 235
650 144 644 144 651 141 645 141 51
649 158 645 157 649 155 645 156 63
647 162 641 162 647 159 642 159 97
649 168 643 166 649 165 644 163 74
646 197 639 197 647 195 639 194 72
650 207 641 207 651 205 642 205 62
649 224 635 225 651 223 636 224 31
646 236 628 236 647 235 629 236 88
648 258 619 258 651 261 623 261 88
648 267 618 267 651 271 620 271 56
652 36 634 36 655 27 635 27 70
656 69 635 68 657 61 638 61 149
655 78 639 78 657 71 640 71 267
653 82 637 82 655 75 638 75 303
651 87 635 87 653 81 636 81 247
655 92 638 92 657 85 640 85 204
655 116 650 117 655 113 651 114 151
652 131 646 131 653 127 647 127 172
652 136 646 136 653 133 647 133 62
652 161 645 163 653 161 646 162 37
654 187 646 187 655 185 647 185 72
652 190 644 189 653 187 645 187 120
656 201 648 201 657 199 649 199 68
652 201 644 201 653 199 645 199 58
652 245 631 244 655 247 633 248 80
654 256 629 256 657 259 630 259 79
651 263 624 263 655 267 626 267 37
651 260 624 260 653 263 625 263 64
651 267 623 267 655 271 625 271 60
653 278 617 278 657 285 623 285 75
650 292 614 292 655 301 615 301 68
650 297 613 297 655 307 612 307 49
652 305 611 305 657 317 612 317 35
657 30 638 29 659 19 639 19 102
659 39 639 38 661 29 641 28 77
657 50 639 49 659 41 640 41 131
660 117 656 117 661 113 657 113 180
662 132 658 131 663 129 659 127 99
662 161 658 160 663 157 659 158 157
658 182 650 181 659 179 651 179 116
658 207 649 207 659 205 649 205 72
657 214 647 214 659 213 646 212 29
657 217 645 217 659 217 646 215 16
656 251 633 251 659 253 635 253 82
659 265 632 265 663 269 633 269 74
657 265 630 265 661 269 632 269 68
657 268 628 268 661 273 631 273 64
659 274 628 273 663 279 631 279 59
653 283 623 284 661 291 624 291 72
656 307 615 307 661 319 616 319 38
657 311 614 311 659 323 611 323 44
663 29 643 30 665 19 645 18 100
663 76 649 75 665 69 652 70 225
663 80 651 77 665 73 653 74 383
666 84 649 84 669 77 652 77 341
663 94 646 93 665 87 648 87 527
662 95 646 95 665 89 648 89 520
666 150 661 150 667 147 662 147 302
664 158 659 158 665 155 660 157 194
666 164 661 164 667 161 662 161 226
668 191 659 191 669 189 660 189 197
663 188 655 187 665 185 655 185 242
664 193 656 193 665 191 657 191 191
665 209 656 209 667 207 658 207 90
664 230 649 229 667 229 649 229 10
665 249 643 249 669 251 645 251 67
659 282 625 282 667 289 631 289 110
661 285 629 285 669 293 632 293 95
661 297 623 297 667 307 626 307 36
657 303 616 301 665 315 621 315 55
661 300 622 300 667 311 624 311 49
663 302 624 302 669 313 626 313 47
670 41 652 40 673 31 654 31 64
670 54 652 54 673 45 654 46 74
668 62 651 63 671 53 652 52 98
669 71 653 70 671 63 655 62 108
674 121 669 121 675 117 670 118 556
672 132 667 132 673 129 668 129 188
670 154 665 154 671 151 666 151 278
670 160 665 159 671 157 666 157 293
672 174 667 171 673 171 668 170 219
670 178 666 177 671 175 667 175 208
672 182 668 183 673 179 669 181 219
671 188 663 187 673 185 664 185 193
669 199 655 199 671 197 655 197 205
669 205 655 205 671 203 657 203 106
673 207 661 207 675 205 662 205 76
669 214 657 214 671 213 659 213 36
670 219 657 219 671 217 658 217 41
672 218 660 219 675 217 663 218 68
674 223 657 224 675 223 660 223 17
670 234 653 231 675 235 655 233 9
667 251 645 251 671 253 647 253 91
666 259 641 260 671 263 643 262 93
668 261 643 263 673 265 646 267 82
665 271 637 270 671 275 639 275 102
665 299 627 299 671 309 630 310 31
674 29 656 29 677 19 658 19 70
676 32 658 32 679 23 660 23 117
678 67 660 67 681 59 662 59 118
680 116 673 117 681 113 674 113 568
680 120 673 122 681 117 674 118 336
676 123 671 123 677 119 672 120 207
675 207 663 206 677 205 665 205 65
678 225 662 226 681 225 665 225 16
675 251 653 251 681 253 656 253 44
676 263 649 263 681 267 652 267 87
672 267 644 267 677 271 648 271 81
671 292 635 292 677 301 638 301 57
671 307 631 307 679 319 633 319 17
683 31 664 31 687 21 667 21 73
684 42 667 40 687 33 668 32 120
683 91 679 92 687 85 684 86 384
685 111 676 113 687 107 679 108 624
685 162 677 162 687 159 679 159 177
684 191 671 189 687 189 673 188 158
680 199 667 198 683 197 669 197 216
677 247 655 247 683 249 660 249 34
681 272 652 272 687 277 655 277 56
677 296 639 297 683 307 643 307 25
674 303 634 303 683 315 639 315 27
678 301 639 302 687 313 643 313 20
678 307 637 307 687 319 643 319 17
687 35 668 34 691 25 671 25 84
687 33 668 32 691 23 671 23 106
685 48 666 48 689 39 669 39 89
687 46 669 46 691 37 672 37 89
689 50 671 50 693 41 674 41 106
685 58 667 58 689 49 670 49 79
687 61 669 61 691 53 672 53 61
691 154 683 154 693 151 685 151 227
687 162 679 162 689 159 681 159 171
687 158 679 158 689 155 680 155 214
691 160 683 160 693 157 685 157 125
688 199 673 199 691 197 676 197 97
689 225 674 225 693 225 676 225 13
686 229 670 229 691 229 674 229 14
685 265 657 264 691 269 661 269 89
685 270 656 270 693 275 661 275 57
682 276 654 276 689 281 658 281 48
695 31 677 31 699 21 680 21 76
691 27 673 26 695 17 676 17 98
691 35 672 34 695 25 675 24 87
695 50 676 49 699 41 680 40 84
694 61 675 61 697 53 678 53 70
695 81 677 80 699 73 680 73 169
693 109 689 107 697 103 693 101 498
697 164 690 164 699 161 692 161 194
695 206 678 206 699 205 681 205 61
692 228 676 226 697 227 679 227 28
694 234 677 235 699 235 680 235 22
691 258 666 258 697 261 670 260 63
689 276 660 276 697 281 665 281 63
688 291 650 289 695 301 659 303 13
689 310 648 310 699 323 654 324 14
700 29 681 29 705 19 685 19 94
701 35 685 36 705 25 686 25 164
697 63 679 63 701 55 682 55 85
699 75 681 75 703 67 685 68 126
696 105 693 104 701 99 697 98 506
701 112 685 112 705 107 687 108 320
699 125 682 125 701 119 684 117 279
701 183 683 184 705 181 687 181 158
699 208 681 208 703 207 685 207 52
698 205 680 205 703 203 685 203 50
697 220 679 220 701 219 683 220 29
699 247 678 247 705 249 683 249 57
693 251 672 251 701 253 676 253 47
694 261 669 262 701 265 673 265 75
697 274 667 274 705 279 673 279 64
695 279 662 278 703 285 664 284 37
691 308 650 308 701 321 656 321 18
695 310 655 309 705 323 659 322 20
704 28 685 28 709 17 689 17 102
706 30 687 30 711 19 691 19 70
705 42 686 42 709 33 690 32 54
707 42 688 42 711 33 692 32 71
704 52 686 51 709 43 690 42 91
702 55 684 55 707 47 688 47 114
705 160 693 157 707 157 699 157 419
703 221 683 221 707 221 688 221 23
704 221 685 222 709 221 689 221 24
706 227 687 227 711 227 691 226 22
704 233 685 233 709 233 688 232 22
705 240 685 240 711 241 690 241 70
703 268 675 268 711 273 681 273 79
703 279 672 279 709 287 676 286 28
712 27 693 27 717 17 697 17 70
709 44 690 44 713 35 694 35 58
712 55 695 55 717 47 699 46 84
708 68 690 69 713 61 693 60 99
712 167 696 168 715 167 698 165 555
712 207 692 207 717 205 696 205 55
710 222 690 223 715 223 695 222 25
710 236 691 236 715 237 695 237 24
707 242 687 242 713 243 692 243 94
706 247 684 246 713 249 690 249 54
708 249 686 249 715 251 691 251 75
703 273 677 272 713 277 683 277 58
704 289 663 291 713 299 674 300 9
717 27 699 27 723 17 703 17 79
714 46 693 44 719 37 702 37 120
718 60 696 58 723 51 704 51 213
718 71 701 70 723 63 706 61 100
716 78 698 78 721 71 702 71 111
721 140 706 142 723 133 705 131 613
717 206 697 206 723 205 702 205 29
715 209 695 209 721 209 700 209 29
715 217 695 217 721 217 700 217 13
715 223 695 223 721 223 700 223 14
713 227 694 227 719 227 698 227 20
717 235 699 231 723 233 703 232 16
712 255 689 255 719 257 694 257 102
725 66 707 67 729 57 717 59 167
720 63 702 63 725 55 706 55 71
722 69 703 68 727 61 707 61 116
723 178 704 177 729 175 709 175 151
719 182 700 183 725 179 705 181 129
722 187 701 185 727 183 706 183 60
719 197 699 196 725 195 705 195 33
721 209 701 209 727 209 706 208 20
720 217 700 217 727 217 707 217 11
723 240 703 241 729 241 705 241 66
722 253 698 253 729 255 704 255 102
715 282 682 282 725 289 689 289 20
727 46 709 46 733 37 714 37 87
728 83 713 82 733 75 718 76 170
726 96 712 96 731 91 716 91 328
730 159 715 159 735 155 720 156 369
725 174 706 174 731 171 708 171 183
724 249 702 249 731 251 706 251 126
724 255 700 255 731 257 705 257 170
722 263 696 263 731 267 703 267 123
721 267 693 268 731 271 702 271 97
726 267 700 267 735 271 707 271 64
725 286 690 286 735 293 699 293 18
733 27 714 28 739 17 719 17 108
733 46 714 46 739 37 719 37 119
731 52 713 52 737 43 718 43 117
733 88 717 87 739 83 723 84 132
731 94 717 94 737 89 721 89 450
735 97 719 97 739 93 723 93 251
732 118 717 119 737 113 721 114 547
734 122 719 122 739 117 723 117 611
732 129 717 128 737 125 721 125 353
734 133 719 132 739 129 723 129 316
736 144 721 144 741 141 725 141 190
731 142 716 141 737 137 721 137 222
734 147 719 146 739 143 723 143 261
738 154 730 154 741 151 733 151 454
735 191 717 190 741 189 721 189 173
733 189 715 188 737 187 719 186 157
734 208 714 208 741 207 720 207 25
732 217 712 217 739 217 719 217 38
732 223 712 223 739 223 718 223 33
730 264 704 264 739 267 711 267 156
725 282 693 282 737 289 702 289 16
727 283 695 283 739 291 703 291 15
739 28 720 27 745 17 725 16 125
738 38 719 38 745 29 725 28 81
736 42 718 42 743 33 723 32 99
742 86 726 85 747 79 731 79 112
740 109 724 109 745 105 729 105 476
738 113 722 114 743 109 727 108 555
742 117 726 120 747 115 731 114 376
740 121 724 121 745 117 729 117 339
741 129 726 129 747 125 731 125 239
744 139 726 138 747 135 738 134 449
743 148 735 148 747 145 738 145 390
740 156 732 156 743 153 734 153 274
744 168 733 168 747 165 737 165 202
744 164 735 163 747 161 738 161 257
737 189 719 188 743 187 724 187 169
740 206 720 206 747 205 726 205 39
739 212 719 212 747 211 726 212 31
738 225 720 225 747 225 724 225 26
736 221 716 221 743 221 722 221 20
739 235 717 235 747 235 725 233 15
736 247 715 247 743 251 719 251 79
735 255 711 255 743 257 717 257 102
743 63 722 63 749 55 728 54 205
747 67 728 67 753 59 733 59 201
746 74 731 74 749 69 733 70 88
745 101 730 100 751 95 735 95 209
744 112 728 111 749 107 733 107 433
746 160 737 159 749 157 740 156 349
742 200 722 200 749 199 728 199 69
742 204 722 204 749 203 728 203 59
745 206 725 206 753 205 732 205 43
744 264 717 264 751 267 724 267 119
739 277 707 275 751 283 720 284 17
742 278 712 278 753 283 722 284 17
754 59 732 60 759 53 738 53 271
751 147 740 146 755 143 744 143 290
748 192 728 192 757 191 736 191 80
751 208 731 208 759 207 738 207 30
747 219 723 220 755 219 734 219 50
751 218 732 218 759 217 738 217 27
751 223 731 224 759 223 738 223 26
745 257 721 257 755 259 728 259 180
744 270 716 271 755 275 724 275 37
744 275 715 276 757 281 724 281 40
748 283 714 282 757 289 720 288 37
742 302 701 302 757 313 711 313 10
756 33 737 33 763 23 744 23 313
756 64 744 63 761 57 749 57 77
760 69 749 69 765 61 754 63 82
760 79 747 78 765 73 752 75 67
758 83 745 82 763 75 750 77 75
756 87 743 86 761 83 748 82 112
756 100 743 99 761 95 748 95 200
758 104 746 105 763 99 750 99 225
760 109 747 109 765 105 752 105 383
756 111 744 111 761 107 749 107 345
756 117 745 119 761 115 749 115 363
760 121 748 121 765 117 752 117 372
758 127 745 127 763 123 750 123 218
760 127 748 126 765 123 752 123 217
758 142 747 142 763 139 751 138 200
760 147 748 146 765 143 753 143 247
758 156 747 156 763 153 751 151 335
754 176 737 177 761 173 743 174 252
756 229 734 228 763 229 742 228 78
748 299 710 299 763 309 721 309 12
746 304 707 304 761 315 718 315 13
765 37 754 35 771 29 760 27 310
766 126 753 126 771 123 758 123 135
765 139 753 138 771 135 758 134 156
762 141 750 141 767 137 754 135 167
766 151 753 147 771 145 758 143 223
763 205 742 204 771 203 750 203 38
754 277 723 277 767 283 733 283 15
756 293 722 294 771 301 734 303 15
752 301 714 301 767 311 724 310 14
771 162 758 162 777 159 764 159 74
765 199 752 199 773 197 757 197 69
765 209 747 208 775 207 754 208 26
769 206 749 205 777 205 757 204 59
759 270 728 270 773 275 738 276 44
757 279 725 278 773 287 737 285 21
761 286 727 286 775 293 738 293 19
756 288 723 289 773 297 735 297 16
761 297 724 297 777 307 737 307 14
773 62 759 62 779 55 764 56 35
775 97 761 97 781 91 767 91 30
773 132 760 131 779 127 765 127 78
777 129 763 129 783 125 769 124 106
777 157 763 155 783 153 769 153 111
777 166 763 166 783 163 769 163 36
768 233 737 233 783 235 751 234 66
764 248 733 248 779 251 744 252 122
765 258 733 258 779 261 744 261 145
767 254 736 253 781 257 747 256 199
767 260 735 260 781 263 747 264 187
768 273 736 273 783 281 748 280 27
764 289 730 290 779 297 742 298 14
780 67 766 70 787 61 772 59 76
779 195 767 195 785 193 771 191 66
779 205 765 203 785 201 771 202 56
773 231 740 231 787 233 757 232 236
773 235 745 238 787 237 755 237 246
771 271 738 267 785 273 750 272 50
770 289 735 289 787 297 750 298 15
770 293 733 292 785 301 745 300 22
768 305 726 305 787 317 742 317 7
784 49 770 48 791 41 776 40 30
786 88 772 87 793 81 778 81 51
785 109 770 109 793 103 777 102 15
788 122 771 122 795 117 779 117 46
788 163 774 162 795 159 780 159 50
784 164 770 164 791 161 776 161 34
786 189 771 187 793 187 778 187 15
777 285 744 285 793 291 756 291 14
774 292 741 295 791 301 751 300 12
792 55 775 54 799 47 782 45 53
793 125 779 123 801 119 785 119 57
793 130 778 131 801 125 785 126 66
789 169 777 168 797 165 782 165 32
792 203 775 204 799 201 784 201 84
782 297 747 297 801 307 759 307 20
797 24 780 24 803 17 786 16 71
799 130 783 130 803 127 791 125 183
795 157 779 154 803 153 787 154 64
783 304 744 304 803 315 761 317 14
788 301 748 300 807 311 761 310 18
800 48 784 47 809 39 792 40 49
805 79 788 78 813 71 796 71 36
805 165 789 165 813 161 797 162 63
801 190 785 192 809 189 794 188 28
788 294 752 295 809 305 769 306 17
791 297 752 296 811 307 771 308 15
807 31 789 31 817 21 797 22 33
809 67 792 67 817 61 800 60 36
810 76 793 76 819 69 802 68 33
811 99 790 99 819 95 797 94 14
810 137 794 137 819 135 802 137 27
807 160 791 160 815 157 799 157 34
791 254 755 254 815 259 773 259 73
795 305 755 305 817 317 772 316 21
813 32 796 31 823 21 805 20 38
811 33 794 33 821 23 803 22 43
812 66 794 65 821 59 803 57 33
816 78 798 78 825 71 807 71 42
815 117 799 116 825 111 808 110 42
812 128 796 129 821 123 804 122 50
812 124 795 124 821 119 804 119 48
816 140 799 140 825 135 808 137 44
813 157 797 156 823 153 805 153 90
815 167 798 166 825 163 807 163 28
809 225 771 227 823 227 788 226 257
802 256 764 256 823 261 783 262 79
820 148 802 148 829 145 812 144 23
817 159 800 160 827 155 809 155 47
817 165 800 164 827 161 809 161 36
806 209 769 208 829 209 786 209 93
825 78 806 78 835 71 817 70 77
822 87 805 88 833 81 814 80 47
824 111 806 111 835 105 816 105 120
824 132 807 131 835 127 816 127 51
826 169 808 168 837 167 818 166 23
814 260 773 260 837 267 792 267 105
813 264 773 267 837 271 791 271 85
812 262 771 262 835 269 790 269 67
811 278 772 278 835 287 790 287 53
809 310 768 310 833 323 787 323 21
828 41 809 40 839 31 819 31 49
831 79 813 78 843 71 823 71 84
828 102 810 101 839 95 820 95 69
826 113 807 115 839 107 818 107 147
816 301 775 301 841 313 795 313 21
833 43 813 44 845 33 825 32 84
837 45 818 46 849 37 829 39 54
835 57 817 55 847 47 827 47 81
836 82 817 82 847 75 827 75 37
833 106 814 106 845 99 825 99 85
837 136 818 136 849 131 829 131 46
835 151 816 151 847 147 827 147 28
835 157 816 157 847 153 827 155 26
833 187 814 186 845 183 825 183 14
823 267 780 266 849 275 801 274 53
822 301 780 302 847 313 800 314 26
839 140 820 140 851 135 831 135 40
829 236 788 236 855 241 808 241 63
826 242 781 243 853 247 800 248 160
826 263 785 265 851 269 804 269 64
847 127 827 128 861 123 840 123 36
833 259 789 258 859 265 812 265 92
833 274 789 274 861 283 811 283 64
833 289 788 287 859 297 809 295 28
831 323 784 322 861 339 809 339 19
851 122 831 122 865 117 844 117 32
854 128 833 128 867 123 846 123 23
837 210 796 210 863 211 818 211 50
837 229 797 231 865 233 818 232 22
837 235 794 235 867 239 820 239 76
836 239 794 239 867 243 821 243 67
836 279 791 279 867 289 815 289 34
835 279 793 280 865 289 816 290 36
843 233 801 233 873 237 827 237 42
840 259 795 261 871 267 820 269 65
838 275 793 275 869 285 818 285 50
844 233 803 233 875 237 829 237 41
844 237 803 237 875 241 830 241 35
847 254 802 253 879 261 828 261 48
844 258 799 257 875 265 824 265 61
845 266 800 266 875 275 824 275 64
854 271 809 271 879 281 835 281 55
848 281 801 281 877 291 827 292 36
867 95 846 94 883 87 860 86 87
866 91 845 91 881 83 858 82 47
866 98 844 98 881 91 858 91 56
856 224 813 223 885 229 839 229 24
849 263 803 263 881 271 829 271 61
860 265 814 265 885 275 833 275 63
873 44 851 43 889 33 866 32 51
871 90 850 90 887 83 864 82 52
875 101 854 100 891 93 868 92 54
872 177 851 177 887 173 865 174 13
859 231 815 231 891 235 843 235 32
856 231 814 231 887 235 843 234 38
858 261 813 261 891 269 839 268 46
882 154 859 153 897 149 874 149 52
872 269 827 269 897 279 848 279 31
884 99 859 99 901 91 875 91 64
888 102 863 102 903 95 878 95 94
883 104 860 104 899 97 877 96 68
883 128 861 128 899 123 876 123 69
861 236 818 236 901 239 852 239 47
869 249 824 248 903 255 852 257 57
869 256 823 256 903 263 852 263 36
867 263 821 264 901 271 850 271 47
868 317 824 317 903 333 852 333 10
891 35 866 35 909 23 883 23 35
887 37 864 36 905 25 877 26 37
891 72 867 72 909 63 885 61 10
889 97 865 97 907 89 881 89 86
886 107 864 106 905 99 880 99 73
875 268 831 268 909 277 860 277 51
873 323 827 322 909 339 856 339 8
895 58 871 55 915 47 888 49 8
892 94 869 93 911 85 886 85 49
893 99 869 99 911 91 886 91 53
879 254 833 254 915 261 864 261 44
874 250 829 250 911 257 860 257 35
877 261 832 261 913 269 861 269 36
874 319 828 319 911 335 857 334 24
877 327 828 327 915 345 860 345 11
889 233 846 233 919 237 873 237 35
884 237 837 237 917 241 869 241 45
881 254 836 254 917 261 866 261 37
881 259 835 259 917 267 865 266 49
884 261 839 261 921 269 869 269 46
905 38 881 36 925 25 899 25 21
893 201 855 201 927 201 884 201 47
890 265 844 265 927 273 875 273 36
890 277 845 277 923 287 883 286 33
895 259 850 260 933 267 882 268 41
891 259 846 261 929 269 878 270 43
895 268 851 268 931 277 882 277 44
915 44 889 41 937 31 908 30 13
914 70 889 67 937 57 909 57 16
898 245 852 247 937 253 885 253 57
900 263 855 263 939 271 888 271 36
905 276 857 277 939 287 889 287 30
922 86 897 86 945 77 917 76 32
919 142 893 139 941 135 913 134 24
905 245 860 245 945 251 893 251 86
903 252 857 252 941 259 890 259 55
901 250 857 251 941 257 889 257 68
902 257 857 257 941 265 890 265 63
926 137 900 137 949 131 921 131 49
909 243 864 243 949 249 897 249 50
911 247 866 246 951 253 900 253 43
911 257 866 258 951 265 899 264 50
911 266 865 266 951 275 899 275 40
900 302 852 303 951 319 895 320 40
934 90 906 90 957 81 929 80 76
917 187 873 189 955 187 903 186 10
913 252 868 252 953 259 901 258 93
917 263 871 263 957 271 906 271 50
912 266 867 266 953 275 901 275 38
936 144 911 144 959 139 931 139 109
922 252 876 252 963 259 912 259 85
921 266 872 267 963 275 913 275 85
929 225 889 221 965 225 919 223 78
932 236 889 236 969 239 923 239 90
925 243 881 243 965 251 909 249 66
925 251 880 250 967 257 916 257 76
923 255 878 256 965 263 913 262 56
927 265 881 265 969 273 917 273 52
937 229 897 229 975 231 927 231 89
931 249 885 249 973 255 921 255 32
932 259 887 259 975 267 924 267 45
929 265 883 265 971 273 919 274 77
937 249 892 249 981 255 930 255 48
933 245 889 244 979 251 926 251 28
934 256 888 253 977 263 925 262 36
939 247 894 247 983 253 933 253 32
939 257 894 257 983 265 931 265 40
952 236 908 236 999 241 948 241 71
951 249 906 249 997 255 945 255 34
950 251 904 250 995 257 942 257 34
957 243 912 243 1003 249 952 249 79
956 247 911 247 1001 253 954 253 87
959 255 913 255 1005 263 954 263 35
955 261 910 261 1001 269 950 269 33
976 161 946 162 1007 159 975 158 15
964 258 919 257 1011 265 960 265 30
968 263 923 263 1015 271 964 271 42
964 270 919 270 1013 279 962 279 50
965 276 919 276 1013 285 957 286 34
969 274 923 274 1017 283 967 283 28
1032 68 996 68 1077 55 1037 53 61
1038 67 1002 67 1083 55 1043 54 40
1041 97 1005 98 1085 87 1045 86 36
1043 196 1007 195 1087 195 1048 195 53
1043 198 1007 195 1087 197 1048 196 48
1045 233 1009 233 1089 235 1050 235 34
1047 98 1011 96 1091 87 1051 85 28
1048 229 1013 228 1093 231 1054 231 34
1047 233 1011 233 1091 235 1052 235 27
1053 122 1016 121 1099 113 1058 112 20
1051 178 1014 181 1097 175 1057 173 19
1051 201 1015 199 1097 199 1059 197 26
1053 233 1017 233 1099 235 1059 235 21
1051 262 1015 260 1097 267 1055 265 13
1058 80 1021 79 1105 67 1064 66 26
1061 103 1023 101 1107 93 1066 91 18
1060 205 1023 204 1107 205 1066 204 26
1060 223 1024 223 1107 225 1067 225 21
1056 229 1019 228 1103 231 1061 230 21
1062 207 1025 207 1109 207 1069 207 22
1062 224 1025 224 1109 227 1069 226 37
1062 245 1027 247 1111 249 1070 251 9
1069 211 1031 211 1119 211 1078 211 26
1069 270 1030 269 1117 277 1073 275 13
1071 207 1035 207 1121 207 1080 207 18
1075 224 1038 223 1125 225 1083 225 16
1075 245 1041 246 1125 251 1083 249 6
1077 193 1039 193 1129 191 1089 190 14
1079 207 1042 206 1129 207 1088 205 41
1076 239 1039 240 1127 243 1084 242 10
1080 243 1043 243 1131 247 1090 247 6
1082 213 1044 213 1133 213 1091 213 20
1085 209 1048 209 1135 209 1095 208 30
1085 219 1047 219 1137 219 1095 219 32
1083 219 1045 218 1135 219 1093 218 44
1082 220 1044 219 1133 221 1091 222 22
1082 224 1044 224 1133 225 1091 225 30
1084 233 1046 233 1135 235 1093 233 23
1082 239 1043 238 1133 243 1094 244 10
1087 193 1051 195 1139 195 1103 196 8
1089 214 1051 215 1141 215 1099 215 35
1091 247 1052 248 1139 251 1097 251 12
1089 256 1050 256 1143 261 1100 262 14
1097 193 1060 192 1149 191 1107 191 9
1095 233 1055 233 1149 235 1106 235 26
1103 183 1064 183 1155 179 1112 180 12
1105 196 1067 199 1155 197 1115 197 12
1096 220 1057 220 1151 221 1108 221 34
1100 233 1063 232 1155 235 1125 235 30
1099 248 1059 245 1153 253 1110 253 5
1113 46 1076 46 1167 29 1125 28 81
1109 220 1069 220 1167 221 1123 221 39
1115 258 1073 258 1165 263 1119 263 14
1119 189 1084 192 1171 189 1131 189 15
1120 187 1082 186 1171 185 1131 185 12
1115 197 1078 195 1171 197 1128 196 11
1118 210 1080 208 1171 209 1131 207 49
1117 216 1076 216 1177 217 1132 217 39
1122 220 1081 220 1183 221 1137 221 44
1121 235 1079 235 1181 237 1123 237 19
1133 223 1091 223 1191 223 1149 221 79
1141 66 1103 66 1197 51 1155 50 177
1129 205 1090 205 1193 207 1148 206 40
1134 211 1092 211 1197 211 1151 211 47
1139 227 1098 227 1197 227 1157 229 53
1138 207 1096 206 1201 207 1156 206 43
1139 214 1099 213 1203 215 1157 215 44
1145 218 1103 218 1205 219 1157 219 71
1149 220 1108 221 1211 221 1167 221 60
1157 214 1115 214 1219 213 1173 212 66
