83 169 59 169 49 169 23 169 136
83 176 59 175 49 177 24 176 210
98 73 67 74 55 65 21 66 175
95 82 66 83 53 75 23 76 198
86 149 60 147 55 149 29 149 48
87 165 64 166 53 165 29 166 106
90 177 66 177 57 177 32 177 249
85 173 61 173 53 173 28 173 210
86 180 62 180 53 181 27 181 483
102 69 72 71 59 61 27 63 205
102 80 71 81 59 73 26 74 134
105 89 74 90 63 83 29 83 215
105 101 76 101 61 95 29 95 171
93 103 62 102 59 99 29 99 125
91 125 68 126 61 123 35 123 11
91 129 65 129 61 127 34 127 8
90 129 65 129 59 127 32 127 10
94 172 71 173 61 173 36 173 158
93 179 70 181 61 181 36 181 339
91 195 65 195 59 197 26 197 127
108 97 77 97 67 91 33 91 188
111 97 79 97 69 91 36 91 157
97 177 74 178 65 179 40 179 332
114 65 82 65 71 55 37 56 302
114 88 84 88 73 81 39 82 187
127 294 77 293 73 307 32 305 320
124 68 92 70 81 59 46 60 352
119 92 87 92 77 85 44 86 216
117 106 93 107 77 101 51 102 243
120 118 99 118 81 113 57 113 68
127 64 95 64 85 55 51 56 343
124 99 93 99 83 93 49 93 183
124 114 99 114 83 109 57 109 132
126 193 96 193 87 195 55 195 334
133 69 102 70 93 61 60 62 327
134 92 103 93 93 85 59 86 419
127 93 95 93 89 89 55 90 256
129 103 98 102 89 97 56 97 184
130 104 100 104 91 99 59 99 161
130 154 99 154 91 153 59 153 133
128 151 97 150 89 149 56 150 134
130 161 98 159 91 159 58 159 117
131 162 101 162 93 161 61 162 103
128 191 98 191 89 193 57 193 500
132 195 102 195 93 199 61 197 288
132 204 102 204 93 207 61 206 294
139 49 108 50 99 39 67 40 317
139 57 108 57 99 47 67 49 272
135 75 105 75 97 67 65 68 554
136 80 106 81 97 73 64 74 434
137 79 107 79 99 71 67 72 467
137 102 106 103 97 97 64 97 378
135 110 104 110 95 105 62 105 157
137 123 106 123 97 119 64 119 67
134 152 103 152 95 151 63 151 92
136 154 106 154 97 153 65 153 147
135 158 106 158 97 157 65 157 152
132 216 104 215 95 221 63 221 279
132 223 103 223 95 227 63 227 332
141 88 110 88 101 81 68 82 393
141 107 109 106 101 101 68 101 127
143 143 113 144 105 141 72 141 68
142 149 111 149 103 147 67 145 118
143 152 113 153 105 151 73 151 122
139 214 111 213 103 219 68 219 242
148 47 117 48 109 37 75 38 338
143 73 114 71 107 63 73 65 242
146 119 115 119 107 115 74 115 78
150 128 119 129 111 125 78 125 95
149 149 119 149 111 147 78 147 58
147 147 116 147 109 145 76 145 78
149 160 118 160 111 159 78 159 80
147 204 116 204 109 207 78 206 387
146 216 118 216 109 221 75 221 248
146 223 116 223 109 227 77 227 296
163 289 117 288 111 303 60 301 85
162 319 119 318 109 337 61 336 131
151 33 121 34 113 21 79 22 500
157 59 127 59 115 49 87 49 309
153 67 124 68 117 59 84 60 154
155 71 124 72 117 63 83 63 172
154 84 123 85 117 77 85 78 321
155 91 123 91 117 83 85 84 303
154 124 124 124 117 121 84 121 92
153 123 122 123 115 119 82 119 140
153 130 123 130 117 127 84 127 112
152 138 121 138 113 135 80 135 97
153 147 122 147 115 145 82 145 63
153 154 122 154 115 153 82 153 135
153 162 122 162 115 161 82 161 97
151 168 120 167 113 169 80 169 161
164 293 121 292 113 307 66 306 53
157 55 126 55 119 45 89 46 242
161 105 130 104 123 99 90 99 258
158 197 128 198 121 201 88 201 364
163 42 132 43 125 31 92 31 458
164 74 133 74 127 65 94 66 304
164 102 134 101 127 95 94 95 286
161 118 131 118 125 113 92 113 103
164 125 134 125 127 121 95 121 51
160 149 133 149 127 147 95 147 128
161 157 133 156 129 155 95 155 143
177 319 135 318 127 337 81 336 204
171 60 141 61 135 51 102 51 372
167 77 137 77 131 69 99 69 367
168 95 139 95 133 89 99 90 307
167 119 138 120 133 115 101 115 65
168 133 134 133 131 131 108 131 60
169 149 139 149 133 147 101 147 96
167 153 137 153 131 151 99 151 161
168 154 139 155 133 153 101 153 115
168 160 138 161 133 159 101 159 141
183 259 138 258 135 269 81 269 126
180 307 139 308 131 325 84 324 114
181 315 141 314 133 331 87 330 110
177 48 146 48 141 37 111 38 378
178 56 146 55 141 45 108 44 375
175 59 144 59 139 49 107 50 367
172 80 142 81 137 73 105 74 394
174 87 144 88 139 81 107 81 197
172 97 142 97 137 91 106 91 229
176 108 146 108 141 103 109 103 190
172 110 143 110 137 105 105 105 230
174 112 143 111 139 107 105 106 190
171 126 142 123 139 121 105 122 44
173 191 144 192 139 193 118 193 388
171 189 142 190 137 191 111 193 666
173 198 144 198 139 201 107 199 351
186 282 141 283 137 297 87 296 27
188 315 149 314 141 331 96 330 118
180 104 150 104 145 99 112 99 316
178 110 147 109 143 105 110 104 305
173 133 150 133 147 131 124 131 36
192 218 152 219 145 223 100 223 122
194 236 153 237 147 245 101 245 128
193 245 151 245 145 255 99 254 208
191 254 149 253 143 263 96 262 129
191 261 149 260 143 271 96 270 117
195 259 153 259 147 269 100 269 305
186 74 156 74 151 67 122 67 335
184 92 155 93 151 87 119 87 413
185 104 155 104 151 99 119 99 404
187 112 157 111 153 107 121 106 322
172 137 152 137 149 135 128 135 24
175 177 156 176 153 177 132 177 241
195 249 154 249 149 259 102 259 296
197 257 155 257 149 267 103 266 194
199 262 157 261 151 273 105 272 209
198 273 156 273 151 285 105 284 106
200 277 158 276 153 289 107 288 85
196 279 154 278 149 291 102 290 49
197 280 156 280 151 293 103 292 46
187 59 158 60 155 51 123 52 386
191 69 160 69 157 61 125 63 332
181 126 158 127 159 123 137 123 38
182 146 159 145 159 145 136 143 26
178 145 158 146 155 143 134 143 48
182 184 161 184 159 185 138 185 323
181 190 161 190 159 191 138 191 291
203 248 162 247 157 257 111 256 203
205 262 164 261 159 273 113 272 192
202 270 160 269 155 281 109 280 103
196 83 168 84 165 77 135 77 226
195 95 166 95 163 89 132 89 330
185 133 163 131 163 131 141 129 16
182 144 163 144 161 143 140 144 20
187 144 168 143 165 143 144 143 19
184 159 163 155 163 157 141 157 34
210 275 168 275 165 287 119 286 49
209 307 167 307 163 323 119 322 77
207 317 165 316 161 335 108 333 130
208 321 167 320 161 339 109 338 114
199 66 169 66 167 57 135 55 241
204 63 174 63 171 53 138 54 269
198 82 169 83 167 75 136 76 244
198 88 169 88 167 81 136 81 244
199 109 175 109 169 105 151 106 231
190 124 171 125 169 123 147 121 109
187 127 167 128 167 127 146 127 40
190 139 170 137 169 137 148 137 48
188 173 168 172 167 173 143 173 98
214 266 171 265 169 277 128 275 75
215 273 172 273 169 285 122 285 47
213 279 172 279 169 291 119 291 25
208 93 179 93 177 87 146 88 243
206 97 177 98 175 91 144 91 169
195 143 173 143 173 139 152 139 86
197 156 178 156 177 155 156 155 76
194 163 175 164 173 163 153 164 41
196 167 176 167 175 167 155 166 108
198 179 178 179 177 179 157 179 145
213 231 173 231 175 237 141 237 130
219 273 176 273 173 285 125 285 67
215 60 184 60 183 51 150 52 257
211 66 181 66 179 57 147 57 334
212 80 183 80 181 73 151 74 474
201 119 182 120 181 117 161 117 179
201 131 182 131 181 129 161 129 133
201 148 182 148 181 147 161 147 100
202 154 182 154 181 153 161 153 76
200 177 180 176 179 177 159 177 217
204 189 184 189 183 191 163 190 224
217 62 187 62 187 53 152 53 295
219 82 190 82 189 75 159 76 553
216 85 188 86 187 79 157 80 369
219 88 190 88 189 81 158 81 274
214 89 186 90 185 83 154 83 380
216 91 188 92 187 85 156 85 162
209 122 190 122 189 119 169 119 160
208 138 190 139 189 137 169 137 137
206 156 187 156 187 155 167 155 143
224 303 183 303 185 317 139 317 67
225 307 185 307 187 321 141 321 80
213 112 196 113 191 109 167 109 191
212 118 193 118 193 115 171 115 141
214 125 195 125 195 123 176 123 162
214 137 196 137 195 135 175 135 127
211 159 191 160 191 159 170 159 132
233 238 194 238 193 245 149 245 109
235 243 196 243 195 251 152 251 80
233 265 194 265 193 275 148 275 118
228 271 186 271 191 281 145 281 111
232 299 193 299 193 313 149 313 52
232 305 194 305 193 319 151 318 59
219 87 200 88 201 83 177 83 577
223 114 201 114 201 111 179 111 203
220 120 201 120 201 117 181 117 212
216 122 197 122 197 119 178 119 134
218 129 199 129 199 127 180 127 144
216 133 198 133 197 131 178 131 214
219 144 201 144 201 143 182 143 139
215 155 197 155 197 155 178 155 199
218 163 199 163 197 163 175 163 165
225 125 207 125 207 123 188 123 72
221 131 203 131 203 129 184 129 97
225 133 207 133 207 131 188 131 70
225 137 207 137 207 135 188 135 70
221 146 203 146 203 145 184 145 129
225 150 207 150 207 149 188 149 154
222 154 203 154 203 153 184 153 129
222 163 203 163 203 163 183 163 63
224 222 206 221 205 225 183 225 322
241 249 201 249 203 257 159 257 213
243 267 203 267 205 277 161 277 85
245 309 208 309 205 323 167 323 139
246 313 210 314 207 329 165 330 116
229 135 211 134 211 133 192 133 52
230 163 211 163 211 163 191 163 150
226 187 209 186 209 187 190 188 13
229 200 211 198 211 199 193 200 82
246 251 208 251 209 259 168 258 128
236 178 218 178 219 179 201 177 54
234 191 216 190 217 191 199 192 50
234 192 216 192 217 193 199 193 60
236 198 218 198 219 199 200 199 134
234 209 216 209 217 211 199 210 219
250 264 214 263 215 273 175 272 87
253 268 217 267 219 277 179 276 94
236 24 216 24 223 19 202 19 119
240 157 221 157 223 157 204 157 138
241 163 224 163 225 163 207 163 143
239 180 222 180 223 181 204 180 107
240 209 222 209 223 211 204 211 233
252 283 220 282 221 293 200 293 232
261 302 223 301 225 315 185 314 102
247 62 230 63 231 57 213 57 277
247 133 229 132 231 131 213 131 106
246 161 227 161 229 161 210 161 167
244 166 227 167 227 165 210 167 153
247 171 229 170 231 171 213 171 309
249 199 230 200 231 201 219 201 334
246 198 225 198 227 199 213 200 306
252 235 229 235 231 239 207 239 173
263 254 225 256 227 263 194 262 140
257 261 227 263 229 271 195 270 110
252 31 233 31 237 25 217 25 87
248 29 228 29 233 23 215 24 108
251 60 234 61 235 55 217 56 251
251 73 234 74 235 69 217 69 103
249 71 232 72 233 67 215 67 214
249 77 231 77 233 73 215 73 148
249 89 232 89 233 85 215 85 194
251 92 234 93 235 89 217 89 272
251 123 235 123 237 121 219 121 109
251 129 234 129 235 127 217 127 83
249 142 232 142 233 141 215 141 175
251 146 233 146 235 145 217 145 128
248 155 231 157 233 157 215 157 138
247 161 233 161 235 161 217 161 228
253 181 235 180 237 181 219 181 108
252 184 235 184 237 185 219 185 97
249 203 229 204 235 205 219 205 390
258 228 234 227 237 231 214 231 115
256 237 233 237 235 241 211 241 166
264 280 232 279 235 289 200 288 89
258 33 239 33 243 27 223 27 123
259 39 240 39 243 33 221 32 36
254 53 237 53 239 49 221 49 124
256 62 239 62 241 57 224 57 145
258 60 241 60 243 55 226 55 124
254 71 239 72 239 67 223 68 106
254 77 238 77 239 73 222 73 106
255 89 238 89 239 85 221 85 141
257 156 241 158 243 157 225 156 111
259 160 241 159 243 159 225 159 198
254 163 237 163 239 163 221 163 151
257 168 240 168 243 167 225 167 148
254 176 237 176 239 177 222 177 123
260 180 242 180 243 181 226 181 139
258 186 241 186 243 187 225 187 184
256 192 239 192 241 193 223 192 245
257 217 237 216 239 219 214 219 153
264 226 240 225 243 229 221 230 118
260 234 237 233 239 237 215 237 105
270 285 237 285 241 295 206 294 71
275 305 236 304 241 319 198 318 69
262 52 246 53 247 47 230 47 89
262 64 245 64 247 59 230 59 242
264 88 244 89 249 85 233 85 128
263 184 247 184 249 185 232 185 148
260 188 243 188 245 189 228 189 146
268 213 245 213 249 215 225 215 209
266 215 245 214 247 217 223 217 153
275 271 243 270 247 279 211 279 75
277 269 245 268 249 277 214 276 41
274 283 241 283 245 293 210 292 61
268 24 253 25 255 19 239 20 284
268 37 252 38 253 31 234 31 81
268 62 251 62 253 57 234 57 142
270 77 251 77 255 75 237 73 56
269 127 249 127 253 125 235 125 70
269 163 253 163 255 163 238 163 246
265 165 249 166 251 165 234 165 116
274 233 252 233 255 237 231 237 85
271 239 248 238 251 243 227 243 134
280 256 249 256 253 263 219 262 55
283 263 250 263 255 271 221 271 52
281 270 249 270 253 279 219 278 61
281 281 249 281 253 291 218 290 139
272 38 256 39 259 33 243 34 76
276 58 258 59 261 53 243 53 159
272 66 255 66 257 61 239 61 177
272 86 254 84 257 81 239 80 61
274 90 256 91 259 87 241 87 82
274 135 257 135 259 135 242 135 27
275 135 259 135 261 133 243 135 143
271 154 255 153 257 153 240 154 50
274 172 258 172 261 173 243 171 148
270 174 254 174 257 175 239 173 93
278 218 256 218 259 221 236 221 83
279 227 254 227 257 231 231 231 59
281 229 258 229 261 233 236 233 112
283 258 254 257 257 265 224 264 76
288 265 256 265 261 273 227 273 57
286 264 254 263 259 271 224 271 67
288 276 256 276 261 285 226 285 94
278 27 262 27 265 21 250 22 91
278 41 260 41 263 35 247 36 55
279 52 262 52 265 47 247 47 151
280 54 262 54 265 49 246 49 147
278 64 260 64 263 59 245 59 199
280 79 262 77 265 73 247 73 229
282 93 264 93 267 89 249 89 106
281 98 265 99 267 95 248 95 197
280 129 262 129 265 127 246 127 38
280 179 264 179 267 179 251 179 190
283 237 263 236 265 241 240 240 97
288 249 258 249 263 255 231 255 127
292 254 262 254 267 261 233 260 88
292 261 260 261 265 269 231 269 67
294 280 262 279 267 289 232 288 76
293 294 258 293 265 305 227 305 90
287 65 272 66 273 61 258 62 143
284 70 266 69 269 65 252 65 135
287 89 268 89 271 85 251 85 100
285 119 267 119 273 119 251 117 24
285 127 267 127 271 125 252 125 33
287 127 269 127 273 125 254 125 35
282 146 266 146 269 145 253 145 23
286 177 270 176 273 177 257 177 321
282 175 266 175 269 175 253 175 413
282 179 266 178 269 179 253 179 182
286 184 270 184 273 185 257 185 246
282 187 266 186 269 187 253 187 118
290 211 268 211 273 213 249 213 97
289 234 271 233 273 237 249 237 80
297 246 267 246 273 251 241 251 162
299 259 268 259 273 267 239 267 80
296 280 264 279 269 289 234 288 69
301 295 264 295 271 307 232 306 101
287 44 272 45 279 41 262 41 69
293 57 277 57 277 51 262 52 75
290 51 273 51 279 47 259 46 61
289 71 274 71 277 67 261 67 87
287 75 272 75 275 71 259 71 196
292 77 276 77 279 73 263 73 93
292 96 276 96 279 93 263 93 204
292 102 274 102 279 99 261 99 133
289 123 271 123 275 121 256 121 22
289 131 272 131 275 129 257 129 37
290 180 277 180 275 181 258 181 311
291 230 273 229 277 233 251 233 59
300 244 269 245 277 249 245 249 206
301 249 271 249 277 255 245 255 103
303 283 271 283 277 293 242 292 106
308 293 272 293 279 305 241 304 108
305 302 267 302 275 315 233 315 144
289 35 278 38 281 33 266 33 134
295 67 281 68 283 63 269 63 33
294 73 278 73 281 69 265 69 86
293 78 280 79 283 75 267 75 65
296 98 279 98 283 95 266 95 147
298 123 281 123 285 121 267 119 32
300 133 283 133 285 131 268 131 27
294 151 280 154 283 153 267 153 67
293 167 281 167 283 167 271 167 332
293 202 275 200 281 201 259 200 302
305 249 275 249 281 255 249 254 111
308 253 279 252 285 259 252 259 94
310 265 278 265 285 273 251 272 67
309 270 277 270 283 279 249 278 93
309 282 276 281 283 291 248 291 95
307 280 275 279 281 289 247 288 96
307 285 274 285 281 295 246 294 103
299 41 286 42 289 37 274 37 103
300 69 283 69 287 65 268 63 87
303 81 286 81 289 77 273 77 80
302 125 286 125 289 123 271 123 25
303 129 286 129 289 127 271 127 59
301 129 284 129 287 127 270 127 40
304 133 287 133 289 131 272 131 26
303 186 289 186 291 187 273 187 158
309 216 287 216 291 219 267 219 106
303 226 288 224 287 229 262 229 71
305 230 287 229 289 233 263 233 37
309 241 279 241 287 245 257 245 83
315 247 285 247 291 253 259 253 101
311 251 281 250 287 257 255 256 116
313 255 282 254 289 261 256 261 56
313 261 282 261 289 269 256 269 53
312 271 279 271 287 279 253 278 161
306 19 287 21 293 17 278 18 20
303 39 291 41 293 35 278 35 98
308 58 292 58 295 53 281 54 73
304 76 289 77 293 73 278 73 195
307 74 291 75 295 71 280 71 81
306 80 291 81 295 77 280 77 74
309 125 291 125 295 123 278 123 20
308 148 293 148 297 147 282 147 27
304 151 287 152 293 151 277 151 31
303 175 289 175 293 175 278 175 231
308 179 293 179 297 179 282 179 151
304 188 289 188 293 189 277 189 242
305 195 289 193 293 195 277 194 305
314 211 292 210 297 213 273 213 110
314 216 291 216 297 219 273 219 72
312 220 290 220 295 223 271 223 98
314 222 292 222 297 225 273 225 93
313 237 287 237 295 241 269 241 77
317 244 288 244 295 249 264 249 98
317 259 286 258 293 265 260 265 104
321 267 290 267 297 275 263 275 48
322 272 289 272 297 281 262 281 71
318 276 286 276 293 285 258 284 94
323 290 289 289 297 301 260 300 119
322 295 287 295 295 307 256 307 62
307 40 292 40 299 37 284 37 81
309 47 294 47 299 43 285 44 142
309 58 293 58 301 55 285 55 41
310 63 294 63 299 59 283 59 66
310 79 296 79 299 75 284 75 120
314 74 299 74 303 71 288 71 147
315 81 301 81 303 77 288 77 150
315 100 299 100 303 97 287 97 88
313 104 298 104 301 101 285 101 53
309 134 298 135 299 133 283 133 51
311 146 297 146 301 145 286 145 21
314 153 300 154 303 155 289 153 33
310 171 296 170 299 169 284 170 132
310 173 295 173 299 173 284 173 154
310 182 296 182 299 183 283 183 159
309 179 295 179 299 179 284 179 122
314 180 299 180 303 181 288 181 159
313 187 299 187 303 187 288 187 412
318 211 295 211 301 213 277 213 121
323 252 293 252 301 257 269 257 96
325 269 293 269 301 277 267 277 84
325 274 293 274 301 283 267 282 109
324 283 291 283 299 293 263 293 98
317 66 305 67 309 63 294 63 117
314 71 299 71 305 67 290 68 78
317 76 302 76 307 73 292 73 88
319 75 305 75 309 71 294 72 100
313 95 293 94 305 93 288 93 273
315 95 299 95 309 93 291 93 169
317 101 301 101 309 99 297 100 337
319 151 305 152 309 151 295 151 48
321 194 297 194 305 195 282 195 349
325 211 303 211 309 213 285 213 58
325 239 303 239 309 243 285 243 84
331 265 301 265 309 273 275 272 56
330 274 299 274 307 283 273 282 96
329 282 297 281 305 291 270 291 105
330 292 295 292 305 303 269 302 70
334 290 300 290 309 301 273 300 108
334 299 297 299 307 311 268 311 51
323 69 309 69 313 65 299 65 97
325 74 311 75 315 71 300 71 82
323 95 309 98 313 95 299 95 76
325 136 311 137 315 135 301 135 291
323 171 309 171 313 171 299 171 211
323 169 309 169 313 169 299 168 140
333 233 307 233 315 237 290 237 40
327 235 305 235 311 239 286 239 65
334 273 302 272 311 281 277 281 85
336 289 304 288 313 299 276 299 92
337 300 300 300 311 313 271 313 47
331 67 317 67 321 63 307 63 94
327 65 313 65 317 61 302 61 120
327 83 313 83 317 79 302 77 115
327 95 313 95 317 93 303 94 267
327 102 313 103 317 101 302 102 107
331 109 315 110 321 107 306 107 272
333 133 319 133 319 131 303 131 316
327 137 313 137 317 135 303 135 180
328 171 315 171 319 171 305 170 331
327 176 313 175 317 175 303 175 239
334 196 313 195 319 197 298 197 210
331 237 310 237 317 241 291 241 55
341 267 310 267 319 275 286 274 51
343 278 311 278 321 287 287 287 122
339 284 307 283 317 293 281 293 119
342 287 311 286 319 297 285 296 88
331 50 322 50 325 47 316 47 156
335 63 321 63 325 59 310 59 142
335 65 321 65 325 61 311 62 219
333 71 319 71 323 67 309 67 107
332 95 322 95 325 93 309 94 234
330 157 320 157 323 157 314 157 621
339 192 322 192 327 193 310 193 201
343 224 319 224 327 227 301 227 89
338 230 316 230 323 233 299 233 54
343 254 314 254 323 261 292 261 135
344 265 314 265 323 273 291 273 63
352 299 315 298 327 311 287 310 27
339 56 329 55 333 53 322 51 119
343 62 329 62 331 57 318 58 140
340 68 324 69 329 65 317 65 201
339 83 330 83 333 81 324 81 42
340 95 330 95 333 93 323 93 92
337 130 321 130 329 129 314 129 162
343 215 322 214 329 217 305 217 40
345 213 323 213 331 215 307 215 89
346 218 324 218 331 221 307 221 56
344 228 321 228 329 231 305 231 87
348 239 325 239 333 243 309 243 81
354 273 323 273 333 281 300 280 85
343 69 334 69 337 67 328 67 151
345 75 336 75 339 73 330 73 111
343 77 334 77 337 75 328 75 115
341 106 332 105 335 103 326 104 131
347 142 331 142 337 141 319 141 251
348 163 331 164 337 163 319 162 358
350 216 328 216 335 219 311 219 55
352 212 329 212 337 215 317 215 70
353 219 331 218 339 221 315 221 58
352 226 330 225 337 229 313 229 109
354 256 325 256 335 263 304 263 167
356 261 327 260 337 267 306 266 211
355 262 325 262 335 269 303 269 189
358 266 329 266 339 273 307 273 113
358 275 329 275 339 283 307 283 79
355 280 324 280 335 289 301 288 91
359 284 330 283 339 293 307 292 88
362 297 326 297 339 309 299 308 30
348 21 343 21 345 19 340 19 235
351 67 342 68 345 65 339 65 295
349 77 340 77 343 75 335 75 110
349 79 340 79 343 77 335 77 89
346 83 338 83 341 81 332 81 47
354 140 337 140 343 139 326 139 248
356 177 339 177 345 177 327 177 167
357 188 338 188 345 189 325 189 176
354 184 337 184 343 185 325 185 149
359 199 337 199 345 201 322 201 114
358 198 336 198 343 199 320 199 164
356 202 333 201 341 203 318 203 89
355 209 333 209 341 211 318 211 60
357 209 335 209 343 211 320 211 182
356 215 333 215 341 217 317 217 52
359 219 337 218 345 221 322 220 132
356 231 334 230 341 235 318 234 235
359 239 337 239 345 243 322 243 256
359 235 337 235 345 239 321 239 140
359 243 337 243 345 247 321 246 247
356 246 334 246 343 251 320 251 118
360 264 331 264 341 271 310 271 125
362 273 333 273 343 281 312 281 107
365 300 328 300 341 313 300 313 28
354 24 348 24 351 21 347 23 188
357 83 348 84 351 81 341 81 155
352 92 343 93 347 91 338 92 133
362 154 345 154 351 153 334 154 319
359 152 343 152 349 151 331 152 335
357 160 341 160 347 159 330 159 234
360 179 343 179 349 179 331 179 169
363 215 341 215 349 217 325 217 66
362 228 340 228 349 231 325 231 268
363 233 341 233 349 237 326 237 250
363 241 341 241 349 245 325 245 219
370 271 341 271 351 279 319 279 94
372 306 333 305 347 319 315 320 50
364 55 350 55 355 51 341 51 38
365 61 352 65 357 61 343 62 156
361 69 350 70 355 67 341 68 218
361 77 351 77 355 75 343 74 334
362 85 347 85 355 87 339 86 196
365 89 351 90 357 89 343 91 57
365 99 352 99 357 97 343 97 73
366 163 349 163 355 163 337 163 278
366 174 349 173 355 173 339 173 148
368 182 351 181 357 183 340 183 132
364 185 347 184 353 185 336 185 175
368 226 347 226 355 229 332 229 400
371 228 347 227 357 231 334 231 322
367 232 345 231 353 235 329 235 301
369 233 346 234 355 237 331 237 275
370 239 348 239 357 243 334 243 232
371 243 348 243 357 247 334 247 204
373 265 344 263 357 271 328 271 83
375 277 345 277 357 285 325 285 44
377 297 341 297 355 309 315 308 27
368 24 360 25 363 21 354 21 243
364 28 356 29 359 25 350 25 108
370 55 356 55 361 51 347 51 63
367 97 354 97 359 95 345 95 101
370 151 353 152 359 151 342 151 301
374 186 355 187 363 187 343 187 212
372 204 350 204 361 207 338 207 151
374 209 352 209 361 211 337 211 133
376 225 354 225 361 227 338 227 362
372 247 351 246 359 251 335 251 135
377 252 354 252 363 257 341 256 85
373 89 359 87 365 89 351 87 93
373 99 359 98 365 97 351 97 91
376 106 365 107 369 105 360 105 175
370 109 361 109 365 107 356 107 193
373 113 363 113 367 111 358 111 139
378 161 363 159 369 159 350 160 414
378 198 357 198 365 199 343 199 189
379 204 356 203 365 205 344 206 181
378 209 356 209 365 211 342 211 164
380 220 358 220 367 223 344 223 310
380 222 358 222 367 225 344 225 359
380 251 357 251 367 255 343 255 103
384 265 356 265 369 271 340 271 60
383 270 355 270 367 277 337 277 85
383 274 356 273 367 281 336 281 42
381 49 369 49 373 45 359 45 135
379 64 370 64 373 61 365 62 65
380 77 371 77 375 75 366 75 51
380 79 371 79 375 77 366 77 60
380 85 371 86 375 83 366 83 57
380 93 370 93 375 91 365 91 70
378 124 369 124 373 123 364 123 143
376 122 367 122 371 121 362 121 193
380 122 371 122 375 121 366 121 274
376 128 367 128 371 127 361 127 155
380 171 371 171 375 171 366 171 109
377 181 367 182 371 183 362 182 212
384 201 363 201 373 203 351 203 219
387 204 365 203 375 205 353 205 138
383 213 361 213 371 215 348 215 156
388 221 366 220 375 223 352 223 241
386 224 364 224 373 227 350 227 258
384 235 362 235 371 239 348 239 117
389 263 362 263 375 269 346 269 60
382 81 373 81 377 79 368 79 40
386 79 376 79 381 77 372 77 22
383 89 374 87 379 87 370 88 44
386 85 377 85 381 83 372 83 29
383 113 373 113 379 111 372 111 134
384 120 375 120 379 119 370 119 183
386 122 377 122 381 121 372 121 305
386 128 377 128 381 127 372 127 225
382 167 373 167 377 167 367 167 158
384 175 375 175 379 175 370 175 100
388 198 368 198 377 199 356 199 269
393 213 371 212 381 215 358 215 305
391 216 369 216 379 219 356 219 168
393 219 371 219 381 221 358 221 207
389 228 367 228 377 231 354 231 201
393 270 365 270 377 277 347 277 49
401 295 364 296 381 307 341 308 35
387 59 377 58 383 57 372 56 82
392 92 382 93 387 91 378 90 22
387 103 381 102 385 101 374 101 57
388 108 379 109 383 107 374 107 87
388 124 379 124 383 123 374 123 170
392 122 383 122 387 121 378 121 233
392 128 383 128 387 127 378 127 151
390 156 380 155 385 155 376 155 135
392 160 383 160 387 159 378 159 179
390 171 381 171 385 171 376 171 113
392 175 383 175 387 175 377 175 116
395 200 375 200 385 201 364 201 197
396 222 375 222 385 225 363 225 177
398 230 377 230 387 233 365 233 161
393 240 373 240 383 243 362 243 134
398 242 378 242 387 245 366 245 178
395 256 366 256 383 261 357 261 114
399 267 374 266 385 273 356 273 37
402 278 371 278 385 287 353 286 24
401 280 369 283 383 291 349 291 25
404 284 372 283 387 293 352 293 19
398 60 389 60 393 57 384 57 74
397 86 389 87 393 85 383 84 19
394 90 385 89 389 87 379 87 24
398 93 388 93 393 91 384 91 23
396 104 386 104 391 103 384 103 51
393 103 384 103 389 101 381 101 68
394 109 385 109 389 107 380 107 73
396 167 386 167 391 167 381 167 162
398 169 388 169 393 169 383 169 134
401 200 382 200 391 201 371 201 175
400 210 380 209 389 211 368 211 246
403 223 384 223 393 225 373 225 141
403 224 383 225 393 227 372 228 127
404 70 395 70 399 67 390 67 21
403 93 399 93 399 91 390 91 23
404 156 394 155 399 155 389 156 109
400 164 390 163 395 163 385 162 253
402 167 392 167 397 167 387 167 183
404 183 394 183 399 183 389 183 158
404 192 386 192 395 193 376 193 194
407 207 388 207 397 209 377 209 172
407 214 388 214 397 215 377 215 187
407 221 387 221 397 223 376 223 100
405 240 385 240 395 243 374 243 160
409 258 385 257 397 263 371 263 89
408 54 400 54 403 51 397 52 111
405 57 397 57 401 55 391 53 56
409 60 401 60 405 57 397 57 80
410 74 401 74 405 71 396 71 20
408 82 399 83 403 79 394 80 26
409 93 400 93 405 91 395 91 27
410 153 400 154 405 153 396 153 154
406 169 396 169 401 169 391 169 129
410 190 393 191 401 191 385 191 151
413 197 396 198 405 199 388 199 104
412 200 394 200 403 201 384 201 160
412 207 394 207 403 209 384 209 133
410 211 392 211 401 213 381 213 182
412 215 394 215 403 217 383 217 109
412 213 394 213 403 215 384 215 150
410 232 392 232 401 235 382 235 146
414 236 396 236 405 239 386 239 112
410 238 392 238 401 241 382 241 123
413 252 390 252 401 257 377 257 86
413 256 389 256 401 261 375 261 112
412 262 387 262 401 267 374 267 54
418 287 384 287 401 297 365 297 27
419 292 384 292 401 303 362 303 66
411 77 402 77 407 75 397 74 21
415 79 406 79 411 77 402 77 36
413 151 404 152 409 151 400 151 87
412 158 402 158 407 157 398 157 80
412 167 402 165 407 167 397 167 263
413 169 404 169 409 169 399 169 172
412 177 402 177 407 177 397 177 76
411 173 402 173 407 173 397 173 108
415 181 406 181 411 181 401 181 155
416 194 401 194 409 195 393 195 71
419 219 402 219 411 221 393 221 62
422 276 392 275 407 283 375 283 25
427 302 389 301 409 315 366 314 82
428 308 387 308 409 323 363 323 113
419 54 414 55 417 53 412 51 217
419 93 410 93 415 91 406 91 33
421 109 412 109 417 107 408 107 138
421 157 412 157 417 157 408 157 168
417 163 408 163 413 163 403 163 190
419 167 410 167 415 167 405 167 83
419 177 410 177 415 177 405 177 175
424 198 409 198 417 199 402 199 81
420 198 404 198 413 199 397 199 76
424 211 408 211 417 213 400 213 79
423 215 406 215 415 217 397 217 60
421 223 404 223 413 225 395 225 61
421 232 404 232 413 235 391 235 115
426 252 404 252 415 257 391 257 37
428 278 396 278 413 287 379 287 28
433 283 400 283 417 293 382 292 33
424 57 417 56 421 55 414 54 98
423 77 415 78 419 75 411 75 37
426 75 418 75 423 73 415 73 58
427 81 418 81 423 79 416 80 28
423 91 414 91 419 89 410 89 43
425 97 416 97 421 95 412 95 50
423 105 414 105 419 103 410 103 85
427 110 418 111 423 109 414 109 117
423 112 414 113 419 111 410 111 122
423 167 414 167 419 167 409 167 117
423 173 414 173 419 173 409 173 110
425 177 416 177 421 177 412 177 145
429 193 415 194 423 195 409 195 158
426 191 411 190 419 191 402 191 176
429 202 415 202 423 203 405 203 89
429 221 411 221 421 223 403 223 31
427 229 409 229 419 231 401 231 65
431 233 413 232 423 235 405 235 42
427 234 409 235 419 237 401 237 62
430 242 412 241 421 245 398 245 77
431 249 409 249 421 253 398 253 34
435 272 406 271 421 279 390 277 20
430 55 423 55 427 53 420 53 189
431 60 426 61 429 59 423 59 83
429 79 420 79 425 77 417 77 39
433 87 425 87 429 85 421 85 97
428 90 420 91 425 89 416 89 28
433 99 424 99 429 97 420 97 46
429 105 420 105 425 103 416 103 86
431 109 423 110 427 107 418 107 254
433 117 424 117 429 115 420 115 208
431 132 422 132 427 131 418 131 109
429 139 420 139 425 137 416 138 86
433 144 424 144 429 143 420 143 240
431 153 422 153 427 153 418 153 142
431 160 422 160 427 159 418 159 155
429 167 420 167 425 167 416 167 148
431 173 422 173 427 173 418 173 115
433 217 415 217 425 219 407 219 43
433 225 415 225 425 227 407 227 57
437 242 418 241 429 245 408 245 61
435 244 415 243 427 247 405 247 58
438 249 417 249 429 253 407 253 38
437 266 410 266 425 273 396 272 25
440 263 414 262 429 269 401 269 19
436 75 430 75 433 73 426 73 116
435 79 427 79 431 77 423 77 203
436 83 429 83 433 81 425 81 81
436 95 428 95 433 93 424 93 49
437 101 428 101 433 99 424 99 93
435 112 426 112 431 111 422 111 119
439 111 430 111 435 109 427 109 51
437 115 428 114 433 113 424 112 179
435 119 426 118 431 117 422 117 153
439 128 431 128 435 127 427 127 105
435 140 426 140 431 139 422 139 166
438 146 430 146 435 145 427 145 194
436 154 428 154 433 153 424 153 118
438 202 422 202 431 203 415 203 129
437 208 421 208 431 209 414 209 90
440 225 423 225 433 227 415 227 42
442 229 425 229 435 231 417 231 47
440 245 419 245 431 249 409 249 51
442 249 421 250 433 253 410 254 30
443 259 418 260 433 265 405 263 24
445 285 412 285 431 295 395 296 33
443 35 438 35 439 35 435 37 17
441 55 439 55 441 55 439 56 204
444 77 438 77 441 75 435 75 343
442 85 434 85 439 83 431 83 137
440 93 432 93 437 91 429 91 89
442 94 434 94 439 93 431 93 92
442 116 434 116 439 115 431 115 95
444 132 436 132 441 131 433 131 252
442 142 434 142 439 141 431 141 142
440 138 432 138 437 137 429 137 217
442 154 434 154 439 153 431 153 172
440 155 432 156 437 155 429 155 216
442 160 434 160 439 159 431 159 133
442 175 434 175 439 175 431 175 88
440 213 424 213 437 213 419 213 323
447 213 432 213 441 215 425 215 198
444 221 426 220 437 223 419 223 69
448 229 430 229 441 231 423 231 89
446 233 428 233 439 235 420 235 43
449 244 429 244 441 247 420 247 51
452 268 424 268 441 275 411 274 26
455 291 420 291 441 303 402 303 53
447 49 442 49 445 47 438 47 63
448 69 445 68 447 67 442 67 213
446 70 441 70 443 69 438 69 129
447 74 442 75 445 73 440 74 228
446 83 438 83 443 81 435 81 159
446 89 438 89 443 87 435 87 192
448 85 441 85 445 83 437 83 207
451 103 443 103 447 101 439 101 102
448 114 436 114 445 113 437 113 180
448 118 440 118 445 117 437 117 160
450 122 442 122 447 121 439 121 247
446 122 438 122 443 121 435 121 210
448 124 440 124 445 123 437 123 196
448 139 440 139 445 139 437 141 133
446 144 438 144 443 143 435 143 232
450 153 442 153 447 153 439 153 250
452 188 438 189 447 189 434 189 113
453 195 438 194 447 195 433 195 178
451 206 436 206 445 207 429 207 187
453 208 438 208 447 209 431 209 197
450 211 436 212 445 213 429 213 192
451 218 435 217 445 219 428 219 150
450 225 433 225 443 227 425 227 67
452 227 434 227 445 229 427 229 83
452 231 434 231 445 233 427 233 61
459 279 428 278 447 287 413 287 31
458 282 425 282 445 291 410 291 28
460 283 427 284 447 293 411 293 55
455 47 450 47 453 45 448 45 41
451 45 446 45 449 43 444 43 54
451 51 446 51 449 49 444 49 47
451 72 446 73 449 71 444 71 238
454 85 446 85 451 83 443 83 181
456 93 448 92 453 91 446 91 177
456 101 449 101 453 99 446 99 170
454 126 446 126 451 125 443 125 192
452 136 444 136 449 135 441 135 270
453 153 445 153 451 153 443 153 207
455 153 448 153 453 153 445 153 164
452 158 444 158 449 157 441 157 161
456 159 448 160 453 159 446 158 255
456 161 448 162 453 161 446 160 139
452 170 444 169 449 169 441 169 134
454 173 446 173 451 173 443 173 123
455 187 441 187 449 187 433 187 237
457 188 444 189 453 189 437 189 239
458 200 440 200 449 201 431 201 165
457 206 443 207 451 207 435 207 158
459 227 442 227 453 229 435 229 56
460 265 434 265 449 271 421 269 27
464 282 431 281 451 291 416 290 37
467 302 428 302 453 315 409 315 57
467 298 430 297 453 311 411 311 60
463 300 424 300 449 313 406 313 63
457 50 452 51 455 49 450 49 71
457 63 452 63 455 61 450 61 126
459 67 453 66 457 65 452 65 212
460 89 452 89 457 87 450 87 192
461 122 454 122 459 121 452 121 199
462 128 454 128 459 127 452 127 226
462 134 454 134 459 133 452 133 143
459 140 452 140 457 139 449 139 147
457 170 450 170 455 171 447 169 216
460 196 446 196 455 197 439 196 125
463 215 449 215 457 217 443 217 210
463 229 446 229 457 231 439 231 73
464 233 447 233 459 235 441 235 88
460 240 443 239 457 241 438 241 52
466 257 441 257 457 263 430 263 26
467 58 462 59 465 57 460 57 90
464 64 460 65 463 63 458 63 122
465 77 460 77 463 75 458 75 92
467 84 462 84 465 83 460 83 218
466 107 459 107 463 105 456 105 207
467 120 460 120 465 119 458 119 219
464 126 456 126 461 125 454 125 277
467 150 461 152 465 151 458 150 147
465 159 458 160 463 159 456 159 176
467 161 460 162 465 161 458 161 285
463 163 456 164 461 163 454 163 250
463 181 456 181 461 181 454 181 277
467 184 451 183 465 185 449 184 512
470 198 455 198 465 199 449 199 179
468 202 453 202 463 203 447 203 240
470 208 455 208 465 209 449 209 155
463 219 449 219 461 221 443 221 223
470 256 445 256 461 261 435 261 23
469 252 446 252 461 257 436 257 23
474 252 450 252 465 257 440 257 23
472 270 442 271 461 279 429 279 24
471 56 467 56 471 55 467 55 127
473 82 467 82 471 81 465 81 276
472 88 467 89 471 87 465 87 448
471 96 465 96 469 95 462 95 168
473 116 463 115 471 115 462 114 153
471 126 464 126 469 125 462 125 162
471 132 464 132 469 131 462 131 139
469 145 462 145 467 145 460 145 114
471 153 465 157 469 155 462 155 148
473 175 466 175 471 175 464 175 163
471 173 464 173 469 173 462 173 119
473 179 466 179 471 179 464 179 306
474 196 458 196 469 197 453 197 426
472 221 457 221 467 223 452 223 112
472 225 457 225 467 227 450 227 99
474 231 458 231 469 233 452 233 78
475 245 452 245 467 249 445 249 29
475 249 452 248 467 253 438 252 37
478 263 451 263 469 269 440 269 25
477 268 449 268 467 275 441 276 42
475 59 470 58 473 57 469 57 73
479 75 474 74 477 73 473 73 90
474 76 470 76 473 75 468 75 117
477 86 472 86 475 85 470 85 332
479 116 472 116 477 115 469 114 103
475 159 468 159 473 159 466 159 152
475 171 469 171 473 171 466 171 130
477 173 470 173 475 173 468 173 114
475 185 469 184 473 185 466 185 361
478 211 465 211 473 213 457 213 361
479 218 466 217 475 219 461 219 195
481 216 467 216 477 217 463 217 183
477 221 461 221 473 223 458 223 219
480 231 464 231 475 233 458 233 55
485 298 448 297 473 311 431 310 43
482 70 478 70 481 69 477 69 79
480 74 476 74 479 73 475 73 81
484 78 480 78 483 77 479 77 100
481 104 474 104 479 103 472 103 114
481 111 474 110 479 109 472 109 131
481 130 474 130 479 129 472 129 146
483 167 477 167 481 167 475 167 178
484 185 475 185 481 185 472 185 422
481 193 472 193 479 193 469 193 415
483 191 474 191 481 191 471 191 320
487 207 474 207 483 207 469 207 89
483 212 469 212 479 213 464 213 184
489 230 472 230 483 233 467 232 92
485 246 458 246 479 249 456 249 31
492 275 461 275 483 283 450 282 34
489 290 454 290 479 301 441 300 46
491 302 454 301 481 315 436 315 43
484 65 482 65 485 65 481 65 109
487 74 482 74 485 73 481 73 193
491 91 484 91 489 89 482 88 148
491 118 483 118 489 117 481 117 111
487 122 479 122 485 121 477 121 165
491 140 484 140 489 139 481 139 233
489 154 481 151 487 153 479 153 218
489 161 481 162 487 161 479 161 274
487 169 481 169 485 169 479 169 224
490 227 475 227 485 229 469 229 73
493 225 479 225 489 227 475 227 79
491 242 471 241 485 245 464 245 26
493 259 467 259 485 265 458 265 43
498 290 463 289 489 301 449 301 56
499 296 459 296 487 309 445 308 48
501 310 466 310 489 325 449 325 51
496 70 492 70 495 69 491 69 84
492 72 488 73 491 71 486 71 78
496 78 492 79 495 77 491 77 136
493 95 485 95 491 93 483 93 52
497 97 489 97 495 95 487 95 85
497 148 489 148 495 147 487 147 554
493 154 486 153 491 153 484 153 473
493 165 485 166 491 165 484 165 320
497 161 489 162 495 161 487 162 186
497 178 489 177 495 177 483 177 854
497 185 489 185 495 185 486 185 204
497 191 486 191 495 191 484 191 288
498 226 488 228 493 229 483 229 116
500 234 482 235 495 237 476 237 34
497 253 473 254 491 259 459 258 41
501 261 476 261 495 267 466 267 30
501 271 471 271 493 279 461 279 35
499 269 469 267 491 277 459 277 27
500 280 468 280 491 289 455 289 46
499 85 492 84 497 83 494 84 144
500 107 491 107 497 105 489 105 41
499 119 491 118 497 117 489 116 43
501 146 494 146 499 145 492 145 228
502 171 495 171 501 169 493 170 219
500 180 493 179 499 179 491 179 211
498 212 488 212 497 213 483 213 119
504 214 492 213 501 215 488 215 100
505 243 483 244 499 247 477 247 24
503 250 480 251 497 255 472 256 37
507 247 485 247 501 251 479 250 46
506 257 480 257 499 263 472 263 32
508 261 481 261 501 267 472 267 33
511 293 473 293 501 305 460 305 58
507 107 499 107 505 105 497 105 62
508 175 502 175 507 175 501 174 259
507 185 498 185 505 185 496 185 253
505 191 498 191 503 191 495 191 191
507 197 498 197 505 197 496 197 148
505 199 496 199 503 199 494 199 129
506 212 494 212 503 213 490 213 109
506 218 493 218 503 219 490 219 108
508 222 494 221 505 223 490 223 92
515 278 482 278 507 287 472 287 46
514 291 478 291 505 303 464 302 48
513 298 475 298 503 311 460 311 39
514 86 510 86 513 85 509 85 106
513 104 505 105 511 103 503 103 94
511 108 503 108 509 107 501 107 98
515 142 507 142 513 141 505 141 165
515 195 505 193 513 195 504 194 146
511 199 502 198 509 199 500 199 173
515 205 506 205 513 205 504 205 132
512 218 499 218 509 219 496 219 102
513 225 497 225 509 227 493 227 58
519 256 493 256 513 261 486 261 68
518 264 489 264 511 271 481 271 35
522 296 485 293 513 309 469 309 58
517 111 509 110 515 109 507 109 35
521 115 513 115 519 113 511 113 38
521 124 513 124 519 123 511 123 97
519 126 511 126 517 125 509 125 82
521 130 513 130 519 129 511 129 61
520 156 513 155 519 155 512 154 322
521 185 512 185 519 185 510 185 240
519 191 510 191 517 191 508 191 174
517 197 508 197 515 197 506 197 278
522 218 509 218 519 219 506 219 122
519 233 503 233 515 235 497 235 50
523 235 505 235 517 239 497 239 53
524 243 501 243 519 247 495 247 38
523 259 499 258 515 265 487 265 51
524 276 492 277 517 285 482 285 34
529 288 489 288 517 299 477 299 71
528 299 489 299 519 313 475 313 45
524 301 484 301 515 315 470 315 32
527 303 487 303 519 317 473 317 35
527 96 518 95 525 95 517 94 95
525 121 516 120 523 119 515 119 86
526 136 519 136 525 135 517 135 104
523 148 514 149 521 147 511 147 205
522 173 517 173 521 173 517 173 294
523 183 514 183 521 183 512 183 281
525 187 516 187 523 187 514 187 272
526 185 518 185 525 185 516 185 183
527 191 518 191 525 191 516 191 122
522 199 514 199 521 199 513 198 145
527 208 517 208 525 209 516 209 107
525 223 510 223 521 225 505 225 65
527 227 510 227 523 229 506 229 37
526 247 503 247 521 251 497 251 62
527 275 496 275 521 283 487 283 45
526 281 497 280 523 289 484 290 62
531 278 499 278 525 287 490 287 56
529 95 520 94 527 93 519 93 96
528 101 520 101 527 99 519 99 60
532 112 524 113 531 111 523 111 34
529 116 521 116 527 115 519 115 29
529 121 521 120 527 119 519 119 40
532 144 526 144 531 143 525 143 164
528 177 523 177 527 177 522 177 292
532 185 524 185 531 185 523 185 276
529 195 520 195 527 195 519 195 101
533 203 523 203 531 203 522 203 158
534 214 521 214 531 215 518 215 134
533 234 513 234 529 237 511 236 57
532 243 510 243 527 247 505 247 51
535 250 511 250 531 255 505 255 123
534 256 508 256 529 261 502 261 160
536 258 509 258 531 263 503 263 83
533 261 505 261 527 267 498 267 72
532 265 504 264 527 271 496 271 55
537 272 506 271 531 279 498 279 83
535 281 502 282 529 291 493 290 49
539 288 502 289 531 299 491 299 64
534 293 497 292 527 305 484 305 40
534 95 527 95 533 93 525 93 40
539 96 531 97 537 95 529 95 69
536 107 529 107 535 105 527 105 33
535 111 527 111 533 109 525 109 41
535 117 527 116 533 115 525 115 107
537 120 529 120 535 119 527 119 65
537 131 529 130 535 129 527 129 172
538 136 530 136 537 135 529 135 102
534 148 529 148 533 147 526 146 210
538 148 533 148 537 147 533 148 154
534 175 530 175 533 175 529 175 186
534 190 526 190 533 189 525 189 184
538 193 531 193 537 193 529 193 87
534 203 525 203 533 203 524 203 96
535 222 520 221 533 223 517 223 56
540 238 520 238 537 241 516 241 77
537 254 512 253 533 259 506 257 104
541 252 516 251 537 257 511 257 120
539 261 512 261 535 267 506 267 96
541 258 519 257 537 263 509 263 120
540 268 510 268 535 275 503 275 75
542 273 511 273 537 281 503 281 63
544 101 536 101 543 99 535 99 44
542 107 534 107 541 105 533 105 75
541 173 538 176 541 175 537 175 224
540 181 534 181 539 181 534 181 177
543 179 540 180 543 179 539 180 210
540 197 533 197 539 197 531 197 67
541 212 530 212 539 213 527 213 172
542 225 527 225 539 227 513 228 88
542 238 523 238 539 241 518 241 70
546 270 515 270 541 277 508 277 86
544 280 511 279 539 289 503 289 58
545 285 511 285 539 295 501 295 107
549 296 510 296 543 309 500 309 45
543 299 506 300 539 313 495 313 35
546 97 541 98 545 95 537 95 41
548 113 540 113 547 111 539 111 153
550 124 547 124 549 123 545 122 249
546 148 541 149 545 147 541 148 146
548 193 541 193 547 193 540 193 99
548 199 540 199 547 199 540 199 88
548 205 538 204 547 205 537 205 75
551 220 536 220 549 221 534 221 135
549 221 534 221 547 223 531 223 93
550 234 531 234 547 237 527 237 98
546 231 527 231 545 233 523 233 69
552 238 532 238 549 241 527 241 83
552 243 531 243 549 247 526 247 92
552 249 529 249 549 253 525 253 137
549 254 524 254 545 259 519 259 106
550 265 522 265 547 271 516 271 55
553 269 523 269 549 277 517 276 67
552 274 520 275 547 283 513 282 84
554 280 520 279 549 289 513 289 50
550 283 516 283 545 293 508 293 54
556 106 548 107 555 105 547 105 98
554 103 547 102 553 101 545 102 122
552 105 545 104 551 103 543 103 100
552 114 544 115 551 113 543 113 169
551 143 547 143 551 143 547 143 44
553 153 549 153 553 153 549 153 154
552 159 548 159 551 159 547 159 241
552 165 548 165 551 165 547 165 176
556 183 551 183 555 183 549 183 311
552 197 545 197 551 197 544 197 109
556 206 546 206 555 207 544 207 81
556 212 544 212 553 213 541 213 105
555 216 541 216 553 217 539 217 137
557 233 539 232 555 235 536 235 80
556 242 535 242 553 245 531 245 81
559 270 529 270 555 277 523 277 54
559 276 526 276 555 285 519 285 50
555 273 524 273 551 281 517 281 51
556 296 517 296 551 309 507 309 46
555 301 515 301 551 315 504 314 35
560 298 520 298 555 311 511 311 58
558 105 550 105 557 103 549 103 122
560 109 552 109 559 107 551 107 109
558 142 553 142 557 141 553 141 87
559 153 555 153 559 153 555 153 94
559 177 556 177 559 177 555 177 403
557 174 554 173 557 173 554 172 240
560 189 554 189 559 189 553 189 152
560 201 551 201 559 201 550 201 113
561 206 553 206 559 207 549 207 66
558 210 547 210 557 211 546 211 80
562 221 547 221 561 223 545 223 71
561 227 544 227 559 229 541 229 75
560 238 541 238 557 241 537 241 98
563 242 542 242 561 245 539 245 84
561 245 534 245 561 249 536 249 196
563 251 539 251 561 255 535 255 126
560 254 535 254 557 259 530 259 146
564 261 539 261 561 267 536 267 132
561 265 532 265 557 271 526 271 63
563 274 531 275 559 283 524 283 89
563 280 529 279 559 289 522 289 83
562 295 523 294 557 307 514 307 67
564 136 559 136 563 135 559 135 70
563 142 559 142 563 141 559 141 34
567 140 563 140 567 139 563 139 82
565 147 561 147 565 147 561 147 40
567 152 563 152 567 151 563 151 69
563 166 560 166 563 165 560 165 184
565 162 562 161 565 161 562 160 193
565 168 562 167 565 167 562 167 461
563 181 559 181 563 181 558 181 163
567 185 563 185 567 185 563 185 261
563 187 558 187 563 187 558 187 194
565 193 560 193 565 193 559 193 100
568 203 558 203 567 203 559 203 79
567 225 551 225 565 227 548 227 84
569 252 545 252 567 257 541 257 101
565 257 539 257 563 263 535 263 89
566 265 537 265 563 271 532 271 61
566 279 533 279 563 289 526 289 51
568 283 533 283 565 293 527 293 67
568 290 531 290 565 301 524 301 78
569 303 528 303 565 317 519 317 33
571 126 567 126 571 125 567 125 69
573 132 569 132 573 131 569 131 46
569 132 565 132 569 131 565 131 40
569 138 565 138 569 137 565 137 47
571 168 570 167 571 167 571 165 241
571 181 567 181 571 181 567 181 142
569 179 565 179 569 179 565 179 165
569 191 564 191 569 191 564 191 167
572 219 559 219 571 221 555 221 109
571 223 555 223 569 225 552 225 80
570 243 551 243 569 247 545 247 97
575 251 551 251 573 255 547 254 96
573 256 547 256 571 261 544 261 103
572 291 535 291 569 303 527 303 62
573 295 536 296 571 307 529 307 52
574 302 534 303 571 317 525 317 18
577 128 574 128 577 127 573 127 55
577 134 574 134 577 133 573 132 86
577 146 573 146 577 145 573 145 123
579 152 576 151 579 151 575 151 50
575 169 573 170 575 169 573 169 211
577 183 573 183 577 183 573 183 133
575 193 570 193 575 193 569 193 118
580 210 565 211 579 211 567 211 79
578 212 566 212 577 213 563 213 94
578 216 564 216 577 217 563 217 121
576 233 558 233 575 235 556 235 71
578 247 555 247 577 251 552 251 114
579 264 547 266 577 271 545 271 139
577 276 544 276 575 285 539 285 142
577 274 544 274 575 283 540 283 97
579 291 541 291 577 303 535 303 63
578 296 539 296 575 309 532 309 39
577 299 537 299 575 313 530 313 42
581 132 578 132 581 131 578 131 68
585 140 582 140 585 139 582 139 57
583 156 583 153 583 155 580 155 170
581 168 579 167 581 167 579 167 261
585 177 582 177 585 177 582 176 230
583 175 581 176 583 175 581 175 119
581 187 578 187 581 187 577 187 85
580 202 571 202 581 201 571 202 63
583 206 573 206 583 207 572 207 126
587 201 575 203 585 203 575 203 67
585 209 574 208 585 209 574 209 74
584 218 568 218 583 219 568 219 97
583 224 567 224 581 225 565 225 67
584 251 559 250 583 255 556 255 113
586 254 560 254 585 259 557 260 125
583 265 552 268 581 273 548 274 164
585 279 551 280 583 289 546 289 113
587 294 547 294 585 307 542 307 40
587 136 584 136 587 135 584 135 97
587 193 581 193 587 193 581 193 89
591 210 580 210 591 211 579 211 109
587 219 573 219 587 221 572 221 103
588 238 567 238 587 241 565 241 108
590 261 562 261 589 267 559 267 154
590 268 560 267 589 275 557 274 167
590 296 551 296 589 309 546 309 32
589 299 548 300 587 313 542 313 35
593 117 591 118 597 117 586 116 11
595 164 593 163 595 163 593 163 122
593 172 591 171 593 171 592 171 332
593 179 591 179 593 179 591 179 284
596 184 590 185 597 183 589 185 195
597 205 587 205 597 205 587 205 81
597 210 583 210 597 211 585 211 80
593 216 579 216 593 217 578 217 133
597 219 582 219 597 221 581 221 92
598 222 581 221 597 223 581 223 93
595 238 575 238 595 241 573 241 139
597 257 572 255 597 261 570 260 103
596 257 570 257 595 263 567 263 106
596 265 567 265 595 271 564 271 75
594 277 560 279 593 287 556 288 112
600 287 563 287 597 297 558 297 85
594 288 557 288 593 299 552 299 69
593 292 556 293 593 305 550 305 55
595 299 554 300 593 313 547 315 28
593 317 554 315 593 335 547 333 26
599 166 598 167 599 165 597 166 150
603 177 596 178 603 177 597 177 216
597 174 593 173 601 173 593 173 398
600 183 594 184 601 183 594 182 266
603 186 596 186 603 185 596 185 223
601 194 594 194 601 193 595 193 151
603 208 591 208 603 209 591 209 85
601 216 587 216 601 217 587 217 74
599 233 580 233 599 235 579 235 103
599 247 577 246 599 251 573 253 134
603 273 571 273 603 281 569 281 63
600 281 565 281 599 291 562 291 76
601 306 559 306 601 321 554 321 16
609 190 602 190 609 189 602 189 145
607 199 598 199 607 199 598 199 144
607 210 593 210 607 211 595 211 69
609 220 594 220 609 221 594 221 74
607 224 591 223 607 225 590 225 128
605 222 589 222 605 223 589 223 97
605 247 581 247 605 251 580 251 73
605 261 577 261 605 267 575 267 49
608 257 581 257 609 263 580 263 38
609 265 580 265 609 271 578 271 53
605 283 569 283 607 293 567 293 83
607 283 571 283 609 293 569 293 49
609 286 573 286 609 297 569 297 57
604 295 566 295 605 307 562 307 36
604 304 562 304 605 319 557 319 41
613 30 595 30 613 23 594 23 109
613 36 595 36 613 29 594 29 101
615 123 610 122 615 121 610 121 86
613 120 608 120 613 119 608 119 92
613 146 610 146 613 145 610 145 140
611 175 610 175 611 175 610 175 206
613 206 602 206 613 207 601 207 114
614 205 605 204 615 205 603 205 116
614 222 599 221 615 223 599 223 90
614 238 594 238 615 241 593 241 60
610 240 590 240 611 243 589 243 47
613 243 591 243 613 247 589 246 37
612 286 577 286 613 297 573 297 80
611 297 571 297 611 309 567 309 91
617 34 599 33 617 27 598 26 150
619 32 602 33 619 25 601 25 198
617 118 612 118 617 117 612 117 97
619 120 614 120 619 119 614 119 78
621 136 616 136 621 135 616 135 145
619 146 615 146 619 145 615 145 137
619 152 616 151 619 151 616 151 124
619 160 617 160 619 159 618 160 75
617 164 616 163 617 163 616 163 92
617 175 616 175 617 175 616 175 91
620 197 613 197 621 197 614 197 92
616 208 605 209 617 209 605 209 132
616 229 599 229 617 231 599 231 66
618 245 595 245 619 249 594 249 24
616 247 592 247 617 251 592 251 32
618 251 593 251 619 255 593 255 33
618 258 591 259 619 265 591 263 32
617 263 590 263 617 269 586 269 44
618 280 584 280 619 289 582 289 61
615 290 578 290 617 301 576 301 88
625 38 607 38 625 31 607 31 224
623 45 604 45 623 39 604 39 92
623 54 605 54 623 47 605 48 69
623 140 618 140 623 139 619 140 89
623 165 621 165 623 165 621 165 70
627 172 625 172 627 171 625 171 133
625 169 623 170 625 169 624 169 154
626 189 621 189 627 189 622 189 79
622 191 617 191 623 191 617 191 78
627 207 615 206 627 207 616 207 117
623 218 611 218 625 219 611 219 136
624 238 603 238 625 241 603 241 52
626 265 596 265 625 271 594 271 45
623 271 592 271 625 279 591 279 54
625 268 595 268 627 275 595 275 44
621 275 589 275 623 283 588 283 61
625 290 587 290 627 301 586 301 80
623 308 580 308 625 323 577 323 62
630 34 613 33 631 27 613 26 162
631 136 625 137 631 135 626 136 66
631 148 626 148 631 147 627 147 134
629 168 627 168 629 167 627 167 125
631 193 625 193 631 193 626 193 130
631 203 623 203 633 203 623 203 119
628 214 614 214 629 215 616 215 110
627 231 609 231 631 233 612 233 56
629 242 607 242 629 245 607 245 42
628 266 598 266 631 273 600 273 56
629 270 601 271 631 277 598 277 53
628 283 593 283 631 293 592 293 61
630 293 592 293 633 305 591 305 69
628 296 588 296 629 309 586 309 97
629 298 591 298 629 311 585 311 188
627 305 585 305 629 319 582 319 86
635 25 614 25 637 17 615 17 242
634 57 616 57 635 51 616 51 153
636 53 618 53 637 47 618 46 140
638 63 620 63 639 57 622 59 199
636 74 619 73 637 69 619 69 166
636 80 619 79 637 75 619 75 115
637 116 631 116 637 115 632 115 139
637 138 630 138 637 137 631 137 47
639 144 633 144 639 143 632 142 33
636 182 631 181 637 181 632 180 109
634 185 629 185 635 185 630 185 74
638 191 632 191 639 191 633 191 65
636 207 626 207 637 207 626 207 95
638 212 625 212 639 213 624 212 176
638 218 624 218 639 219 625 219 112
638 227 620 227 639 229 621 229 68
632 227 617 227 635 229 617 229 49
636 233 617 233 637 235 618 235 38
634 252 608 251 635 257 608 256 23
634 255 607 253 635 259 601 258 43
639 28 619 28 641 21 620 20 101
640 48 621 47 641 41 621 41 109
643 52 624 51 645 45 625 45 148
641 60 624 61 643 55 624 54 195
643 63 625 63 645 57 626 57 223
643 69 625 69 645 63 626 63 211
644 82 627 82 645 77 627 77 139
641 112 635 113 641 111 636 110 104
640 126 634 126 641 125 635 126 48
645 132 639 132 645 131 639 130 68
643 144 637 144 643 143 637 143 42
642 184 635 187 643 183 636 185 118
642 195 635 195 643 195 636 195 68
640 201 632 201 641 201 633 201 87
639 249 615 249 641 253 616 253 34
633 270 607 271 643 279 609 279 48
639 301 600 301 645 315 600 315 85
647 35 627 35 649 27 628 27 66
649 56 630 55 651 49 632 49 151
647 65 629 65 649 59 630 59 172
650 142 644 143 651 141 645 141 40
649 159 643 161 649 161 644 159 65
646 191 638 191 647 191 639 190 108
648 193 640 193 649 193 641 193 75
646 201 637 201 647 201 638 201 78
644 238 624 238 647 241 626 241 119
649 243 627 241 651 245 628 244 102
645 269 614 269 651 277 618 277 44
644 290 607 290 649 301 608 301 65
645 297 606 297 649 309 606 309 69
642 304 600 304 647 319 600 319 70
655 27 634 27 657 19 636 19 79
650 39 630 38 653 31 632 31 62
655 67 637 67 657 61 640 63 149
651 70 633 71 653 65 634 65 446
651 76 634 76 653 71 635 71 214
650 95 645 98 653 93 645 91 196
655 104 650 105 655 103 652 101 168
654 122 647 121 655 121 648 120 172
652 130 646 130 653 129 647 129 52
652 138 646 138 653 137 647 137 51
654 185 646 185 655 185 647 185 86
652 197 644 197 653 197 645 197 89
656 201 647 201 657 201 648 201 67
654 197 646 197 655 197 647 197 62
653 203 645 203 655 203 646 203 80
651 222 635 221 653 223 636 223 33
651 227 633 226 653 229 635 229 47
653 241 631 239 655 243 632 241 97
651 265 623 264 655 271 623 271 65
650 266 620 266 657 273 622 273 50
652 275 620 275 657 283 622 283 39
649 279 616 279 653 289 616 288 56
652 283 617 283 657 293 619 293 60
649 293 610 293 653 305 611 305 74
660 32 640 31 663 23 641 21 67
658 37 639 36 661 29 641 29 95
657 61 640 61 659 55 641 55 107
658 71 641 73 661 67 643 67 168
661 79 643 79 663 73 644 73 173
658 107 654 107 659 105 655 105 193
662 111 658 111 663 109 659 109 156
662 154 658 153 663 153 659 151 131
662 181 654 181 663 181 655 181 108
658 197 649 197 659 197 651 196 61
659 205 649 205 661 205 651 205 68
662 203 652 203 663 203 653 203 64
659 250 635 250 663 255 637 255 82
655 252 631 253 659 257 633 257 61
657 272 622 271 659 279 625 279 32
657 268 626 268 661 275 628 275 44
654 275 624 275 661 283 626 283 48
654 295 616 295 659 307 616 307 46
654 300 614 300 659 313 615 313 57
653 307 612 308 661 323 613 323 54
662 40 640 39 665 33 642 31 71
666 80 649 81 669 75 651 76 430
664 85 646 85 667 81 648 80 538
666 128 661 128 667 127 662 127 101
668 144 663 144 669 143 664 143 259
668 158 663 158 669 157 664 157 228
667 181 659 181 669 181 660 181 256
665 201 656 201 667 201 658 201 88
663 254 637 254 667 259 639 259 107
660 268 629 268 665 275 632 275 41
663 273 632 273 669 281 635 281 58
663 294 623 294 669 307 626 307 98
672 35 651 35 675 27 654 26 92
672 31 652 31 675 23 654 23 111
670 41 649 40 673 33 651 32 103
668 73 650 72 671 67 652 67 305
674 126 668 127 675 125 669 125 234
672 148 667 148 673 147 668 147 328
672 154 667 154 673 153 668 153 249
672 164 667 164 673 163 668 163 166
674 167 669 168 675 167 670 167 199
672 174 667 174 673 173 668 173 191
671 179 663 179 673 179 665 179 123
673 195 658 195 675 195 660 195 179
671 205 660 205 673 205 662 205 103
672 212 660 212 675 213 662 213 49
669 215 655 213 671 215 658 215 30
671 229 653 229 673 231 654 230 7
670 234 649 233 675 237 649 237 15
665 231 647 231 671 233 650 232 10
672 260 644 258 675 263 647 264 104
668 261 640 261 673 267 643 267 96
666 259 639 259 671 265 642 265 88
668 284 634 285 675 295 636 295 61
665 283 627 283 671 293 632 293 62
664 288 627 288 671 299 631 299 73
667 296 627 296 673 309 630 309 82
669 300 628 300 675 313 631 313 86
666 303 626 304 673 317 628 318 64
665 304 625 305 671 317 626 317 62
673 27 653 27 677 19 655 18 132
674 26 653 25 677 17 655 16 84
673 43 653 42 677 35 656 35 99
675 93 671 95 677 89 672 90 662
678 106 673 105 679 105 673 104 277
678 115 672 114 679 113 673 112 241
676 115 671 115 677 113 672 114 362
676 144 670 143 677 143 672 143 273
676 160 670 160 677 159 671 159 189
678 158 672 158 679 157 673 157 267
674 201 661 201 677 201 663 201 102
676 203 663 203 679 203 665 202 118
678 216 665 217 681 217 667 218 72
674 254 648 254 679 259 652 259 75
673 252 647 252 677 257 650 257 72
675 272 644 271 681 279 648 279 88
671 275 640 275 677 283 643 283 94
681 27 662 27 685 19 664 19 94
681 38 660 38 685 31 663 31 74
682 87 663 91 687 83 665 81 866
685 108 677 109 687 105 678 107 455
682 109 675 109 683 107 676 107 233
685 179 684 181 687 179 686 181 232
680 203 667 203 683 203 669 203 79
680 212 667 213 683 213 669 214 33
684 216 669 215 687 217 672 216 32
678 287 642 287 685 297 645 297 77
679 300 639 300 687 313 643 313 80
677 303 635 303 685 317 639 317 83
684 35 663 35 689 27 667 26 88
689 37 667 39 693 29 671 28 68
689 51 670 51 693 45 672 45 149
685 50 665 49 689 43 668 43 97
690 55 671 55 693 49 676 49 113
688 53 668 53 691 47 671 47 94
684 60 664 59 689 53 668 53 140
691 152 682 152 693 151 684 151 212
691 156 683 156 693 155 684 155 140
690 187 675 187 693 187 678 187 169
686 195 671 195 689 195 674 194 173
685 224 669 224 689 225 671 225 16
686 250 661 250 691 255 665 255 35
682 254 657 254 689 259 662 259 55
684 256 659 256 691 261 663 261 64
686 271 655 271 693 279 660 279 99
682 289 645 289 689 299 650 300 77
680 305 639 305 689 319 644 319 49
693 59 673 59 697 53 676 53 132
697 130 690 130 699 129 692 128 101
695 148 687 148 697 147 689 147 195
695 154 686 154 697 153 688 153 185
695 195 680 195 699 195 683 195 81
697 199 679 201 699 201 683 201 74
694 229 677 229 699 231 680 231 14
691 252 664 252 695 257 669 257 54
700 35 680 35 705 27 683 26 64
701 141 694 144 703 143 696 141 83
703 158 696 158 705 157 697 157 177
701 166 694 166 703 165 696 165 116
701 175 683 177 703 175 679 177 208
697 193 681 193 701 193 684 193 75
700 206 681 206 705 207 687 208 44
697 225 679 225 701 227 682 227 21
697 280 663 280 705 289 668 289 55
695 284 661 284 703 293 665 293 96
706 26 685 26 711 17 688 17 68
702 31 681 31 707 23 689 23 229
703 44 682 44 707 37 686 36 156
706 94 686 94 711 89 691 89 439
709 150 701 149 711 149 703 148 330
705 160 697 160 707 159 699 159 242
704 202 685 202 709 203 689 203 45
706 220 687 220 711 221 691 221 26
701 227 682 226 707 229 687 228 19
706 231 687 231 711 233 692 233 20
705 235 685 235 709 237 689 237 19
708 35 687 35 713 27 691 27 84
708 40 688 40 713 33 692 32 117
712 37 691 36 717 29 696 28 90
708 90 687 90 713 85 691 84 444
711 175 691 176 717 175 696 176 264
712 199 692 199 717 199 697 199 94
708 200 688 200 713 201 693 201 65
707 256 681 256 715 261 687 261 51
707 263 679 263 715 269 684 269 41
706 268 677 268 715 275 683 275 64
700 281 666 281 713 291 675 291 52
705 287 670 287 715 297 678 297 29
705 291 672 291 717 303 681 304 40
714 35 694 35 719 27 698 26 112
715 48 695 48 721 41 699 41 148
713 183 694 180 719 181 698 181 241
715 195 694 195 721 195 699 195 73
715 207 696 206 721 207 701 207 52
716 211 695 210 723 211 700 211 36
713 217 692 217 719 219 697 219 26
713 221 692 221 719 223 697 223 22
715 221 694 221 721 223 699 223 20
715 235 694 235 721 237 699 237 26
712 252 688 252 721 257 695 257 61
709 278 676 278 719 287 683 287 45
719 62 700 62 725 55 704 55 121
722 101 703 101 725 99 705 99 703
720 190 699 189 727 189 704 189 91
720 238 699 237 727 241 704 241 24
720 245 698 246 727 249 703 249 40
720 270 690 270 729 277 697 277 71
715 271 685 271 725 279 692 279 62
713 285 679 286 725 295 687 295 41
729 45 709 45 735 37 713 36 105
727 52 706 52 733 45 711 45 135
727 64 707 63 733 57 712 57 108
728 92 709 93 733 89 713 90 631
729 134 713 135 735 131 716 131 457
728 217 705 217 735 219 712 219 11
724 226 702 226 731 229 708 229 18
725 254 699 254 733 259 706 259 98
727 260 700 260 735 265 707 265 116
725 263 698 263 735 269 705 269 80
720 278 687 278 731 287 695 287 69
724 283 691 283 733 293 696 293 49
733 37 712 37 739 29 717 28 64
735 94 720 95 741 91 725 91 462
733 104 717 101 739 101 721 103 749
731 142 714 142 737 141 719 140 266
733 164 715 164 739 163 721 162 215
733 176 712 176 741 175 718 175 131
732 195 709 194 739 195 716 195 49
731 206 709 206 739 207 715 207 24
729 219 707 219 737 221 713 221 6
730 225 708 225 737 227 714 227 19
735 244 715 243 741 247 717 248 35
727 265 698 264 737 271 707 271 95
730 262 703 262 741 269 711 269 108
728 275 697 275 739 283 705 282 60
727 282 692 283 739 291 701 292 73
740 26 719 26 747 17 725 17 82
740 39 720 39 747 31 725 31 86
740 54 721 54 747 47 727 45 122
736 56 717 56 743 49 723 47 127
742 84 724 84 747 81 730 81 213
741 121 725 121 747 119 730 119 423
739 147 722 147 745 145 727 146 262
741 185 724 184 747 185 729 184 257
737 198 715 198 745 199 722 199 31
738 205 716 205 747 205 723 205 14
735 214 713 213 745 215 721 215 10
734 238 715 238 745 241 721 239 15
735 261 707 260 745 267 715 266 123
738 258 711 258 747 263 718 263 97
734 260 706 259 743 265 713 264 125
737 290 702 291 747 301 706 300 29
746 78 729 78 753 75 735 74 180
745 88 728 88 751 85 733 85 423
745 96 728 96 751 93 733 92 845
745 102 728 101 751 99 734 98 679
743 104 727 105 749 101 732 101 493
745 113 729 113 751 111 734 111 587
747 137 730 137 753 135 735 136 252
743 135 723 137 749 133 727 135 1085
745 141 728 141 751 139 734 139 354
743 148 726 149 749 147 731 147 392
740 270 710 270 751 277 719 277 130
741 277 707 278 753 285 719 285 92
738 278 704 279 749 287 715 287 98
735 297 696 297 749 309 705 309 13
749 114 733 114 759 111 738 112 482
752 121 736 121 759 119 741 119 243
752 125 736 124 759 121 741 121 339
750 221 728 221 759 223 735 223 19
753 241 730 241 757 245 739 244 11
743 268 715 269 755 275 723 275 152
745 273 716 274 757 281 725 281 142
744 282 711 282 757 291 720 291 75
755 37 735 36 763 29 741 28 223
756 79 739 78 763 75 745 74 170
757 91 740 90 763 87 745 87 260
755 93 738 93 761 91 743 92 341
758 137 745 136 763 135 749 134 205
760 133 748 132 765 131 753 131 183
754 200 732 200 763 201 739 201 56
752 204 729 203 761 205 737 205 50
756 204 733 204 765 205 741 205 45
756 210 733 210 765 211 741 211 25
752 227 731 227 763 229 737 229 46
755 262 725 261 765 267 735 267 101
750 263 721 263 761 269 730 269 131
752 266 723 266 765 273 733 273 200
749 268 719 268 761 275 729 275 171
766 50 753 50 771 45 759 45 135
764 84 748 84 769 81 753 81 179
764 133 752 132 769 131 757 131 142
766 152 755 152 771 151 759 150 437
759 172 738 171 767 171 748 170 200
758 183 738 181 767 183 745 181 159
758 196 735 196 767 197 743 197 34
758 206 735 206 767 207 743 207 58
761 204 739 204 771 205 747 205 45
759 225 741 225 769 227 745 227 39
765 256 739 256 771 261 741 261 136
755 272 724 272 767 279 734 279 120
754 281 724 284 769 291 732 290 33
769 80 756 80 775 77 761 77 139
767 90 754 89 773 87 759 86 206
769 86 756 86 775 83 761 82 178
769 100 756 99 775 97 761 97 378
767 109 743 109 773 109 759 107 539
769 113 756 113 775 111 761 110 306
771 119 758 119 777 117 763 116 134
768 137 756 136 773 135 761 135 229
771 133 758 132 777 131 763 130 192
771 139 758 138 777 137 763 137 275
771 147 758 146 777 145 764 145 235
768 150 756 149 773 149 761 148 398
763 196 741 197 773 197 749 197 57
763 200 741 200 773 201 749 201 53
767 217 745 217 777 219 753 219 12
765 219 743 219 775 221 751 221 11
767 223 745 223 777 225 753 225 9
763 261 736 262 775 267 745 267 94
761 266 731 266 773 273 741 273 111
756 296 721 297 773 309 735 308 20
775 64 761 64 781 59 767 60 103
777 120 763 120 783 117 769 117 59
777 133 763 131 783 129 769 128 87
773 139 760 138 779 137 765 137 199
768 208 746 207 779 207 755 207 61
765 235 745 234 779 237 753 237 14
773 230 751 229 783 233 760 232 15
764 308 727 305 783 323 744 323 25
782 157 769 156 789 155 775 155 66
777 168 755 169 787 167 764 167 117
779 204 756 203 789 205 765 204 32
769 257 741 257 785 263 756 263 49
768 264 739 264 785 269 750 269 97
786 47 771 46 793 41 777 41 43
788 85 773 85 795 81 779 81 43
785 122 771 122 793 119 778 119 148
788 128 773 125 795 125 780 126 65
784 150 770 149 791 149 777 149 44
780 200 758 200 791 201 767 199 17
785 207 762 208 795 209 771 207 23
782 219 762 218 793 221 770 220 19
784 224 761 224 793 227 771 226 16
777 265 747 265 791 271 759 271 112
781 270 753 270 795 277 762 277 103
790 120 775 120 797 117 782 116 58
790 160 775 160 797 159 782 159 51
786 189 765 189 797 191 774 191 42
788 219 765 217 799 221 775 220 10
788 225 767 224 799 227 776 227 25
799 74 783 75 807 69 791 68 54
797 78 781 77 805 73 789 73 48
799 114 783 114 807 111 791 110 40
799 159 784 159 807 157 791 157 34
798 197 782 197 807 197 791 197 26
792 215 770 214 803 217 779 215 11
802 97 786 96 809 93 794 92 9
805 100 787 100 811 97 797 96 31
803 155 787 154 811 153 795 153 75
806 193 789 192 813 193 797 191 16
803 197 787 197 811 197 794 197 21
789 300 750 302 809 313 766 314 18
790 307 748 307 811 321 765 322 18
788 305 748 306 809 319 765 320 17
806 33 789 33 815 25 798 23 34
811 88 791 88 815 85 798 86 16
810 120 793 121 819 117 801 117 69
806 163 791 162 815 161 798 161 43
810 195 796 195 819 195 803 194 20
807 199 791 199 815 199 799 199 19
810 201 795 201 819 201 802 201 48
793 305 752 305 815 319 769 319 20
812 158 796 158 821 157 804 157 36
802 305 761 305 825 319 779 319 24
817 26 799 29 827 19 808 20 40
821 107 804 106 831 103 813 102 59
819 120 797 117 829 115 805 113 186
819 136 801 137 829 133 811 133 42
819 149 802 148 829 147 811 145 35
825 32 807 33 835 25 816 23 28
823 35 805 33 833 29 814 27 56
827 153 809 153 837 151 819 151 28
821 193 799 193 833 195 814 193 40
831 61 812 60 841 55 822 54 42
832 116 814 118 843 113 824 112 41
832 125 814 125 843 125 824 123 30
829 148 811 145 839 145 821 145 35
830 201 811 200 841 201 823 201 65
834 63 814 64 845 57 825 57 37
835 106 817 105 847 101 828 100 34
837 157 818 157 849 155 829 155 35
835 197 817 197 847 197 827 197 44
817 321 769 320 845 339 792 339 16
840 142 821 142 851 141 832 139 39
825 316 778 314 853 333 803 333 16
826 324 777 323 853 341 799 341 18
844 71 825 72 857 67 836 66 56
848 121 829 120 861 117 840 116 37
826 237 784 237 859 245 810 245 141
831 317 786 318 861 335 809 335 17
826 323 778 323 861 345 806 345 29
827 328 777 327 859 349 803 349 19
852 89 832 88 865 83 844 82 48
854 92 834 92 867 87 846 87 96
852 99 831 98 867 93 843 94 81
851 119 831 119 865 115 843 114 36
853 123 832 123 867 119 845 119 36
851 141 829 141 863 139 838 139 33
852 172 833 174 865 171 844 170 19
830 325 783 327 863 347 808 347 34
857 62 835 62 871 55 849 54 94
860 96 838 96 873 91 852 90 74
857 123 833 124 873 119 845 120 105
856 146 835 145 871 143 849 142 22
856 170 836 171 869 169 848 167 23
839 262 792 261 871 273 815 273 69
839 264 794 264 873 275 817 274 67
839 272 789 272 873 285 821 287 54
861 71 840 71 875 63 853 65 51
862 88 841 88 877 83 854 81 73
862 119 841 119 877 115 854 114 40
862 125 841 125 877 121 854 121 35
864 140 842 140 879 137 856 137 33
860 147 839 147 875 147 853 149 13
847 206 803 205 879 209 831 209 104
845 251 798 251 877 261 824 260 158
845 278 798 279 877 291 823 291 41
844 288 798 289 877 303 822 302 26
848 254 801 253 881 263 826 262 147
851 276 802 275 881 287 827 287 46
850 279 802 280 885 293 829 293 45
876 89 852 90 891 85 867 84 43
856 259 805 260 887 269 828 269 111
856 299 803 297 891 315 833 314 22
878 72 857 73 895 67 871 67 13
878 94 856 92 895 87 871 87 50
880 97 857 97 897 91 873 90 26
879 114 856 113 895 109 871 108 36
859 251 807 250 897 261 842 261 133
860 286 810 286 897 301 839 301 43
882 99 859 99 899 93 874 95 45
882 117 859 117 899 113 874 113 19
863 271 810 274 901 285 841 286 108
866 271 815 271 903 285 846 284 94
863 279 812 279 901 293 843 293 117
863 298 813 298 901 315 843 314 32
867 275 817 274 905 289 848 288 60
866 281 815 281 905 295 846 295 93
893 131 868 132 911 127 885 125 35
892 171 868 172 911 169 885 169 14
873 291 820 291 913 307 853 307 89
873 308 820 305 913 327 854 327 57
873 322 821 322 913 343 854 344 31
874 325 822 325 915 347 855 347 36
898 74 874 74 917 67 891 66 34
877 253 825 253 917 263 859 264 107
876 303 823 302 917 321 857 321 51
878 307 824 303 919 325 858 323 46
878 313 825 313 919 333 858 333 42
877 323 823 321 919 345 858 345 26
904 75 879 73 923 67 897 66 30
903 89 879 89 923 83 897 84 70
903 103 879 107 923 99 897 98 32
887 266 835 267 927 279 870 281 79
909 49 886 49 931 41 904 41 20
909 84 885 84 929 77 903 77 68
887 292 835 291 931 309 872 308 116
918 116 893 116 939 111 913 109 101
889 247 835 247 935 257 873 257 54
891 247 837 247 937 257 875 257 43
917 84 892 83 943 75 913 75 82
920 114 896 113 941 109 915 107 106
923 134 901 134 943 131 915 129 225
919 141 896 140 943 137 917 136 93
895 257 839 258 941 269 877 269 75
896 306 843 309 941 325 877 325 32
899 308 844 308 945 327 882 328 28
925 82 899 81 951 73 922 72 63
922 87 898 86 947 79 917 79 56
926 90 899 90 949 83 918 83 67
927 96 900 97 949 89 923 87 91
923 153 899 152 949 149 919 150 42
902 235 850 236 947 243 886 243 49
903 255 847 255 951 267 885 267 84
899 274 842 273 949 289 885 289 54
900 296 843 296 949 315 882 315 43
931 40 903 39 953 29 924 28 8
934 47 904 47 957 37 926 36 10
930 52 901 53 953 43 924 43 11
931 77 904 77 955 69 926 68 46
931 83 904 83 955 75 926 74 86
933 144 906 144 957 141 928 141 84
932 175 905 174 955 173 927 173 7
902 301 841 301 953 321 887 322 44
905 298 846 298 953 317 888 318 38
937 67 910 65 963 57 932 56 22
937 97 910 99 961 93 932 91 36
937 150 910 150 961 147 932 147 34
913 243 858 243 959 253 901 252 63
917 256 859 256 963 267 898 267 47
910 261 851 261 959 273 891 273 57
910 277 851 276 963 293 894 293 49
911 299 852 299 963 319 894 319 35
911 303 849 303 961 323 890 323 42
915 243 863 243 965 253 907 252 47
916 275 857 275 969 291 900 291 58
913 273 854 273 967 289 898 289 64
914 277 855 279 967 295 898 296 65
916 287 857 287 969 305 900 305 47
913 290 854 290 967 309 897 309 56
916 313 860 313 969 335 903 336 27
945 97 914 93 971 89 941 88 44
945 126 918 125 971 121 940 120 40
917 287 858 287 971 305 902 305 70
923 298 861 299 975 319 905 319 46
947 47 916 44 977 37 946 36 15
927 241 873 241 977 251 914 251 29
921 284 862 284 977 301 907 301 85
923 300 864 300 979 321 909 321 56
964 33 934 31 993 25 960 24 15
941 239 887 239 993 249 928 249 39
934 273 877 273 991 289 925 289 29
932 273 874 273 989 289 921 289 28
932 280 872 280 989 297 919 297 45
944 283 884 285 991 305 923 305 33
971 142 942 143 1001 139 969 138 41
943 267 883 267 1003 283 932 283 31
946 326 887 326 1005 351 935 351 12
977 125 947 124 1007 119 975 118 48
950 280 891 280 1011 297 941 297 64
982 71 952 70 1013 61 980 60 81
984 128 954 127 1015 123 983 122 98
982 137 952 137 1013 133 981 133 41
983 145 957 146 1013 143 977 143 64
955 285 895 285 1017 303 947 303 32
950 285 891 284 1013 303 941 303 27
952 295 895 295 1013 315 947 315 75
959 270 900 270 1023 285 953 285 55
959 266 899 266 1021 281 950 279 53
959 280 899 279 1021 297 951 297 69
957 285 898 285 1019 303 949 303 34
958 309 897 309 1021 331 954 331 23
964 270 905 270 1027 285 957 285 45
962 276 902 277 1025 293 954 291 40
965 277 905 275 1029 295 959 295 100
962 285 902 285 1025 303 954 303 41
962 283 902 283 1025 301 955 301 38
963 309 905 309 1027 331 958 331 21
969 336 914 337 1025 361 962 361 15
969 280 910 280 1033 297 963 297 70
967 276 907 274 1031 293 961 293 58
971 278 911 278 1035 295 965 295 67
971 284 911 284 1035 301 965 301 42
972 297 911 297 1035 317 967 317 44
1013 19 979 19 1041 21 1006 22 14
971 264 912 264 1037 279 966 277 41
973 280 913 280 1037 297 967 297 67
976 282 916 282 1041 299 971 299 48
978 293 917 293 1037 313 969 313 53
981 268 923 268 1047 283 976 283 52
978 275 919 275 1043 291 973 291 48
993 224 940 225 1053 231 995 233 38
985 273 925 273 1051 289 981 289 54
983 277 923 277 1049 293 979 293 78
1017 202 985 202 1057 205 1019 203 18
995 225 942 225 1057 233 993 231 53
995 234 939 234 1055 243 993 243 34
993 252 929 253 1059 265 989 264 54
988 254 928 254 1057 267 986 267 55
991 265 930 264 1059 279 988 279 70
988 275 929 275 1055 291 985 291 65
991 275 932 275 1059 291 989 291 48
991 276 932 276 1059 293 989 294 64
991 282 932 282 1059 299 989 299 53
987 289 925 289 1057 307 989 307 47
990 295 933 295 1057 315 989 315 48
989 299 929 299 1057 319 988 319 49
991 307 927 308 1057 329 984 329 18
993 312 935 311 1059 335 994 333 16
1022 207 988 207 1061 209 1024 209 19
1026 209 992 209 1065 211 1029 211 21
1000 230 947 230 1061 237 1000 237 56
996 261 936 261 1065 275 995 275 58
992 266 931 266 1061 281 991 281 77
994 279 935 280 1063 297 993 297 54
991 289 931 289 1063 307 995 307 89
1002 262 942 262 1071 277 1001 277 55
1001 271 942 273 1071 289 1001 289 69
1000 300 941 299 1067 319 1002 320 30
1008 307 947 307 1071 329 1001 329 23
1002 312 944 311 1069 335 997 335 13
999 316 945 316 1067 339 1000 339 27
997 320 946 319 1067 343 1000 343 27
1037 55 999 55 1075 43 1034 43 75
1005 242 950 243 1073 251 1009 251 39
1003 276 944 277 1073 293 1003 293 89
1005 282 945 282 1075 299 1005 299 83
1005 287 945 287 1075 305 1005 305 53
1005 293 946 293 1075 313 1005 313 55
1013 297 954 297 1077 317 1009 317 73
1011 305 948 306 1077 327 1009 327 23
1017 244 964 244 1081 253 1019 253 37
1010 255 947 256 1081 267 1005 268 40
1011 272 952 271 1083 287 1013 287 75
1008 283 949 284 1079 301 1009 301 45
1043 53 1005 53 1089 39 1046 39 58
1017 269 957 268 1089 283 1019 283 61
1015 278 956 278 1087 295 1017 295 106
1013 287 957 287 1087 305 1013 306 80
1044 79 1010 78 1095 73 1048 75 96
1047 133 1007 133 1093 127 1050 127 82
1026 241 972 241 1091 249 1028 249 59
1021 265 961 265 1093 279 1023 279 42
1052 40 1014 40 1097 25 1056 24 38
1053 53 1015 53 1099 39 1058 39 54
1050 87 1016 87 1099 83 1053 82 183
1053 122 1016 123 1099 115 1059 115 122
1027 265 968 265 1101 279 1031 279 47
1023 285 964 285 1097 303 1027 303 41
1030 295 974 295 1097 315 1032 315 43
1025 311 972 310 1097 333 1038 332 14
1057 126 1020 127 1103 119 1062 117 90
1060 139 1023 139 1107 133 1066 133 32
1029 276 969 274 1103 291 1033 290 71
1040 287 980 287 1103 307 1044 306 63
1036 259 976 259 1113 273 1042 273 36
1037 263 977 263 1113 277 1045 277 42
1036 269 976 268 1111 285 1041 283 51
1034 274 974 274 1109 289 1039 290 81
1035 276 975 277 1111 293 1040 293 41
1045 294 986 294 1109 315 1041 315 49
1041 309 987 309 1111 331 1048 330 21
1044 318 991 318 1113 339 1051 339 26
1039 254 979 254 1115 267 1045 267 52
1040 261 981 261 1117 275 1047 275 31
1042 272 982 270 1119 287 1049 285 41
1051 293 993 293 1117 313 1050 313 33
1048 313 994 313 1117 333 1055 333 24
1046 315 993 314 1115 335 1054 335 28
1046 271 986 269 1123 283 1052 283 22
1047 274 987 273 1121 291 1050 291 32
1057 306 1000 306 1123 325 1062 327 22
1077 203 1038 205 1127 207 1084 206 13
1049 264 991 265 1129 279 1059 278 35
1047 274 986 275 1127 291 1058 289 23
1083 206 1044 203 1133 207 1093 207 7
1054 248 995 248 1133 259 1063 259 58
1090 236 1049 235 1139 239 1097 240 13
1061 268 1001 268 1141 283 1072 283 39
1062 273 1002 273 1143 289 1072 289 18
1098 233 1059 233 1149 237 1105 237 21
1067 246 1007 245 1147 257 1078 257 54
1065 252 1005 251 1145 263 1075 262 54
1068 256 1009 256 1149 269 1079 268 48
1064 273 1005 273 1145 289 1075 289 20
1069 283 1010 284 1149 301 1080 301 65
1068 289 1009 289 1149 307 1079 308 82
1070 258 1011 258 1151 271 1082 271 55
1072 275 1013 275 1153 291 1084 291 26
1070 287 1011 287 1151 305 1082 305 67
1077 283 1018 282 1159 301 1090 299 41
1076 289 1017 289 1159 307 1089 308 47
