90 125 64 126 57 125 33 123 17
101 117 78 118 69 117 46 119 29
99 140 73 141 67 141 43 141 46
103 133 79 133 73 133 47 133 12
102 131 79 132 71 131 46 131 14
107 141 83 141 75 141 50 139 25
106 167 83 169 75 169 50 169 34
104 178 81 178 73 181 48 181 199
104 184 81 184 73 187 48 187 342
106 190 83 190 75 193 50 193 362
104 193 81 194 73 197 48 197 345
137 277 90 276 75 293 21 292 160
139 284 90 283 75 301 20 300 196
109 130 87 130 79 129 51 128 19
111 129 89 130 81 129 58 128 15
108 182 85 182 77 185 52 185 253
108 192 85 192 77 195 52 195 186
141 289 91 289 77 307 18 307 137
137 297 89 296 77 315 17 315 74
117 105 89 105 87 103 57 103 274
114 125 91 126 83 127 61 125 18
116 133 97 134 87 133 65 133 13
114 142 89 140 87 141 62 141 27
117 171 94 171 87 173 63 173 70
114 182 91 182 85 185 61 185 229
115 195 92 195 83 199 61 199 326
144 268 95 268 83 283 27 283 162
145 275 99 274 83 291 29 290 180
121 121 96 120 89 119 66 119 21
122 129 97 129 91 129 68 128 20
117 147 94 145 89 147 63 147 26
151 274 105 273 93 289 35 289 300
153 286 105 286 93 303 39 302 145
151 283 103 282 93 299 37 299 217
152 294 105 293 89 313 35 312 62
129 111 103 111 99 109 71 109 45
125 111 99 111 95 109 67 109 68
123 135 99 135 95 135 70 135 13
125 171 103 171 97 173 73 172 39
124 177 101 177 95 179 71 179 146
127 195 103 195 95 199 69 199 115
132 121 110 123 105 121 82 122 45
129 133 107 133 101 133 77 133 10
129 173 107 173 101 175 77 175 68
129 178 107 178 101 181 77 181 115
129 184 107 184 101 187 79 185 258
130 190 108 190 103 193 79 193 184
138 131 116 132 111 131 87 131 14
134 188 112 188 107 191 83 191 223
134 194 112 193 107 197 83 197 142
145 105 119 105 117 103 89 103 57
142 109 115 109 113 107 87 107 112
145 113 115 112 115 111 88 111 59
141 152 117 152 113 153 90 152 17
142 161 119 162 115 163 93 161 15
143 164 121 165 117 167 93 167 28
141 181 122 180 115 183 90 183 84
143 207 117 207 115 213 89 211 241
149 105 124 105 121 103 93 103 67
146 123 125 123 119 121 97 122 39
148 215 127 214 123 219 93 219 423
145 229 121 226 121 231 92 231 671
150 140 129 140 125 139 102 141 30
152 143 131 144 127 145 104 143 31
154 150 133 150 129 151 106 151 66
154 156 133 156 129 157 106 157 56
151 164 129 164 125 165 103 167 28
154 181 133 180 129 183 106 183 122
154 190 133 190 129 191 106 189 141
152 210 131 210 127 215 105 214 229
152 216 131 216 127 221 104 221 364
161 107 136 107 133 105 107 105 91
159 116 138 116 135 115 113 115 229
157 125 137 127 133 125 111 125 118
158 144 137 145 133 145 111 145 50
160 154 138 154 135 155 112 155 51
156 178 135 178 131 181 109 181 154
160 193 139 194 135 197 113 196 124
156 199 135 199 131 201 108 199 201
156 217 135 216 131 221 108 221 287
158 222 137 222 133 227 110 226 344
165 258 139 259 135 267 110 266 384
167 107 141 107 139 105 118 106 124
163 125 142 126 139 125 117 125 158
160 129 141 130 137 129 115 129 103
164 135 144 135 141 135 119 135 99
161 148 140 148 137 149 115 149 69
165 158 143 158 141 159 118 159 70
166 163 144 164 141 165 118 165 110
162 205 141 205 137 207 115 205 346
163 222 142 221 139 227 116 226 159
170 233 144 235 141 241 119 241 308
169 61 148 61 145 57 124 58 304
171 108 152 109 147 107 121 107 173
171 199 150 197 147 201 125 200 118
176 248 150 248 147 255 120 255 389
189 303 150 303 145 319 103 318 95
175 118 156 118 153 117 132 117 183
174 135 153 135 151 135 129 135 102
172 131 152 131 149 131 128 131 92
172 141 152 141 149 141 128 141 97
175 136 155 136 153 137 132 137 105
174 145 154 145 151 145 130 145 180
171 160 149 160 149 161 125 161 186
175 214 156 214 153 217 133 218 41
172 218 152 218 149 223 128 222 77
181 231 155 231 153 237 125 239 280
181 237 156 236 153 243 126 242 184
181 249 156 249 153 257 126 256 230
178 252 152 251 149 259 122 259 415
177 51 157 52 155 47 134 48 255
181 53 161 54 159 49 138 50 139
177 122 157 122 155 121 134 121 158
179 127 159 128 157 127 136 127 172
181 131 161 131 159 131 138 131 101
179 144 159 145 157 145 136 145 240
180 150 161 150 159 151 138 151 261
179 152 159 152 157 153 136 153 190
177 155 157 156 155 157 134 157 210
179 158 159 158 157 159 136 159 314
198 289 161 288 157 303 116 302 52
197 291 160 290 155 305 114 304 54
201 307 163 306 159 323 117 322 105
203 321 160 321 157 339 110 338 70
185 53 165 54 163 49 142 50 134
187 87 167 87 165 85 144 85 118
188 92 163 92 161 89 140 89 129
185 104 165 105 163 103 142 103 117
186 135 167 135 165 135 144 135 79
185 146 165 146 163 147 142 147 147
185 144 165 144 163 145 142 145 143
186 150 167 150 165 151 144 151 146
183 171 163 171 161 173 141 173 46
190 229 165 229 163 235 136 235 331
189 237 164 236 161 243 134 242 106
191 239 165 240 163 247 136 245 106
203 305 165 304 161 321 119 320 95
189 35 168 35 169 31 149 32 103
188 131 169 131 167 131 147 131 92
191 133 171 133 169 133 149 133 38
190 154 170 154 169 155 148 155 180
190 164 169 164 167 165 144 165 197
192 205 172 204 171 207 151 207 44
188 209 169 209 167 213 147 212 70
193 196 174 196 173 199 153 199 50
195 200 176 199 175 203 155 203 32
194 202 174 201 173 205 153 205 63
197 215 177 216 177 219 156 220 214
212 273 176 273 173 285 136 284 56
215 289 177 288 175 303 133 302 42
217 293 179 292 177 307 135 306 57
203 158 184 158 183 159 162 159 139
199 193 180 195 179 199 159 199 29
201 211 181 211 181 215 160 215 156
219 273 183 273 181 285 141 284 68
219 280 182 280 181 293 140 292 55
220 291 183 290 181 305 139 304 59
219 305 181 304 179 321 136 320 96
223 305 185 305 183 321 141 320 96
223 317 183 316 181 335 135 334 107
207 27 189 28 185 21 163 21 37
204 43 183 43 185 39 162 39 132
207 164 188 163 187 165 167 165 183
209 166 189 165 189 167 169 167 231
207 192 188 192 187 195 167 194 103
208 206 189 205 189 209 169 209 125
213 226 190 225 187 231 163 230 280
213 237 187 236 187 243 161 243 102
216 243 190 242 189 249 161 248 86
215 248 190 247 189 255 162 254 115
211 252 186 251 185 259 158 258 122
224 282 187 281 185 295 143 295 69
224 294 187 294 185 309 143 308 86
229 305 190 305 189 321 147 320 73
225 302 187 301 185 317 143 316 91
213 37 193 37 193 31 171 30 49
212 51 193 51 193 47 173 48 110
214 55 195 55 195 51 175 51 131
214 83 195 84 195 81 175 82 78
214 123 195 123 195 123 175 123 93
213 130 195 131 195 131 176 132 92
212 162 191 161 191 163 169 163 317
210 194 192 194 191 197 171 197 134
220 227 196 227 195 233 167 232 102
217 239 191 238 191 245 163 244 87
233 289 195 289 195 303 154 302 53
239 333 194 332 193 355 142 354 111
218 53 199 53 199 49 179 49 113
218 67 199 67 199 63 179 63 161
216 81 197 82 197 79 178 79 241
219 88 201 89 201 87 182 87 332
219 138 201 139 201 139 181 138 79
215 141 197 141 197 141 177 142 217
220 143 201 143 201 143 182 143 195
215 145 197 146 197 147 177 145 146
218 147 199 146 199 147 180 147 73
220 153 201 150 201 151 182 153 136
215 157 197 158 197 159 177 158 291
220 164 201 164 201 165 182 165 161
219 180 201 180 201 183 182 183 153
219 182 201 182 201 185 181 184 126
215 184 196 183 197 187 176 185 131
224 250 199 249 199 257 172 256 101
236 270 199 269 199 281 159 280 99
239 291 201 290 201 305 160 304 110
242 337 196 336 197 359 145 358 116
224 54 206 55 207 51 188 51 233
225 64 205 64 207 61 186 61 273
220 72 203 72 203 69 184 70 144
225 70 207 70 207 67 187 68 217
220 81 204 82 203 79 183 79 135
222 83 204 83 205 81 187 82 147
225 146 207 147 207 147 188 147 95
223 149 205 149 205 149 186 149 100
225 160 205 160 205 161 184 161 306
222 175 206 173 205 177 187 175 90
221 179 203 179 203 181 184 181 195
221 188 203 188 203 191 184 191 161
225 194 207 194 207 197 188 197 149
218 199 203 199 203 203 183 203 321
231 218 205 218 205 223 178 223 155
228 250 203 249 203 257 176 256 114
250 328 201 330 207 349 158 348 126
230 57 212 57 213 53 194 54 106
229 58 210 59 211 55 193 55 196
229 139 211 139 211 139 191 138 289
230 143 213 142 213 143 194 143 99
230 155 213 157 213 157 194 157 165
229 160 211 160 211 161 192 161 298
225 168 209 167 209 169 190 169 187
227 177 208 176 209 179 191 179 163
227 182 209 182 209 185 190 185 92
226 190 208 190 209 193 190 193 180
224 201 209 202 209 205 190 205 413
228 207 210 207 211 211 189 211 421
237 226 212 225 213 231 186 231 105
246 273 210 273 211 285 171 284 120
247 311 208 310 209 327 165 326 119
236 52 218 53 219 49 199 49 188
236 59 217 59 217 55 199 56 114
233 83 213 84 215 81 196 81 57
232 89 214 90 215 87 194 88 81
239 125 222 125 217 125 201 125 44
236 146 218 146 219 147 200 146 45
231 202 213 202 215 207 197 208 473
257 273 222 273 219 285 185 284 144
253 275 217 275 219 287 178 286 73
252 304 214 303 215 319 173 318 105
238 27 218 27 223 23 202 23 80
239 34 217 33 221 29 203 30 26
240 57 222 57 223 53 203 53 164
242 62 224 63 225 59 205 59 158
237 71 219 71 221 69 199 67 48
240 68 222 69 223 65 203 65 79
240 80 222 81 223 77 203 78 58
240 166 223 167 223 167 204 166 178
243 170 225 169 225 169 206 168 132
237 185 220 184 221 187 203 187 177
238 190 220 190 221 193 202 193 112
257 307 219 306 221 323 179 322 137
246 49 227 50 229 45 209 46 146
248 57 229 57 231 53 211 53 150
244 85 226 86 227 83 207 83 76
244 133 228 133 227 135 211 134 37
244 141 226 141 227 141 209 141 12
247 175 229 174 231 177 212 176 128
243 177 225 176 227 179 208 178 100
251 243 230 242 229 249 201 249 53
264 291 226 291 229 305 187 304 101
264 304 226 303 229 319 187 318 179
269 321 225 321 231 339 180 340 65
269 325 225 325 229 345 182 344 88
248 31 231 32 233 27 212 27 53
252 33 233 33 237 29 219 30 61
250 66 233 66 235 63 217 63 172
251 93 233 93 235 91 215 91 112
247 131 225 131 233 131 214 131 87
252 172 235 172 237 173 218 171 199
254 208 232 206 233 211 208 210 172
256 211 232 211 235 215 210 214 250
255 252 232 251 233 259 195 259 135
267 277 232 276 235 289 195 288 87
267 288 230 287 233 301 191 300 97
271 297 233 296 237 311 195 310 162
271 304 233 303 237 319 195 318 204
277 325 233 325 237 345 190 344 83
252 38 233 38 239 35 219 35 80
257 45 239 45 241 41 222 41 57
258 58 240 58 243 55 223 55 161
256 56 240 56 241 53 223 53 151
255 83 238 84 239 81 218 81 65
257 85 239 86 241 83 221 83 115
255 89 237 89 239 87 219 87 95
259 91 241 91 243 89 223 89 124
256 95 236 95 239 93 218 93 54
257 133 239 133 241 133 223 133 29
256 145 239 144 241 145 223 145 13
256 154 239 153 241 155 223 156 15
254 165 240 166 241 167 221 167 157
258 179 241 178 243 181 225 181 235
256 177 240 177 241 179 223 179 147
256 181 239 181 241 183 223 183 159
258 187 241 186 243 189 225 189 196
256 185 239 185 241 187 223 187 135
256 189 239 188 241 191 223 191 227
264 199 239 199 241 203 214 203 272
274 279 237 279 241 291 201 290 87
275 277 239 277 243 289 203 288 62
274 288 237 287 241 301 200 300 61
264 37 243 36 249 33 230 33 67
262 42 247 43 249 39 230 39 42
261 70 245 70 247 67 230 68 120
263 91 245 91 247 89 232 87 266
265 97 247 97 249 95 233 96 171
260 121 247 122 247 121 227 121 42
258 125 245 126 245 125 225 125 63
259 168 243 167 245 169 229 169 141
261 183 245 182 247 185 227 185 97
268 211 244 211 247 215 222 215 224
270 224 249 223 249 229 225 228 114
271 230 246 230 249 235 222 235 46
289 267 255 267 249 273 212 273 107
278 304 240 304 245 319 203 318 142
266 39 248 39 251 35 234 36 107
266 66 249 66 251 63 234 64 106
267 67 251 68 253 65 235 65 126
266 72 249 72 251 69 233 69 104
269 93 251 93 253 91 237 92 144
269 179 252 179 255 181 238 181 185
267 179 251 179 253 181 236 181 209
273 222 248 222 253 227 226 226 123
274 246 251 246 253 253 228 251 71
296 263 264 262 255 271 218 271 125
286 281 250 280 255 293 215 293 65
285 286 248 285 253 299 213 298 76
283 293 247 292 251 307 210 306 125
289 307 249 307 255 323 213 322 131
274 69 259 70 261 67 244 67 52
270 73 253 73 257 71 239 71 56
271 87 253 87 257 85 237 85 98
272 89 254 89 257 87 238 87 133
275 95 257 95 259 93 240 93 185
273 99 255 99 257 97 237 97 97
269 120 251 121 259 121 241 121 57
273 127 255 127 261 127 242 127 43
273 135 257 135 259 135 242 135 24
270 131 254 131 257 131 239 131 42
270 142 254 143 257 143 239 142 13
275 194 258 194 261 197 243 197 335
282 218 257 218 261 223 235 222 196
279 224 254 224 257 229 229 229 91
278 230 254 229 257 235 230 235 52
278 237 253 237 257 243 229 243 51
281 241 255 241 259 247 232 247 77
293 300 256 299 261 315 220 314 154
292 310 252 310 257 327 215 326 124
297 330 253 329 259 351 208 351 33
300 335 254 334 261 357 208 356 28
280 35 264 35 267 31 250 31 88
277 75 261 75 265 73 247 73 54
280 89 262 89 265 87 249 88 91
276 123 259 123 265 123 245 123 53
277 131 259 131 263 131 245 131 27
275 141 260 142 263 143 245 142 12
277 191 263 190 263 193 245 193 250
280 192 264 192 267 195 250 195 582
284 231 259 233 263 239 236 238 46
288 252 262 252 267 259 227 259 187
296 281 261 280 267 293 228 292 62
294 310 256 309 263 325 221 324 101
286 51 269 51 271 47 251 46 52
282 71 266 71 269 69 253 69 65
284 69 270 69 271 67 255 67 87
286 73 270 73 273 71 257 71 105
284 75 269 75 271 73 255 73 82
280 92 266 93 269 91 253 92 132
286 123 268 123 273 123 255 123 62
283 137 269 137 271 137 256 137 29
285 149 270 148 273 149 257 149 23
281 150 263 149 269 151 252 151 20
285 153 270 153 273 155 257 154 56
283 167 268 167 271 169 251 171 262
281 176 266 177 269 179 252 179 232
290 206 265 206 269 211 242 211 337
290 216 265 216 269 221 242 221 136
293 232 267 233 271 239 243 238 42
299 270 265 270 271 281 234 281 131
298 283 263 282 269 295 230 294 48
305 312 266 312 273 329 230 328 73
290 37 274 37 277 33 262 34 68
290 69 277 70 279 67 262 67 78
289 90 272 91 275 89 254 88 128
289 129 271 129 277 129 259 129 47
289 133 273 133 275 133 258 133 55
289 143 275 143 277 147 263 145 33
290 159 274 158 277 159 261 159 56
287 175 272 175 275 177 259 177 156
287 181 272 181 275 183 259 183 129
289 185 274 184 277 187 261 187 177
291 183 276 183 279 185 263 185 335
291 189 275 189 279 191 263 191 466
299 215 274 214 279 219 255 218 107
294 237 269 237 275 243 247 243 29
296 258 273 257 279 265 252 265 156
303 268 269 268 275 279 238 279 169
304 272 270 272 277 283 240 283 143
306 292 270 291 277 305 237 304 147
305 304 267 304 275 319 234 318 87
310 326 266 325 275 345 227 344 31
313 324 271 323 279 343 231 342 36
313 326 270 326 279 347 228 346 40
291 53 277 54 281 51 267 52 39
293 59 276 59 283 57 269 58 52
294 64 279 66 283 63 267 64 70
293 99 274 99 285 99 267 99 146
300 201 278 202 283 205 259 205 154
299 258 276 257 285 265 245 264 188
310 288 276 288 283 301 245 300 144
318 322 276 321 285 341 237 342 31
299 68 284 69 287 67 271 68 129
302 73 288 73 291 71 276 71 153
302 80 287 80 291 79 276 81 142
299 91 283 91 289 91 267 89 300
293 124 277 124 287 125 269 125 74
298 131 281 131 287 131 270 131 179
302 142 287 141 291 143 276 145 329
302 173 288 172 291 175 276 175 165
302 171 288 170 291 173 276 172 157
309 204 285 203 291 207 266 209 208
307 214 285 214 291 219 267 219 100
316 269 283 269 291 279 255 279 164
313 272 279 272 287 283 250 283 149
317 299 281 299 289 313 250 312 72
318 304 281 304 289 319 249 318 78
325 325 281 325 291 345 242 345 36
304 44 289 44 293 41 277 41 97
305 52 289 52 293 49 281 51 224
306 60 291 60 295 57 280 57 182
308 99 294 99 297 99 282 99 179
307 127 289 127 295 127 279 127 52
307 131 291 131 295 131 281 131 370
304 135 289 135 293 135 278 135 193
308 137 293 137 297 137 282 139 238
308 148 293 148 297 149 282 149 312
306 151 291 150 295 151 280 151 338
308 156 293 156 297 157 282 157 328
304 159 289 160 293 161 278 161 260
306 175 291 176 295 177 280 177 195
308 172 293 171 297 173 282 173 254
305 190 286 189 295 191 271 191 363
312 221 285 221 297 225 269 225 100
314 226 289 226 295 231 268 231 101
311 245 288 244 293 251 266 251 84
315 248 291 248 297 255 270 255 104
321 291 287 290 295 303 258 303 131
314 58 299 58 303 55 287 55 176
313 67 298 67 301 65 286 65 157
311 169 297 167 301 169 285 169 444
310 174 295 173 299 175 284 176 327
319 246 295 246 301 253 275 253 110
324 284 291 283 299 295 263 294 159
326 294 292 294 301 307 262 307 69
319 63 306 63 309 61 294 61 102
315 99 305 99 307 99 291 100 162
315 128 305 129 309 129 291 128 314
320 151 302 152 305 153 286 153 302
322 148 304 148 309 149 289 147 282
315 158 298 158 305 159 288 159 366
325 208 300 206 307 211 281 213 126
327 215 302 214 309 219 283 219 85
324 220 300 220 307 225 280 225 67
326 232 303 231 309 237 282 237 88
325 241 301 240 307 247 280 247 132
327 241 302 241 309 247 282 247 271
327 258 303 258 309 265 283 265 223
327 256 302 256 309 263 282 262 312
323 267 297 266 305 275 275 274 175
330 289 295 289 305 301 268 301 73
323 61 309 62 313 59 298 59 127
319 73 311 74 313 73 303 73 69
318 93 309 93 311 93 302 93 81
324 150 306 150 311 151 291 152 375
325 165 306 165 311 167 292 166 308
329 204 304 203 311 207 285 207 178
334 220 310 220 315 225 288 225 99
329 245 304 244 311 251 284 251 162
331 254 306 254 313 261 287 261 342
333 250 308 250 315 257 288 257 284
333 256 308 256 315 263 289 263 334
332 267 306 266 313 275 283 274 129
334 270 305 270 315 279 278 277 85
339 291 306 290 315 303 279 302 72
336 295 303 294 313 307 277 306 55
338 295 305 294 315 307 277 307 52
324 73 315 74 319 73 308 74 44
324 103 314 103 317 103 307 103 101
326 101 316 101 319 101 309 101 118
325 106 316 107 319 107 309 107 106
330 140 312 139 317 139 298 139 182
335 163 313 167 319 167 299 166 449
334 179 315 179 321 181 301 181 178
329 178 312 177 317 179 297 179 188
332 187 313 186 319 189 299 189 115
335 237 309 237 317 243 290 243 218
343 284 312 283 321 295 287 294 96
331 66 322 66 325 65 315 66 158
331 74 322 74 325 73 315 73 166
341 235 317 235 325 241 299 241 203
340 243 315 243 323 249 296 249 285
342 248 317 248 325 255 298 255 287
344 245 319 244 327 251 300 251 206
340 247 315 246 323 253 296 253 239
340 252 315 252 323 259 296 258 300
344 256 319 256 327 263 300 263 300
345 263 319 263 327 271 299 271 142
346 287 313 287 323 299 289 298 65
348 291 315 291 325 303 291 302 63
350 293 315 293 327 305 290 305 40
337 84 331 82 331 83 321 84 272
343 109 329 109 333 109 319 109 141
343 145 325 145 331 145 317 146 481
345 183 329 183 333 187 317 185 217
347 206 323 206 333 211 309 212 78
345 215 319 215 331 219 303 219 219
347 211 323 211 331 215 305 215 103
347 232 320 231 329 237 303 237 154
350 234 325 233 333 239 307 239 129
346 247 321 246 329 253 302 252 315
349 263 323 263 331 271 303 271 131
346 64 332 64 337 63 322 63 179
339 90 330 91 335 91 315 90 272
348 97 334 98 339 97 324 97 101
348 141 329 141 335 141 315 141 262
347 143 329 143 335 143 321 144 341
351 158 333 158 339 159 320 159 314
347 166 329 166 335 167 319 166 457
353 199 331 200 339 203 315 203 173
353 204 330 204 337 207 312 207 182
351 215 325 215 335 219 308 219 97
359 277 327 277 339 287 305 287 81
357 45 341 46 345 43 333 42 96
350 79 336 83 341 79 326 81 151
352 89 338 93 343 91 328 92 101
355 154 336 154 343 155 323 155 381
359 206 336 206 343 209 318 209 219
357 218 332 219 341 223 315 223 271
359 232 334 231 343 237 316 236 237
357 230 332 229 341 235 315 235 224
364 275 334 275 345 285 312 285 82
360 281 329 281 341 291 307 291 51
356 93 342 93 347 93 332 93 237
356 97 342 98 347 97 332 98 149
356 102 342 104 347 103 332 104 137
356 105 342 105 347 105 332 105 138
363 203 341 204 349 207 326 207 101
366 218 342 218 351 223 325 223 196
364 222 340 222 349 227 323 227 234
366 224 342 224 351 229 325 229 244
363 230 339 230 347 235 321 235 172
367 269 337 269 351 277 321 277 96
370 281 341 280 351 291 320 290 52
358 20 350 21 353 19 344 19 152
359 37 349 38 353 35 337 36 100
360 63 351 64 355 63 345 63 44
362 79 352 79 357 79 348 80 66
363 105 353 105 357 105 347 105 58
359 107 349 107 353 107 343 107 135
363 111 353 111 357 111 347 111 63
368 194 347 194 355 197 332 197 163
371 247 348 247 357 253 333 253 162
370 253 348 252 357 259 333 258 91
368 257 346 256 355 263 329 263 127
374 291 340 290 353 303 315 303 31
378 292 343 292 357 305 319 305 31
376 294 341 294 355 307 316 307 25
367 25 358 25 361 23 352 23 170
367 30 358 30 359 27 351 28 167
368 41 357 40 361 37 349 36 148
365 59 355 60 359 59 351 58 26
368 76 359 75 363 75 353 75 24
369 82 359 82 363 81 354 81 25
364 121 355 121 359 121 349 121 65
365 127 355 126 359 127 349 127 75
364 154 355 154 359 155 349 155 258
365 160 356 160 359 161 350 161 178
368 181 359 181 363 183 353 183 167
376 219 354 218 363 223 340 223 298
375 230 352 230 361 235 336 235 262
374 238 352 237 361 243 337 242 104
377 245 355 245 363 251 340 251 136
372 255 350 254 359 261 336 260 111
378 278 350 277 361 287 329 287 50
377 301 339 304 359 315 318 316 29
391 331 344 330 363 353 310 352 81
389 335 340 335 359 359 304 359 86
372 62 363 63 367 63 357 63 21
375 76 365 76 369 75 359 75 23
373 78 363 78 367 77 357 77 43
374 82 365 82 369 81 359 81 30
369 83 359 83 365 83 355 83 33
370 91 360 91 365 91 355 91 30
374 105 365 105 369 105 359 105 35
373 111 366 111 369 111 361 111 55
370 121 361 121 365 121 355 121 124
372 127 363 127 367 127 357 127 118
370 127 361 127 365 127 355 127 123
371 165 361 165 365 167 355 167 131
370 183 361 183 365 185 355 185 146
375 187 365 187 369 189 359 189 276
378 208 356 207 365 211 343 212 202
381 211 360 211 369 215 346 215 241
378 215 356 215 365 219 342 219 290
381 213 360 213 369 217 346 217 191
381 219 360 219 369 223 346 222 185
380 232 359 233 367 237 343 238 287
383 249 361 249 369 255 345 255 148
383 270 355 270 367 279 337 279 57
381 272 353 272 365 281 335 281 92
389 293 355 292 369 305 327 307 37
393 313 351 313 369 331 322 331 30
380 52 372 53 375 51 365 51 48
377 62 367 59 371 59 361 58 15
376 75 367 76 371 75 361 75 24
376 101 368 101 373 101 365 101 42
380 105 371 105 375 105 365 105 50
378 107 369 107 373 107 363 107 60
380 111 371 111 375 111 365 111 58
376 121 367 121 371 121 361 121 151
378 125 369 125 373 125 363 125 226
376 126 367 127 371 127 361 127 157
375 152 365 149 371 153 361 153 93
380 156 371 156 375 157 365 157 154
376 170 367 169 371 171 361 171 91
380 177 371 177 375 179 366 179 101
377 190 366 190 371 193 361 193 303
387 213 366 213 375 217 353 217 160
387 219 366 219 375 223 353 223 143
385 234 364 234 373 239 350 239 126
390 255 365 255 375 261 354 261 126
385 258 360 258 371 265 345 264 159
394 299 358 299 373 313 333 313 36
383 86 375 88 379 87 370 88 25
386 89 377 90 381 89 371 89 89
383 91 373 91 377 91 367 91 16
384 97 374 97 379 97 370 97 40
386 103 378 103 381 103 371 103 31
383 101 374 101 379 101 369 100 45
384 107 375 107 379 107 369 107 57
382 121 373 121 377 121 367 121 163
382 127 373 127 377 127 367 127 153
384 154 375 154 379 155 369 154 178
382 160 373 160 377 161 367 161 186
386 168 376 167 381 169 371 169 354
390 202 370 202 379 205 358 205 115
390 215 370 215 379 219 357 219 237
392 213 372 213 381 217 360 217 145
392 221 372 221 381 225 359 225 140
392 219 372 219 381 223 359 223 163
387 227 367 226 377 231 354 231 205
389 246 368 246 379 251 357 251 161
393 261 367 261 379 269 352 269 71
392 267 365 267 377 275 348 275 59
398 306 360 306 377 321 334 320 30
409 338 359 338 381 363 324 363 107
391 44 383 44 387 43 379 43 83
387 48 379 48 383 47 374 47 96
388 56 379 56 383 55 375 57 41
390 164 380 163 385 165 374 163 263
392 168 382 168 387 169 376 169 259
388 169 378 169 383 171 372 170 169
393 229 373 229 383 233 361 233 76
397 229 378 229 387 233 366 232 93
402 293 367 292 383 305 345 305 31
408 308 368 307 387 323 343 323 32
409 330 362 330 383 353 329 352 79
395 41 387 41 389 39 379 38 33
397 58 389 58 393 57 384 57 68
398 78 389 78 393 77 384 79 27
394 84 385 84 389 83 372 83 33
392 100 383 100 389 101 379 100 71
396 107 384 107 391 107 381 107 27
394 107 383 107 389 107 379 107 33
395 171 385 171 389 173 378 173 160
394 178 384 177 389 179 379 179 191
396 188 386 187 391 189 381 188 154
398 193 381 193 389 195 372 195 148
398 202 381 202 389 205 371 205 89
399 219 381 219 389 223 370 223 125
399 225 380 225 389 229 369 229 75
401 247 381 247 391 253 368 252 86
404 262 378 262 391 269 364 269 46
403 263 378 263 389 271 361 271 40
414 309 374 308 393 325 348 324 30
413 323 368 323 389 343 339 342 62
415 332 367 332 389 355 335 354 88
419 339 369 339 393 363 336 363 92
417 335 368 335 391 359 335 358 82
400 70 391 70 395 69 385 69 28
402 96 393 96 399 95 388 95 58
404 152 394 152 399 153 389 154 131
400 156 390 156 395 157 385 157 126
402 158 392 158 397 159 387 159 243
403 161 390 162 395 163 384 162 493
400 169 390 169 395 171 385 171 160
402 173 392 173 397 175 386 175 206
400 178 390 177 395 179 385 179 188
404 178 394 178 399 179 389 179 128
404 185 394 185 399 187 389 187 120
403 200 386 200 395 203 377 203 64
408 217 390 217 399 221 380 221 44
409 225 390 225 399 229 380 229 41
405 238 386 238 395 243 375 242 78
407 251 381 251 395 257 371 257 123
414 289 380 289 397 301 359 302 28
419 320 376 319 397 339 349 338 71
424 337 375 336 399 361 342 361 67
409 72 401 73 405 71 396 71 32
406 156 396 156 401 157 391 157 167
408 177 398 177 403 179 393 179 122
408 181 398 181 403 183 393 183 106
409 193 393 192 401 195 384 195 118
409 200 393 200 401 203 384 203 38
415 218 397 218 405 221 386 221 47
412 227 393 227 403 231 383 231 48
410 231 391 231 401 235 381 235 42
412 236 393 236 403 241 383 241 93
414 241 395 240 405 245 385 245 96
411 251 387 251 401 257 374 257 73
416 281 386 280 401 291 367 290 26
424 301 386 301 405 315 363 315 36
409 55 403 56 407 55 403 56 194
415 89 406 90 411 89 401 89 33
415 103 406 103 411 103 401 103 71
413 107 404 107 409 107 399 107 62
415 110 406 111 411 111 401 110 92
415 157 406 158 411 159 401 159 88
412 160 402 160 407 161 397 161 149
415 166 406 166 411 167 401 167 259
411 177 402 177 407 179 397 179 104
415 179 406 179 411 181 401 181 183
417 210 400 210 409 213 392 212 62
419 216 402 216 411 219 393 218 85
418 229 399 229 409 233 389 233 39
416 231 397 230 407 235 387 235 44
420 255 397 254 409 261 384 261 44
421 251 399 251 411 257 387 257 43
425 299 388 299 407 313 366 313 36
431 312 390 312 411 329 365 329 39
431 325 385 325 409 347 355 346 79
423 41 417 40 417 39 412 39 66
418 49 412 50 415 49 411 49 161
417 76 408 75 413 75 404 75 69
422 90 411 89 417 89 407 89 58
421 103 412 103 417 103 407 103 59
417 108 408 109 413 109 403 107 112
421 107 413 107 417 107 409 106 304
421 135 412 135 417 137 408 136 88
417 154 408 154 413 155 404 155 79
419 172 410 171 415 173 405 173 78
417 177 408 177 413 179 403 179 213
425 206 408 206 417 209 399 209 129
423 210 406 210 415 213 397 213 71
426 231 407 230 417 235 397 235 37
427 272 399 272 413 281 383 281 23
434 320 390 319 413 339 363 339 70
433 317 390 317 413 335 365 335 54
424 52 417 52 421 51 414 51 150
421 48 414 48 419 47 411 46 149
426 50 420 50 423 49 416 49 108
425 59 420 59 423 59 417 59 214
425 71 419 71 423 71 415 70 211
422 91 411 90 419 91 412 92 63
427 111 418 111 423 111 414 111 100
425 115 416 115 421 115 412 115 91
423 130 414 131 419 131 410 131 128
427 140 418 140 423 141 414 141 262
423 160 414 160 419 161 409 161 128
423 183 414 183 419 185 410 185 176
430 216 414 215 423 219 403 219 293
429 227 411 227 421 231 401 230 53
431 239 413 238 423 243 403 243 75
427 234 409 234 419 239 399 239 46
431 248 409 248 423 253 402 252 74
431 265 405 265 419 273 391 273 25
433 268 405 269 421 277 390 277 24
439 307 400 306 421 323 377 323 43
440 313 398 313 421 331 374 330 52
438 311 396 311 419 329 372 328 43
428 55 421 55 425 55 418 55 158
429 57 424 57 427 57 422 57 174
431 63 426 63 429 63 424 64 72
431 68 423 67 427 67 422 68 105
428 75 420 76 425 75 417 75 198
429 88 420 87 425 87 417 87 105
429 99 420 99 425 99 415 99 67
431 109 422 109 427 109 418 109 71
433 119 424 119 429 119 420 119 59
430 121 422 121 427 121 418 121 76
434 129 426 129 429 129 420 129 63
431 133 422 132 427 133 418 133 117
433 136 424 136 429 137 420 137 84
431 146 422 146 427 147 417 149 154
429 161 419 159 425 161 416 161 113
434 220 417 219 427 223 409 223 143
437 227 418 227 429 231 409 231 159
437 233 418 232 429 237 409 237 68
435 235 416 234 427 239 407 239 67
444 300 409 297 427 315 384 315 46
441 297 405 297 425 311 384 310 37
444 310 404 310 427 327 381 327 48
448 329 401 329 427 351 373 351 89
437 37 436 38 435 37 430 37 39
438 85 430 85 435 85 427 85 230
436 83 428 83 433 83 425 83 180
434 91 426 91 431 91 423 92 114
436 93 428 93 433 93 425 93 105
437 115 427 114 433 115 424 115 61
435 119 426 119 431 119 422 119 89
434 137 426 134 431 135 422 135 173
439 131 430 130 435 131 427 131 119
436 142 428 142 433 143 424 143 175
438 144 430 144 435 145 426 145 150
436 160 428 160 433 161 424 161 178
439 191 425 191 433 193 416 193 174
442 208 425 208 435 211 417 211 149
438 216 420 215 431 219 412 218 145
440 212 423 212 433 215 415 215 170
438 222 421 221 431 225 413 225 226
452 306 412 305 435 321 391 321 37
450 307 410 307 433 323 388 322 41
451 326 405 326 431 347 378 347 49
456 337 405 336 435 361 377 361 48
441 47 439 48 439 47 433 47 46
443 73 438 73 441 73 435 73 127
442 83 434 83 439 83 431 83 198
444 101 436 101 441 101 433 101 117
441 113 434 112 439 113 431 113 141
442 117 434 117 439 117 431 117 191
444 120 436 121 441 121 433 121 123
440 121 432 121 437 121 429 121 193
442 124 434 124 439 125 431 125 210
440 137 432 137 437 139 429 141 68
444 154 435 154 441 155 432 155 204
442 162 434 162 439 163 431 163 203
444 160 436 160 441 161 433 161 212
442 173 433 171 439 175 431 176 172
443 189 429 189 439 191 422 191 199
445 204 429 204 437 207 417 207 157
444 210 427 210 437 213 419 213 181
444 216 427 216 437 219 419 219 120
447 233 428 233 439 237 420 237 85
451 263 426 263 441 271 414 271 23
452 267 424 266 441 275 411 274 22
452 283 420 282 439 293 403 293 31
461 329 412 329 441 351 387 351 56
457 330 407 330 437 353 383 352 86
447 43 442 43 445 43 440 43 82
447 49 442 49 445 49 439 49 48
449 57 444 57 447 57 442 57 137
447 71 442 71 445 71 440 71 117
448 81 440 81 445 81 437 81 278
450 91 442 91 447 91 439 90 207
446 95 439 96 443 95 435 95 380
447 114 439 114 445 115 437 115 162
446 158 438 158 443 159 435 159 170
450 154 442 154 447 155 439 155 186
450 162 442 162 447 163 439 163 227
450 160 442 160 447 161 439 161 203
446 170 438 170 443 171 435 171 99
450 225 432 225 443 229 425 229 101
455 238 436 238 447 243 427 243 59
457 264 425 266 447 271 417 272 33
457 299 419 299 443 313 413 312 72
463 305 422 305 447 321 402 321 45
460 304 421 304 445 319 401 319 46
465 321 421 320 447 341 397 340 65
467 333 417 333 445 357 387 357 45
451 45 446 45 449 45 444 45 51
453 49 448 49 451 49 446 49 129
453 61 448 61 451 61 446 61 131
454 87 446 87 451 87 443 87 191
456 123 448 123 453 123 445 123 351
456 129 448 128 453 129 445 129 302
454 175 446 173 451 175 443 174 87
453 180 446 179 451 181 443 181 213
458 191 439 191 449 193 431 193 541
457 199 440 198 451 201 433 200 311
459 202 442 202 453 205 435 205 330
457 204 440 204 451 207 433 207 190
455 208 439 208 449 211 431 211 107
459 212 442 212 453 215 435 215 159
458 228 440 227 451 231 433 231 145
459 242 439 242 451 247 431 247 38
458 255 434 254 449 261 425 261 24
462 253 438 251 453 259 431 261 18
457 52 453 52 457 53 452 53 79
457 65 452 65 455 65 450 65 198
461 75 456 75 459 75 454 75 105
457 81 451 82 455 81 449 82 184
457 91 450 91 455 91 448 91 288
461 97 455 97 459 97 452 97 323
461 104 455 105 459 105 452 105 169
461 118 455 119 459 119 449 118 99
458 125 450 124 455 125 447 124 215
459 148 452 148 457 149 449 148 189
460 160 452 160 457 161 449 160 337
459 179 452 179 457 181 450 182 241
462 198 446 198 457 201 440 201 380
466 246 446 246 459 251 436 251 86
467 252 444 252 459 257 435 258 20
468 283 434 282 455 295 419 294 32
469 301 431 301 455 315 412 314 35
465 57 460 57 463 57 458 57 163
462 62 458 63 461 63 456 63 190
465 65 460 65 463 65 458 65 148
467 87 462 87 465 87 459 87 201
465 93 459 93 463 93 456 93 302
463 99 457 99 461 99 454 99 247
467 95 461 95 465 95 458 95 234
468 115 459 114 465 115 457 115 176
468 125 459 124 465 125 458 125 156
467 130 460 130 465 131 458 131 215
467 158 460 157 465 159 458 159 180
467 170 455 169 465 171 452 170 709
467 174 460 173 465 175 458 175 234
467 180 460 180 465 181 458 181 390
467 184 460 183 465 185 458 185 208
467 195 452 195 461 197 451 197 577
466 226 451 225 461 229 444 229 162
467 233 450 233 461 237 442 237 146
469 237 452 236 463 241 444 241 113
475 285 441 286 463 297 426 297 27
468 55 463 54 467 55 461 54 66
473 57 468 57 471 57 466 57 135
468 61 464 61 467 61 462 61 144
471 75 466 75 469 75 464 75 156
468 81 462 81 467 81 460 81 267
473 85 466 85 471 85 464 85 341
469 105 463 105 467 105 460 105 283
473 114 466 115 471 115 463 115 111
469 126 462 126 467 127 460 127 204
471 142 463 139 469 143 461 143 149
473 158 467 158 471 159 465 159 257
471 172 464 172 469 173 462 173 249
473 173 466 173 471 175 464 175 322
469 178 462 177 467 179 460 179 279
469 188 462 187 467 189 460 188 296
474 189 465 189 471 191 463 190 242
476 195 465 195 471 197 461 197 200
476 216 461 216 471 219 456 219 264
472 222 456 222 467 225 451 225 156
474 218 459 218 469 221 453 221 164
476 237 458 237 471 241 458 241 147
479 249 456 249 471 255 448 254 24
477 269 449 268 467 277 436 277 53
479 274 451 274 469 283 437 283 47
479 289 444 288 467 301 429 300 38
484 307 443 306 471 323 425 322 55
487 333 438 333 471 357 413 356 51
476 67 472 67 475 67 471 67 76
480 99 471 99 477 99 468 99 161
477 103 470 103 475 103 466 101 150
478 109 470 109 475 109 468 109 143
478 129 470 128 475 129 468 129 190
477 137 471 138 475 137 468 138 352
479 164 473 166 477 165 471 167 377
477 188 469 187 475 189 467 188 301
480 197 469 197 477 199 467 199 132
481 215 467 215 477 217 462 217 103
479 219 465 219 475 221 460 222 130
481 231 463 232 475 235 458 235 72
486 261 459 262 477 269 449 269 27
484 263 457 263 475 271 459 271 62
486 274 456 274 477 283 444 283 37
487 310 445 309 473 327 427 327 72
491 318 445 317 475 337 425 337 48
488 321 442 321 473 341 421 341 55
490 329 441 329 475 351 418 351 63
480 69 476 69 479 69 475 69 162
484 71 480 71 483 71 479 71 69
482 73 478 73 481 73 477 73 79
482 77 478 77 481 77 477 77 242
481 93 473 93 479 93 471 93 143
484 121 475 121 481 121 472 121 76
481 135 474 135 479 135 472 134 180
483 162 476 162 481 163 474 163 445
486 195 477 195 483 197 473 197 205
487 205 476 205 479 207 464 207 289
489 242 468 243 483 247 462 247 32
489 269 461 268 481 277 450 277 40
494 287 459 287 483 299 445 299 39
490 298 453 298 479 313 437 313 47
490 81 486 81 489 81 484 81 114
489 93 481 93 487 93 479 93 63
491 96 483 95 489 95 480 95 114
487 95 479 95 485 95 476 95 62
491 101 483 101 489 101 480 100 57
487 107 479 107 485 107 476 107 106
491 115 483 115 489 115 481 114 60
489 182 482 181 487 183 479 183 274
491 188 483 187 489 189 480 189 248
493 216 479 216 489 219 475 219 77
493 222 479 222 489 225 474 225 127
491 230 477 230 487 233 470 233 70
494 237 474 237 489 241 469 241 63
494 240 475 241 489 245 469 246 25
494 252 470 253 487 259 462 259 22
496 258 470 258 489 265 461 265 26
494 270 463 270 485 279 453 279 38
489 269 461 268 485 275 450 277 53
496 274 465 274 487 283 454 283 45
497 281 463 281 487 291 448 291 46
497 300 458 300 485 315 442 315 50
497 310 455 310 485 327 438 326 64
504 335 454 335 489 359 431 359 46
492 69 488 69 491 69 486 69 54
494 77 490 77 493 77 488 77 141
497 85 491 84 495 85 490 85 140
493 105 485 105 491 105 482 105 81
495 125 487 125 493 125 484 125 126
497 135 490 134 495 135 487 135 189
497 140 489 140 495 141 487 141 421
493 162 486 162 491 163 484 162 256
493 170 485 170 491 171 483 171 305
497 218 483 218 493 221 479 221 81
499 222 485 222 495 225 481 225 101
498 250 474 251 491 257 466 257 28
498 256 473 256 491 263 464 263 28
502 287 467 287 493 299 455 299 32
502 305 462 305 491 321 446 320 52
507 332 457 332 493 355 436 355 49
507 336 457 336 493 361 434 361 57
498 77 494 77 497 77 493 77 96
500 81 496 80 499 81 495 80 99
503 105 495 105 501 105 492 105 60
499 107 491 107 497 107 488 107 40
501 123 493 123 499 123 491 123 77
503 134 495 133 501 135 492 134 179
499 152 491 152 497 153 489 153 235
503 187 494 187 501 189 491 189 205
502 193 493 193 499 195 490 195 213
500 195 490 195 497 197 487 197 186
499 201 490 201 497 203 487 203 154
505 222 491 222 501 225 482 225 152
501 226 486 225 497 229 481 229 101
505 229 489 229 501 233 484 233 130
504 262 477 261 497 269 468 269 54
508 284 474 284 499 295 462 295 45
507 290 471 289 497 303 457 303 38
510 310 468 309 499 327 452 327 44
513 313 469 313 501 331 453 331 39
509 326 460 325 497 347 440 347 52
513 334 462 334 499 359 441 358 41
506 81 501 80 505 81 501 81 100
504 95 500 95 503 95 500 96 251
505 107 497 107 503 107 494 107 58
507 123 499 123 505 123 496 123 50
509 182 501 182 507 183 497 183 239
507 185 498 186 505 187 495 186 231
505 189 496 189 503 191 493 191 219
505 200 496 199 503 201 494 201 482
507 201 498 201 505 203 496 203 238
509 220 497 220 507 223 493 223 108
512 253 489 252 507 259 480 259 42
519 322 471 322 507 343 449 344 55
521 328 472 329 507 349 452 349 28
510 89 506 89 509 89 505 89 181
512 95 509 96 511 95 507 95 120
513 109 504 109 511 109 502 109 39
513 121 505 121 511 121 502 121 25
511 123 502 123 509 123 500 123 29
515 125 507 125 513 125 505 125 31
511 129 503 129 509 129 501 130 47
512 165 507 166 511 167 505 167 381
513 199 504 199 511 201 501 201 257
513 207 504 207 511 209 501 209 169
512 224 497 224 509 227 493 227 110
514 242 494 242 509 249 488 249 34
522 247 495 247 513 253 493 252 66
513 253 489 253 509 259 481 259 86
517 256 492 256 511 263 484 263 98
520 281 487 280 513 291 477 291 48
519 279 486 279 511 289 476 289 58
521 291 485 290 513 303 473 303 52
522 305 481 305 513 321 467 321 46
522 308 480 308 513 325 466 324 40
520 321 473 320 509 341 456 341 57
517 91 512 92 515 91 511 90 130
521 115 512 115 519 115 510 114 26
517 113 509 113 515 113 507 113 30
516 123 508 123 515 123 506 123 23
517 129 509 128 515 129 506 129 33
517 150 507 150 515 151 506 152 438
520 170 514 169 519 171 513 170 363
520 174 515 173 519 175 514 174 300
521 189 512 189 519 191 510 191 179
517 193 508 193 515 195 506 195 232
519 201 510 201 517 203 508 203 177
517 228 504 227 515 231 498 231 78
525 231 508 231 517 235 499 235 72
525 272 495 272 519 281 486 281 131
526 277 494 277 519 287 484 287 75
523 289 487 288 515 301 476 300 74
525 302 485 302 517 317 472 317 56
524 311 481 311 515 329 466 329 47
526 91 518 91 525 91 516 91 109
525 93 517 93 523 93 515 93 113
523 95 515 95 521 95 513 95 121
524 100 517 100 523 99 514 100 130
525 115 516 115 523 115 515 115 28
523 123 514 123 521 123 513 123 58
523 119 515 119 521 119 513 119 24
525 119 517 119 523 119 515 119 24
524 125 516 125 523 125 515 125 34
522 135 514 135 521 135 513 135 40
524 135 516 135 523 135 515 135 61
526 146 520 146 525 147 518 147 210
526 178 521 178 525 179 520 179 249
523 194 514 193 521 195 512 195 159
527 217 513 217 525 219 512 219 80
529 267 500 266 523 275 492 275 183
531 275 499 274 523 285 490 284 114
530 285 495 285 523 297 485 296 118
531 295 493 295 523 309 481 309 65
532 304 492 303 525 319 480 319 45
533 324 483 323 521 345 466 345 42
533 331 481 330 521 353 465 353 31
531 93 523 93 529 93 521 93 44
531 100 521 99 529 99 521 99 38
533 97 525 97 531 97 523 97 39
531 109 523 109 529 109 521 109 34
529 117 520 117 527 117 519 117 44
530 115 523 115 529 115 521 115 34
533 127 525 127 531 127 523 127 43
532 133 524 132 531 133 523 133 79
529 172 526 174 529 175 525 175 187
531 176 528 176 531 177 527 177 211
528 185 520 185 527 187 519 187 250
533 203 529 202 531 205 523 205 186
531 205 521 205 529 207 519 207 90
528 207 519 207 527 209 517 209 89
531 211 520 211 529 213 518 213 106
532 226 516 226 529 229 512 229 92
534 226 518 226 531 229 514 229 90
535 231 518 231 531 235 513 235 50
534 240 513 240 531 245 509 245 57
535 249 508 249 527 255 502 255 89
533 246 511 246 529 251 506 251 55
535 246 513 246 531 251 508 251 68
532 263 504 262 527 271 497 271 113
540 282 505 281 531 291 495 291 69
536 295 498 295 529 309 486 309 57
537 305 496 305 529 321 483 321 49
534 97 526 97 533 95 525 94 44
538 121 530 121 537 121 529 121 83
534 119 526 119 533 119 525 119 54
536 134 528 134 535 135 527 135 183
538 182 533 182 537 183 531 183 222
537 179 533 180 537 181 532 181 216
534 188 526 187 533 189 525 188 209
536 199 528 199 535 201 527 201 76
536 195 528 195 535 197 527 197 157
536 215 526 214 535 217 522 217 62
536 234 519 234 533 239 514 239 44
538 238 518 238 535 243 515 243 83
536 242 516 242 533 247 511 247 70
541 248 518 247 537 253 513 253 102
539 255 514 254 535 261 508 261 111
540 260 514 260 535 267 507 267 124
540 267 512 266 535 275 504 275 167
540 274 509 273 535 283 501 283 91
540 301 500 301 533 317 488 317 60
544 303 503 303 537 319 492 319 55
543 308 501 308 537 325 490 325 114
544 333 494 333 537 357 480 357 34
542 333 492 333 535 357 478 357 29
542 98 534 98 541 97 533 97 94
543 180 539 180 543 181 538 182 431
544 188 538 188 543 189 537 189 181
543 207 532 207 541 209 530 209 95
541 215 525 216 541 217 524 218 114
545 226 530 225 543 229 526 229 81
541 239 522 238 539 243 518 243 84
545 246 523 246 543 251 519 251 82
544 255 518 255 541 261 513 261 98
543 256 517 256 539 263 511 263 80
545 292 508 291 539 305 498 305 56
551 319 503 319 543 339 489 339 84
550 324 503 323 543 345 488 345 100
550 325 501 325 543 347 488 347 73
549 330 499 330 541 353 484 353 54
547 96 538 95 545 95 537 95 115
550 103 542 103 549 103 541 103 88
546 111 538 111 545 111 537 111 180
550 113 542 113 549 113 541 113 122
547 148 543 148 547 149 543 150 134
545 162 541 161 545 163 541 162 424
548 186 542 186 547 187 541 187 222
546 196 539 195 545 197 537 197 129
545 201 538 201 545 203 537 203 98
546 207 536 207 545 209 534 209 92
550 236 531 236 547 241 527 240 69
552 242 531 242 549 247 527 247 99
550 250 527 249 547 255 522 255 124
550 246 528 246 547 251 524 251 91
551 262 523 261 547 269 518 269 136
550 270 519 270 545 279 512 279 123
553 267 524 267 549 275 517 275 136
550 282 516 282 545 293 508 292 54
552 297 513 297 547 311 504 311 83
555 303 514 302 549 319 503 318 60
554 333 504 333 547 357 488 357 50
556 339 503 338 547 363 489 364 36
554 105 546 105 553 105 545 105 92
553 140 549 140 553 141 549 141 102
551 144 547 144 551 145 547 145 129
555 157 551 157 555 157 551 157 166
551 154 547 154 551 155 547 155 114
551 160 548 159 551 161 547 161 197
555 167 552 165 555 167 551 167 206
555 174 552 173 555 175 551 175 354
553 176 550 176 553 177 549 177 680
551 180 547 180 551 181 546 181 252
553 184 548 184 553 185 548 185 448
552 197 545 197 551 199 544 199 280
552 211 540 211 551 213 538 213 193
556 213 544 213 555 215 543 215 54
552 215 539 215 551 217 537 217 51
555 235 536 235 553 239 533 239 92
553 239 534 238 551 243 530 243 114
558 250 534 249 555 255 530 255 100
555 246 533 246 553 251 529 251 97
557 277 525 277 553 287 519 287 62
559 288 523 288 555 301 516 300 56
557 313 509 313 551 331 501 331 78
559 317 513 317 555 335 501 336 112
561 321 514 321 555 341 502 341 47
557 324 510 324 551 345 498 345 82
556 86 551 85 557 85 550 85 14
560 107 552 107 559 107 551 107 85
561 132 558 132 561 133 557 132 43
561 140 557 140 561 141 557 141 26
557 140 553 140 557 141 553 141 51
559 156 556 156 559 157 555 157 157
557 154 554 154 557 155 553 155 257
559 178 555 178 559 179 555 179 249
561 188 556 188 561 189 556 189 222
561 196 555 196 561 197 555 197 121
560 202 554 201 561 203 552 203 77
558 201 549 201 557 203 548 203 93
558 209 551 208 557 211 546 211 65
561 232 543 231 559 235 540 235 104
563 235 544 235 561 239 541 239 87
559 237 540 236 557 241 537 240 68
562 248 538 247 559 253 534 253 130
562 255 536 254 559 261 531 261 171
560 260 534 259 557 267 527 267 156
564 303 523 303 559 319 513 319 58
562 307 519 306 557 323 510 323 85
564 319 518 319 559 339 506 339 64
567 335 515 334 561 359 502 359 27
563 136 559 136 563 137 559 137 80
567 148 563 148 567 149 563 149 45
563 166 560 166 563 167 560 166 210
565 168 562 168 565 169 562 168 213
567 186 563 186 567 187 562 187 201
568 224 551 224 567 227 550 227 107
568 231 551 231 567 235 548 235 74
566 233 548 233 565 237 546 237 77
569 240 548 240 567 245 545 245 84
569 260 542 260 567 267 538 267 137
566 265 537 265 563 273 532 273 122
567 267 539 266 565 275 533 275 140
570 273 538 273 567 283 532 283 118
567 323 520 323 563 343 509 343 39
571 126 567 126 571 127 567 127 98
571 130 568 130 571 131 567 131 54
569 131 565 130 569 131 565 131 44
573 156 570 156 573 157 570 157 89
571 168 570 167 571 169 571 167 181
573 176 570 176 573 177 570 177 221
571 182 567 182 571 183 567 183 173
569 180 565 180 569 181 565 181 202
569 192 564 192 569 193 564 193 187
569 211 553 210 569 213 557 213 54
574 239 554 239 573 243 551 243 72
574 237 554 237 573 241 551 241 80
574 246 552 246 573 251 549 251 82
569 253 543 253 571 259 539 260 181
575 256 548 256 573 263 543 263 107
575 287 539 286 573 299 533 299 149
572 297 533 296 569 311 525 311 115
576 299 536 299 573 313 527 315 137
572 319 527 319 569 339 516 339 40
574 325 525 324 569 345 514 345 29
573 329 523 328 569 351 514 351 54
577 128 574 129 577 129 573 129 96
579 130 575 130 579 131 574 130 81
577 134 574 135 577 135 574 136 59
575 146 571 146 575 147 571 147 115
579 152 576 152 579 153 575 153 103
575 170 573 170 575 171 573 171 188
577 184 573 184 577 185 573 185 247
575 194 570 193 575 195 569 195 109
579 213 567 213 579 215 567 215 84
576 215 563 215 575 217 562 217 59
576 220 561 220 575 223 559 223 115
577 279 543 278 575 289 537 289 134
577 317 532 317 575 337 521 336 48
585 138 582 138 585 139 581 138 63
583 154 580 154 583 155 580 154 150
581 168 579 168 581 169 579 169 294
583 176 581 176 583 177 581 177 193
585 178 582 177 585 179 583 179 174
585 193 580 193 585 195 579 195 89
583 209 572 209 583 211 571 211 69
586 224 570 224 585 227 567 227 148
582 230 565 230 581 233 563 233 73
586 263 559 262 585 271 555 270 159
585 266 555 267 583 275 551 275 141
585 272 553 272 583 281 549 281 223
587 289 550 289 585 301 544 301 198
584 304 542 305 581 321 534 321 87
583 324 535 323 581 345 526 345 48
583 328 533 328 581 351 524 351 44
587 325 538 325 585 347 529 347 41
584 333 534 332 581 357 524 355 45
587 338 535 338 585 363 524 363 30
589 142 586 142 589 143 586 142 88
591 154 591 154 591 155 590 155 134
589 182 586 182 589 183 586 183 163
591 213 579 213 591 215 579 215 73
591 220 576 220 591 223 575 223 92
592 253 567 253 591 259 564 259 155
588 267 558 267 587 275 554 276 134
588 275 556 275 587 285 552 285 201
592 279 558 279 591 289 554 290 126
592 285 557 285 591 297 553 295 133
588 286 554 283 587 297 549 295 203
591 310 548 310 589 327 541 327 80
591 323 542 323 589 345 534 345 39
595 158 595 158 595 159 594 159 76
595 164 593 164 595 165 593 165 109
593 180 591 180 593 181 591 181 257
597 194 590 194 597 195 590 195 119
595 203 586 203 595 205 585 205 66
593 209 582 209 593 211 582 211 79
593 230 575 230 593 233 574 233 93
595 246 572 246 595 251 571 251 161
594 272 564 270 593 281 559 281 126
596 305 553 305 595 321 548 321 82
595 312 551 312 593 329 545 329 57
596 315 549 314 595 333 544 333 50
599 318 553 318 597 337 544 337 71
599 166 597 167 599 167 590 165 310
602 166 602 166 603 167 602 167 146
603 178 596 179 603 179 598 177 172
602 186 596 186 603 187 596 188 140
597 185 592 186 599 185 592 187 296
599 190 592 190 599 191 593 191 114
600 194 594 194 601 195 594 195 136
598 213 585 213 599 215 585 215 83
603 221 588 220 603 223 587 223 105
600 258 573 258 599 265 570 265 139
601 312 554 311 599 329 549 329 49
599 316 554 316 599 335 548 335 60
605 162 604 162 605 163 604 163 165
605 178 598 178 605 179 599 179 220
607 182 600 182 607 183 600 183 254
605 193 598 192 605 193 598 192 228
607 201 598 201 607 203 598 203 92
609 213 596 213 609 215 596 215 77
608 224 593 224 609 227 593 227 120
605 226 588 226 605 229 587 229 85
607 237 586 238 607 241 586 241 155
607 275 574 275 607 285 572 285 44
605 308 561 308 605 325 557 325 55
615 121 610 121 615 121 610 121 95
611 122 605 121 611 123 605 124 91
613 119 608 118 613 119 608 118 107
613 146 610 146 613 147 610 147 129
613 158 612 158 613 159 612 159 89
615 186 608 186 615 187 609 187 129
612 190 607 190 613 191 607 191 120
612 209 601 208 613 211 601 211 67
615 207 603 207 615 209 603 209 88
610 217 597 217 611 219 596 219 83
611 233 592 233 611 237 591 237 80
614 230 596 230 615 233 596 233 98
612 241 591 241 613 245 591 245 63
612 248 589 248 613 253 588 253 37
614 254 589 254 615 261 586 261 46
614 260 587 260 615 267 585 267 35
610 265 581 265 611 273 579 273 44
610 279 576 279 611 289 574 289 34
612 287 575 287 613 299 573 299 37
612 306 569 306 613 323 565 323 99
615 311 571 311 615 329 566 329 79
610 313 563 313 611 331 560 331 86
614 316 568 316 615 335 564 335 117
610 323 568 324 611 343 558 343 111
610 326 563 326 613 347 557 347 61
612 333 561 334 615 359 556 358 66
621 119 616 118 621 119 616 119 85
620 137 616 137 621 137 616 137 80
617 142 613 143 617 143 613 143 150
619 146 615 147 619 147 616 147 202
618 152 616 152 619 153 616 153 127
617 156 614 156 617 157 615 157 191
617 162 616 162 617 163 616 163 133
617 170 615 169 617 171 616 170 115
619 190 613 190 619 191 614 191 116
620 198 613 198 621 199 613 199 100
618 211 607 211 619 213 607 213 93
621 222 607 222 621 225 607 225 161
616 226 599 226 617 229 599 229 105
620 231 602 231 621 235 602 235 60
618 242 596 241 619 247 596 246 63
616 246 593 246 617 251 593 251 66
617 253 593 254 621 261 592 261 35
616 258 589 258 617 265 588 265 29
617 265 589 265 619 273 587 273 31
620 261 591 261 621 269 591 269 23
620 267 590 267 621 275 589 276 34
621 279 588 279 621 289 584 289 59
618 298 578 298 619 313 574 313 67
617 314 572 314 619 333 568 333 88
619 338 566 337 621 363 561 363 89
624 34 604 34 625 27 604 27 135
625 43 605 43 625 37 605 37 70
622 113 616 113 623 113 618 113 28
623 166 621 166 623 167 621 167 94
625 168 623 168 625 169 623 169 106
625 194 619 194 625 195 619 195 123
625 190 621 190 627 191 621 191 99
622 198 615 197 623 199 616 199 148
626 205 616 205 627 207 617 207 113
624 246 603 246 625 251 601 251 34
625 258 598 258 627 265 597 265 29
622 275 589 275 623 285 588 285 57
627 273 592 275 627 285 591 285 38
625 296 586 296 627 311 583 311 84
622 330 569 330 623 353 565 353 128
621 335 569 334 623 359 564 359 96
631 111 626 110 631 111 626 110 61
633 122 628 122 633 123 628 122 84
632 133 626 133 633 133 626 133 64
628 209 617 209 629 211 618 211 101
629 217 613 216 629 219 614 219 77
628 235 608 235 629 239 609 239 45
628 280 598 281 631 291 594 291 57
628 284 593 284 631 295 592 295 49
631 286 600 289 633 297 595 298 77
627 289 590 288 629 301 588 301 62
630 318 584 317 633 337 580 337 115
629 328 579 328 633 351 577 351 120
629 332 579 332 633 355 575 355 134
634 34 613 33 635 27 614 27 198
636 32 616 31 637 25 616 25 162
636 45 616 45 637 39 616 39 224
638 41 618 40 639 35 618 34 141
638 137 632 137 639 137 632 137 21
639 157 637 158 639 157 637 158 100
635 163 633 163 635 163 633 163 193
638 182 633 182 639 183 634 182 105
634 186 630 186 635 187 630 187 170
638 192 632 192 639 193 633 193 92
634 205 623 205 635 207 624 207 92
636 275 604 275 639 285 604 285 45
638 283 603 283 637 293 599 293 40
636 296 596 296 639 311 595 310 62
632 299 592 298 635 313 590 313 56
632 306 590 306 635 323 588 322 66
633 313 588 313 637 331 587 331 99
630 322 584 322 635 343 582 343 121
633 330 584 330 637 353 580 353 126
631 338 579 339 635 363 575 363 94
643 48 624 48 645 43 624 42 248
642 53 621 52 643 47 622 47 150
640 65 621 65 641 61 621 61 119
641 69 623 69 643 65 623 65 164
640 71 621 71 641 67 621 67 79
640 111 635 111 641 111 636 110 112
644 131 638 131 645 131 638 131 33
642 133 636 133 643 133 636 133 62
642 143 636 142 643 143 637 143 65
641 143 634 142 641 143 634 143 47
642 152 639 151 643 153 640 151 65
642 169 632 169 643 171 630 169 174
645 196 637 195 645 197 637 197 184
640 215 625 214 641 217 627 217 63
639 220 625 220 641 223 626 223 66
641 233 622 233 643 237 624 237 42
640 239 619 238 641 243 618 243 44
644 246 623 246 645 251 623 251 114
638 273 607 269 641 281 607 279 24
639 310 595 310 643 327 594 327 76
637 321 590 321 641 341 587 341 93
648 147 645 145 649 147 645 146 39
650 162 637 159 651 163 647 164 197
650 176 642 178 651 177 644 177 97
647 191 639 191 649 193 640 192 99
648 204 637 203 649 205 639 205 100
645 207 626 207 647 209 628 209 239
645 237 624 237 647 241 626 241 80
649 235 629 235 651 239 630 239 54
648 242 627 242 651 247 628 247 85
644 258 617 258 647 265 618 265 38
643 275 611 275 647 285 611 285 47
644 289 608 289 649 301 608 301 44
643 327 594 328 649 349 593 349 81
653 42 632 41 655 35 633 35 100
651 47 631 46 653 41 632 41 147
651 54 631 54 653 49 632 49 218
653 67 634 67 655 63 635 63 216
650 64 632 63 653 59 633 59 246
657 102 653 102 657 103 654 101 252
652 117 646 118 653 117 646 118 181
656 121 649 122 657 121 650 122 159
652 133 645 132 653 133 646 132 39
656 139 650 139 657 139 650 138 80
654 137 648 136 655 137 648 137 43
654 171 642 169 655 171 642 169 142
652 188 644 188 653 189 645 189 132
656 186 645 183 657 187 648 187 121
656 197 647 198 657 199 648 199 216
654 204 645 203 655 205 646 205 319
656 226 640 226 655 227 638 227 24
654 231 636 231 657 235 638 235 67
652 240 632 243 655 245 633 246 81
654 250 629 249 657 255 631 254 93
649 285 614 285 655 297 616 297 34
655 286 616 285 657 297 617 297 78
652 282 618 282 657 293 619 293 40
648 289 612 289 653 301 612 301 33
652 291 616 291 657 303 615 303 43
651 313 607 313 657 331 608 331 92
647 314 602 314 653 333 602 333 90
647 319 601 319 653 339 599 337 162
646 326 598 326 653 347 597 348 111
649 331 599 331 657 355 599 355 102
660 28 640 27 663 21 641 21 53
659 62 636 60 661 57 641 57 248
660 64 641 64 663 59 643 59 392
659 106 655 106 659 107 655 107 173
662 178 653 178 663 179 654 179 76
659 197 651 197 661 199 652 199 124
658 202 649 201 659 203 650 203 236
654 224 635 223 659 229 641 227 28
656 235 637 236 659 239 639 240 69
656 274 622 276 659 285 624 285 29
659 284 623 284 661 295 622 295 70
656 287 620 287 661 299 621 299 37
656 291 620 291 661 303 620 303 49
653 318 606 318 659 337 607 337 83
651 321 599 320 659 341 599 340 115
654 338 601 337 661 363 600 363 79
662 47 643 47 665 41 643 39 199
666 88 660 89 667 87 661 88 468
664 125 660 123 665 125 661 123 123
668 153 663 153 669 153 664 153 262
668 172 663 172 669 173 664 173 168
662 263 634 264 667 271 636 271 62
664 276 631 275 669 285 641 284 78
659 279 624 279 665 289 629 289 82
664 289 627 289 669 301 629 301 48
657 292 624 293 665 305 624 305 44
662 305 620 305 669 321 622 321 35
658 303 615 302 665 319 618 317 46
659 322 612 322 667 343 613 343 123
658 327 610 327 669 349 612 349 95
657 335 604 335 665 359 608 358 112
672 72 652 71 675 67 655 68 407
672 95 667 95 673 95 668 94 344
674 123 669 123 675 123 670 122 280
670 137 665 135 671 137 665 136 136
674 147 668 146 675 147 669 147 279
670 145 665 144 671 145 665 145 336
670 159 665 159 671 159 666 159 244
674 155 669 154 675 155 669 155 261
670 157 665 157 671 157 666 158 215
674 173 669 173 675 173 670 173 175
671 182 662 182 673 183 663 183 189
670 190 661 190 671 191 662 191 178
669 202 659 202 671 203 661 203 267
673 207 661 207 673 209 660 209 119
667 220 649 221 671 223 653 223 12
669 247 647 247 675 253 649 252 28
666 261 639 262 671 269 641 269 82
669 269 639 268 675 277 642 277 72
667 285 631 285 673 297 633 297 57
666 311 624 312 675 329 621 329 76
663 319 616 319 671 339 619 339 84
667 326 618 325 675 347 620 347 77
666 330 618 331 675 353 618 353 85
674 34 654 33 677 27 656 26 112
674 74 654 73 677 69 657 69 353
676 93 670 94 677 93 671 94 246
680 115 674 113 681 113 675 113 302
676 125 670 125 677 125 671 125 253
676 141 670 140 677 141 671 140 463
677 159 672 158 679 159 673 159 200
679 182 669 182 681 183 671 183 196
675 186 666 186 677 187 667 187 241
677 190 667 193 679 191 669 192 349
676 215 663 215 679 217 665 217 53
674 216 660 216 677 219 662 218 23
675 232 656 233 679 237 658 236 10
675 263 646 263 681 271 650 271 66
671 279 639 279 677 289 641 289 60
672 291 639 292 677 303 636 303 58
670 308 626 308 677 325 629 325 80
672 329 623 329 681 351 625 351 65
671 338 619 338 681 363 621 363 88
681 48 665 48 685 41 667 41 148
679 58 655 57 683 53 663 53 467
684 107 677 107 685 107 678 107 305
686 111 679 111 687 111 681 111 315
685 155 679 155 687 155 681 156 221
682 200 668 200 685 201 670 202 181
680 202 666 202 683 203 668 203 171
682 205 668 205 685 207 670 207 119
684 219 669 218 687 221 672 221 29
681 263 652 263 687 271 655 271 48
678 276 646 275 685 285 650 285 113
676 287 640 287 683 299 643 300 72
673 295 637 295 685 309 642 309 78
679 292 642 292 687 305 645 305 95
686 205 672 206 689 207 674 207 80
690 211 675 212 693 213 677 213 55
688 215 673 215 691 217 676 218 54
686 226 669 226 689 229 672 229 22
684 239 664 239 689 243 666 242 9
689 261 658 261 693 269 662 269 42
682 272 651 272 689 281 655 281 127
685 284 649 283 693 295 654 294 114
683 294 645 294 691 307 649 307 58
681 310 638 310 691 327 642 327 46
680 307 633 307 689 323 641 323 55
682 327 633 327 693 349 637 349 98
679 329 628 328 689 351 632 351 90
694 88 686 86 695 85 688 84 348
695 104 686 106 697 103 689 104 273
697 151 688 150 699 151 690 151 238
695 155 685 154 697 155 688 155 135
693 155 684 154 695 155 686 155 206
695 227 671 228 699 231 681 230 25
690 272 658 272 697 281 663 281 106
688 295 650 295 699 309 656 309 104
687 299 647 299 697 313 653 313 71
686 322 639 322 697 343 641 343 129
683 330 633 330 695 353 638 353 141
688 333 637 333 699 357 641 357 106
696 35 674 34 701 27 677 27 90
699 40 681 39 703 35 683 34 99
703 112 695 111 705 111 697 111 174
703 125 695 127 705 125 697 126 55
699 129 692 129 701 129 693 129 156
703 131 696 131 705 131 698 131 115
699 147 691 147 701 147 692 147 213
699 153 690 153 701 153 692 153 190
697 188 681 188 701 189 684 189 156
701 220 683 220 705 223 689 222 16
695 248 669 247 701 253 673 252 5
698 261 667 261 705 269 673 269 67
697 267 667 267 705 275 673 275 35
693 281 658 280 701 291 664 291 86
694 289 659 291 703 301 663 301 101
690 291 653 290 701 305 659 304 109
693 300 652 300 703 315 657 315 105
693 310 648 310 703 327 654 327 103
690 314 645 314 701 331 651 331 96
689 338 637 339 701 363 641 363 87
705 29 683 29 711 21 687 21 51
705 50 683 50 709 45 686 44 167
707 53 686 52 711 47 690 46 217
706 65 685 69 711 61 687 63 291
709 125 701 125 711 125 703 124 250
705 143 698 142 707 143 699 143 57
707 149 699 148 709 149 701 149 108
707 157 699 157 709 157 701 157 95
705 164 697 165 707 165 699 165 64
707 193 690 193 711 195 693 195 63
702 197 686 197 707 199 690 199 58
704 229 686 227 709 233 688 233 24
703 234 683 234 707 237 685 236 19
702 243 681 243 707 247 683 246 12
703 248 679 248 711 255 684 254 9
703 265 673 265 711 273 680 273 164
699 267 669 267 707 275 675 275 47
699 272 667 272 707 281 673 281 42
701 285 666 286 711 297 672 297 72
700 282 666 283 709 293 671 292 63
696 304 655 304 707 319 661 319 113
699 307 657 307 711 323 664 323 90
694 321 648 323 709 345 654 345 79
694 329 645 329 707 351 651 351 74
710 42 688 42 715 35 693 35 77
714 139 705 139 717 139 707 139 370
713 155 704 152 715 153 706 153 250
713 156 704 154 715 155 707 156 269
710 203 691 202 717 205 695 205 66
711 215 687 218 715 219 695 218 20
706 299 666 299 717 313 673 313 88
701 311 658 311 713 327 664 328 90
699 332 649 332 713 355 655 355 82
713 29 691 28 719 21 695 21 130
717 201 695 201 723 203 701 203 61
714 205 694 204 721 207 699 207 47
716 218 695 218 723 221 700 221 20
717 224 695 224 723 227 700 227 20
713 234 693 232 719 237 698 236 15
717 237 697 237 723 241 701 241 21
713 241 694 243 719 245 699 247 18
713 274 682 274 723 283 689 283 31
708 292 670 292 719 305 677 305 77
711 304 670 304 723 319 677 319 91
721 27 699 26 727 19 703 18 116
719 25 697 24 725 17 701 17 110
722 141 713 145 725 137 716 139 632
720 182 698 182 727 183 703 183 212
718 203 697 203 725 205 702 205 59
719 248 691 245 725 253 700 253 16
714 282 680 282 725 293 686 293 28
715 301 675 301 725 315 680 315 74
717 297 677 297 729 311 686 311 67
728 29 706 28 735 21 711 19 93
729 72 716 71 735 67 717 66 276
724 180 701 182 731 181 707 182 254
726 192 703 192 733 193 709 194 95
724 205 702 205 731 207 708 207 61
726 209 705 210 733 211 711 212 56
724 213 701 211 731 215 709 217 38
725 222 703 221 733 225 709 225 25
726 249 703 250 735 255 709 255 29
722 267 692 267 731 275 699 275 44
722 281 688 281 733 291 696 291 51
724 277 691 277 735 287 699 287 63
721 292 684 291 733 305 692 304 57
719 312 676 312 733 329 685 329 88
730 44 707 43 737 37 713 36 123
732 46 715 48 739 39 715 39 156
732 175 708 174 739 175 714 174 323
733 193 709 194 741 195 716 195 92
730 207 709 206 737 209 714 209 89
733 212 709 212 741 215 715 215 44
731 233 707 233 739 237 713 237 16
730 242 706 241 739 247 713 246 35
731 252 704 251 739 257 711 257 33
730 263 702 263 741 271 711 271 48
729 276 695 275 739 285 704 285 69
727 279 694 279 739 289 702 289 40
724 299 683 299 741 315 696 315 50
735 39 712 39 743 31 719 30 207
739 52 718 51 747 45 724 44 90
740 87 723 87 747 85 729 85 562
738 126 720 128 745 125 725 126 564
734 229 710 228 743 233 717 233 26
737 237 713 238 745 241 719 241 21
737 241 712 242 745 247 719 247 23
735 246 711 246 743 251 717 251 29
729 300 689 300 743 315 698 315 55
730 309 688 309 745 325 698 325 41
745 68 722 68 751 63 727 64 216
744 74 723 74 751 69 729 69 252
743 100 725 101 749 99 731 98 732
744 110 727 110 751 109 733 109 624
742 147 724 145 749 145 729 146 194
743 167 723 166 753 167 730 166 262
742 182 718 185 751 183 724 182 80
744 194 719 193 753 195 726 193 57
740 197 715 198 749 201 722 199 41
742 205 717 205 751 207 724 207 33
744 214 718 213 753 217 727 218 22
744 213 719 212 753 215 726 214 16
741 221 717 221 751 225 724 225 15
740 233 715 233 749 237 722 237 17
741 259 713 259 753 267 724 268 79
738 264 710 263 749 271 718 270 55
736 288 700 287 749 299 709 298 60
735 302 694 302 749 317 705 317 95
747 38 723 37 755 31 730 30 124
751 55 732 55 759 49 738 51 185
751 79 737 78 759 77 741 77 176
749 83 732 83 757 83 739 83 578
749 102 731 104 755 101 736 102 303
750 122 733 123 757 121 738 120 301
747 194 723 195 757 197 730 196 32
749 207 724 206 759 209 732 209 21
749 212 724 212 759 215 732 214 19
745 230 717 229 755 235 728 234 16
746 256 719 256 757 263 728 263 59
743 267 713 266 755 275 723 275 147
744 271 714 271 755 279 722 279 114
745 276 713 276 757 285 722 284 94
758 83 740 82 765 81 746 80 490
756 87 737 86 763 85 744 85 305
754 101 737 100 761 99 742 99 429
758 97 740 96 765 95 746 95 743
754 109 736 109 761 107 742 106 367
758 112 740 112 765 111 746 111 490
754 118 736 118 761 117 742 117 397
757 130 738 131 763 131 744 130 251
758 138 740 137 765 137 746 137 327
756 148 737 147 763 147 745 146 534
753 201 729 200 763 203 737 203 25
750 221 726 221 761 225 735 225 8
753 218 728 217 763 221 738 219 16
752 272 721 272 765 281 731 281 251
751 276 718 275 761 283 729 285 151
759 73 741 74 767 71 747 71 149
764 96 745 96 771 95 752 94 607
764 110 746 109 771 109 752 108 363
765 118 746 118 771 117 752 117 302
764 130 748 129 771 129 758 129 529
765 151 756 150 769 151 760 150 365
756 265 725 263 769 273 737 273 116
759 271 728 271 771 279 737 279 93
765 85 747 83 773 81 754 79 341
768 99 749 98 775 97 760 97 840
769 148 758 148 775 149 763 148 385
766 227 741 227 777 231 750 231 17
765 223 739 223 775 227 748 227 14
764 229 739 229 775 233 748 233 15
763 267 733 267 775 275 742 275 106
761 289 725 289 777 301 738 301 129
777 41 763 41 783 37 769 37 120
772 74 752 71 781 71 761 69 234
777 79 759 79 783 77 763 77 207
772 95 751 94 781 93 761 93 673
775 112 762 112 783 111 765 111 424
778 151 765 151 783 151 770 151 320
771 213 746 214 783 217 756 218 33
780 75 766 75 787 73 772 73 161
781 91 766 90 787 89 772 89 348
778 99 764 98 785 97 770 97 150
780 97 766 96 787 95 772 95 180
778 108 764 108 785 107 770 107 286
780 116 766 116 787 115 772 115 186
782 116 768 116 789 115 774 115 208
782 132 768 131 789 131 774 131 227
779 149 767 147 785 149 772 147 299
782 151 769 151 789 151 775 151 162
779 155 766 155 785 155 771 155 184
778 174 756 174 787 175 765 174 162
778 183 755 181 789 185 762 184 123
777 195 752 195 789 197 761 197 33
777 199 752 199 789 201 762 201 35
773 203 748 203 785 205 758 205 65
777 208 752 208 789 211 762 211 55
775 206 750 206 787 209 760 209 36
777 231 751 231 789 235 762 235 13
784 119 770 120 791 119 776 117 127
784 131 770 131 791 131 776 130 167
783 199 757 198 795 201 768 201 47
783 195 756 194 795 197 768 197 54
781 201 756 201 793 203 766 203 35
781 206 756 206 793 209 766 209 40
782 219 757 219 793 223 765 222 37
783 225 759 224 793 229 769 228 48
777 268 745 268 793 277 759 277 85
794 76 779 75 801 73 785 72 62
793 115 779 114 801 113 786 112 94
791 150 776 149 799 151 783 152 109
789 171 769 172 801 171 776 170 122
787 185 765 184 799 187 774 186 74
788 193 762 192 801 195 773 194 60
789 222 764 221 801 225 775 225 28
789 227 764 227 801 231 774 231 14
786 248 761 248 801 253 771 253 13
797 81 782 80 805 77 789 76 53
798 157 783 155 805 155 790 155 81
803 77 787 76 811 73 794 73 43
801 117 785 117 809 115 792 115 41
803 115 787 114 811 113 794 113 43
801 122 785 121 809 121 793 123 89
803 136 787 135 811 133 794 131 39
803 148 787 145 811 147 795 147 38
801 151 786 151 809 151 793 150 41
805 159 789 159 813 159 797 159 67
798 167 774 167 811 167 785 167 98
799 205 774 205 813 209 786 209 17
797 223 772 222 811 227 783 226 10
791 270 761 270 809 279 775 279 53
806 96 790 96 815 93 798 92 8
803 205 778 204 817 207 790 207 33
806 218 781 218 819 221 793 221 21
801 239 777 240 817 245 789 245 15
803 262 774 262 819 269 787 269 40
812 69 795 69 821 65 803 64 68
807 227 782 227 821 231 794 231 10
791 338 739 339 821 363 759 363 13
821 78 804 76 831 73 813 72 14
820 106 801 106 831 103 810 103 49
818 152 801 151 827 151 809 150 69
813 233 789 234 827 239 801 238 8
810 239 786 239 827 245 801 245 27
797 335 747 335 827 359 767 360 12
827 24 809 24 837 17 818 17 42
823 60 805 60 833 55 815 53 59
823 64 805 63 833 59 815 58 43
825 110 806 110 835 107 816 107 45
825 150 808 149 835 149 817 148 39
825 160 807 159 833 159 814 159 52
825 200 807 199 835 201 817 201 25
823 209 805 210 833 211 815 211 14
818 237 795 237 833 241 804 239 9
816 258 788 255 833 265 803 266 36
816 267 786 266 835 273 800 275 85
806 338 752 338 837 363 777 363 15
831 44 813 43 841 39 822 37 35
832 147 815 146 843 147 824 147 47
828 152 811 151 839 151 820 151 33
830 158 813 157 841 157 822 157 33
832 184 813 183 839 185 825 183 19
833 196 813 195 841 197 823 195 28
830 206 817 204 841 207 825 207 45
830 202 813 203 841 203 823 203 18
828 211 811 211 839 213 819 214 10
832 217 813 216 843 219 823 218 7
813 334 761 334 843 357 784 357 21
835 60 815 59 845 53 827 53 37
836 139 818 139 847 139 827 137 35
835 218 817 218 847 221 829 221 10
841 55 822 54 853 49 832 49 50
839 121 820 120 851 113 831 112 37
843 156 824 156 855 155 835 155 31
844 182 825 181 855 183 833 185 14
843 196 828 193 855 197 843 198 24
839 201 821 201 855 203 835 203 20
839 214 824 215 851 217 831 217 10
822 330 775 331 855 353 797 353 17
847 37 828 36 859 31 838 29 29
848 97 828 96 861 93 841 92 51
845 103 826 102 857 99 837 99 34
849 122 829 119 861 119 841 119 37
845 126 826 125 857 129 837 130 49
847 152 828 151 859 151 839 150 48
843 197 826 197 857 199 836 198 17
848 205 829 205 861 207 840 205 40
853 49 832 48 865 43 843 42 63
850 123 831 124 863 123 843 125 49
852 158 832 158 865 157 842 158 36
854 204 835 203 867 205 847 205 23
849 211 829 211 865 215 846 215 22
850 221 830 220 863 223 842 223 16
857 52 836 52 871 45 848 45 37
859 98 839 97 873 93 851 93 42
855 101 835 100 869 97 847 97 41
858 111 838 107 869 105 850 105 100
859 148 839 148 873 147 852 146 61
857 152 837 151 871 151 849 150 59
854 168 833 168 869 167 849 166 18
859 224 837 223 873 227 850 227 51
837 319 792 320 869 339 816 339 15
835 332 786 333 869 355 812 355 18
861 155 840 155 875 155 853 155 34
860 181 840 179 875 181 853 181 13
862 201 842 201 877 203 854 202 35
860 219 840 219 875 221 853 221 57
864 222 841 220 879 225 857 225 68
868 126 846 125 883 123 860 122 31
868 141 846 140 883 139 860 138 48
849 337 797 337 885 361 825 361 27
847 340 795 340 881 363 821 363 19
853 315 805 315 887 335 832 334 26
856 317 808 318 891 337 836 337 30
857 328 807 328 891 349 835 349 25
854 327 807 328 887 347 834 349 20
879 89 857 88 897 83 873 82 88
877 113 855 112 893 109 870 107 47
877 137 852 137 895 135 867 135 21
880 141 858 140 897 139 868 139 27
879 166 857 165 895 165 872 165 22
877 161 855 161 893 161 868 159 18
879 169 857 169 895 169 872 168 21
887 41 863 43 903 35 879 33 70
884 49 861 48 901 41 876 40 103
882 55 859 54 899 47 875 46 96
886 77 863 76 903 71 878 70 89
882 114 860 114 899 111 875 110 43
886 120 861 120 903 117 875 117 53
882 126 855 128 901 123 874 123 32
882 141 856 141 899 139 872 139 14
882 161 861 160 899 161 876 160 29
866 292 818 295 903 309 846 310 43
891 49 867 48 909 41 883 40 44
889 81 865 80 907 75 881 75 64
891 115 866 115 909 111 883 111 51
888 110 865 110 905 107 881 107 55
890 132 865 131 909 129 881 129 19
897 71 873 72 915 63 889 65 27
897 80 873 79 915 73 890 73 55
894 119 870 118 913 115 887 115 38
897 122 873 122 915 119 890 118 20
894 136 870 135 913 133 887 134 18
913 43 891 43 927 35 911 33 15
912 84 887 82 933 77 905 77 33
910 103 885 103 931 99 903 97 29
907 107 885 109 929 103 901 101 30
917 88 891 87 939 81 911 81 36
914 85 888 85 935 79 908 78 46
916 102 890 101 937 97 909 96 23
913 105 889 105 935 101 907 100 36
939 60 911 59 963 51 933 50 61
938 69 911 68 963 61 933 60 33
944 59 917 58 969 51 939 50 39
945 74 917 74 971 67 941 69 56
945 106 917 103 971 101 941 102 47
949 145 921 145 975 143 945 143 35
951 100 923 103 977 97 947 95 25
951 142 923 141 977 139 947 138 25
966 69 934 69 993 61 958 61 72
962 130 933 130 989 127 958 126 94
965 148 941 147 991 145 958 145 29
969 73 937 73 997 65 962 65 96
970 67 938 67 1003 57 967 57 63
972 67 939 67 1005 57 969 57 57
973 147 943 147 1003 145 971 145 21
975 54 946 54 1007 45 972 45 38
949 271 883 271 1015 289 936 289 139
946 322 879 321 1015 351 934 351 54
954 267 888 267 1019 285 940 285 150
952 271 886 271 1019 289 938 289 145
955 310 887 310 1023 339 943 339 99
950 313 881 314 1021 341 939 341 45
953 318 885 318 1023 347 941 347 50
995 57 964 60 1029 47 995 46 15
999 44 967 46 1031 33 995 33 13
1036 135 1001 134 1077 131 1039 131 30
1032 137 997 137 1073 133 1034 132 44
1042 141 1006 140 1083 137 1044 137 27
1045 117 1009 117 1087 111 1048 110 42
1050 119 1014 118 1093 113 1054 112 65
1005 280 931 280 1095 303 1005 304 122
1060 81 1024 81 1103 79 1064 78 121
1031 283 951 284 1125 309 1023 307 28
1028 287 946 286 1121 311 1023 311 34
