79 101 55 102 45 93 19 94 198
79 126 55 125 45 119 19 119 74
81 103 57 104 47 95 21 95 200
80 108 57 109 47 101 21 101 191
85 118 60 118 51 111 25 111 173
83 116 58 116 49 109 23 109 165
81 122 56 122 47 115 21 115 91
81 146 56 146 47 141 21 141 66
85 155 59 155 49 151 23 151 62
86 159 61 159 51 155 24 155 54
84 161 59 161 49 157 22 157 71
83 232 58 231 49 233 22 232 207
93 252 62 251 51 255 18 254 185
88 107 64 107 55 99 30 99 230
88 116 64 116 55 109 30 109 268
88 121 64 122 55 115 30 115 91
91 155 65 155 53 151 27 151 47
91 163 64 163 55 159 28 159 44
95 163 69 163 57 159 30 159 74
87 172 64 172 55 169 29 169 39
89 204 65 204 57 203 32 203 57
99 274 68 273 57 279 23 279 63
93 122 69 122 61 115 36 115 121
91 133 67 133 59 127 33 127 120
87 139 64 139 59 133 34 133 91
92 144 68 144 59 139 34 139 81
95 151 73 152 63 147 38 147 124
93 212 70 211 61 211 36 211 52
93 214 69 213 61 213 36 213 55
100 114 77 114 69 107 45 107 157
100 119 77 120 69 113 45 113 180
97 123 73 124 65 117 40 117 148
98 135 75 135 67 129 42 129 168
108 260 77 260 67 265 34 264 64
108 267 76 266 67 271 34 271 71
102 87 79 88 71 79 46 79 330
103 93 79 94 71 85 46 87 209
104 112 80 112 73 105 48 105 221
102 123 79 124 71 117 47 117 235
104 125 80 125 73 119 49 119 164
103 133 79 133 71 127 46 127 269
102 138 79 139 71 133 46 133 208
104 153 80 153 73 149 48 149 158
104 167 81 166 73 163 48 163 45
104 223 80 221 73 221 50 221 34
112 52 88 52 81 41 57 42 207
111 65 88 66 81 55 57 56 200
109 74 86 75 79 65 55 66 175
109 91 86 92 79 83 55 84 193
109 112 86 112 79 105 55 105 208
109 127 86 127 79 121 55 121 230
111 129 88 129 81 123 57 123 183
109 136 86 137 79 131 55 131 228
107 140 84 140 77 135 52 135 181
108 148 86 148 79 143 55 143 125
109 151 86 152 79 147 55 147 112
108 149 84 150 77 145 53 145 152
107 174 84 174 77 171 53 171 53
118 246 88 245 79 249 46 248 114
119 261 88 260 79 265 46 264 60
121 265 90 264 81 269 47 268 69
115 48 92 49 85 37 61 38 135
115 53 92 54 85 43 61 44 227
116 59 94 60 87 49 63 50 105
115 93 92 94 85 85 61 86 112
116 91 94 92 87 83 63 84 111
117 102 94 103 87 95 63 96 170
114 114 92 114 85 107 61 107 209
116 129 94 129 87 123 63 123 181
113 141 90 142 83 137 59 137 190
117 152 94 152 87 147 63 147 227
118 161 92 161 85 157 58 157 98
114 195 91 196 83 193 60 195 20
114 212 92 213 85 211 61 210 26
116 216 93 213 87 215 63 216 22
124 251 94 251 87 255 55 255 126
127 258 96 257 87 261 53 260 107
125 266 94 265 85 271 52 270 66
150 331 98 330 85 351 26 349 73
120 65 98 65 91 55 68 56 59
120 76 97 77 91 67 68 68 88
118 112 95 112 89 105 65 106 144
122 108 99 109 93 101 70 102 105
122 112 99 114 93 107 69 109 91
121 129 99 129 93 123 69 123 84
120 131 97 131 91 125 67 125 140
118 142 95 142 89 137 65 137 191
122 144 99 144 93 139 69 139 123
118 148 95 148 89 143 65 143 190
120 150 97 150 91 145 67 145 189
121 216 99 216 93 215 70 215 29
130 242 99 242 91 245 58 244 158
131 288 102 287 89 295 49 295 196
123 134 101 135 95 129 72 129 114
125 155 99 155 95 151 69 151 89
125 168 103 168 99 165 76 165 85
122 192 99 191 95 191 72 191 15
127 200 104 201 99 199 75 199 27
127 207 104 206 99 205 76 205 30
133 200 109 200 105 199 83 199 37
131 204 108 204 103 203 80 203 44
133 206 110 206 105 205 81 205 51
137 157 115 157 111 153 87 153 113
133 168 112 168 107 165 84 165 58
139 189 116 186 111 185 88 186 35
138 193 116 193 111 191 87 190 40
134 209 111 209 107 207 83 207 57
136 217 114 217 109 217 85 217 241
147 233 118 232 109 235 74 235 250
142 163 120 163 115 159 92 159 139
140 204 118 205 113 203 90 202 65
151 252 121 251 115 255 83 254 51
152 257 121 257 115 261 82 260 93
149 74 127 75 123 65 100 66 115
151 155 127 155 123 151 97 151 140
146 165 124 165 119 161 96 161 114
147 197 125 197 121 195 98 195 30
145 195 123 195 119 193 96 193 37
159 234 127 233 121 235 88 235 200
155 239 124 238 119 241 85 240 44
157 266 123 266 121 271 89 270 69
158 285 121 285 119 291 87 290 110
152 28 131 29 127 17 104 18 119
153 36 131 37 127 25 104 26 143
155 48 133 48 129 37 107 38 169
155 68 133 69 129 59 107 60 187
153 76 131 76 127 67 104 67 234
153 118 131 118 127 111 104 111 172
150 120 130 123 125 115 103 116 88
155 161 131 161 127 157 102 157 256
162 229 130 229 125 231 92 231 221
164 239 132 239 127 241 94 240 43
157 50 135 50 131 39 109 40 300
160 57 139 58 135 47 113 48 169
158 82 138 82 135 73 111 74 155
157 113 138 114 131 107 111 107 172
159 134 138 134 135 129 113 129 185
160 138 138 138 135 133 113 133 148
156 136 135 136 131 131 109 131 167
158 142 136 142 133 137 111 137 222
160 148 138 147 135 143 113 145 214
156 149 134 148 131 145 108 144 113
156 157 134 157 131 153 108 153 116
158 157 136 157 133 153 110 153 199
158 161 136 161 133 157 111 157 229
156 165 134 165 131 161 109 161 125
160 167 138 166 135 163 112 163 233
160 178 138 178 135 175 112 175 244
160 184 139 184 135 181 113 181 215
157 187 136 187 133 185 111 185 168
158 203 134 203 131 201 112 202 105
168 269 137 268 135 273 103 272 117
163 144 142 144 139 139 117 139 157
162 163 140 163 137 159 115 159 205
164 180 142 180 139 177 117 177 370
165 176 143 175 141 173 121 172 234
161 185 140 185 137 183 115 183 144
160 189 139 189 137 187 115 187 128
165 197 144 197 141 195 119 195 214
175 222 143 222 139 223 107 223 148
167 49 147 50 143 39 122 40 146
166 55 146 55 143 45 121 46 139
167 118 145 118 143 111 124 111 74
167 142 146 142 143 137 121 137 161
168 151 147 151 145 147 123 147 148
170 157 149 157 147 153 125 153 217
170 177 150 177 147 175 127 174 170
167 184 149 183 147 181 125 181 403
169 197 148 197 145 195 123 195 140
171 195 150 195 147 193 125 193 235
169 193 148 193 145 191 123 191 119
182 226 151 226 147 227 113 227 139
183 279 143 279 143 285 109 284 127
179 285 143 285 143 291 110 290 139
176 74 153 75 153 65 130 66 104
175 118 151 118 153 111 125 111 78
177 127 159 129 153 121 134 121 46
175 138 155 138 153 133 132 133 46
175 154 155 155 153 151 131 150 100
174 159 153 159 151 155 129 155 125
173 165 153 165 151 161 130 161 116
203 335 155 333 149 353 94 352 105
183 38 161 38 159 27 136 27 194
183 51 161 51 159 39 136 40 63
178 123 155 123 155 117 133 117 76
181 136 165 135 159 131 137 131 16
179 160 159 161 157 157 136 157 145
181 189 161 189 159 187 138 187 112
187 221 160 220 157 221 128 220 124
188 226 160 226 157 227 127 227 100
187 254 159 253 155 257 125 256 55
189 29 167 29 165 17 142 18 162
191 111 169 112 165 105 141 105 135
184 160 163 159 161 155 140 155 122
185 187 165 187 163 185 142 185 94
185 193 164 193 163 191 142 191 189
191 223 163 222 161 223 131 223 111
199 235 168 235 165 237 133 236 56
198 241 167 241 165 243 132 242 48
191 258 161 257 161 261 117 261 49
196 258 164 257 163 261 119 261 63
193 38 171 39 169 27 146 28 238
195 42 173 42 171 31 148 31 286
193 52 171 51 169 41 146 41 126
195 54 173 56 171 45 148 44 123
195 61 173 61 171 51 148 51 83
193 119 171 119 171 113 147 113 104
190 134 169 134 169 129 145 128 8
191 142 171 143 171 137 149 139 13
192 178 172 178 171 175 149 174 118
200 208 170 208 169 207 139 206 252
198 213 169 213 167 213 135 215 242
205 235 173 235 171 237 138 237 36
200 239 169 238 167 241 134 240 43
204 241 173 240 171 243 138 242 54
197 40 175 40 173 29 150 29 164
196 61 175 62 173 53 150 53 80
194 111 175 112 175 105 146 105 98
195 145 177 143 175 139 153 141 12
196 176 176 176 175 173 154 173 135
204 209 175 209 173 209 142 209 287
206 250 176 249 175 253 142 252 89
207 256 177 255 175 259 143 258 65
202 43 181 43 181 33 161 34 177
202 70 181 71 179 61 155 61 109
205 77 184 78 183 69 161 70 118
202 76 179 76 179 67 157 68 142
202 159 184 161 183 157 163 157 36
210 219 182 219 181 219 148 219 187
211 262 180 262 179 267 146 266 63
201 82 182 83 185 75 160 75 150
206 117 183 117 187 111 163 111 40
207 113 185 113 189 107 165 107 28
208 121 185 121 187 115 164 115 73
207 127 187 127 187 121 169 121 72
207 140 187 140 187 135 167 135 14
206 150 187 150 187 147 166 146 16
208 166 189 166 189 163 169 162 74
205 180 185 180 185 177 165 177 210
206 178 187 178 187 175 167 175 280
207 182 187 181 187 179 167 179 333
206 191 187 191 187 189 167 189 185
217 204 186 204 187 203 153 203 241
216 263 185 262 185 267 151 266 59
216 269 185 268 185 273 152 272 128
212 43 193 44 191 33 168 33 62
212 50 193 51 193 41 173 41 138
212 81 191 82 191 73 169 73 195
213 145 192 146 195 141 173 142 13
210 179 191 179 191 177 171 177 163
210 187 191 187 191 185 171 185 284
223 202 193 202 191 201 171 200 246
221 225 191 223 191 223 158 223 109
226 226 195 226 195 227 167 227 125
224 228 193 228 193 229 161 229 65
216 54 197 55 197 45 178 46 174
218 50 199 51 199 41 179 42 152
220 79 201 80 201 71 182 72 167
221 123 199 123 201 117 177 117 70
219 123 198 123 199 117 177 117 73
220 127 199 127 197 121 173 121 43
217 164 196 165 197 161 180 160 53
225 187 204 187 197 185 178 185 308
230 228 201 228 201 229 171 229 77
222 52 203 53 203 43 183 43 175
226 75 204 75 207 67 185 67 102
222 83 203 83 203 75 185 76 223
224 115 201 115 205 109 183 109 41
222 119 200 119 203 113 181 113 35
225 158 208 158 207 155 189 154 42
223 165 205 165 205 161 186 161 68
225 177 206 173 207 171 188 173 221
225 180 206 180 207 177 188 177 140
223 180 204 180 205 177 186 177 163
231 35 211 35 213 25 195 26 33
229 35 209 35 211 25 193 26 50
226 53 206 53 211 45 193 46 64
230 55 212 56 213 47 193 47 101
231 73 213 74 213 65 193 64 130
229 75 210 75 211 67 190 65 90
234 89 212 89 213 81 190 81 114
231 115 207 115 213 109 191 109 60
232 129 211 129 209 123 191 123 58
228 138 209 139 211 133 191 132 14
238 183 221 183 209 181 189 181 227
243 187 223 187 211 185 191 185 376
231 197 212 197 213 195 193 195 274
227 195 208 195 209 193 189 193 199
227 201 208 200 209 199 189 198 211
239 278 209 277 209 283 179 282 117
239 284 208 283 209 289 175 288 124
233 42 217 43 217 33 199 34 40
233 48 214 49 215 39 197 38 70
234 61 218 62 219 53 199 53 78
238 121 217 121 219 115 197 115 48
236 125 217 125 217 119 196 119 38
229 144 212 144 217 139 193 141 8
248 250 216 250 219 253 185 253 51
241 57 223 58 225 49 207 49 66
244 79 223 79 225 71 204 71 151
242 117 221 117 223 111 201 111 48
238 146 221 147 223 143 206 144 13
249 237 219 237 221 239 188 238 56
253 246 222 246 225 249 192 248 56
252 252 220 252 223 255 189 255 75
249 261 217 261 221 265 186 264 51
253 265 222 265 225 269 192 268 76
257 295 222 294 225 303 186 302 32
245 117 227 117 229 111 203 110 79
248 123 227 123 229 117 216 118 101
251 127 231 127 231 121 211 121 42
247 127 227 127 227 121 208 121 44
246 143 229 144 231 139 213 139 16
241 144 226 144 227 139 210 139 8
244 165 227 165 229 161 211 161 43
254 197 228 197 231 195 203 195 169
254 200 228 200 231 199 205 199 156
255 234 225 233 227 235 194 234 82
260 232 228 231 231 233 198 233 78
257 263 227 263 229 267 196 266 89
257 269 226 268 229 273 196 272 97
255 276 221 276 227 281 197 280 147
255 282 225 281 227 287 195 286 149
249 41 227 40 237 33 217 33 26
252 57 233 57 237 49 217 49 116
254 85 233 85 235 77 217 78 118
248 147 233 149 235 145 217 146 27
252 155 235 155 237 151 219 151 18
251 164 233 165 235 161 217 161 54
250 176 233 176 235 173 217 173 162
248 182 231 182 233 179 215 179 293
260 195 233 195 237 193 209 193 209
258 200 233 200 237 199 211 199 180
261 213 232 212 235 211 202 212 91
261 230 233 230 237 231 205 230 109
260 282 229 281 233 287 200 286 153
267 290 233 290 237 297 200 297 150
264 292 230 292 233 299 196 299 70
258 29 241 29 243 19 226 20 65
254 57 235 57 239 49 220 49 105
259 64 237 63 241 55 222 55 189
254 63 235 63 239 55 223 56 85
254 81 229 80 243 75 222 75 93
257 81 237 81 239 73 217 73 77
255 90 238 91 239 83 219 83 66
254 184 237 184 239 181 221 181 276
263 199 238 199 241 197 215 197 230
270 221 240 220 243 221 210 221 88
268 222 238 221 241 223 208 223 108
264 240 235 239 239 241 206 240 64
266 255 236 255 239 259 206 259 142
270 260 239 259 243 263 210 263 212
270 265 239 264 243 269 210 268 245
275 302 238 301 243 311 202 311 73
257 39 238 39 245 31 226 31 84
261 58 245 57 247 49 229 50 240
256 89 235 89 245 83 224 83 126
273 214 243 215 247 215 215 214 96
275 252 244 252 249 255 216 255 299
265 62 249 61 251 53 234 53 222
267 68 250 68 253 61 236 62 193
266 68 249 68 251 59 234 60 216
265 88 241 87 251 81 233 82 234
269 84 252 83 255 77 238 77 146
267 90 245 89 253 83 235 83 227
273 121 255 121 255 115 236 115 130
274 125 252 125 255 119 231 118 171
269 170 253 170 255 167 239 167 287
277 205 247 205 253 205 221 205 178
281 252 250 252 255 255 222 255 261
277 254 247 254 251 257 218 257 335
277 271 246 270 251 275 218 274 213
281 272 250 272 255 277 222 276 242
273 278 242 277 251 283 218 282 420
270 36 255 37 257 27 241 28 183
275 48 258 48 261 39 244 39 425
271 94 254 94 257 87 240 87 273
281 221 254 220 259 221 226 221 107
285 247 255 247 259 249 227 249 190
287 243 257 243 261 245 229 245 105
283 263 252 263 257 267 224 267 318
285 265 254 265 259 269 226 268 205
283 269 253 269 257 273 225 273 236
277 33 261 34 265 25 247 25 175
282 127 264 127 267 121 249 121 300
281 131 260 131 263 125 242 125 418
284 136 263 136 267 131 245 131 445
279 150 262 151 265 147 243 146 681
283 163 261 163 265 159 242 158 371
290 206 260 206 265 205 234 205 131
292 219 262 219 267 219 235 219 229
286 216 255 215 263 217 233 218 248
293 224 262 224 267 225 231 225 241
289 239 259 239 263 241 231 241 133
290 257 260 257 265 261 232 260 284
288 263 258 263 263 267 230 266 187
291 289 257 288 263 295 227 294 90
287 102 270 102 273 97 255 97 292
283 122 267 123 269 117 251 117 227
286 130 266 131 269 125 247 125 291
286 176 265 176 269 173 246 173 228
291 188 267 187 273 185 251 185 104
291 197 268 198 273 195 248 195 153
296 223 268 222 273 223 239 223 136
296 243 265 242 271 245 239 245 206
297 278 267 278 273 283 241 282 150
294 280 262 280 269 285 238 284 132
285 65 275 65 277 59 268 59 15
290 80 274 80 275 73 267 75 28
296 137 274 138 279 133 255 133 490
293 142 270 142 275 137 252 137 275
292 163 271 162 275 159 252 159 181
292 172 271 173 275 169 252 168 103
293 180 271 180 275 177 252 177 126
295 183 273 184 277 181 254 181 116
299 208 271 208 277 207 247 207 163
303 228 273 228 279 229 247 229 220
303 235 273 234 279 237 247 236 188
301 233 270 232 277 233 244 233 401
299 240 269 239 275 241 242 240 206
301 265 271 265 277 269 244 268 166
293 51 284 52 285 45 274 44 75
291 66 280 68 283 61 273 60 9
289 68 279 71 281 63 271 65 11
291 86 280 87 283 81 272 81 76
293 104 283 104 285 99 275 99 282
291 117 279 119 283 115 273 115 164
293 124 282 124 285 119 275 119 177
302 137 280 137 285 131 262 131 233
301 142 279 142 283 137 260 137 201
301 169 280 169 285 165 263 165 241
309 229 278 230 285 231 253 230 359
305 226 275 226 281 227 249 227 289
309 237 278 237 285 239 252 239 348
308 258 278 257 285 261 252 261 94
323 341 274 341 285 361 228 361 37
297 69 286 70 289 63 278 64 18
297 75 287 73 289 69 277 67 17
295 100 285 100 287 95 277 95 233
295 106 284 106 287 101 276 101 167
298 120 287 120 289 115 279 115 66
306 133 284 133 289 127 266 127 230
307 136 285 136 291 131 268 131 250
310 228 280 228 287 229 255 229 223
312 232 282 232 289 233 257 233 246
311 241 279 240 287 243 254 242 174
312 247 282 246 289 249 257 248 190
310 264 280 263 287 267 254 267 78
307 273 275 273 287 277 253 277 103
301 92 289 93 293 87 283 87 153
305 99 294 98 297 93 287 94 244
314 141 291 142 295 137 280 137 405
311 145 290 145 295 141 274 141 381
317 209 291 209 297 209 269 210 47
316 236 286 235 293 237 261 237 193
317 243 288 243 295 245 263 245 123
317 266 290 266 297 269 268 269 87
318 275 291 274 297 279 267 278 132
311 73 299 74 303 67 279 67 284
311 86 305 85 301 81 293 81 442
306 94 296 94 299 89 288 89 272
306 99 296 100 299 95 288 94 227
309 183 295 182 299 179 290 180 276
309 190 298 190 301 187 293 185 260
322 228 293 228 301 229 270 229 229
325 241 295 241 303 243 275 242 202
322 246 293 246 299 249 269 248 88
320 254 291 254 299 257 267 257 95
320 269 291 269 299 273 267 273 106
322 273 295 272 301 277 269 277 96
321 287 289 286 299 293 263 292 101
317 69 301 69 305 63 288 63 226
314 166 304 166 307 163 296 163 320
314 174 304 174 307 171 297 171 280
316 178 306 178 309 175 298 175 289
325 197 299 197 307 195 280 195 157
325 203 297 205 307 201 281 200 70
327 230 299 230 307 231 275 231 381
328 260 302 260 309 263 283 262 96
328 270 301 269 309 273 281 272 144
323 34 307 35 311 25 294 25 184
325 55 308 53 313 49 296 47 163
327 69 310 69 315 63 298 64 221
333 210 307 210 315 209 288 209 119
331 225 305 225 313 225 285 226 269
330 263 306 262 313 265 285 265 101
332 29 316 29 321 19 303 20 148
330 49 321 49 321 45 312 43 93
340 200 314 200 321 197 295 199 92
338 209 313 210 321 209 294 209 93
336 213 311 214 319 213 292 213 112
335 219 309 219 317 219 290 219 144
337 221 311 221 319 221 292 221 174
339 240 313 240 321 241 294 240 192
339 268 313 268 321 271 293 271 107
337 275 308 274 317 279 285 279 131
339 283 307 283 317 289 283 288 95
344 286 311 286 321 293 286 292 75
344 291 310 291 319 299 281 299 65
346 291 311 291 321 299 283 299 58
332 57 321 58 325 51 315 51 80
330 59 320 59 323 53 313 53 152
334 73 324 73 327 67 317 67 90
332 102 319 102 323 97 317 97 164
344 205 319 206 327 205 302 205 103
344 214 319 214 327 213 300 213 104
341 218 315 217 323 217 296 217 163
340 219 315 219 323 219 296 219 149
341 257 315 257 325 259 297 259 68
338 43 328 44 331 37 321 37 14
340 47 330 48 333 41 322 42 17
337 98 327 98 329 93 319 93 131
338 95 327 97 333 91 322 90 104
343 193 319 193 329 191 304 191 175
348 198 325 197 333 195 309 196 125
350 219 325 219 333 219 306 219 179
349 225 324 225 333 225 307 225 129
346 246 323 245 331 247 304 247 116
347 244 322 244 333 245 308 244 132
344 255 320 255 329 257 301 257 64
344 102 333 103 337 97 327 97 125
352 214 328 214 337 213 311 213 138
350 217 326 217 335 217 309 217 189
356 227 330 227 339 227 312 227 233
351 235 326 235 337 235 310 235 169
353 254 330 253 339 255 315 254 122
351 259 326 259 335 261 311 260 88
355 280 324 279 335 285 300 285 69
355 278 324 278 335 283 302 283 70
359 291 326 293 339 301 301 301 26
347 43 337 44 341 37 332 38 21
345 48 335 49 341 41 329 42 34
348 57 337 57 341 51 331 51 11
348 71 338 71 341 65 330 64 18
347 81 335 80 341 75 330 75 19
350 102 339 102 343 97 333 97 113
349 116 339 116 343 111 332 111 215
351 120 341 120 345 115 335 115 89
349 121 339 122 343 117 333 117 167
349 151 339 151 343 147 333 147 68
351 153 341 153 345 149 335 149 51
349 157 339 157 343 153 333 153 79
349 186 339 186 343 183 332 183 206
356 210 332 210 341 209 316 209 97
358 219 334 219 343 219 318 219 164
356 219 332 219 341 219 316 219 157
356 225 332 225 341 225 315 225 119
357 237 334 236 343 237 317 237 73
357 256 335 255 343 257 319 256 178
363 283 332 283 343 289 308 289 45
357 34 348 35 351 27 341 27 73
353 36 343 36 347 29 337 29 35
353 67 343 67 347 61 337 61 30
355 71 345 71 349 65 339 65 15
353 73 343 73 347 67 337 67 31
349 85 339 85 347 79 337 79 38
360 106 348 106 351 101 340 101 257
355 116 345 116 349 111 339 111 384
357 122 347 122 351 117 341 117 186
355 157 344 157 349 153 338 153 124
353 165 342 165 347 161 336 161 51
353 170 342 170 347 167 336 167 136
354 180 343 180 347 177 336 177 92
355 184 345 184 349 181 339 181 234
363 213 343 212 351 211 331 211 144
364 217 343 216 351 215 330 215 138
361 231 338 231 347 231 322 231 81
363 235 340 235 349 235 324 235 48
368 269 340 269 351 273 320 273 60
361 38 351 38 355 31 345 31 46
363 36 353 36 357 29 347 29 56
363 47 352 47 357 41 348 43 17
359 67 349 67 353 61 343 61 29
359 73 349 73 353 67 343 67 19
359 98 351 98 353 93 342 93 65
363 102 353 102 357 97 347 97 107
358 114 349 113 355 109 343 109 414
363 120 353 120 357 115 347 115 91
363 172 353 172 357 169 346 169 154
361 172 351 172 355 169 344 169 187
368 205 349 204 357 203 337 202 38
367 220 346 220 355 219 333 219 107
369 218 348 218 357 217 335 217 78
369 224 348 224 357 223 335 223 93
366 237 343 236 353 237 330 237 106
367 261 340 261 357 263 323 263 141
371 280 340 280 353 285 319 285 35
376 281 345 281 357 287 323 287 43
367 44 357 44 361 37 351 37 48
369 48 359 48 363 41 353 41 17
369 79 358 78 363 73 352 72 22
365 98 355 98 359 93 349 93 95
367 100 357 101 361 95 351 95 98
365 104 355 104 359 99 349 99 138
367 116 357 116 361 111 351 111 180
367 122 357 122 361 117 351 117 153
369 151 359 151 363 147 353 147 89
365 153 354 153 359 149 349 149 59
367 157 357 157 361 153 351 153 112
369 165 358 165 363 161 352 161 355
367 174 357 174 361 171 350 171 240
365 176 355 176 359 173 349 173 139
377 231 352 231 361 231 338 231 98
372 235 350 235 359 235 336 235 46
374 246 352 245 361 247 338 246 76
376 271 347 271 359 275 329 274 69
380 296 344 296 359 305 319 304 30
383 308 350 308 359 319 322 318 42
371 25 360 24 367 19 356 18 49
369 29 360 29 365 23 356 23 67
375 61 364 62 369 57 358 56 9
374 78 363 77 367 71 357 72 13
371 83 361 83 365 77 355 77 25
370 96 361 96 365 91 354 91 76
375 147 364 147 369 143 357 143 77
375 167 364 166 369 163 358 163 312
373 168 362 168 367 165 356 165 135
379 224 359 223 367 223 344 223 72
379 228 358 227 367 227 344 227 42
379 237 357 237 367 237 343 237 42
381 239 359 239 369 239 345 239 39
381 244 359 244 369 245 345 245 71
385 269 357 269 369 273 339 273 46
382 273 353 273 365 277 334 277 47
388 293 354 293 369 301 330 300 26
390 301 353 301 369 311 327 311 25
379 35 372 36 375 29 368 30 52
379 78 368 77 373 71 362 71 15
380 83 369 83 375 77 364 77 26
381 89 370 89 375 83 364 83 48
375 141 363 141 371 139 357 137 42
381 145 370 145 375 141 363 141 54
377 153 366 153 371 149 359 149 115
380 170 369 170 373 167 362 167 302
379 176 368 176 373 173 362 173 179
381 186 369 185 375 183 364 183 84
385 203 366 202 375 201 355 199 38
386 229 363 229 375 227 352 227 149
383 235 361 235 371 235 348 235 29
384 248 361 248 371 249 347 249 82
388 264 361 264 373 267 345 267 61
389 262 363 262 375 265 347 265 71
390 268 364 267 375 271 345 271 84
387 273 358 273 371 277 340 277 42
390 285 356 285 371 291 335 291 23
383 43 377 45 381 39 372 37 70
386 53 376 54 381 47 372 47 36
385 71 375 71 379 65 368 63 15
384 83 374 82 379 77 369 77 24
383 94 372 93 381 89 369 89 70
383 100 373 100 381 95 372 95 50
385 149 374 149 379 145 368 145 163
386 153 376 153 381 149 371 149 193
385 169 374 169 379 165 368 165 310
383 169 372 169 377 165 366 165 215
387 172 376 172 381 169 370 169 141
387 176 376 176 381 173 370 173 94
386 194 369 193 377 191 358 191 104
389 209 367 209 381 207 358 207 54
387 215 369 214 377 213 356 213 52
390 224 369 223 379 223 357 222 49
389 237 367 237 377 237 354 237 47
393 248 371 248 381 249 357 249 74
391 244 369 244 379 245 355 245 78
395 259 369 259 381 261 354 261 130
395 285 362 284 377 291 341 290 35
397 296 361 296 377 305 337 304 25
393 38 381 36 387 31 380 32 38
391 43 383 43 387 37 379 37 24
386 46 379 47 383 41 373 40 58
390 69 380 69 385 63 375 64 35
388 73 378 73 383 67 372 68 28
388 149 378 149 383 145 373 145 71
388 155 378 155 383 151 373 151 93
391 159 380 159 385 155 374 155 134
391 169 380 169 385 165 374 165 101
393 177 382 176 387 173 376 173 98
391 177 380 177 385 173 374 173 254
392 191 375 191 383 189 362 189 97
395 211 376 210 385 209 364 209 62
395 235 373 235 383 235 360 235 34
397 242 375 242 385 243 362 243 63
397 238 375 238 385 239 363 238 87
398 261 371 261 385 263 357 263 60
405 286 371 286 387 293 351 292 29
407 300 370 300 387 309 346 309 38
402 297 366 296 383 305 342 305 28
398 83 387 82 393 77 382 77 40
396 151 386 151 391 147 381 147 111
396 168 385 168 391 165 380 165 207
398 178 388 178 393 175 382 175 165
396 188 385 188 391 185 380 185 115
401 201 382 201 391 199 371 198 31
399 209 379 209 389 207 369 207 45
403 207 383 207 393 205 373 205 76
400 223 379 224 389 223 368 223 74
404 235 382 235 393 235 370 234 57
403 248 380 248 391 249 367 249 106
400 244 378 244 389 245 366 245 115
401 250 378 250 389 251 365 251 84
401 70 392 71 397 65 387 65 49
404 87 394 87 399 81 389 81 87
400 87 390 87 395 81 384 81 54
402 98 392 98 397 93 387 93 176
400 100 390 101 395 95 385 95 134
402 132 392 133 397 127 387 129 52
402 155 392 155 397 151 386 151 120
404 163 394 163 399 159 389 159 124
400 159 390 159 395 155 384 154 135
400 164 390 164 395 161 384 161 133
402 166 391 167 397 163 386 163 138
404 178 394 178 399 175 389 175 154
409 203 389 203 399 201 379 201 57
405 203 385 203 395 201 375 201 60
407 199 387 199 397 197 377 197 53
408 220 389 220 399 219 379 219 134
409 226 389 226 399 225 379 225 118
408 242 386 242 397 243 373 242 70
408 238 386 238 397 239 374 239 55
409 252 385 252 399 253 375 253 140
408 41 401 41 405 35 398 35 75
407 64 397 64 403 59 394 59 70
409 72 398 71 403 65 395 66 60
409 82 400 83 405 77 395 77 86
408 96 398 96 403 91 393 91 106
408 155 398 156 403 151 393 151 151
410 158 400 158 405 155 395 155 235
408 165 398 165 403 163 393 163 228
406 186 396 186 401 183 391 184 195
412 224 393 224 403 223 383 223 189
412 248 390 248 401 249 377 249 145
420 300 382 299 401 309 359 309 29
421 308 381 308 401 319 356 318 36
426 314 383 314 405 327 357 326 37
412 39 405 39 409 33 402 33 57
412 54 405 55 409 49 402 49 110
411 69 402 69 407 63 398 63 60
415 73 406 73 411 67 402 67 94
413 77 404 77 409 71 400 71 81
411 84 402 85 407 79 397 79 41
412 89 402 89 407 83 397 83 52
414 92 404 92 409 87 399 87 67
416 91 406 91 411 85 401 85 72
413 110 404 110 409 105 399 105 101
412 125 402 125 407 121 397 121 221
415 137 406 137 411 133 401 133 81
413 141 403 141 409 137 399 137 232
412 173 402 173 407 171 397 170 141
412 184 402 184 407 181 397 181 242
416 220 395 219 407 219 387 219 176
419 217 398 216 409 215 389 215 113
418 248 395 248 407 249 384 249 67
421 257 397 257 409 259 383 259 45
424 271 395 271 411 275 380 274 23
422 278 391 278 407 283 373 283 24
423 285 396 285 407 291 377 292 56
429 309 387 309 409 321 363 321 27
428 306 388 305 409 317 364 316 29
416 45 409 45 413 39 406 39 107
416 40 411 41 415 35 407 35 95
418 50 411 50 415 45 408 45 162
419 69 410 69 415 63 406 63 138
421 88 411 88 417 83 411 85 112
421 104 412 104 417 99 408 99 109
421 112 412 112 417 107 408 107 193
421 127 411 127 417 123 408 123 188
419 131 410 132 415 127 406 127 76
422 143 412 143 417 139 408 139 201
419 151 409 151 415 147 405 147 67
418 156 410 157 415 153 406 153 49
424 199 405 197 415 195 398 195 128
421 207 401 207 415 205 388 205 258
423 215 402 214 413 213 393 213 153
421 229 401 229 413 229 389 228 224
427 244 405 244 417 245 394 245 73
428 268 400 267 415 271 387 272 26
427 278 397 277 413 283 380 282 26
431 302 392 302 413 313 369 312 30
434 306 393 306 415 317 371 315 29
421 26 415 26 423 23 419 23 16
423 50 418 50 421 45 415 45 120
425 63 418 63 421 57 416 58 137
427 87 418 86 423 81 414 81 86
427 110 418 110 423 105 413 105 109
426 114 416 114 421 109 412 109 248
425 124 415 124 419 119 410 119 164
423 133 414 134 419 129 410 130 122
427 137 418 138 423 133 414 133 198
423 149 415 149 419 145 410 145 84
427 151 418 151 423 147 414 147 129
423 153 414 153 419 149 410 149 98
427 157 417 157 423 153 414 153 95
426 176 417 176 423 173 414 173 116
427 201 408 201 419 199 399 199 126
431 205 412 205 423 203 402 203 67
431 243 409 242 421 243 398 243 101
431 248 409 248 421 249 398 249 125
430 257 406 257 419 259 392 259 72
434 267 405 267 421 271 391 271 19
436 276 405 275 423 281 389 281 29
434 276 403 276 421 281 387 281 27
442 310 399 309 423 321 376 320 41
431 72 422 73 427 67 418 67 330
429 79 420 79 425 73 416 73 121
433 77 424 77 429 71 421 71 169
431 116 422 116 427 111 418 111 173
433 112 424 112 429 107 420 107 190
429 128 420 128 425 123 416 123 162
431 137 422 137 427 131 418 129 84
429 141 420 141 425 137 416 137 142
430 173 421 173 425 169 417 169 63
435 186 415 185 427 183 409 183 214
437 207 418 207 429 205 409 205 140
435 213 417 213 427 211 407 211 112
435 242 414 242 425 243 402 243 95
435 251 414 250 427 251 403 251 76
440 280 408 279 427 285 392 285 26
444 300 406 300 427 309 385 309 62
432 23 426 27 431 21 423 19 19
435 40 429 41 431 35 429 36 81
437 62 432 62 435 57 430 57 260
437 68 432 69 435 63 429 63 258
435 64 430 64 433 59 428 59 181
438 90 430 90 435 85 427 85 146
436 95 429 96 435 91 426 91 182
439 110 430 110 435 105 427 105 130
436 115 428 116 433 111 424 111 298
438 121 430 121 435 117 427 117 161
434 120 426 119 431 115 422 115 198
438 155 430 155 435 151 426 151 229
434 153 425 153 431 149 422 149 108
434 158 425 158 431 155 422 155 115
438 166 430 167 435 163 426 163 167
441 203 422 203 433 201 413 201 139
439 201 420 201 431 199 411 199 260
441 217 421 216 433 215 413 215 195
443 257 418 257 433 259 405 259 49
448 290 412 289 433 297 394 297 58
452 304 411 304 435 315 390 314 51
449 308 407 308 431 319 385 319 36
453 314 410 313 435 327 394 325 50
443 36 438 36 441 31 436 31 50
441 54 433 56 439 49 434 49 111
443 58 439 57 441 53 437 52 191
440 76 432 76 437 71 429 71 288
440 84 432 84 437 79 429 79 266
442 94 434 94 439 89 431 89 147
445 116 437 116 441 111 433 111 157
440 151 432 151 437 147 429 147 260
442 147 434 146 439 143 431 142 197
440 153 432 153 437 149 429 149 122
442 159 434 159 439 155 431 155 185
440 172 431 173 437 169 429 169 151
444 185 436 184 441 181 432 179 205
445 201 426 201 437 199 417 199 272
447 206 427 207 439 205 419 205 234
444 236 424 236 437 235 417 235 126
449 245 428 245 441 245 419 245 84
452 264 425 264 441 267 411 267 28
451 260 425 260 441 263 413 263 20
454 293 417 292 439 301 399 301 82
454 300 415 300 439 309 396 309 70
454 307 413 306 437 319 391 318 38
445 38 440 38 443 33 438 33 36
449 36 443 36 447 31 442 31 52
449 70 444 70 447 65 442 65 143
446 82 438 82 443 77 435 77 231
450 84 442 84 447 79 439 79 291
445 119 437 119 443 115 435 115 262
447 117 440 117 445 113 437 113 217
450 123 442 123 447 119 439 119 127
450 130 442 130 447 125 439 125 116
446 131 438 131 443 127 435 127 88
450 135 442 135 447 131 439 131 142
446 141 438 141 443 135 435 134 223
448 137 440 137 445 133 437 133 86
450 155 442 155 447 151 439 150 462
448 167 440 167 445 163 437 163 243
446 171 438 171 443 167 435 167 122
448 179 440 179 445 175 437 175 141
453 209 437 209 447 207 430 207 319
450 211 431 211 443 209 423 209 257
453 223 436 222 447 221 428 221 127
450 232 432 232 443 231 425 231 160
451 243 430 243 443 243 422 243 77
455 262 429 262 445 265 417 265 19
461 293 424 292 447 301 406 301 69
462 296 423 296 447 305 404 305 71
458 304 418 304 443 315 397 314 56
461 309 419 310 445 321 398 321 48
451 58 445 58 449 53 445 54 118
454 82 446 82 451 77 444 77 222
454 90 446 90 451 85 444 85 358
456 100 448 100 453 95 446 95 119
456 108 448 108 453 103 443 102 167
453 113 445 113 451 109 443 109 174
452 121 444 121 449 117 441 117 148
452 139 444 139 449 135 441 135 202
454 157 446 157 451 153 443 153 103
456 155 448 155 453 151 445 151 214
453 168 446 169 451 165 443 165 200
453 178 446 179 451 175 443 175 111
453 190 445 190 451 187 443 187 287
452 194 442 194 449 191 439 191 496
457 196 447 196 453 193 443 193 285
453 200 443 200 449 197 439 197 373
456 201 445 201 453 199 443 199 319
457 213 440 213 451 211 434 211 178
457 215 439 215 451 213 433 213 287
459 226 443 226 453 225 436 225 144
463 259 437 259 453 261 426 261 25
460 255 437 253 451 257 432 259 53
460 261 435 261 451 263 423 263 25
462 269 432 270 451 273 418 275 30
464 275 434 276 453 281 419 281 26
462 291 427 291 449 299 409 299 47
466 299 427 299 451 309 408 309 66
461 52 455 52 459 47 454 47 120
459 58 453 57 457 53 452 53 145
457 86 450 86 455 81 448 80 322
461 90 454 90 459 85 452 85 277
461 100 454 100 459 95 452 95 135
462 110 453 110 459 105 451 105 182
461 116 453 115 459 111 451 111 188
461 121 454 121 459 117 452 117 100
461 127 454 127 459 123 452 124 270
460 145 452 143 457 139 450 140 70
457 161 450 161 455 157 448 157 110
461 169 454 169 459 165 452 165 101
461 172 454 172 459 169 452 169 223
461 183 454 182 459 179 452 179 153
457 185 450 186 455 183 447 182 268
464 215 448 215 459 213 442 213 170
462 219 446 219 457 217 440 217 82
460 223 445 222 455 221 439 221 185
463 228 447 228 457 227 441 227 186
463 236 446 235 457 235 440 234 131
467 246 445 246 459 247 435 245 34
465 250 442 250 457 251 432 251 28
466 272 436 272 455 277 423 276 24
473 301 433 301 459 311 415 311 81
469 308 426 307 457 319 407 319 56
463 49 458 49 463 45 457 44 76
463 54 458 54 461 49 456 49 175
466 78 458 78 463 73 455 73 218
463 82 456 81 461 77 454 76 373
468 110 459 110 465 105 457 106 117
466 114 457 114 463 109 455 109 157
463 123 456 123 461 119 454 119 222
465 157 458 157 463 153 456 153 200
463 155 456 155 461 151 454 151 124
463 160 456 161 461 157 454 157 143
463 174 456 174 461 171 454 171 206
465 170 458 170 463 167 456 167 188
467 172 460 172 465 169 458 169 209
463 178 456 178 461 175 454 175 184
467 194 457 194 465 191 455 191 322
467 210 451 210 461 207 445 207 169
468 217 453 216 463 215 447 215 86
466 223 451 222 461 221 445 221 139
465 237 446 237 461 235 445 234 193
471 250 447 251 463 251 440 249 25
473 259 448 259 465 261 437 261 21
475 289 439 289 463 297 423 296 44
477 294 439 294 463 303 422 303 61
476 298 437 298 463 307 419 307 56
478 314 434 313 463 327 414 327 55
480 317 435 317 465 331 415 330 52
469 52 464 52 467 47 462 47 100
472 67 468 68 471 63 466 63 116
471 125 464 125 469 121 462 121 238
469 155 463 155 467 151 461 151 125
469 161 462 161 467 157 460 157 150
474 196 463 196 471 193 460 193 192
473 226 456 226 467 225 450 225 108
474 224 458 224 469 223 453 223 139
474 228 458 228 469 227 452 227 92
474 234 457 234 469 233 451 233 58
476 265 447 265 467 269 436 268 26
481 283 447 283 469 289 433 289 59
483 290 446 291 471 299 431 299 71
474 62 470 62 473 57 469 57 88
478 116 469 115 475 111 466 111 98
479 159 471 159 477 155 469 154 236
480 163 472 165 477 159 469 158 329
475 179 468 178 473 175 466 173 301
479 188 470 188 477 185 467 185 223
478 223 462 223 473 221 457 221 78
482 230 465 230 477 229 459 229 80
481 241 460 242 475 241 453 242 46
479 59 474 59 479 55 473 54 137
480 68 476 68 479 63 475 63 157
483 86 475 87 481 81 472 81 117
485 89 476 89 483 83 474 83 87
485 94 476 94 483 89 474 89 84
483 104 475 104 481 99 472 99 70
486 110 477 110 483 105 474 105 93
483 148 475 149 481 143 473 144 446
481 174 473 174 479 171 471 171 237
481 177 473 177 479 173 471 173 253
485 180 477 180 483 177 474 177 216
481 193 473 192 481 189 470 189 236
484 208 473 208 481 205 471 205 136
487 221 472 221 483 219 468 218 60
483 219 468 219 479 217 464 217 60
492 309 450 309 479 321 432 321 46
497 317 450 316 483 331 432 331 69
497 321 450 321 483 337 430 337 65
486 66 481 66 485 61 480 61 83
490 64 486 64 489 59 484 59 92
488 98 479 99 485 93 476 93 88
489 139 480 140 487 135 478 136 213
491 141 483 141 489 137 480 137 238
487 177 479 175 485 173 477 171 366
489 179 482 178 487 175 480 173 296
494 226 477 227 489 225 473 225 148
490 236 472 235 485 235 465 235 71
493 236 475 235 489 235 469 235 84
493 243 472 242 487 243 464 243 41
497 273 467 272 489 277 455 277 93
494 278 462 278 485 283 450 283 93
498 281 464 281 489 287 452 287 138
496 291 459 291 485 299 444 298 83
499 306 458 305 487 317 440 317 68
496 72 492 71 495 67 491 67 114
497 99 488 99 495 93 486 93 125
495 97 486 97 493 91 484 91 118
495 104 486 104 493 99 485 99 132
493 100 484 100 491 95 482 95 73
495 133 487 133 493 129 485 128 236
495 149 485 150 493 145 483 146 371
497 153 488 153 495 149 486 149 297
495 155 487 154 493 151 485 150 303
497 186 487 186 495 183 485 183 269
495 192 486 192 493 189 483 189 376
494 201 483 202 491 199 481 198 203
499 254 473 255 491 257 465 255 38
500 279 466 279 491 285 455 285 117
502 298 463 297 491 307 448 307 139
507 311 464 311 495 323 447 323 69
498 76 494 75 497 71 493 71 128
501 100 492 100 499 95 490 94 84
499 114 490 114 497 109 488 109 67
503 155 496 154 501 151 495 152 364
502 174 496 174 501 171 495 170 340
501 184 491 184 499 181 489 181 260
499 188 489 188 497 185 487 185 271
499 198 490 198 497 195 487 195 222
501 200 491 199 499 197 489 197 328
500 217 487 217 497 215 481 215 65
503 228 486 228 499 227 481 227 114
506 244 482 244 499 245 476 245 27
506 266 478 265 499 269 468 269 63
505 269 474 269 497 273 465 273 109
510 291 473 291 501 299 461 298 139
511 318 465 318 499 333 447 333 78
506 77 502 77 505 73 501 73 137
503 75 499 75 503 71 499 71 159
508 84 504 84 507 79 504 79 148
509 102 500 102 507 97 498 97 71
507 124 498 124 505 119 496 119 111
509 145 499 145 507 141 496 140 437
504 167 498 167 503 161 496 162 285
504 195 494 195 503 193 492 192 217
509 204 499 204 507 201 497 201 158
509 232 491 232 507 231 488 231 76
511 237 491 237 505 237 485 237 86
507 234 491 233 503 233 483 233 62
507 240 487 239 503 239 481 239 64
510 244 488 244 505 245 494 243 73
514 269 483 269 507 273 474 273 87
514 271 483 271 507 275 474 275 86
512 283 477 283 503 289 465 289 140
516 309 472 309 505 321 457 321 66
509 79 506 79 509 75 505 75 161
515 110 506 110 513 105 504 105 74
513 106 504 106 511 101 502 101 46
511 120 502 119 509 115 500 115 51
513 118 504 118 511 113 502 113 47
512 124 505 123 511 119 502 119 70
512 132 504 132 511 127 502 127 76
513 141 502 141 511 137 498 135 436
513 143 509 145 511 139 509 141 511
514 153 508 153 513 149 507 149 249
511 162 503 163 509 159 502 159 314
512 172 507 172 511 169 505 167 306
511 184 501 184 509 181 500 181 185
511 192 501 192 509 189 499 189 210
512 215 498 215 509 213 495 213 85
514 219 500 219 511 217 497 217 48
515 221 500 221 511 219 496 219 53
515 238 497 238 511 237 490 237 51
515 253 490 253 509 255 482 254 26
518 267 489 267 511 271 480 270 75
518 281 483 281 511 287 472 287 129
519 286 484 285 511 293 472 292 162
522 295 482 296 509 305 469 306 212
518 95 510 95 517 89 508 89 140
519 118 510 118 517 113 508 113 48
517 168 511 168 517 165 510 164 318
519 169 513 169 519 167 514 167 248
517 176 512 176 517 173 512 173 441
517 188 507 188 515 185 505 185 223
519 192 509 192 517 189 507 189 186
517 200 508 200 515 197 506 197 294
518 206 508 206 517 203 507 203 126
521 213 509 213 519 211 506 211 93
522 219 507 219 519 217 504 217 54
523 232 504 232 519 231 500 231 56
526 272 494 272 519 277 485 276 119
526 278 493 278 519 283 484 283 149
530 302 489 302 515 313 469 313 126
534 306 492 305 519 317 474 317 94
531 306 492 305 515 317 476 317 129
526 98 518 98 525 93 516 93 77
525 110 516 110 523 105 514 105 72
525 106 516 106 523 101 514 101 61
523 108 514 108 521 103 512 103 77
524 145 518 145 523 141 516 141 139
522 143 515 143 521 139 514 139 229
522 153 516 153 521 149 515 150 352
524 183 516 184 523 181 514 181 171
523 196 513 196 521 193 512 193 167
524 200 515 200 523 197 514 197 202
523 208 513 208 521 205 511 205 112
525 217 512 217 523 215 509 215 60
529 241 508 240 525 241 502 241 55
526 253 501 253 521 255 495 255 61
530 249 505 250 525 251 500 250 79
528 262 500 262 523 265 493 265 101
530 286 494 286 523 293 483 293 159
540 298 500 298 523 311 477 311 138
530 309 490 309 521 321 477 321 100
528 91 520 90 527 85 518 85 63
530 89 522 88 529 83 520 83 68
532 100 524 100 531 95 522 95 80
530 114 522 114 529 109 520 109 81
531 124 522 123 529 119 520 119 104
528 130 520 130 527 125 519 125 79
528 135 521 135 527 131 520 131 132
527 169 523 169 527 167 523 166 302
532 175 528 175 531 171 527 171 237
532 186 524 186 531 183 524 183 106
528 186 520 186 527 183 518 183 118
532 194 524 194 531 191 522 191 117
529 204 519 204 527 201 517 201 98
533 217 520 217 531 215 517 215 43
532 226 515 226 529 225 511 225 75
534 223 518 223 531 221 515 221 42
531 248 508 247 527 249 502 248 91
534 253 509 253 529 255 503 255 59
536 264 507 264 531 267 500 267 127
532 266 503 266 527 269 496 269 138
534 272 501 272 527 277 492 277 142
537 309 493 309 529 321 480 321 88
534 116 526 116 533 111 524 111 97
538 122 530 121 537 117 529 117 197
536 159 531 158 535 155 530 155 324
537 180 531 180 537 177 531 177 261
535 198 527 198 535 195 523 195 133
539 215 526 215 537 213 524 213 48
540 230 521 230 537 229 519 228 88
538 236 519 236 535 235 514 235 50
538 257 512 257 533 259 505 259 91
540 260 511 261 535 263 505 263 83
542 260 514 260 537 263 507 263 204
543 286 507 285 537 293 497 293 112
541 312 497 312 533 325 483 325 66
540 90 532 90 539 85 530 85 79
544 104 536 104 543 99 534 99 109
539 109 527 111 539 105 525 106 226
542 139 537 139 541 135 537 135 177
539 162 535 163 539 159 535 159 147
543 178 538 179 543 175 538 175 188
542 198 533 198 541 195 533 195 109
544 200 536 200 543 197 535 197 151
546 241 524 240 543 241 519 241 72
544 246 521 246 541 247 515 247 148
545 251 520 251 541 253 515 253 94
548 260 520 260 541 263 515 263 138
543 264 515 264 539 267 508 267 133
547 260 519 260 543 263 513 263 174
549 294 510 294 543 303 499 303 162
546 93 538 92 545 87 536 88 79
548 90 540 90 547 85 539 85 110
548 96 540 96 547 91 539 90 88
547 144 543 145 547 141 542 140 60
549 140 545 141 549 137 545 137 118
549 155 545 155 549 151 545 151 183
547 160 543 160 547 157 543 157 195
546 183 540 183 545 179 538 179 314
551 211 538 211 549 209 536 209 76
551 221 535 221 549 219 533 219 58
549 217 536 217 547 215 533 215 53
547 223 530 222 545 221 528 221 53
548 231 529 231 545 231 525 231 161
551 236 532 236 549 235 529 235 82
552 246 529 247 549 247 525 247 150
548 257 525 257 549 259 520 259 122
553 272 521 272 549 277 514 277 190
552 279 517 279 547 285 509 285 154
557 292 519 292 549 301 506 301 182
551 305 507 305 545 317 496 317 91
553 309 509 309 547 321 498 321 60
552 98 544 98 551 93 543 92 77
555 141 551 141 555 137 551 137 30
551 151 547 151 551 147 547 147 304
555 153 551 153 555 149 551 149 103
551 157 548 155 551 153 547 153 182
551 163 547 162 551 159 547 158 606
555 173 551 172 555 169 551 169 212
553 182 548 183 553 179 547 179 283
552 196 543 196 551 193 541 193 245
555 202 546 202 555 199 544 199 108
554 209 542 209 553 207 540 207 59
553 215 540 215 551 213 538 213 46
556 219 541 218 555 217 539 217 47
555 231 536 231 553 231 533 231 75
558 243 535 243 555 243 532 243 162
561 123 557 123 561 119 557 119 42
561 129 557 129 561 125 557 125 33
561 137 557 136 561 133 556 133 25
557 137 553 137 557 133 553 133 30
561 145 557 145 561 141 557 141 52
559 153 555 153 559 149 555 149 124
557 157 553 157 557 153 553 153 477
559 167 556 166 559 163 556 162 446
557 171 553 171 557 167 554 166 236
557 180 552 180 557 177 552 177 554
561 184 556 184 561 181 556 181 215
557 189 551 188 557 185 550 185 128
561 194 555 194 561 191 555 191 171
559 200 551 200 559 197 550 197 101
563 230 545 229 561 229 541 229 72
559 236 539 236 557 235 536 235 78
562 234 541 234 561 233 540 233 158
561 239 540 239 559 239 537 239 123
561 245 539 244 559 245 535 245 88
563 251 538 251 561 253 535 253 67
563 340 509 339 557 363 494 363 151
567 119 563 119 567 115 563 115 60
567 125 563 125 567 121 563 121 111
563 133 559 133 563 129 559 129 73
565 135 561 135 565 131 561 131 76
563 143 559 143 563 139 559 139 50
567 143 563 143 567 139 563 139 94
563 163 560 162 563 159 560 158 189
563 178 558 178 563 175 558 174 373
565 216 553 215 565 213 550 213 40
565 237 544 237 563 237 541 237 77
569 241 545 241 567 241 544 241 198
563 255 539 255 563 257 535 257 94
569 337 515 338 563 359 501 359 328
568 110 567 109 571 107 568 107 50
571 121 567 121 571 117 567 117 20
573 127 569 127 573 123 569 123 24
569 133 565 133 569 129 565 129 23
571 178 567 178 571 175 567 175 132
569 176 565 177 569 173 565 173 141
568 184 564 184 569 181 564 181 315
571 189 567 188 571 185 566 185 204
569 209 557 208 569 207 557 207 36
574 222 562 223 573 221 561 221 94
575 228 556 228 573 227 555 227 95
571 239 549 239 569 239 546 239 147
571 246 547 246 569 247 544 247 100
577 123 573 123 577 119 573 119 19
579 131 575 131 579 127 575 127 114
575 143 571 143 575 139 571 139 28
579 141 575 141 579 137 575 137 50
579 149 575 148 579 145 576 145 58
575 153 572 152 575 149 572 149 76
579 157 575 157 579 153 576 153 432
579 161 576 160 579 157 576 157 210
575 175 572 174 575 171 572 171 185
575 170 573 170 575 167 573 167 181
575 192 569 192 575 189 569 189 97
579 213 565 213 579 211 565 211 107
575 232 551 232 575 231 555 231 119
578 243 557 242 577 243 555 242 91
581 265 551 265 579 269 546 269 112
581 127 577 127 581 123 575 121 31
585 135 581 135 585 131 582 131 88
583 144 579 144 583 141 579 141 74
581 165 579 164 581 161 579 161 144
581 170 579 170 581 167 579 167 158
583 173 581 173 583 169 581 169 155
585 181 582 181 585 177 582 177 183
585 192 580 192 585 189 579 189 78
583 209 571 209 583 207 570 207 44
585 211 573 211 585 209 572 209 136
582 221 565 221 581 219 564 219 45
584 228 566 228 583 227 563 226 105
586 255 558 255 585 257 555 257 136
586 260 557 259 585 263 555 261 157
587 131 584 131 587 127 584 127 112
589 139 586 138 589 135 586 135 114
589 147 587 146 589 143 588 143 94
589 153 587 153 589 149 588 149 94
589 175 586 174 589 171 587 171 279
587 177 584 176 587 173 584 172 152
587 187 586 186 591 183 586 183 121
588 191 582 191 589 187 583 187 88
591 213 578 213 591 211 577 211 67
588 230 569 230 587 229 567 229 77
588 238 566 239 587 239 564 239 82
592 249 566 250 591 251 564 251 117
588 278 562 275 587 283 558 281 316
589 309 555 309 587 321 549 321 200
590 339 537 337 587 361 524 362 108
593 147 593 148 593 143 591 142 93
595 153 593 152 595 149 593 148 158
597 161 595 160 597 157 596 156 156
595 169 593 168 595 165 593 164 202
595 202 585 202 595 199 585 199 65
593 209 580 209 593 207 581 207 54
596 228 577 228 595 227 576 227 100
598 230 578 230 597 229 577 229 135
593 234 573 234 593 233 572 233 82
593 249 569 248 593 249 567 249 140
597 252 572 251 597 253 570 253 122
596 253 570 253 595 255 567 255 164
595 257 568 257 595 259 565 259 133
594 262 564 262 593 265 561 266 157
596 265 566 265 595 269 563 268 123
603 166 594 166 603 163 602 163 311
602 181 596 182 603 177 597 179 172
600 183 594 183 601 179 595 180 292
601 209 589 209 601 207 588 207 64
599 206 587 206 599 203 590 202 67
603 219 588 219 603 217 587 217 72
602 222 586 222 603 221 585 220 64
599 255 572 255 599 257 570 257 128
603 336 549 336 603 357 541 356 25
605 163 604 162 605 159 605 159 153
609 173 601 175 609 171 602 172 244
606 183 600 183 607 179 601 179 233
604 190 595 190 605 187 599 187 160
607 194 599 194 607 191 600 191 98
604 217 589 217 605 215 589 215 63
612 228 590 228 609 227 590 227 155
608 234 589 233 609 233 588 233 95
615 113 609 113 615 109 610 108 47
613 118 607 116 613 113 607 111 105
612 135 606 135 613 131 607 131 178
615 140 612 140 615 137 612 137 144
615 149 612 149 615 145 612 144 79
615 154 614 154 615 151 614 151 71
612 188 606 188 613 183 607 183 183
613 190 607 190 613 187 607 187 145
614 218 599 218 615 217 599 217 96
612 239 590 239 613 239 591 238 66
610 333 558 333 611 353 551 353 30
612 338 558 338 613 359 549 360 26
618 111 613 111 619 107 613 107 43
621 114 615 113 621 109 616 109 108
616 130 611 131 617 127 612 127 131
618 139 615 139 619 135 615 135 146
621 149 618 149 621 145 618 145 119
615 184 609 183 619 181 613 180 339
617 188 611 188 617 185 613 185 270
619 207 606 207 619 205 606 205 92
618 215 604 215 619 213 604 213 77
620 232 600 232 621 231 600 231 74
620 241 598 241 621 241 598 241 50
616 250 591 249 617 251 590 251 62
620 257 592 257 621 259 591 259 33
616 260 588 260 617 263 587 263 60
617 286 581 286 619 293 578 293 44
624 108 618 108 625 103 619 103 29
624 116 619 115 625 111 619 111 108
622 132 617 131 623 127 618 127 125
624 135 620 135 625 131 620 131 83
623 143 619 143 623 139 620 139 141
625 162 623 162 625 159 623 159 129
626 190 620 190 627 187 621 187 98
624 196 616 196 625 193 617 193 135
626 196 618 196 627 193 619 193 126
622 206 611 206 623 203 611 203 126
622 212 609 212 623 209 610 209 114
626 219 610 219 627 217 611 217 71
625 224 612 225 625 223 607 223 98
624 237 603 235 625 237 603 236 67
622 253 595 253 623 255 595 255 55
622 259 594 259 623 261 594 261 41
619 262 591 262 623 265 593 265 57
626 272 593 272 627 277 591 277 39
623 276 589 276 625 281 588 281 21
622 292 583 292 623 301 578 301 37
622 341 567 341 625 363 562 362 46
632 106 627 105 633 101 627 101 37
630 139 626 140 631 135 627 136 125
632 143 628 143 633 139 629 139 86
630 165 628 165 631 161 629 161 141
629 169 627 169 629 165 627 165 112
628 192 622 193 629 189 622 189 81
632 219 616 219 633 217 617 217 102
627 250 602 250 629 251 602 251 53
636 110 631 110 637 105 632 105 97
635 117 629 117 635 113 630 112 47
638 127 631 127 639 123 632 122 111
634 141 630 142 635 137 630 137 75
636 159 635 161 637 155 635 155 161
638 182 633 182 639 179 633 178 72
635 204 625 204 637 201 625 201 160
635 215 620 215 637 213 622 213 70
634 219 618 219 635 217 619 217 69
637 243 613 243 637 243 615 243 31
635 257 607 256 637 259 609 259 40
633 276 599 276 635 281 599 281 27
634 277 600 277 637 283 600 283 25
633 336 579 336 637 357 575 357 52
642 47 620 47 645 35 622 34 93
642 100 637 100 643 95 637 95 44
640 102 634 101 641 97 635 96 103
644 125 637 125 645 121 638 121 72
644 128 637 128 645 123 638 123 44
642 131 635 131 643 127 636 127 40
643 139 636 139 645 135 639 135 59
644 149 639 147 645 145 639 143 69
640 166 636 167 641 163 637 165 238
640 173 636 172 641 169 637 168 125
642 179 637 178 643 175 638 174 87
641 191 635 190 643 187 636 187 165
642 208 629 208 643 205 631 205 101
639 225 622 225 641 223 623 223 51
639 228 619 227 641 227 622 227 97
642 239 619 239 643 239 619 239 35
642 258 614 258 645 261 616 261 31
639 332 586 332 643 351 583 350 50
646 48 625 47 649 37 626 37 118
644 51 623 51 647 41 624 41 128
651 95 644 96 651 93 643 91 105
650 110 645 109 651 105 645 105 95
646 114 640 113 647 109 642 109 62
648 126 641 125 649 121 642 121 56
650 127 643 127 651 123 645 123 63
647 194 640 194 649 191 641 191 117
646 200 637 200 647 197 638 197 161
645 217 630 217 647 215 631 215 78
645 223 628 222 647 221 629 220 49
644 278 609 277 647 283 609 283 21
651 54 629 54 653 43 630 43 139
654 112 648 111 655 107 650 106 80
656 138 649 137 657 133 650 133 56
654 151 646 153 655 147 647 149 62
656 176 649 175 657 173 650 172 160
652 180 645 180 653 177 646 176 73
656 184 648 184 657 181 649 181 72
654 191 645 190 655 187 646 186 95
656 192 647 192 657 189 648 189 130
653 202 643 202 655 199 645 199 171
649 208 637 208 653 205 639 205 95
654 245 629 244 657 245 632 245 74
650 255 625 254 653 257 625 257 37
649 267 614 265 653 271 619 271 30
652 279 617 279 657 285 619 285 22
658 31 634 32 661 19 636 19 176
658 116 651 115 659 111 652 111 144
658 124 651 123 659 119 652 119 86
660 134 653 133 661 129 654 129 44
660 153 655 151 661 149 655 148 85
660 167 653 166 661 163 654 162 70
659 190 650 191 661 187 652 187 154
660 196 651 196 661 193 652 193 148
659 221 637 221 661 219 644 218 60
660 232 641 233 663 231 642 231 34
656 259 628 258 661 261 631 261 72
656 275 622 275 661 281 624 281 59
658 288 619 287 663 295 621 295 28
665 45 643 44 669 33 646 33 166
662 40 640 40 665 29 639 31 130
666 50 643 50 669 39 645 39 111
662 46 640 46 665 35 641 35 167
663 125 657 124 665 119 657 121 58
665 179 656 178 667 175 658 174 69
667 177 658 176 669 173 660 173 102
665 196 656 196 667 193 657 193 176
665 239 643 239 669 239 645 238 48
664 250 640 253 669 253 642 254 82
660 255 634 255 665 257 636 256 80
663 269 631 269 667 273 633 273 71
662 274 625 273 665 279 628 279 59
663 279 628 279 669 285 631 285 35
660 279 625 280 665 285 628 285 22
661 286 624 285 667 293 626 293 40
671 35 647 35 675 23 650 23 192
667 39 643 39 671 27 647 27 316
671 43 649 42 675 31 652 30 207
666 49 645 48 671 37 647 37 140
673 75 667 76 675 69 668 70 106
673 139 668 139 675 135 669 135 310
674 147 668 148 675 143 669 141 89
669 181 660 180 671 177 661 177 70
669 183 660 182 671 179 661 179 55
671 229 651 230 675 229 655 228 12
667 241 644 240 671 241 647 240 36
665 276 631 276 671 281 635 281 50
669 279 634 279 675 285 636 285 65
676 47 653 47 681 35 657 35 188
677 77 671 77 679 71 673 71 146
676 80 670 80 677 75 672 74 110
680 85 674 85 681 81 675 81 113
678 117 672 117 679 113 674 112 292
676 153 670 153 677 149 671 149 125
675 165 671 167 677 163 672 161 117
680 169 675 168 681 165 676 165 109
676 181 667 181 679 177 669 177 199
679 184 669 184 681 181 671 181 167
677 187 667 186 679 183 669 183 146
678 200 667 200 679 197 668 197 191
676 206 665 206 679 203 667 203 170
677 226 655 225 679 225 661 225 11
675 267 645 269 681 271 648 272 94
673 273 640 272 679 277 643 275 105
678 39 655 39 683 27 659 27 212
683 57 660 57 687 45 663 45 281
686 97 680 96 687 93 681 92 340
685 105 679 105 687 101 681 101 218
681 120 676 119 683 115 677 115 128
681 139 676 139 683 135 677 135 419
685 145 679 145 687 143 681 143 142
683 155 677 155 685 151 679 151 92
686 153 680 153 687 149 681 149 112
685 168 679 167 687 165 681 165 163
683 177 673 176 685 173 676 173 180
684 181 674 181 687 177 676 177 118
685 186 675 186 687 183 677 183 110
679 189 672 188 683 185 672 185 133
683 217 668 217 687 215 671 215 28
681 264 652 264 687 267 656 267 55
679 271 646 270 685 275 651 277 94
676 280 641 279 683 285 644 283 82
688 31 665 31 693 19 668 20 172
689 104 683 104 691 99 684 99 301
687 157 681 159 689 155 683 156 157
690 194 674 195 693 191 676 192 264
687 215 672 215 691 213 676 213 52
687 219 672 219 691 217 675 217 15
685 226 668 227 689 225 671 225 18
681 284 644 284 689 291 649 291 58
681 289 643 289 689 297 647 296 54
694 41 673 40 699 29 677 28 187
693 50 670 50 699 39 673 38 284
696 128 687 129 699 123 689 125 340
697 149 687 149 699 145 689 145 429
693 198 676 199 697 195 680 195 234
695 204 679 204 699 201 682 201 173
691 200 674 201 695 197 678 198 151
695 221 681 223 699 219 683 220 25
688 242 665 242 695 243 669 243 9
699 46 678 46 705 35 682 34 235
701 69 697 69 705 63 697 62 331
699 79 692 78 701 73 694 73 272
698 115 688 115 701 113 691 115 300
698 133 688 133 701 129 691 127 388
702 149 692 149 705 145 695 145 254
697 214 680 212 701 211 684 211 62
699 217 682 218 703 215 686 215 30
700 230 680 231 705 229 686 231 17
695 251 670 251 701 253 674 252 10
694 288 656 288 703 295 662 295 113
695 289 657 289 705 297 663 296 123
707 122 699 122 709 117 701 117 81
704 139 694 139 707 135 697 134 321
704 146 694 145 707 141 697 141 132
704 149 694 149 707 145 697 145 164
704 202 686 202 709 199 690 199 176
706 207 688 208 711 205 692 205 74
702 213 684 212 707 211 689 211 39
702 221 684 221 707 219 688 219 21
704 226 684 225 709 225 687 223 21
704 249 679 248 711 251 684 249 9
699 255 672 255 707 257 681 257 9
694 334 642 334 707 353 647 353 57
697 336 644 335 711 355 650 355 54
711 92 703 92 713 87 705 86 136
712 91 704 90 715 85 706 85 151
711 104 702 104 713 99 705 98 75
712 100 704 100 715 95 707 95 89
712 101 704 102 715 97 707 97 73
711 126 703 125 713 121 705 120 39
712 124 704 124 715 119 706 119 51
711 135 703 135 713 131 705 131 78
714 143 706 143 717 139 709 139 123
714 151 706 151 717 147 709 147 105
714 161 706 161 717 157 709 157 75
713 160 705 160 715 157 707 157 62
711 196 693 196 717 193 697 193 44
711 231 687 233 715 233 693 233 19
709 237 687 237 715 237 692 237 17
703 284 665 284 713 291 672 291 101
708 288 670 288 717 295 676 295 61
703 291 664 290 713 299 670 298 91
716 95 707 94 719 89 710 88 132
718 141 709 141 721 137 712 136 157
718 153 709 153 721 149 712 149 162
720 161 711 160 723 157 714 156 129
720 173 701 172 723 169 703 168 155
715 198 696 200 721 197 701 197 44
709 281 675 282 721 289 681 289 80
709 299 668 299 721 309 675 309 86
705 305 662 306 719 319 669 317 88
703 333 650 333 719 353 659 353 54
720 31 702 31 727 17 699 15 500
722 114 713 114 725 109 716 109 127
724 118 714 118 727 113 717 113 99
722 144 713 143 725 139 716 139 223
722 151 713 151 725 147 716 147 208
723 192 703 192 729 189 708 189 49
719 196 701 196 725 193 705 193 47
719 201 700 201 725 199 705 199 43
722 220 701 220 729 219 707 219 10
721 222 697 223 727 221 702 222 14
720 234 699 233 727 233 705 231 14
713 286 677 286 725 293 685 293 80
715 297 674 297 727 307 681 307 77
712 302 670 302 725 313 678 313 96
715 313 669 314 729 327 677 327 118
727 136 718 136 731 131 721 131 281
727 155 718 159 731 153 721 151 298
732 165 722 164 735 161 725 161 297
726 196 702 197 733 193 713 193 85
728 194 709 194 735 191 715 191 66
729 200 709 199 735 197 715 197 60
725 234 701 235 731 235 708 235 15
727 236 704 236 735 237 711 236 13
727 243 703 243 735 243 710 243 13
722 244 698 244 731 245 706 245 13
721 310 676 310 735 323 685 324 100
734 160 724 160 737 157 727 157 519
732 185 710 187 739 183 717 184 70
732 211 708 211 741 209 715 209 24
728 266 691 269 741 271 704 269 16
725 288 686 288 737 295 695 295 107
725 292 683 292 737 301 693 301 60
741 149 731 148 745 145 735 144 646
740 179 717 178 745 175 726 174 190
736 207 711 207 745 205 719 205 45
734 213 708 212 743 211 718 213 50
738 211 713 211 747 209 720 209 31
736 239 711 239 745 241 719 239 22
734 247 708 247 743 249 716 249 22
733 288 695 288 745 295 704 295 53
729 296 689 296 743 305 699 305 50
740 202 714 202 749 199 722 199 68
741 203 715 202 751 201 723 200 63
742 209 717 208 751 207 724 207 51
743 225 718 225 753 225 726 225 13
741 223 716 223 751 223 724 223 18
742 230 716 230 751 229 724 229 14
739 227 714 228 749 227 722 228 22
740 244 715 244 749 245 723 245 23
742 259 714 259 753 261 722 261 17
739 288 701 288 753 295 711 295 47
751 32 731 33 759 21 740 21 231
745 201 719 202 755 199 727 200 81
745 222 718 221 755 221 727 221 23
738 314 697 315 755 329 710 331 69
751 90 732 91 761 83 741 83 706
753 102 729 100 765 97 741 97 724
752 126 731 128 761 121 739 121 368
751 209 727 211 761 207 734 208 56
754 227 726 226 765 227 735 226 18
750 231 720 231 761 231 730 231 22
747 282 710 282 763 289 723 289 48
749 301 707 301 765 311 719 310 39
744 305 701 305 761 317 712 317 23
745 309 701 308 763 321 713 321 24
763 85 739 85 767 79 745 79 571
757 100 738 101 769 95 745 95 688
761 107 738 107 771 101 747 101 204
760 139 738 139 769 133 746 133 194
757 231 729 231 769 231 738 231 28
757 244 728 245 769 245 738 245 16
757 263 726 263 771 267 739 268 36
757 271 723 271 769 275 733 275 20
752 288 714 288 767 295 726 295 60
766 48 741 47 777 35 750 34 161
765 75 745 75 775 69 754 69 266
767 72 747 72 777 65 756 65 394
769 87 748 87 777 81 755 81 492
766 91 745 90 775 83 754 84 246
768 100 748 100 777 93 756 92 198
763 105 741 105 773 99 754 99 372
763 109 741 109 773 103 749 103 255
765 118 743 118 775 111 752 111 160
767 114 745 114 777 107 755 107 399
764 238 734 237 777 239 745 239 29
764 244 735 243 777 245 745 245 22
762 249 733 249 775 251 743 251 26
765 258 735 258 777 261 746 261 18
763 271 731 271 777 275 743 276 22
759 288 722 288 775 295 739 296 107
768 45 747 44 779 33 755 33 218
772 62 752 62 781 55 760 55 165
771 77 751 77 781 71 760 72 526
773 95 752 95 783 91 761 89 300
770 101 750 101 779 95 758 95 244
774 115 753 113 783 107 761 107 177
766 177 736 179 779 173 747 175 139
766 213 736 215 779 211 747 212 64
769 239 739 240 783 241 750 241 22
767 269 734 269 781 273 745 273 23
761 283 729 284 781 291 741 291 36
762 302 720 302 781 313 734 313 34
763 310 718 311 783 323 733 323 46
774 53 750 52 785 41 759 40 200
779 76 757 75 787 69 766 69 896
775 73 754 72 785 65 764 65 311
779 99 758 99 789 93 767 92 499
775 99 754 99 785 95 763 94 602
777 109 756 109 787 103 765 103 267
779 123 757 124 789 117 767 116 365
779 125 758 124 789 119 767 118 233
776 138 754 138 785 133 763 132 357
773 206 743 206 787 205 755 205 41
773 225 742 223 787 225 754 225 13
772 229 742 230 787 231 753 231 21
774 247 744 247 787 249 754 249 11
768 280 734 280 785 287 746 286 49
769 285 733 285 789 293 748 293 39
769 297 728 297 787 307 742 307 84
769 309 725 309 789 321 739 321 44
782 59 760 59 791 55 768 53 138
785 64 764 63 795 57 772 57 170
787 75 764 75 795 69 772 69 964
783 72 762 70 793 65 770 65 331
783 81 761 81 793 73 770 72 422
781 101 760 101 791 95 769 94 591
784 126 762 126 793 121 771 121 374
781 131 760 130 791 125 769 125 432
788 130 774 130 795 125 781 125 493
788 143 774 143 795 139 781 138 320
778 192 747 191 793 191 760 190 47
777 199 746 199 791 197 757 196 37
777 216 746 216 791 215 758 216 19
778 224 748 225 793 225 760 225 10
777 228 746 228 791 229 758 229 17
778 230 748 230 793 231 760 231 11
778 232 748 232 793 233 759 233 13
777 237 746 238 793 241 759 241 10
776 245 746 245 791 247 757 247 11
780 253 749 253 793 253 761 252 16
777 285 738 283 795 293 753 293 69
774 303 731 303 793 313 746 313 56
771 305 728 305 791 317 743 317 45
787 91 766 89 797 85 774 87 455
790 101 769 101 801 95 778 95 553
789 109 768 109 799 103 777 103 169
792 122 778 121 799 117 785 116 463
787 172 757 171 801 167 769 167 302
785 175 756 175 799 171 769 173 316
785 208 754 208 799 207 766 207 17
786 215 755 215 801 215 767 215 20
784 223 753 224 799 225 766 223 14
782 233 751 234 797 235 764 233 12
780 238 751 239 797 241 763 240 17
778 306 735 306 799 317 751 317 51
793 70 771 70 803 63 780 63 542
794 74 773 74 805 67 782 66 309
799 83 781 83 807 77 787 76 591
795 87 773 88 805 81 782 81 620
792 99 771 99 803 93 780 91 486
799 103 781 103 807 97 789 97 312
796 122 783 122 803 117 789 116 263
796 126 783 126 803 121 789 120 312
796 138 783 138 803 133 789 132 404
796 146 783 145 803 141 789 141 367
799 148 787 147 807 143 795 143 234
793 202 761 202 807 201 769 203 41
788 205 757 205 803 203 769 203 30
793 224 760 225 805 225 772 225 13
789 230 757 230 805 231 771 231 14
786 289 745 288 805 297 762 297 99
786 299 745 299 807 309 761 308 130
801 61 779 61 809 53 786 53 370
802 62 786 61 811 55 794 54 347
802 80 786 80 811 73 794 73 317
800 88 785 88 811 81 793 81 470
804 128 788 128 813 123 797 123 240
803 146 788 145 809 141 797 141 442
796 183 768 185 811 179 780 180 336
794 268 762 268 813 273 776 272 14
810 68 794 65 819 63 802 62 162
806 77 790 77 815 69 798 70 188
805 101 789 102 815 95 798 95 369
803 230 772 230 819 231 786 231 27
800 236 769 236 817 237 783 236 16
812 102 796 101 821 95 804 95 139
815 114 798 114 825 107 807 107 64
816 156 798 156 825 151 807 150 90
808 212 776 212 825 211 791 211 29
804 238 773 238 821 239 787 239 26
799 292 759 292 821 301 777 301 122
819 58 802 57 829 49 811 48 30
819 150 802 150 829 145 811 143 82
813 170 788 170 829 165 799 165 157
809 204 778 205 827 203 793 203 21
811 209 779 208 829 209 795 209 39
811 226 779 225 831 227 799 225 17
811 240 779 240 827 241 793 241 25
815 252 782 253 831 257 799 256 13
809 272 773 271 827 277 791 277 16
807 289 765 288 827 297 784 297 82
807 285 770 285 829 293 787 293 84
805 294 764 294 827 303 782 303 220
827 140 810 140 837 135 819 134 41
819 197 787 197 837 195 803 195 28
815 199 783 199 833 197 799 197 26
815 210 784 210 833 209 799 209 69
828 53 809 51 839 43 820 42 64
832 59 813 59 843 49 824 48 20
828 68 810 67 839 59 820 57 26
832 100 814 99 843 93 824 92 64
830 112 812 114 841 105 822 105 72
830 137 812 137 841 133 823 133 43
832 141 814 141 843 135 824 135 39
832 148 814 147 843 143 824 142 80
822 197 791 197 841 195 807 195 40
824 203 793 203 843 201 809 201 54
822 208 791 208 841 207 807 207 73
822 218 793 217 841 217 807 217 28
823 238 796 237 841 239 805 239 26
821 282 780 281 843 289 802 289 44
819 285 781 285 841 293 801 293 60
829 185 800 185 847 181 816 182 90
828 201 796 200 847 199 813 199 65
829 202 798 202 849 201 815 201 46
828 206 796 206 847 205 813 205 63
826 210 794 210 845 209 811 209 73
830 230 799 230 849 231 816 231 25
823 300 780 300 849 311 799 309 125
819 305 775 305 845 317 796 317 137
841 135 822 135 853 129 833 131 41
833 171 803 170 851 167 819 166 122
836 205 804 203 855 201 821 201 39
836 232 805 232 855 233 822 233 20
834 251 806 251 853 253 822 254 8
845 59 825 59 857 49 837 48 11
848 148 829 149 861 143 841 143 70
855 80 834 80 867 71 846 70 11
850 97 831 96 863 89 843 88 35
843 190 812 190 863 187 830 187 65
847 195 814 195 865 193 831 193 36
843 229 811 228 863 229 829 229 12
836 293 795 293 863 303 818 303 60
835 305 792 306 863 317 814 317 138
857 37 837 36 871 25 849 25 43
858 41 838 40 873 29 850 29 32
858 60 838 59 873 51 851 49 10
857 133 838 134 871 129 850 128 37
859 153 839 152 873 147 851 147 55
843 293 801 293 869 303 824 303 48
843 299 800 299 871 309 823 309 84
844 302 801 302 873 313 824 313 94
861 65 840 64 875 55 853 53 9
859 74 837 73 875 67 853 65 30
862 92 841 92 877 83 855 82 30
862 99 842 99 877 91 855 90 39
864 145 844 144 879 139 857 139 49
864 143 844 142 879 137 857 137 43
865 162 841 160 879 157 849 158 27
861 224 831 225 877 221 849 223 36
853 222 822 222 875 223 842 222 15
854 236 824 236 875 237 842 237 9
858 238 825 241 877 241 846 239 13
847 295 805 295 875 305 828 305 40
848 299 805 299 877 309 829 309 51
865 57 845 58 881 47 858 45 9
866 94 845 97 881 85 859 87 40
868 149 847 149 883 143 861 143 25
866 149 845 149 881 143 859 143 29
868 180 846 181 883 177 861 176 19
869 218 850 219 885 217 863 217 20
860 231 828 229 881 231 848 230 11
862 244 832 243 883 245 851 244 14
861 248 831 247 881 249 848 249 11
853 295 809 295 881 305 834 305 56
877 185 855 184 891 181 869 183 15
871 215 855 216 887 213 869 213 11
863 245 834 245 887 247 855 247 7
873 315 826 316 889 331 835 331 210
880 87 857 89 897 79 873 79 51
880 164 856 163 895 159 872 157 11
881 220 863 221 897 219 875 219 9
876 227 855 228 893 227 869 227 12
867 245 841 247 893 249 863 249 14
869 297 825 297 895 307 847 307 52
868 297 825 297 893 307 845 307 61
868 305 824 305 893 313 844 313 69
882 98 859 95 899 91 875 91 26
882 111 859 108 899 101 875 100 25
883 146 861 146 901 141 878 141 28
883 200 857 199 899 197 877 197 39
881 222 858 222 901 221 877 221 10
873 242 843 242 899 245 869 245 11
887 63 864 62 905 51 877 49 10
891 139 869 139 909 133 885 133 39
890 180 868 179 907 177 883 177 11
881 248 851 249 907 251 870 250 7
872 311 825 311 907 325 869 326 131
889 86 865 85 911 75 881 76 108
895 134 873 133 913 127 889 126 85
894 149 872 148 911 143 887 142 19
897 195 875 196 915 193 889 191 18
896 202 871 201 913 199 889 199 22
901 75 874 75 919 65 895 63 25
898 83 873 83 917 73 889 73 41
900 87 874 87 921 77 892 77 52
899 197 874 196 921 195 897 193 23
894 223 873 223 917 223 891 222 10
885 303 841 304 921 315 870 315 71
905 85 880 85 925 75 899 74 42
907 141 882 141 927 135 901 134 93
884 340 828 340 927 361 863 361 23
909 145 884 145 929 139 903 139 27
909 205 884 205 929 203 904 203 16
912 221 887 221 933 221 906 219 13
897 299 852 299 933 311 883 311 61
893 305 848 305 931 317 879 317 94
917 134 891 135 939 125 911 125 62
899 313 851 313 939 327 901 329 177
892 336 838 336 937 357 874 357 18
918 103 893 99 941 91 913 89 22
921 110 895 110 943 101 916 101 33
919 126 893 126 941 119 913 118 74
903 305 856 305 941 317 889 317 114
902 316 854 316 943 331 888 331 106
928 65 901 64 951 53 923 52 73
927 235 902 235 947 235 926 237 8
907 308 860 308 947 321 894 321 160
902 333 848 333 947 357 886 357 17
930 63 904 61 953 51 925 50 65
932 94 905 94 955 85 927 83 34
930 96 903 96 953 87 925 86 39
933 124 903 124 955 117 922 117 18
931 161 904 161 955 155 926 156 16
931 164 905 165 955 161 927 161 15
931 232 906 232 953 231 925 231 6
916 302 869 302 957 315 905 315 99
936 99 907 99 961 89 930 89 47
936 158 910 158 959 153 931 151 10
937 159 911 159 961 155 933 154 9
939 64 909 64 965 51 934 51 92
944 127 912 127 969 119 940 118 16
942 235 915 235 967 235 935 235 8
947 62 919 61 973 49 943 48 74
949 91 920 89 975 81 945 79 53
945 86 917 85 971 77 941 77 51
943 103 915 103 971 93 937 93 47
946 176 920 175 971 173 943 171 15
953 55 923 54 981 41 949 40 72
953 95 923 95 979 85 949 84 74
955 236 925 236 981 237 951 237 7
959 97 929 97 987 87 955 87 33
957 99 927 99 985 89 953 88 29
960 115 930 115 987 107 952 107 23
955 118 927 117 983 109 953 108 21
958 234 929 233 987 235 955 235 22
961 105 932 104 989 95 958 94 30
962 120 932 120 991 111 959 111 28
962 133 932 135 991 125 958 125 30
966 125 937 129 995 115 963 116 17
969 242 937 242 997 243 965 243 10
972 232 941 232 1001 233 968 232 11
982 229 955 231 1015 231 982 229 6
980 238 951 238 1013 239 979 238 8
990 78 959 78 1023 65 989 64 51
1005 235 975 236 1037 235 1001 235 13
1015 238 980 239 1053 241 1018 241 10
975 305 903 305 1055 333 968 331 156
1022 249 987 249 1061 251 1024 251 29
1031 214 997 214 1071 213 1034 213 29
1029 243 995 242 1069 245 1032 244 44
1035 216 1002 216 1075 215 1038 215 19
1055 120 1018 121 1099 111 1060 110 33
1065 132 1024 133 1113 123 1069 123 25
1065 219 1029 219 1113 219 1074 219 37
1070 127 1031 126 1121 117 1073 117 32
1075 214 1039 214 1129 215 1089 215 15
1075 215 1043 213 1127 215 1088 215 14
1078 221 1041 221 1129 221 1088 221 20
1089 135 1048 136 1139 125 1098 125 13
1092 103 1053 101 1145 91 1103 90 140
1095 102 1056 101 1151 91 1106 90 135
1095 115 1054 114 1151 103 1107 102 56
1105 128 1066 127 1163 117 1118 117 23
