56 144 37 144 39 141 18 141 295
54 157 34 157 37 155 16 155 141
54 167 34 167 37 165 16 165 113
56 184 37 183 39 183 19 182 61
58 146 38 146 41 143 21 143 291
58 153 38 153 41 151 20 151 218
60 159 40 159 43 157 22 157 171
60 167 40 167 43 165 22 165 257
58 180 38 180 41 179 20 179 74
65 207 42 206 45 207 20 207 45
68 146 48 146 51 143 31 141 477
66 155 46 155 49 153 28 153 264
66 166 46 166 49 165 28 165 135
68 165 48 165 51 163 30 163 278
64 176 44 176 47 175 26 175 102
68 174 48 174 51 173 30 173 162
67 196 46 195 49 195 27 195 54
68 197 48 197 51 197 30 197 71
67 202 45 201 49 201 27 200 41
72 234 48 233 51 235 26 235 40
70 151 50 151 53 149 33 149 327
70 157 50 157 53 155 32 155 248
72 193 52 193 57 193 36 193 76
72 192 51 191 55 191 34 191 175
72 200 52 201 55 201 33 201 52
75 226 52 226 57 227 37 226 54
76 244 52 243 55 245 30 244 34
86 103 56 104 59 97 25 96 102
75 178 56 178 59 177 38 177 256
77 184 57 184 61 183 40 183 210
76 190 56 190 59 189 38 189 209
80 192 60 191 63 191 42 191 210
76 224 56 224 59 225 37 224 47
82 309 51 309 63 317 25 316 72
92 88 62 91 65 83 32 85 370
96 96 65 97 69 91 36 92 284
83 178 64 178 67 177 46 177 230
85 184 65 184 69 183 48 183 169
83 184 63 184 67 183 46 183 229
86 207 65 207 69 207 49 207 34
93 287 63 286 65 293 33 292 49
101 154 72 154 75 151 44 151 95
101 162 71 161 75 159 44 159 160
89 188 69 188 73 187 52 187 205
91 206 69 207 73 207 52 206 52
89 211 69 211 73 211 52 210 28
87 213 67 213 71 213 50 213 31
89 215 67 215 73 215 50 214 69
90 240 69 239 73 241 52 241 42
103 158 73 158 77 155 46 155 105
97 191 77 191 81 191 60 191 90
95 207 73 206 77 207 56 206 19
93 213 73 212 77 213 56 213 44
103 269 74 268 77 273 46 272 54
108 159 79 160 83 157 52 157 152
108 165 79 165 83 163 52 163 224
108 262 79 261 83 265 53 264 47
111 287 78 287 83 293 50 292 48
111 291 80 290 83 297 50 296 55
114 289 83 289 87 295 54 294 108
133 346 79 345 85 363 25 362 91
106 216 86 216 89 217 66 219 161
109 233 87 234 91 235 69 234 119
118 267 89 266 93 271 62 270 47
115 271 84 270 89 275 57 274 32
121 305 86 303 89 313 62 311 42
136 335 85 334 89 351 30 350 76
139 337 89 336 93 353 38 352 99
119 127 92 127 97 123 68 123 478
119 130 92 129 97 125 69 126 403
122 261 92 261 97 265 66 264 44
124 265 94 265 99 269 68 269 33
129 55 101 58 105 47 71 47 229
129 193 100 193 105 193 74 193 125
129 197 100 197 105 197 75 197 89
127 201 98 201 103 201 73 201 109
129 205 100 204 105 205 74 205 83
126 264 98 262 103 267 72 266 40
130 273 100 272 105 277 73 276 32
128 276 98 276 103 281 71 280 50
136 54 104 54 111 45 77 45 188
134 58 103 58 109 49 77 51 87
130 156 101 155 107 153 76 153 265
134 184 106 184 111 183 80 183 147
134 195 106 195 111 195 80 195 66
135 201 105 201 111 201 80 201 55
130 210 102 210 107 211 77 211 86
132 284 102 283 107 289 75 288 54
153 346 104 345 109 363 54 362 113
140 52 108 52 115 43 82 44 278
138 131 111 130 117 127 87 126 269
136 153 107 153 113 151 82 151 259
137 163 108 163 113 161 83 161 292
140 180 111 180 117 179 87 179 171
138 193 110 193 115 193 84 193 66
137 206 108 206 113 207 83 206 62
140 217 111 217 117 219 87 219 34
135 220 107 221 113 223 82 222 110
138 225 109 225 115 227 85 226 28
140 235 111 234 117 237 87 236 28
139 265 111 264 115 269 84 268 39
142 282 111 281 117 287 85 286 47
143 188 115 187 121 187 91 187 178
146 191 117 191 123 191 92 191 77
142 214 114 214 119 215 89 215 82
144 231 115 230 121 233 91 233 30
142 254 113 253 119 257 88 256 62
144 265 115 264 121 269 89 268 55
157 317 119 316 123 327 83 325 47
152 58 122 58 129 49 96 48 383
147 176 119 176 125 175 95 175 230
149 195 121 195 127 195 97 195 117
147 205 119 204 125 205 95 204 36
151 218 123 217 129 219 99 219 130
147 214 119 214 125 215 95 215 35
149 223 121 223 127 225 97 225 112
151 233 123 233 129 235 99 234 47
147 259 117 259 125 263 95 262 40
150 289 119 288 125 295 92 294 42
153 293 121 292 127 299 92 298 43
156 298 122 298 129 305 92 305 59
155 305 118 304 125 313 83 311 37
160 313 121 312 129 323 85 322 33
168 339 119 339 125 355 75 353 90
156 201 128 200 135 201 105 201 245
155 229 127 229 133 231 104 231 122
157 231 129 231 135 233 106 233 86
157 256 128 255 135 259 105 258 64
154 269 125 268 131 273 100 272 32
157 281 126 281 133 287 101 286 65
166 312 128 311 135 321 95 320 30
156 179 135 178 141 177 120 177 504
162 229 134 229 141 231 113 231 119
159 246 132 245 139 251 110 251 110
171 306 133 306 141 315 100 314 36
180 345 129 344 141 361 87 360 69
158 191 136 191 143 191 122 191 421
160 193 138 193 145 193 124 193 257
186 347 137 346 147 363 93 362 58
165 160 146 159 153 157 133 157 584
165 163 146 164 153 163 133 163 291
164 183 144 181 151 181 131 181 259
166 184 146 184 153 183 133 183 187
163 205 143 206 149 207 128 207 151
169 220 147 220 153 221 133 221 66
162 242 142 241 149 243 129 243 184
168 265 141 264 149 269 115 268 37
173 273 143 272 151 277 120 276 73
172 281 141 281 149 287 117 286 73
173 287 142 286 149 293 117 292 78
167 141 150 143 157 141 137 141 609
171 157 152 157 159 155 139 155 316
167 178 148 178 155 177 135 177 328
169 179 150 180 157 179 137 179 170
171 207 152 207 159 207 139 207 70
171 235 152 235 159 237 139 236 66
170 244 150 243 157 245 136 244 121
170 249 150 249 157 251 137 250 82
182 289 150 289 159 295 125 295 70
183 308 146 307 155 317 115 316 29
175 170 156 170 163 169 143 169 146
173 178 154 178 161 177 141 177 225
177 174 158 174 165 173 145 173 159
177 247 158 247 165 249 144 248 112
177 243 158 243 165 245 145 244 76
173 245 154 245 161 247 142 247 91
188 283 158 282 165 289 133 288 59
188 291 153 291 165 297 133 296 87
191 307 154 305 163 315 123 314 38
191 313 156 313 165 323 123 322 31
182 172 164 172 171 171 152 171 158
179 176 161 177 169 177 149 176 149
182 185 164 186 171 185 152 185 111
181 207 162 207 169 207 149 207 127
179 220 160 220 167 221 147 221 101
179 230 160 230 167 231 147 230 81
181 251 161 251 169 253 148 252 110
191 282 160 281 169 287 137 286 78
193 287 162 286 171 293 138 292 49
207 341 158 341 169 357 117 356 65
188 60 169 60 177 53 159 54 489
188 195 169 195 177 195 158 195 102
184 203 166 202 173 203 154 203 133
188 205 170 205 177 205 158 205 98
184 209 165 209 173 209 153 209 140
184 222 166 221 173 223 153 223 96
184 228 166 228 173 229 154 229 104
188 226 170 226 177 227 158 227 122
188 234 170 234 177 235 158 235 143
184 237 165 236 173 239 153 238 136
187 255 166 254 173 257 152 256 115
195 271 165 270 175 275 143 275 44
194 273 164 272 173 277 141 276 45
190 72 171 70 179 65 160 65 374
190 141 171 141 179 139 160 139 91
192 145 173 145 181 143 162 143 148
190 149 171 149 179 147 160 147 99
190 160 171 160 179 159 160 159 272
193 162 175 162 183 161 164 161 189
190 180 171 179 179 179 160 179 253
192 191 173 191 181 191 162 191 133
194 213 176 213 183 213 163 212 155
190 245 172 245 179 247 160 247 112
203 283 171 283 181 289 149 288 49
205 287 172 287 183 293 149 292 76
207 316 168 316 179 327 139 329 42
212 313 175 312 181 323 143 323 46
201 64 183 65 189 59 171 57 499
195 139 178 139 185 137 167 137 75
196 151 179 151 185 149 167 149 93
199 160 181 160 189 159 171 159 112
197 176 179 176 187 175 169 175 142
195 180 177 179 185 179 166 178 211
198 187 177 187 187 187 166 186 90
197 196 177 195 185 195 166 195 103
195 214 177 214 185 215 166 215 114
198 220 179 220 187 221 168 221 123
199 239 181 239 189 241 170 240 135
198 247 179 247 187 249 167 249 146
204 143 187 143 195 141 177 141 48
202 145 184 145 193 143 175 143 73
204 149 187 149 195 147 177 147 62
202 151 184 151 193 149 175 149 137
203 165 185 167 193 165 175 165 100
205 230 187 229 195 231 176 231 162
203 232 185 232 193 233 174 233 162
207 249 186 249 195 251 175 250 150
213 282 183 281 193 287 161 286 65
219 312 181 311 193 321 153 320 39
207 218 189 218 197 219 179 219 66
210 237 193 238 201 239 183 239 148
220 263 191 262 201 267 170 266 62
218 259 189 258 199 263 168 262 73
217 284 187 283 197 289 165 288 47
222 291 190 290 201 297 167 296 60
219 289 190 288 199 295 167 294 60
224 311 184 311 197 321 155 320 38
212 220 195 220 203 221 185 221 41
218 249 199 249 207 251 187 250 144
224 259 194 258 205 263 174 262 79
224 265 195 264 205 269 174 268 43
223 280 193 279 203 285 171 284 57
227 287 196 287 207 293 175 292 48
219 237 201 236 209 237 192 238 125
218 242 200 241 209 243 191 243 148
232 272 201 272 213 277 182 276 61
224 240 206 239 215 241 197 240 134
236 268 206 268 217 273 186 272 28
237 304 201 304 215 313 175 312 42
238 258 209 258 221 263 190 262 77
243 270 212 270 225 275 192 275 53
244 278 213 277 225 283 193 282 50
244 283 213 283 225 289 193 288 75
249 309 210 309 225 319 180 318 41
248 281 217 281 229 287 197 286 53
252 303 215 302 229 311 191 310 88
247 241 227 241 237 243 216 242 128
251 283 221 283 233 289 200 288 85
258 306 220 305 235 315 195 314 42
259 314 218 314 233 325 190 324 43
245 90 229 91 239 89 222 89 238
247 98 232 97 241 95 225 93 91
246 106 230 106 239 103 222 103 74
246 112 229 112 239 109 222 109 78
246 155 230 154 239 153 223 153 147
250 159 234 159 243 157 227 157 233
248 180 232 179 241 179 225 179 164
250 187 234 187 243 187 225 187 90
250 193 234 193 243 193 227 193 36
257 268 226 268 239 273 207 272 73
259 285 228 285 241 291 209 290 53
266 315 228 314 243 325 201 324 57
255 67 236 68 247 63 229 63 240
253 81 237 80 247 77 231 77 346
252 105 235 105 249 103 232 103 64
252 109 236 109 249 107 232 107 82
250 113 234 113 247 111 230 111 41
251 146 236 146 249 145 233 145 238
252 151 236 151 245 149 229 149 247
253 164 238 164 247 163 231 163 156
251 175 236 178 245 177 229 175 78
253 180 238 179 247 179 231 179 156
261 257 233 257 245 261 214 260 99
266 266 236 266 249 271 217 271 93
267 279 236 279 249 285 217 284 86
265 296 231 295 245 303 208 302 58
257 76 241 77 251 73 235 73 242
259 111 243 111 255 109 238 109 50
253 115 239 115 251 113 233 113 43
257 148 242 148 253 147 237 147 98
257 184 243 185 253 185 240 185 76
262 193 244 193 253 193 235 193 49
269 263 240 262 253 267 222 266 54
272 281 241 281 255 287 223 286 50
273 285 241 285 255 291 223 290 46
269 283 237 283 251 289 220 288 54
276 311 237 311 253 321 210 321 40
263 64 248 64 261 61 247 62 125
264 108 245 107 257 105 240 105 42
263 114 248 114 257 111 241 111 52
263 189 248 189 257 189 242 189 45
273 259 244 258 257 263 227 262 114
277 274 247 273 261 279 229 278 63
267 82 251 82 263 79 247 79 142
272 224 251 224 263 225 245 224 158
275 230 253 229 265 231 243 231 202
274 239 254 239 265 241 244 241 140
282 290 246 290 263 297 227 296 64
279 287 249 286 263 293 230 292 45
287 306 252 305 267 315 229 314 51
286 308 250 307 265 317 223 317 32
275 63 259 63 269 59 253 59 66
273 74 259 73 269 69 253 68 110
277 80 262 80 273 77 257 77 94
276 94 261 93 271 91 257 90 90
276 104 261 103 271 101 256 101 129
276 129 261 129 271 127 256 127 98
276 153 262 151 271 151 256 150 79
274 182 260 182 269 181 253 182 57
278 191 263 191 273 191 258 191 113
278 197 263 196 273 197 258 197 103
278 237 258 237 269 239 248 238 121
278 243 258 243 269 245 248 245 144
286 261 256 260 271 265 239 264 70
288 274 259 273 273 279 241 278 76
289 278 259 277 273 283 241 283 106
289 290 257 287 271 297 238 296 80
290 310 253 309 269 319 228 318 33
279 50 267 51 277 47 263 47 238
279 95 265 95 275 93 260 92 163
281 107 267 107 277 105 262 105 141
280 139 265 138 275 137 260 137 94
282 155 268 155 277 153 262 152 116
282 164 267 164 277 163 262 163 165
284 168 270 168 279 167 265 168 115
282 172 268 172 277 171 263 172 110
280 170 265 169 275 169 261 170 121
284 183 269 183 279 183 264 183 106
280 193 266 194 275 193 260 192 207
282 199 268 199 277 199 262 199 137
284 205 270 205 279 205 265 206 204
288 232 268 231 279 233 258 233 130
290 263 260 262 275 267 243 266 99
290 274 261 273 275 279 244 278 74
295 278 264 277 279 283 247 283 69
291 281 260 281 275 287 243 286 71
297 303 263 302 279 311 239 311 38
301 317 263 316 279 329 234 328 30
286 56 272 56 283 53 269 53 152
287 72 273 73 283 69 267 69 61
285 103 271 103 281 101 267 102 100
287 113 273 113 283 111 269 111 477
289 123 275 123 285 121 271 121 365
287 121 273 121 283 119 269 119 121
289 137 275 136 285 135 271 135 323
287 133 273 133 283 131 269 131 160
285 144 271 144 281 143 266 143 336
285 161 271 161 281 161 266 159 155
289 176 275 177 285 175 271 175 209
288 180 274 180 283 179 269 179 154
290 184 276 183 285 183 271 183 142
286 191 272 191 281 191 267 191 232
288 209 273 208 283 209 269 209 385
292 229 272 229 283 231 262 231 129
300 263 270 262 285 267 254 266 103
299 297 264 297 281 305 243 305 53
292 54 280 55 289 51 275 51 222
297 67 279 66 291 63 275 63 218
292 70 276 70 289 67 272 67 138
297 73 280 73 291 69 274 69 34
293 93 279 94 289 91 275 91 541
295 101 281 102 291 99 277 99 133
291 110 277 109 287 107 273 107 118
293 111 279 111 289 109 275 109 151
291 119 277 119 287 117 273 117 100
295 115 281 115 291 113 277 113 353
292 131 279 132 289 131 274 130 312
291 146 277 147 287 145 273 145 132
291 154 278 155 287 153 273 153 123
291 152 277 152 287 151 273 151 150
291 167 277 167 287 167 273 167 112
291 169 277 169 287 169 273 169 126
295 187 281 187 291 187 277 187 88
291 193 278 193 287 193 273 193 220
291 199 278 198 287 199 273 198 131
291 204 277 204 287 205 273 205 241
302 287 270 286 287 293 252 292 66
305 295 270 295 287 303 251 302 51
313 319 271 318 291 331 246 330 29
301 84 287 84 297 81 282 81 93
297 97 283 98 293 95 279 95 184
298 104 285 104 295 101 281 102 163
297 108 283 107 293 105 279 105 211
299 111 285 111 295 109 281 109 268
301 121 287 121 297 119 283 119 291
297 125 283 125 293 123 279 123 78
297 141 283 140 293 139 279 139 113
301 177 288 177 297 177 284 177 171
299 189 285 189 295 189 281 189 73
297 193 283 193 293 193 279 193 137
299 197 286 197 295 197 281 197 141
305 220 285 220 297 221 270 223 189
308 255 280 256 295 259 266 259 90
311 263 281 262 297 267 266 267 99
313 292 279 292 297 299 263 298 53
314 299 280 299 297 307 259 306 37
312 303 275 301 293 309 254 311 24
304 71 288 71 299 67 282 67 55
305 80 291 80 301 77 287 77 82
302 97 289 97 299 95 286 96 288
302 107 290 107 299 105 286 105 246
306 107 294 108 303 105 290 105 183
306 115 293 115 303 113 290 113 160
305 121 291 121 301 119 287 119 219
306 134 293 135 303 133 290 134 217
302 140 289 140 299 139 285 139 149
306 150 293 150 303 149 290 149 81
306 156 294 156 303 155 290 155 76
307 189 294 189 303 189 289 189 97
307 194 294 194 303 195 290 194 121
303 193 290 194 299 193 286 194 147
315 224 289 225 299 227 274 227 62
315 229 292 229 299 231 273 231 57
313 253 287 252 303 255 273 255 85
316 261 287 260 303 265 272 265 106
313 272 284 271 299 277 268 276 173
317 276 287 275 303 281 271 281 139
313 278 283 277 299 283 268 282 149
317 290 281 291 301 297 265 297 32
321 293 287 293 303 301 267 301 36
321 316 281 315 301 327 258 327 28
310 62 294 63 305 59 287 60 189
309 76 295 76 305 73 288 72 73
310 95 297 96 307 93 294 93 126
309 91 295 92 305 89 292 89 219
309 98 295 100 305 97 292 97 154
312 119 299 119 309 117 296 117 107
308 123 295 123 305 121 292 121 183
312 133 299 132 309 131 296 131 236
308 138 295 138 305 137 292 137 247
312 142 299 143 309 141 296 141 178
310 154 298 154 307 153 293 153 69
310 164 298 164 307 163 294 163 89
310 183 297 183 307 183 294 183 114
310 199 297 198 307 199 294 198 183
316 218 297 218 309 219 290 219 106
322 274 293 273 309 279 278 278 106
322 280 293 279 309 285 277 285 75
315 57 304 58 311 53 300 53 210
314 91 302 92 311 89 298 89 114
314 172 301 171 311 171 298 171 73
316 179 303 179 313 179 300 179 75
314 189 301 189 311 189 298 189 144
329 234 303 235 315 235 287 235 32
324 280 295 279 311 285 280 284 69
325 283 293 283 311 289 277 289 78
328 289 298 288 315 295 283 294 41
319 93 305 93 317 91 304 91 188
319 134 307 134 317 133 304 133 152
320 152 308 152 317 151 304 151 155
322 154 309 154 319 153 306 153 214
324 203 303 204 319 203 299 203 390
323 210 305 210 317 211 294 211 184
325 218 302 218 317 219 295 219 106
326 214 306 214 319 215 298 215 99
328 256 302 255 317 259 289 259 106
333 255 306 254 321 257 293 257 175
332 260 305 258 321 263 293 262 55
333 296 298 297 317 305 279 306 24
328 83 310 82 323 79 305 79 78
332 86 314 87 327 83 309 83 131
329 101 317 101 327 99 315 100 344
327 143 315 142 325 141 313 141 188
325 146 313 146 323 145 311 146 188
329 160 317 160 327 159 315 159 459
327 171 315 171 325 171 313 171 137
326 187 314 187 323 187 311 187 117
327 191 315 192 325 193 312 192 162
326 195 313 195 323 195 310 194 151
331 210 312 210 325 211 305 211 113
330 222 310 222 323 223 302 223 100
334 226 314 225 327 227 306 227 62
331 239 312 238 325 241 304 239 26
336 266 309 266 325 271 295 270 49
337 291 305 292 323 299 288 298 28
343 316 303 315 325 327 281 326 42
336 50 318 50 331 45 313 46 120
338 52 320 52 333 47 315 47 101
333 72 319 72 329 69 313 69 71
336 78 319 78 331 75 313 75 71
336 84 319 85 331 81 313 81 84
338 81 321 81 333 77 315 77 86
333 106 321 107 331 105 319 107 539
331 124 318 124 329 123 315 124 162
331 120 319 121 329 119 316 120 216
336 129 322 128 333 127 319 127 168
332 133 318 132 329 131 315 132 130
331 169 319 169 329 169 317 169 123
335 171 323 171 333 171 321 171 385
336 197 321 197 333 197 317 197 165
335 207 316 206 329 207 309 207 137
336 224 316 223 329 225 308 225 72
339 227 318 227 331 229 310 229 39
335 232 316 231 329 233 303 233 61
342 266 315 266 331 271 302 271 64
342 270 315 270 331 275 301 274 88
350 294 313 295 333 303 295 302 26
342 31 324 31 337 25 319 25 96
344 52 326 52 339 47 321 47 56
343 80 326 80 339 77 322 77 69
343 86 327 87 339 83 321 83 86
340 133 327 132 337 131 323 131 730
340 179 329 179 339 179 328 179 279
341 185 329 185 339 185 327 185 356
340 193 327 192 337 193 324 192 121
341 201 326 201 337 201 323 201 152
341 197 328 197 339 197 325 197 147
341 239 321 237 337 241 313 241 56
343 247 319 247 339 249 317 249 91
339 247 316 247 337 249 313 249 79
345 257 321 257 335 261 305 260 123
345 263 319 262 335 267 307 266 42
346 274 318 274 335 279 307 278 51
356 305 317 305 339 315 299 314 37
355 315 314 315 337 327 292 326 64
353 313 313 312 335 323 292 322 91
357 319 315 319 339 331 294 330 71
357 329 326 328 337 343 302 342 85
349 30 328 29 341 23 323 23 125
348 54 331 55 345 51 326 51 67
349 76 333 76 345 73 328 73 124
345 82 328 82 341 79 324 79 83
348 81 332 81 345 77 328 77 78
347 89 331 89 343 85 326 85 78
349 94 336 96 345 91 328 91 260
348 116 334 119 345 115 329 115 463
345 152 333 152 343 151 331 151 381
343 160 332 161 341 159 330 160 553
347 180 336 180 345 179 334 179 180
343 197 332 196 341 197 329 197 161
351 212 332 212 345 213 326 213 167
348 208 330 208 343 209 325 209 91
349 214 330 214 343 215 324 215 92
351 237 331 236 345 239 324 238 103
352 254 330 254 345 257 323 257 82
353 261 325 261 343 265 314 265 87
355 279 326 279 343 285 311 285 48
353 53 335 53 349 49 331 49 96
351 65 334 65 347 61 330 62 82
355 88 338 88 351 85 334 85 107
351 90 334 90 347 87 330 87 108
349 165 337 168 347 167 336 165 156
354 201 336 201 351 201 332 201 103
353 216 333 216 347 217 327 217 114
356 223 337 223 351 225 327 225 52
357 233 337 233 351 235 331 234 91
357 247 337 246 351 249 331 249 77
358 280 330 279 347 285 317 284 52
360 281 330 281 349 287 317 286 45
362 307 323 307 347 317 306 316 47
361 22 347 22 357 17 335 19 246
359 38 342 38 355 33 337 33 88
361 49 343 49 357 45 339 45 50
358 57 342 57 355 53 337 53 75
361 83 344 82 357 79 339 79 100
359 85 342 85 355 81 337 81 106
361 88 344 89 357 85 340 86 123
356 114 345 115 355 113 344 114 709
359 139 344 139 357 139 340 137 357
360 150 345 150 357 149 341 148 297
360 183 345 183 357 183 342 183 145
360 208 341 208 355 209 335 209 226
361 214 341 214 355 215 334 215 76
360 227 340 227 353 229 332 229 120
363 276 335 276 353 281 323 281 36
365 290 333 290 353 297 319 296 28
367 304 323 303 353 313 303 311 69
370 319 331 318 353 331 309 330 86
364 40 348 40 361 35 343 35 75
366 51 352 52 363 47 348 48 110
367 57 350 58 363 53 345 53 56
363 61 346 62 359 57 341 57 59
366 69 350 69 363 65 346 65 82
363 79 345 78 359 75 342 75 86
362 87 346 87 359 83 342 83 78
366 92 350 92 363 89 346 89 142
364 92 348 92 361 89 344 89 127
365 106 348 106 361 103 344 103 340
360 124 349 125 359 123 348 124 933
366 138 351 138 363 137 348 137 585
364 166 350 163 361 165 346 165 154
364 170 350 170 361 169 346 169 102
364 193 349 192 361 193 346 193 233
367 220 347 219 361 221 340 221 87
369 235 349 235 363 237 343 237 249
364 231 345 231 359 233 338 233 84
369 243 349 243 363 245 343 245 90
366 261 337 260 359 265 331 265 63
368 259 346 259 361 263 336 262 51
376 298 341 298 363 307 325 307 47
377 304 340 303 363 313 323 312 61
371 30 353 30 367 25 349 25 90
368 38 351 38 365 33 347 33 70
369 59 352 59 365 55 349 56 73
370 73 353 73 367 69 349 69 77
368 111 354 111 365 109 353 110 266
368 164 353 164 365 163 350 163 225
374 216 354 216 369 217 349 216 189
372 221 353 222 367 223 347 223 167
374 224 355 223 369 225 349 225 142
374 227 355 227 369 229 349 229 184
370 231 351 231 365 233 345 233 100
371 238 351 238 365 241 345 240 89
372 237 353 237 367 239 347 239 203
372 245 353 244 367 247 347 246 192
372 251 356 250 369 253 347 253 110
378 270 352 270 369 275 341 275 24
375 278 346 277 365 283 335 282 27
381 314 340 313 365 325 321 324 66
379 27 361 27 375 21 357 21 183
376 34 359 34 373 29 355 29 73
378 52 361 52 375 47 357 47 76
374 57 359 58 371 53 356 54 91
378 61 361 61 375 57 358 57 108
376 65 359 65 373 61 355 61 121
378 67 362 67 375 63 357 63 102
378 77 361 76 375 73 358 73 89
376 84 360 84 373 81 356 81 102
376 92 360 92 373 89 356 89 84
374 104 358 103 371 101 354 101 133
375 127 360 128 373 125 357 124 490
377 198 360 199 373 199 355 199 476
379 202 361 202 375 203 357 204 381
380 216 361 216 375 217 355 217 314
376 220 357 220 371 221 351 221 240
378 229 359 229 373 231 353 231 292
381 263 356 263 373 267 347 267 30
379 259 355 259 371 263 346 263 69
379 265 354 265 371 269 345 269 31
381 287 350 286 371 293 330 295 47
388 317 347 317 373 329 327 328 60
384 30 366 30 381 25 362 25 123
380 32 363 32 377 27 359 26 128
382 40 365 40 379 35 361 35 91
385 45 367 46 381 41 363 41 110
382 67 366 67 379 63 361 63 57
382 71 365 71 379 67 362 67 57
385 70 367 69 381 65 363 65 109
382 75 365 75 379 71 361 71 78
385 75 367 75 381 71 363 71 73
384 84 367 84 381 81 364 81 85
383 85 365 84 379 81 362 81 75
380 90 363 90 377 87 360 87 91
380 94 364 94 377 91 360 91 80
384 98 368 98 381 95 364 95 79
381 152 367 152 379 151 365 151 392
383 199 366 199 379 199 361 199 405
382 205 365 206 379 207 359 205 403
386 226 366 225 381 227 361 226 401
383 241 365 241 379 243 360 243 107
383 247 365 246 379 249 359 249 113
391 291 356 291 377 299 339 299 36
391 295 356 295 379 303 341 303 34
392 314 352 313 377 325 333 324 39
395 339 347 338 377 355 323 354 34
387 26 370 26 385 21 366 21 90
390 36 373 36 387 31 369 31 100
390 44 373 44 387 39 369 39 80
390 52 372 52 387 47 370 47 56
386 63 369 63 383 59 366 59 95
390 98 373 98 387 95 369 95 92
387 147 373 149 385 147 373 145 573
383 183 374 183 383 183 374 183 246
389 222 371 221 385 223 366 222 286
389 239 371 239 385 241 367 241 144
387 243 369 243 383 245 365 245 80
392 260 369 260 387 263 362 263 25
391 268 365 268 383 273 355 273 23
398 313 358 313 385 325 351 326 98
398 317 355 317 383 329 339 328 42
392 25 375 25 389 19 371 19 79
393 32 377 32 391 27 373 27 100
395 30 379 30 393 25 376 25 73
395 36 378 36 393 31 375 31 68
392 48 375 48 389 43 371 43 118
394 50 376 49 391 45 373 45 81
394 59 377 60 391 55 373 55 79
392 67 375 67 389 63 371 63 61
392 63 376 64 389 59 372 60 71
392 71 375 71 389 67 371 67 59
396 79 379 78 393 75 376 75 73
392 75 375 75 389 71 371 71 116
394 82 377 82 391 79 373 79 106
392 85 375 85 389 81 371 81 73
392 88 375 88 389 85 371 85 94
394 96 377 96 391 93 373 93 95
396 100 379 100 393 97 376 97 101
393 107 377 107 391 105 374 105 110
395 112 379 112 393 109 376 108 61
391 143 378 143 389 143 376 142 374
393 157 378 157 391 157 376 157 406
393 183 384 183 393 183 384 183 221
392 191 376 191 389 191 373 191 452
393 195 377 195 391 195 374 195 497
397 196 380 197 393 197 376 197 507
398 204 381 203 393 203 377 203 228
396 212 379 212 393 213 375 213 297
394 219 377 218 391 219 373 219 224
396 221 379 221 393 223 375 222 426
396 235 380 235 393 237 376 237 143
396 241 379 241 393 243 375 243 117
395 243 377 243 391 245 372 245 70
397 274 370 274 389 279 359 279 37
400 295 365 295 389 303 351 303 34
405 319 362 318 391 331 345 331 56
401 22 384 22 399 17 381 17 84
400 34 383 34 397 29 380 30 69
399 43 383 44 397 39 379 39 54
397 47 381 48 395 43 377 43 73
398 57 381 58 395 53 378 54 73
398 61 381 61 395 57 377 57 59
401 88 385 88 399 85 381 85 82
402 101 385 102 399 99 382 99 84
398 98 381 98 395 95 377 95 85
400 104 383 104 397 101 380 101 60
397 110 381 110 395 107 378 107 55
399 132 389 133 399 131 388 131 267
399 181 390 181 399 181 390 181 176
399 204 384 205 397 205 381 205 271
402 210 385 210 399 211 382 211 325
402 222 385 221 399 223 382 223 298
400 234 384 233 397 235 380 234 161
400 239 384 239 397 241 380 241 117
403 254 381 254 397 257 374 257 66
403 259 378 261 395 263 370 263 42
407 300 370 300 395 309 355 309 26
409 305 370 305 397 315 357 314 32
409 311 371 309 399 319 356 319 47
412 313 371 313 399 325 352 324 20
406 34 389 34 403 29 386 29 88
403 51 387 51 401 47 382 46 70
403 65 387 65 401 61 384 60 72
408 77 391 77 405 73 387 73 104
404 75 387 75 401 71 384 71 90
405 84 389 84 403 81 386 81 84
403 80 387 80 401 77 384 77 89
406 98 389 98 403 95 386 95 88
403 106 387 106 401 103 384 103 70
401 131 391 130 401 129 390 129 201
405 157 395 159 405 157 394 156 80
401 177 392 177 401 177 392 177 116
400 184 392 185 401 185 392 184 218
401 194 388 194 401 195 387 194 459
404 201 389 201 401 201 385 201 307
404 208 388 208 401 209 385 209 376
404 216 387 216 401 217 384 217 291
406 220 389 220 403 221 386 221 316
404 224 387 223 401 225 384 224 241
404 230 388 229 401 231 384 231 228
407 245 387 245 403 247 384 247 84
409 247 390 247 405 249 386 249 61
410 252 389 252 405 255 383 255 31
412 281 381 281 403 287 371 287 50
412 286 381 285 403 293 369 292 52
415 307 375 306 403 317 360 316 26
414 319 372 318 401 331 355 330 35
413 44 396 43 411 39 393 38 74
412 47 397 48 411 43 394 43 80
410 72 395 73 409 69 390 67 107
414 82 397 82 411 79 395 79 67
413 90 397 90 411 87 395 87 80
409 96 393 96 407 93 390 93 89
413 98 397 98 411 95 394 95 79
409 113 393 113 407 111 391 111 52
407 134 397 134 407 133 397 133 270
409 138 399 138 409 137 399 137 149
407 140 397 140 407 139 396 138 159
409 160 399 160 409 159 398 158 93
408 165 396 163 407 163 395 161 93
410 168 400 168 411 169 400 169 133
413 223 397 223 411 225 394 224 156
410 234 394 233 407 235 390 235 269
413 268 381 267 407 273 369 271 51
418 272 389 272 411 277 380 277 57
417 279 387 279 409 285 375 285 82
419 279 392 279 411 285 379 285 67
420 300 377 302 409 311 369 311 40
421 311 381 310 409 321 366 322 25
415 24 398 24 413 19 396 19 78
419 34 402 34 417 29 399 29 124
415 36 398 36 413 31 395 31 96
419 51 402 51 417 47 399 47 60
418 62 402 62 417 59 400 59 78
417 86 401 86 415 83 398 83 79
415 98 399 98 413 95 396 95 90
417 111 405 110 417 109 406 108 73
418 117 405 116 417 115 406 115 63
415 130 403 129 415 129 404 128 116
417 136 407 136 417 135 407 135 290
413 140 403 140 413 139 405 141 177
417 152 407 152 417 151 407 151 165
412 153 402 154 413 155 402 154 116
415 157 405 157 415 157 405 155 313
415 165 405 166 415 165 405 166 203
412 170 402 170 413 171 403 172 108
417 169 407 170 417 169 406 168 157
415 181 405 181 415 181 405 181 165
417 191 407 191 417 191 407 191 335
414 200 401 201 413 201 401 203 232
419 206 403 206 417 207 401 207 170
413 218 400 220 413 221 397 221 111
419 225 403 225 417 227 400 225 323
420 241 403 241 417 243 399 243 98
418 250 397 250 413 253 392 253 31
421 267 390 265 415 271 387 270 31
429 315 387 315 417 327 372 327 24
426 327 382 326 413 341 364 340 30
430 342 380 339 415 359 359 359 35
425 34 408 34 423 29 405 29 72
423 44 406 43 421 39 404 39 107
420 47 404 47 419 43 402 43 89
424 59 408 58 423 55 406 55 79
425 65 408 65 423 61 406 61 95
423 90 407 90 421 87 404 87 161
421 109 408 109 421 107 407 107 64
421 113 409 113 421 111 409 111 57
424 111 411 111 423 109 412 108 64
421 117 410 116 421 115 410 115 58
421 159 411 158 421 159 411 158 158
421 163 411 162 421 163 411 162 229
421 199 407 199 419 199 406 200 295
427 231 409 231 421 233 404 233 192
425 237 408 237 419 239 401 239 112
426 247 403 248 423 249 406 248 57
429 266 403 266 423 271 396 271 47
425 278 397 277 419 283 388 283 42
431 286 399 285 423 293 389 292 84
432 291 398 291 423 299 387 299 54
426 24 411 24 425 19 408 19 78
428 24 412 24 427 19 410 19 80
430 34 414 34 429 29 412 29 82
430 45 415 46 429 41 413 42 66
428 73 412 73 427 69 410 69 97
427 69 410 68 425 65 408 65 81
427 82 410 82 425 79 408 79 98
429 82 412 82 427 79 410 79 80
427 92 410 92 425 89 408 89 84
424 146 416 143 425 145 416 145 259
428 148 419 147 429 147 419 147 274
425 150 415 149 425 149 416 148 287
428 181 421 182 429 181 422 182 414
430 206 415 206 429 207 412 207 149
427 210 411 210 425 211 408 211 178
433 274 406 273 427 279 397 279 42
431 276 404 275 425 281 396 280 52
434 283 404 282 427 289 394 289 54
434 294 399 294 425 303 387 304 36
433 292 399 292 425 299 388 299 41
439 312 399 311 429 323 385 323 28
436 313 395 313 425 325 380 325 42
441 323 397 322 429 337 381 335 24
439 325 395 324 427 339 378 338 24
441 327 396 326 429 341 379 341 36
437 43 420 43 435 39 418 39 144
434 55 418 55 433 51 416 51 57
435 61 418 61 433 57 417 57 54
432 69 416 69 431 65 414 65 80
432 74 416 74 431 71 414 71 88
436 78 420 78 435 75 418 75 72
436 103 424 102 435 101 421 101 98
435 118 424 118 435 117 424 117 48
431 117 420 116 431 115 421 115 66
431 122 420 122 431 121 420 121 67
431 130 420 130 431 129 421 129 60
433 159 423 159 433 159 424 158 318
433 171 427 171 435 171 428 171 394
433 195 422 195 433 195 421 196 259
437 241 419 241 435 243 416 243 99
435 237 417 237 431 239 413 239 85
432 246 415 245 431 247 412 247 39
440 259 415 259 435 263 409 263 40
439 288 407 288 433 295 397 295 29
441 308 403 308 433 319 387 319 26
439 316 397 316 431 327 385 327 30
444 318 402 318 433 331 385 331 23
438 23 422 24 437 19 421 20 108
440 22 424 22 439 17 422 16 87
438 36 422 35 437 31 420 30 91
440 49 425 49 439 45 423 45 74
440 57 424 56 439 53 422 51 49
442 65 426 65 441 61 424 61 73
438 74 422 74 437 71 421 71 89
442 82 426 82 441 79 424 79 99
438 90 422 90 437 87 420 87 111
442 86 426 86 441 83 425 83 116
438 88 422 88 437 85 420 85 161
440 94 424 93 439 91 423 91 129
440 114 430 112 441 111 430 111 71
439 173 433 170 441 171 434 172 267
437 167 431 167 439 167 432 167 336
435 187 429 187 437 187 430 187 188
436 191 426 191 437 191 425 191 282
441 199 429 198 441 199 429 199 212
438 206 423 206 437 207 421 207 158
442 204 427 204 441 205 426 205 226
440 210 425 210 439 211 423 211 251
438 228 424 227 437 229 422 228 146
443 241 425 241 441 243 420 245 103
439 245 420 246 437 247 417 247 62
441 263 417 262 437 267 410 267 48
453 336 404 336 441 353 387 352 63
446 28 431 27 445 23 429 23 125
446 37 430 37 445 33 428 33 151
444 47 428 47 443 43 427 43 79
444 61 428 61 443 57 426 57 70
446 63 430 63 445 59 429 59 90
444 76 428 76 443 73 426 73 91
446 89 434 89 445 87 434 87 179
443 106 431 107 443 105 432 105 82
446 116 436 116 447 115 436 115 80
444 114 434 115 445 113 434 113 55
446 128 436 128 447 127 437 127 83
445 129 434 132 445 131 434 131 105
447 146 436 146 447 145 437 145 362
442 154 433 153 443 153 431 153 636
443 165 437 165 445 165 438 165 331
445 167 439 167 447 167 440 167 208
445 180 439 181 447 181 440 179 112
445 183 439 183 447 183 440 183 102
445 189 439 189 447 189 440 189 92
441 185 435 185 443 185 436 185 135
446 214 431 214 445 215 430 216 231
447 265 423 264 443 269 417 268 63
451 275 422 275 445 281 414 281 29
454 288 419 289 447 295 414 297 28
454 293 419 293 447 301 409 301 31
454 298 419 298 447 307 408 306 41
453 312 414 311 445 323 401 323 36
449 41 434 41 449 37 433 37 81
452 47 436 47 451 43 435 43 150
452 55 436 55 451 51 434 51 72
454 57 438 57 453 53 436 53 90
450 59 434 59 449 55 432 55 94
454 70 439 70 453 67 439 67 87
452 82 436 82 451 79 435 79 158
449 93 437 93 449 91 438 91 153
452 99 442 99 453 97 442 97 201
448 102 438 103 449 101 438 101 131
449 130 442 131 449 129 444 128 148
450 134 440 134 451 133 440 133 110
449 132 438 132 449 131 438 131 113
451 157 443 156 453 157 445 157 211
447 163 441 163 449 163 442 163 248
451 167 445 167 453 167 447 167 132
451 185 445 185 453 185 447 185 115
453 201 441 201 453 201 441 201 94
452 252 430 252 449 255 426 255 40
456 250 434 250 453 253 430 253 50
456 256 433 256 453 259 429 259 45
455 281 424 281 449 287 416 286 20
459 298 423 297 453 307 414 307 41
462 310 421 309 453 321 410 321 52
459 323 415 323 449 337 400 337 41
459 22 446 19 459 17 443 17 88
457 39 442 40 457 35 441 35 159
455 50 439 49 455 45 438 45 70
458 55 442 55 457 51 441 51 67
457 64 442 64 457 61 441 61 132
459 72 445 72 459 69 444 69 96
456 102 445 103 457 101 446 101 121
456 118 446 118 457 117 447 117 52
458 138 447 138 459 137 448 137 119
457 151 450 151 459 151 449 149 174
453 167 447 167 455 167 449 167 108
455 181 449 181 457 181 451 181 125
453 181 447 181 455 181 449 181 142
453 189 447 189 455 189 449 189 112
459 216 447 216 459 217 447 217 110
455 214 443 214 455 215 443 215 165
455 220 443 220 455 221 443 221 165
461 256 439 256 459 259 435 259 61
461 268 434 268 457 273 428 273 26
460 272 431 271 455 277 425 277 26
464 272 435 272 459 277 429 277 32
466 298 429 298 459 307 420 307 38
465 301 426 301 457 311 416 310 40
464 313 423 313 455 325 409 325 72
463 34 447 34 463 29 447 29 65
461 51 446 51 461 47 445 47 69
463 56 448 56 463 53 447 52 69
461 70 447 70 461 67 446 67 94
465 72 451 72 465 69 451 69 118
465 68 451 68 465 65 450 65 85
463 80 449 80 463 77 449 77 126
465 89 452 89 465 87 453 85 193
463 92 451 93 463 91 452 91 184
460 97 452 98 461 95 454 97 232
462 114 451 114 463 113 452 113 98
461 153 454 153 463 153 456 153 99
461 157 454 157 463 157 455 157 218
461 214 449 214 461 215 449 215 253
466 224 452 224 465 225 451 225 259
463 220 451 220 463 221 451 221 152
462 228 441 228 461 229 441 227 328
468 263 438 263 465 267 433 267 48
469 268 442 268 465 273 436 273 27
467 293 433 292 461 301 424 300 26
474 316 431 315 465 329 419 328 84
474 322 430 322 465 335 417 335 149
469 26 453 26 469 21 453 21 108
471 33 456 33 471 29 456 29 89
467 37 452 37 467 33 452 33 110
469 49 455 47 469 45 455 43 227
467 53 452 53 467 49 452 49 64
470 66 457 66 471 63 457 63 135
470 74 457 74 471 71 457 71 61
467 84 453 84 467 81 453 81 72
466 95 456 95 467 93 457 93 155
468 92 458 93 469 91 459 91 158
466 100 456 101 467 99 457 99 109
468 106 458 106 469 105 458 106 123
466 129 456 129 467 127 457 127 58
469 132 459 132 471 131 461 131 82
470 150 465 150 471 151 467 150 148
469 205 457 204 469 205 457 205 165
469 217 457 218 469 219 458 218 160
470 216 459 216 471 217 460 216 236
470 222 460 222 471 223 460 223 152
471 228 457 228 471 229 458 229 93
473 266 445 266 469 271 440 271 35
475 303 437 303 469 313 427 313 92
477 320 434 320 469 333 421 333 99
479 336 430 336 469 353 415 352 76
477 341 426 341 467 359 410 359 75
481 343 430 342 471 361 414 360 68
473 29 458 29 473 25 457 25 51
473 41 457 42 473 37 457 37 155
477 39 462 39 477 35 461 35 78
473 47 458 47 473 43 458 43 73
477 51 462 51 477 47 462 47 93
473 53 458 53 473 49 457 49 71
473 78 459 78 473 75 459 75 97
476 76 463 76 477 73 463 73 109
472 108 462 108 473 107 463 106 95
476 118 466 118 477 117 467 117 67
472 136 463 135 473 135 464 133 85
471 143 465 143 473 143 468 143 81
473 163 466 162 475 163 468 162 287
475 173 469 173 477 173 471 173 192
476 205 465 204 477 205 465 205 164
474 205 463 204 475 205 463 205 125
476 214 465 214 477 215 466 215 141
476 239 459 239 475 241 457 241 37
478 261 453 261 475 265 449 265 52
476 259 452 259 473 263 448 263 44
479 274 451 273 475 279 447 277 46
481 305 443 304 475 315 432 315 111
485 325 439 325 477 339 427 338 98
479 43 464 43 479 39 463 39 59
481 50 466 51 481 47 465 48 73
482 62 468 63 483 59 468 59 66
478 112 467 111 479 109 467 110 125
481 147 474 147 483 147 476 147 119
477 149 470 149 479 149 472 149 155
477 161 470 160 479 161 472 160 279
477 177 471 177 479 177 474 177 267
483 190 473 190 481 191 474 190 402
482 199 471 199 483 199 473 199 170
480 203 469 202 481 203 470 203 120
480 208 469 208 481 209 470 209 119
483 254 460 253 481 257 457 257 50
483 259 459 259 481 263 456 263 49
486 268 459 268 483 273 454 273 50
487 282 455 282 483 289 449 289 26
484 285 451 285 479 293 444 293 29
486 306 446 306 479 317 436 317 90
486 321 442 321 479 335 430 334 102
487 53 472 53 487 49 473 50 49
486 61 472 61 487 57 472 57 62
484 114 482 114 487 113 484 114 144
483 130 479 130 487 129 473 129 365
483 143 477 143 485 143 480 143 127
485 159 478 159 487 159 480 159 230
484 172 480 169 487 171 482 169 235
485 187 479 186 487 187 481 186 229
490 224 481 222 487 225 477 224 130
488 246 465 246 487 249 467 249 36
489 259 465 259 487 263 462 263 37
490 272 462 272 487 277 457 277 33
490 279 460 278 487 285 454 285 22
494 287 460 287 489 295 453 295 36
493 301 454 301 487 311 445 311 67
494 305 455 305 489 315 447 315 80
492 321 448 321 485 335 437 335 118
492 62 477 62 493 59 478 59 37
490 68 476 68 491 65 476 65 36
488 107 485 107 491 107 488 107 96
490 109 487 109 493 109 490 109 81
489 128 483 126 491 127 486 126 308
489 133 484 133 491 133 487 133 153
492 139 488 139 495 139 491 139 164
488 147 483 147 491 147 486 147 240
492 145 490 146 495 145 491 145 321
491 157 484 157 493 157 486 157 240
490 165 486 165 493 165 489 165 345
492 199 486 198 495 199 487 199 136
491 205 484 204 493 205 485 205 141
491 214 482 214 493 215 483 215 88
493 216 484 216 495 217 485 217 93
490 232 477 231 491 233 475 233 29
495 237 478 237 495 239 478 239 26
492 246 469 244 491 249 468 249 35
496 246 475 246 495 249 473 249 57
492 250 471 250 491 253 469 253 44
493 257 469 257 491 261 466 261 44
494 253 472 253 493 257 469 257 39
495 286 462 285 491 293 456 293 37
499 324 454 323 493 337 443 337 170
499 322 455 321 493 335 445 334 124
499 336 449 336 491 353 437 352 44
496 121 493 121 499 121 496 121 156
494 119 491 119 497 119 494 119 132
498 137 494 137 501 137 497 137 144
495 159 488 159 497 159 490 159 415
494 171 490 171 497 171 493 170 261
494 199 488 198 497 199 489 199 310
495 210 487 211 497 211 487 211 123
497 250 477 250 497 253 475 253 74
502 261 477 261 501 265 475 265 44
504 278 473 278 501 285 468 285 22
500 285 467 284 497 293 462 292 28
506 305 467 305 501 315 458 315 60
505 318 461 318 499 331 451 331 73
507 328 460 327 501 343 449 342 62
506 85 505 85 507 87 503 87 11
500 119 497 119 503 119 500 119 113
500 125 497 125 503 125 500 125 126
500 139 496 139 503 139 499 139 146
504 143 501 143 507 143 504 143 232
504 155 500 155 507 155 503 155 150
500 161 497 161 503 161 500 161 372
504 181 501 183 507 181 496 183 456
503 205 495 204 505 205 497 205 149
506 214 496 214 507 215 498 215 80
504 216 494 216 505 217 495 217 70
507 229 492 229 507 231 491 231 32
508 250 486 250 507 253 485 253 63
506 257 483 257 505 261 480 261 47
509 266 481 266 507 271 478 271 43
501 270 472 271 503 275 473 275 51
511 326 464 325 505 341 454 341 63
514 341 462 340 507 359 450 359 29
508 121 505 121 511 121 508 121 99
508 127 505 127 511 127 508 127 106
510 135 507 135 513 135 510 135 103
508 141 504 141 511 141 507 141 120
508 149 504 148 511 149 507 148 164
510 157 506 157 513 157 509 157 159
510 163 506 163 513 163 509 163 118
506 173 503 173 509 173 506 173 240
510 183 506 181 513 183 509 182 214
507 194 500 194 509 195 502 195 227
507 218 496 218 509 219 498 219 64
508 224 495 224 509 225 496 225 64
510 227 496 227 511 229 497 229 46
508 233 493 233 509 235 492 235 82
509 239 491 239 509 241 491 241 48
511 244 492 244 511 247 490 247 54
509 246 489 246 509 249 487 249 65
514 248 493 248 513 251 491 251 48
514 255 490 255 513 259 489 259 61
514 259 490 259 513 263 487 263 50
513 273 484 273 511 279 480 279 50
511 272 482 272 509 277 478 277 51
516 296 480 296 513 305 466 307 69
513 301 475 301 509 311 467 311 54
514 325 468 324 509 339 458 339 38
515 338 465 337 509 355 453 355 28
517 344 465 343 511 363 453 362 29
512 125 509 125 515 125 512 125 112
516 127 513 127 519 127 516 127 103
517 136 512 134 519 135 519 137 108
514 149 510 149 517 149 513 149 128
516 181 512 181 519 181 515 181 255
516 189 512 189 519 189 515 189 465
512 185 509 185 515 185 511 184 368
513 193 506 192 515 193 509 193 221
514 210 505 210 515 211 507 211 170
517 231 501 231 517 233 501 233 43
518 257 494 257 517 261 492 261 110
517 271 488 271 515 277 487 277 44
522 297 485 297 519 307 479 307 37
522 304 483 304 519 315 477 314 48
521 308 480 308 517 319 472 319 37
521 318 477 317 517 331 469 330 32
519 324 474 323 515 337 466 336 34
524 328 477 328 519 343 467 343 35
520 329 473 330 515 345 462 345 37
521 341 470 341 515 359 458 359 33
521 138 516 136 523 137 519 136 73
518 155 514 155 521 155 517 155 113
520 183 517 181 523 183 520 181 296
522 181 519 179 525 181 522 179 198
522 187 519 187 525 187 522 187 445
518 197 512 197 521 197 515 197 131
523 207 516 206 525 207 519 207 68
522 214 514 214 525 215 516 215 74
519 218 508 218 521 219 510 219 96
521 222 511 222 523 223 510 223 85
521 226 509 225 523 227 509 227 56
526 270 498 270 525 275 495 275 41
525 289 485 289 523 297 486 297 30
528 292 492 292 525 301 486 301 45
525 315 482 314 521 327 475 327 24
527 320 482 321 523 335 474 335 28
528 143 525 143 531 143 527 142 56
524 151 520 151 527 151 523 151 46
526 155 522 155 529 155 525 155 43
528 169 524 169 531 169 527 169 139
528 181 526 179 531 181 529 179 238
526 193 521 192 529 193 524 193 213
528 197 523 196 531 197 526 197 164
527 205 520 204 529 205 523 205 213
527 220 517 220 529 221 517 221 94
526 224 513 223 527 225 515 225 87
526 237 510 237 527 239 509 239 48
528 246 507 246 529 249 507 249 69
529 263 503 263 529 267 502 267 35
531 259 507 259 531 263 506 263 36
532 277 501 275 531 283 499 281 29
531 289 496 288 529 297 492 297 36
535 327 487 329 531 345 478 345 33
535 336 486 336 531 353 476 353 43
531 124 524 123 533 125 531 125 38
532 145 528 145 535 145 531 145 41
530 161 526 161 533 161 529 161 63
534 189 530 188 537 189 533 189 291
530 191 526 191 533 191 528 190 201
534 195 529 194 537 195 532 195 285
532 203 527 203 535 203 529 203 263
536 237 518 237 537 239 519 239 67
536 321 491 321 533 335 484 334 67
540 339 489 339 537 357 480 357 121
540 151 536 151 543 151 539 151 118
538 177 535 176 541 177 538 177 204
536 179 533 178 539 179 537 177 204
540 214 531 214 543 215 533 215 178
543 226 528 226 543 225 530 225 109
538 240 520 240 539 243 520 243 52
541 237 522 237 543 239 525 239 52
542 246 521 246 543 249 522 249 76
539 261 513 261 539 265 512 265 49
544 299 506 299 543 309 502 308 110
546 315 501 318 543 331 495 331 139
542 329 494 329 539 345 486 343 93
546 143 542 143 549 143 545 143 28
542 203 531 202 545 203 534 202 427
545 233 529 233 547 235 530 235 77
547 231 532 231 549 233 533 233 94
543 239 526 238 545 241 526 241 59
548 263 522 262 549 267 522 267 55
549 279 517 279 549 287 515 287 103
550 305 510 304 549 315 506 315 239
548 149 544 149 551 149 547 149 44
552 149 548 149 555 149 551 149 60
550 153 546 153 553 153 549 153 40
550 168 547 169 553 169 550 169 91
552 189 539 190 555 189 543 190 368
549 237 532 237 551 239 532 239 69
550 246 529 246 551 249 529 249 114
553 252 531 252 555 255 532 255 81
550 257 525 257 551 261 525 261 61
551 285 518 286 551 293 515 293 110
555 291 520 290 555 299 517 299 128
553 299 516 297 553 307 512 308 150
552 301 513 301 551 311 509 311 154
554 313 511 314 553 325 506 326 145
553 329 506 326 551 341 499 342 174
557 338 506 338 555 355 499 355 124
557 159 555 159 561 159 558 159 51
558 171 555 171 561 171 559 171 139
554 167 551 167 557 167 554 167 145
556 178 554 178 559 179 558 178 294
555 187 541 186 559 187 545 186 257
555 199 541 199 559 199 545 199 180
555 203 541 203 559 203 545 203 419
557 221 543 221 561 221 547 221 109
555 225 541 225 559 225 544 225 60
559 241 539 241 561 243 542 242 96
557 247 535 247 559 251 536 251 97
556 261 530 261 557 265 530 265 77
558 273 528 274 559 279 526 281 114
558 286 526 284 559 293 524 292 129
561 299 523 300 561 309 520 309 120
558 314 515 315 557 327 510 328 113
561 317 517 317 561 331 512 331 97
558 331 510 331 557 347 504 347 120
560 155 558 155 563 155 561 155 62
562 169 561 169 565 169 565 169 111
563 173 563 173 567 173 566 173 151
563 181 563 180 567 181 563 180 350
559 205 545 205 563 205 549 204 317
559 213 545 213 563 213 549 213 106
561 219 547 219 565 219 551 219 184
563 221 549 221 567 221 552 221 107
562 228 547 228 565 229 549 229 132
561 237 544 236 563 239 545 238 87
565 259 541 258 567 263 540 263 72
564 267 536 268 565 273 535 274 81
566 275 535 276 567 281 535 281 71
563 292 527 293 563 301 525 300 94
563 293 527 293 563 303 524 303 107
566 296 529 295 567 305 527 305 97
563 328 516 328 563 343 511 343 69
566 339 516 339 567 357 510 357 47
569 173 569 173 573 173 573 173 81
565 173 565 173 569 173 568 173 125
567 183 567 183 571 183 570 183 211
566 195 552 195 569 195 555 195 160
568 198 553 196 571 197 557 197 130
569 203 556 203 573 203 559 203 131
567 217 553 217 571 217 557 217 136
569 219 555 219 573 219 559 219 110
565 227 552 226 569 227 555 227 149
567 234 550 235 569 237 552 236 175
571 248 550 248 573 251 551 251 85
571 252 549 251 573 255 550 255 75
568 262 542 262 569 267 542 267 54
568 269 540 268 569 275 539 274 65
568 287 534 287 569 295 533 295 79
572 287 538 287 573 295 537 295 54
572 299 534 299 573 309 532 309 45
571 306 532 306 573 317 529 317 48
570 313 528 314 571 327 525 326 49
571 320 526 320 571 335 521 336 62
571 325 525 325 571 341 519 341 59
571 153 568 153 575 153 571 153 79
575 168 575 168 579 169 579 169 119
571 181 571 180 575 181 574 181 144
574 190 572 190 577 191 575 191 222
571 193 570 192 575 193 572 193 205
574 204 559 205 577 205 563 205 136
571 208 557 208 575 209 561 209 158
572 224 559 224 575 225 562 225 130
577 227 563 227 579 229 565 229 58
576 225 563 225 579 227 565 227 79
576 235 559 235 579 237 561 237 68
574 231 559 231 577 233 561 233 81
573 241 554 241 575 243 556 242 79
573 244 554 244 575 247 554 247 100
573 264 546 264 575 269 546 269 46
577 270 548 271 579 275 548 275 40
575 285 542 285 577 293 541 293 43
577 306 536 307 579 317 536 316 38
575 339 523 339 575 357 518 357 45
580 338 528 337 579 355 523 355 52
582 119 576 119 585 119 579 119 91
578 129 572 128 581 127 575 127 36
579 137 574 137 583 137 577 137 111
581 153 578 153 585 153 582 153 107
577 156 574 156 581 157 578 157 98
582 173 581 173 585 173 584 173 94
577 182 577 182 581 183 580 182 91
582 179 580 178 585 179 584 179 80
578 195 574 194 581 195 577 195 118
582 198 577 198 585 199 580 199 89
580 258 555 258 583 263 556 263 45
581 294 545 293 583 303 544 303 36
584 299 543 299 583 309 547 308 44
579 313 539 311 581 325 535 325 30
582 318 538 318 583 331 535 331 71
580 321 534 321 581 335 531 335 48
583 331 535 331 585 347 531 347 80
586 116 580 117 589 117 583 117 41
588 115 582 115 591 115 585 115 50
584 123 578 123 587 123 581 123 46
588 121 582 121 591 121 585 121 41
584 133 578 133 587 133 581 133 51
587 131 582 131 591 131 585 131 106
586 143 580 143 589 143 583 143 77
583 147 578 147 587 147 582 147 118
587 145 582 145 591 145 586 145 113
584 157 580 156 587 157 584 157 117
585 177 584 176 589 177 587 177 123
584 193 580 192 587 193 583 193 170
585 202 580 202 589 203 583 203 74
584 206 576 206 587 207 579 207 87
584 210 575 210 587 211 578 211 88
584 229 569 229 587 231 572 231 53
584 235 567 234 587 237 569 237 47
588 237 570 236 591 239 573 239 39
586 246 566 246 589 249 567 249 46
588 251 566 251 591 255 567 255 36
584 248 562 247 587 251 565 251 38
587 258 563 258 591 263 565 263 87
584 262 558 262 587 267 561 267 83
584 266 557 266 587 271 557 271 74
585 288 548 288 589 295 552 295 81
589 291 554 290 591 299 553 299 36
589 314 547 314 591 327 539 327 81
589 119 584 119 593 119 587 119 84
593 159 590 159 597 159 593 159 71
589 173 587 172 593 173 591 173 66
594 193 590 192 597 193 593 193 114
591 200 586 200 595 201 589 201 104
592 197 587 196 595 197 591 197 88
590 199 585 198 593 199 588 199 67
589 204 583 204 593 205 587 205 97
592 233 576 233 595 235 578 235 42
594 253 570 253 597 257 572 257 46
592 266 565 266 595 271 566 271 55
594 266 567 266 597 271 568 271 50
590 273 561 273 593 279 561 279 46
590 278 558 278 593 285 560 285 30
592 288 556 288 595 297 558 297 49
590 301 549 302 593 311 552 310 61
594 311 553 311 597 323 551 324 34
590 332 542 332 593 349 539 348 58
594 331 546 331 597 347 543 347 79
592 335 542 335 595 353 540 353 61
597 87 586 86 601 85 589 85 42
600 95 588 94 603 93 592 93 135
597 92 586 92 601 91 590 91 139
597 98 586 98 601 97 590 97 68
599 103 588 102 603 101 591 101 188
599 123 593 123 603 123 597 123 71
597 119 591 119 601 119 595 119 96
595 129 590 129 599 129 593 129 40
599 151 581 153 603 151 585 153 324
599 160 596 161 603 161 600 162 82
600 188 596 188 603 189 599 189 70
596 193 592 192 599 193 595 193 69
599 216 589 216 603 217 592 216 59
596 251 573 251 599 255 575 255 43
598 255 574 255 601 259 576 259 38
601 268 571 267 603 273 573 273 52
598 271 569 271 601 277 571 277 50
599 275 569 274 603 281 570 281 62
599 302 561 302 603 313 560 313 42
596 322 550 322 599 337 549 336 54
600 329 552 329 603 345 551 345 66
598 336 548 335 601 353 546 353 62
605 71 593 71 609 69 597 69 56
603 73 591 73 607 71 595 71 30
603 79 591 79 607 77 595 77 135
605 89 593 89 609 87 597 87 55
603 87 592 86 607 85 595 85 70
601 91 590 90 605 89 593 89 62
603 93 592 93 607 91 596 91 86
603 100 592 100 607 99 596 99 141
605 104 594 104 609 103 598 103 160
601 106 590 105 605 105 594 105 136
603 122 595 122 607 121 599 122 102
605 120 597 121 609 119 601 120 137
603 131 593 132 607 131 600 131 49
601 164 598 165 605 165 601 164 120
604 185 600 184 607 185 603 185 75
602 218 589 217 605 219 593 219 52
603 227 589 227 607 229 592 229 87
605 229 591 229 609 231 594 231 60
601 233 587 233 605 235 593 235 73
603 240 585 240 607 243 588 243 52
601 242 582 242 605 245 584 245 44
601 278 571 278 605 285 572 285 93
605 290 570 290 609 299 571 299 76
607 295 570 295 609 305 569 305 47
603 341 553 341 607 359 550 359 38
611 69 599 69 615 67 603 67 104
607 73 596 73 611 71 599 70 56
609 85 598 84 613 83 602 83 53
607 110 596 110 611 109 599 109 254
611 122 603 121 615 121 606 121 118
611 128 603 127 615 127 607 127 55
607 135 599 135 611 135 602 135 45
609 147 603 146 613 147 607 147 117
611 193 605 192 615 193 609 192 69
609 198 603 199 613 199 606 199 85
607 225 594 226 611 227 597 227 49
607 239 589 238 611 241 592 241 73
611 242 591 242 615 245 594 245 70
607 247 585 247 611 251 588 250 57
613 261 583 262 613 267 584 267 122
611 271 582 271 615 277 584 277 78
609 297 573 297 613 307 573 307 56
611 307 570 306 615 319 570 319 50
611 326 563 325 615 341 564 341 85
615 131 607 131 619 131 610 131 62
617 167 613 165 621 167 616 168 424
613 187 607 187 617 187 611 187 126
615 197 608 196 619 197 612 197 87
613 206 606 206 617 207 610 207 73
617 251 594 251 621 255 597 255 77
615 269 586 269 619 275 589 275 64
612 275 582 275 619 281 587 281 150
615 282 582 282 619 289 584 289 95
614 286 580 285 619 295 582 294 55
612 292 572 292 617 301 573 301 88
615 296 578 295 619 305 579 305 99
613 314 570 314 617 327 570 327 60
616 312 574 313 621 325 574 325 68
614 311 572 311 619 323 573 323 84
614 320 569 319 619 333 570 333 72
614 316 572 316 619 329 572 329 99
615 337 566 337 621 355 565 355 56
620 42 598 42 625 37 602 37 72
619 83 607 83 623 81 611 81 105
619 81 606 81 623 79 610 79 134
623 95 610 95 627 93 614 92 65
621 118 609 117 625 117 613 116 111
623 126 612 126 627 125 617 126 101
619 171 614 171 623 171 618 171 318
621 198 613 199 625 199 617 201 152
621 210 612 210 625 211 616 211 28
619 214 610 214 623 215 614 215 23
623 214 613 213 627 215 617 215 38
617 226 605 225 623 227 607 227 38
619 229 604 229 623 231 607 231 65
620 246 600 246 625 249 603 249 92
619 264 592 264 623 269 595 269 64
620 268 592 267 625 273 595 273 60
618 273 589 273 623 279 592 279 69
618 283 585 283 623 291 587 291 72
621 310 581 310 627 323 583 322 95
620 324 574 324 625 339 574 339 94
622 329 574 329 627 345 575 346 94
619 342 567 342 625 361 567 361 75
626 26 605 25 631 19 609 19 43
627 72 615 71 631 69 619 69 132
626 77 614 77 631 75 619 75 109
625 89 611 89 629 87 616 87 72
627 122 618 122 631 121 622 121 116
625 122 617 122 629 121 621 122 98
628 129 621 129 633 129 624 128 80
627 231 612 231 631 233 615 233 55
626 235 610 235 631 237 613 237 67
624 238 606 238 629 241 610 241 89
626 243 605 242 629 245 609 245 91
625 244 604 243 629 247 607 245 91
628 257 603 256 633 261 607 261 70
627 281 594 281 631 289 596 289 92
628 285 594 285 633 293 597 293 60
624 290 586 291 629 299 589 300 132
627 293 593 292 631 303 592 303 77
623 305 583 305 629 317 585 316 114
623 321 581 321 629 335 580 335 78
623 334 573 334 629 351 574 351 105
633 26 613 25 639 19 617 19 151
633 30 614 30 639 25 619 25 102
630 31 609 32 635 27 615 27 74
630 47 608 46 635 41 614 41 110
632 70 621 69 637 67 625 67 129
630 79 617 80 635 77 621 78 66
635 99 618 101 639 97 622 99 139
633 123 624 124 637 123 628 123 83
633 169 625 170 637 169 623 168 851
632 218 620 218 635 219 624 219 25
634 231 618 231 639 233 622 233 43
634 237 617 236 639 239 621 239 150
632 245 611 245 637 249 615 249 101
634 273 604 273 639 279 608 279 78
631 276 601 276 637 283 604 283 91
633 299 595 299 639 309 598 309 96
629 300 590 300 635 311 593 311 92
635 25 615 25 641 19 620 19 80
638 116 625 116 643 115 630 115 95
638 126 630 127 643 125 634 126 83
641 162 633 161 645 163 637 161 363
640 184 630 184 645 185 634 185 137
640 194 630 194 645 195 633 195 25
640 214 628 214 645 215 633 215 16
636 216 624 215 641 217 628 217 15
637 220 624 219 641 221 629 221 49
641 233 623 233 645 235 628 235 92
639 237 620 236 643 239 626 239 62
640 245 617 245 645 249 623 249 69
636 249 614 249 641 253 618 253 52
639 251 617 251 645 255 622 255 51
635 297 597 297 641 307 600 307 80
637 301 598 301 643 311 601 311 82
635 306 594 306 641 317 597 317 77
636 312 594 312 643 325 597 325 105
637 317 594 317 645 331 597 331 87
634 340 583 340 641 359 583 359 76
645 31 624 29 651 25 630 24 190
643 42 624 43 649 37 629 37 127
641 48 620 48 647 43 625 43 159
643 52 622 52 649 47 627 47 201
646 84 633 83 651 81 638 81 69
644 93 631 93 649 91 635 91 59
646 110 633 109 651 109 638 108 56
644 122 632 122 649 121 636 120 79
646 122 634 122 651 121 638 121 100
642 139 634 139 647 139 639 139 110
646 194 636 194 651 195 640 195 22
648 198 634 198 649 199 638 199 35
643 200 632 200 647 201 636 201 32
647 202 637 202 651 203 639 204 27
647 211 635 211 651 213 638 213 14
644 229 625 228 649 231 633 231 41
645 251 623 251 651 255 628 255 42
645 258 620 258 651 263 624 263 75
644 269 616 269 651 275 621 275 54
643 273 614 273 649 279 618 279 90
644 283 611 283 651 291 615 291 82
641 287 607 287 647 295 610 295 63
642 312 600 312 649 325 603 325 65
640 314 598 314 647 327 601 327 87
640 321 597 321 647 335 597 335 95
641 324 595 324 649 339 598 339 97
644 330 595 330 647 345 594 345 107
647 40 628 40 653 35 633 35 135
648 91 635 91 653 89 640 89 62
650 99 637 98 655 97 642 97 49
650 107 638 107 655 105 642 105 47
652 124 639 123 657 123 644 123 199
648 133 636 132 653 133 641 131 123
650 137 638 137 655 137 643 138 192
649 173 640 173 653 173 646 173 158
648 181 638 182 653 183 642 181 54
653 194 642 194 657 195 647 195 21
652 200 642 200 657 201 646 201 20
646 228 632 228 653 231 636 230 37
650 233 634 233 655 235 639 235 54
649 247 628 247 655 251 633 251 60
646 297 608 297 653 307 612 307 39
645 337 596 337 655 355 600 355 116
653 27 632 28 659 21 638 21 147
654 30 634 31 661 25 640 25 131
653 40 631 41 659 35 640 33 147
657 45 635 46 663 41 641 41 187
657 96 645 97 663 95 649 94 66
659 176 647 175 663 177 651 177 60
655 208 643 208 661 209 649 209 14
657 236 634 238 663 239 638 240 148
653 251 631 251 659 255 636 255 33
653 254 629 255 659 259 633 259 46
653 273 623 273 659 279 628 279 77
654 280 621 278 661 287 627 287 75
651 299 613 299 659 309 617 309 39
653 302 614 302 661 313 619 313 40
653 306 611 306 661 317 616 317 46
655 310 613 310 663 323 618 322 68
650 319 606 319 659 333 610 333 88
655 317 610 317 663 331 615 331 47
659 50 637 50 665 45 645 45 198
661 90 648 88 667 87 653 87 96
662 87 651 86 669 83 656 84 110
660 114 647 113 665 113 652 112 187
662 163 651 161 667 163 655 163 249
664 171 652 170 669 171 657 171 86
662 169 650 168 667 169 655 169 125
664 199 653 199 669 201 657 202 27
665 217 651 217 669 219 661 218 16
659 227 644 227 667 231 651 231 60
661 234 645 235 667 237 649 237 133
662 269 633 269 669 275 638 275 43
658 295 619 294 667 305 626 304 96
660 297 623 297 669 307 628 306 120
666 29 645 29 673 23 651 23 162
666 75 654 73 671 73 658 73 186
666 109 653 109 671 107 658 107 93
666 115 653 114 671 113 658 113 211
670 133 659 137 675 135 665 136 829
670 157 661 155 675 157 666 155 549
668 169 656 169 673 169 661 169 210
670 176 663 176 675 177 668 176 73
668 185 662 185 673 185 667 185 68
668 200 660 199 673 201 665 200 31
669 246 649 246 675 249 654 249 91
666 251 644 251 673 255 650 255 56
668 251 646 251 675 255 652 255 74
664 260 639 260 671 265 644 265 73
666 266 638 265 673 271 644 271 25
665 267 638 267 673 273 643 273 38
667 271 639 271 675 277 644 277 42
664 273 635 273 671 279 640 279 34
663 283 630 283 671 291 635 291 112
668 305 628 305 675 313 633 313 118
662 306 623 306 671 317 626 317 51
662 337 612 337 673 355 617 355 147
675 114 662 114 681 113 668 113 193
672 175 664 174 677 175 669 175 64
675 187 667 188 679 189 671 187 26
672 192 664 192 677 193 669 193 36
672 247 651 247 679 251 657 251 93
672 253 649 253 679 257 655 257 94
671 267 644 267 679 273 650 273 54
670 293 634 293 679 303 639 301 93
671 312 629 312 681 325 635 325 81
679 97 661 97 685 95 672 95 163
677 117 663 118 683 115 669 116 200
682 151 673 151 687 151 678 151 150
680 161 672 163 685 159 677 161 84
678 180 670 180 683 181 675 181 50
682 178 674 180 687 179 678 179 55
678 194 670 194 683 195 674 196 33
682 190 674 190 687 191 682 191 53
682 194 674 194 687 195 679 195 16
679 256 655 256 687 261 661 261 72
677 304 638 304 687 315 644 315 137
676 321 631 320 687 335 638 335 127
686 50 665 50 693 45 672 45 304
683 93 669 93 689 91 676 91 153
684 128 675 129 689 127 680 129 108
686 131 677 131 691 131 682 131 87
684 156 675 154 689 155 680 155 121
688 178 679 178 693 179 684 179 53
688 199 679 200 693 203 684 201 22
686 208 675 206 693 209 683 210 25
686 238 665 237 693 241 671 241 95
682 242 661 241 689 245 668 245 107
683 247 661 247 691 251 668 251 92
681 251 659 251 689 255 665 255 71
682 265 655 265 691 271 662 271 37
684 269 656 269 693 275 663 275 32
683 276 653 276 691 283 659 283 40
681 299 643 299 691 309 650 309 73
691 124 683 121 697 123 692 122 180
693 143 683 143 699 145 688 144 59
691 147 681 145 697 147 687 147 52
694 151 684 151 699 151 689 151 44
692 176 682 177 697 177 688 177 67
693 190 683 190 699 191 689 189 26
687 227 669 226 695 229 675 229 79
687 253 664 253 695 257 671 257 106
692 273 665 273 697 279 666 279 67
689 291 653 291 699 301 660 301 33
686 309 644 309 699 321 653 321 64
684 312 642 312 695 325 649 325 99
687 317 643 317 699 331 651 331 87
689 35 657 32 701 25 665 25 312
692 44 659 43 701 35 669 33 480
695 94 675 94 703 91 682 91 121
697 178 687 178 703 179 693 179 34
699 196 689 196 705 197 695 197 31
693 240 673 240 701 243 680 243 62
694 258 669 258 703 263 677 263 133
693 283 660 283 703 291 668 291 60
692 295 655 295 703 305 663 305 33
690 299 652 299 701 309 660 309 46
691 311 645 311 703 323 658 323 121
698 91 678 91 707 89 686 89 113
701 166 691 166 707 167 696 167 79
701 198 692 199 707 199 697 199 58
700 223 680 222 707 225 687 225 34
701 219 682 219 709 221 689 221 41
703 226 683 226 711 229 690 229 45
699 238 678 238 707 241 685 241 116
701 243 680 243 709 247 687 247 54
701 249 679 249 709 253 686 253 69
702 254 678 254 711 259 686 259 99
701 267 674 267 711 273 682 273 68
697 278 667 278 707 285 675 285 97
699 274 673 275 709 281 677 281 91
698 281 666 281 709 289 675 289 68
696 291 661 292 707 301 669 301 42
699 293 663 293 711 303 671 303 47
697 295 660 295 709 305 669 305 42
707 91 684 93 715 87 691 87 136
707 135 687 135 715 133 693 132 124
707 133 687 133 715 131 694 132 108
707 167 696 165 713 167 702 165 122
705 221 684 218 713 223 693 223 50
705 234 684 234 713 237 691 237 63
706 258 680 258 715 263 688 263 175
703 299 665 299 715 309 674 309 56
705 295 668 295 717 305 677 305 51
704 302 667 302 715 313 675 313 57
711 29 676 25 723 17 689 19 265
712 39 678 36 723 29 688 28 202
712 75 690 75 721 71 698 71 126
712 85 691 83 721 81 699 80 71
712 91 690 91 721 87 698 87 103
710 87 688 86 719 83 696 82 116
712 96 693 95 721 93 700 93 86
712 132 691 131 719 131 698 129 106
713 142 694 141 723 139 701 140 84
711 216 692 216 719 219 699 218 33
711 231 690 230 719 233 697 233 52
712 265 685 265 723 271 694 271 85
713 280 681 280 723 287 689 287 112
709 283 677 283 721 291 686 291 80
707 297 670 297 719 307 678 307 62
706 300 668 300 719 311 677 311 54
708 306 667 306 721 319 677 318 45
714 52 682 50 725 43 691 45 178
720 134 700 133 729 133 708 132 104
718 136 699 137 727 135 707 136 93
720 140 700 139 729 139 708 138 92
718 142 698 142 727 141 706 141 83
720 169 700 169 729 169 708 169 89
717 176 698 175 727 177 706 176 116
720 204 700 202 729 205 708 205 61
716 221 696 220 725 223 704 223 53
720 222 700 222 729 225 708 224 46
716 238 695 237 725 241 703 241 48
715 258 690 258 725 263 698 263 108
716 272 685 272 727 279 695 279 258
714 276 683 276 725 283 692 283 172
711 281 681 281 725 289 691 289 137
714 295 677 295 727 305 687 305 44
714 301 676 300 727 311 685 311 56
712 310 670 311 725 323 679 323 27
713 330 679 333 729 347 689 348 38
723 56 692 55 735 47 701 48 109
725 74 703 73 735 69 713 67 129
726 132 705 133 735 131 714 131 115
722 144 702 143 731 143 710 142 116
726 158 706 157 735 159 714 158 132
722 161 702 161 731 161 710 160 93
724 186 704 187 733 187 712 187 92
722 194 702 194 731 195 710 195 73
726 192 706 192 735 193 714 193 95
723 283 690 283 735 291 700 291 99
718 299 680 299 731 309 690 309 43
721 297 684 297 735 307 694 307 61
716 319 672 319 731 333 682 333 19
717 326 683 327 733 343 681 342 35
727 81 705 81 737 77 717 76 98
731 141 709 140 741 139 719 137 132
728 148 708 148 737 147 716 146 102
731 159 711 157 741 157 720 156 149
731 171 710 172 739 171 718 172 88
733 201 712 199 741 201 720 201 112
728 217 708 217 737 219 716 219 70
728 232 707 232 737 235 715 235 49
730 240 708 240 739 243 716 243 54
726 267 698 267 737 273 707 273 134
728 281 696 281 741 289 706 289 213
729 287 695 287 741 295 705 295 105
724 288 690 288 737 297 700 297 76
725 299 687 298 739 309 698 309 49
726 305 686 305 741 317 698 317 54
721 325 686 323 737 341 701 343 54
733 56 700 55 747 47 712 47 109
733 94 712 95 743 91 721 92 99
734 154 713 153 743 153 722 153 221
738 194 725 195 745 197 732 197 63
734 217 714 217 743 219 722 218 61
739 233 719 233 747 235 727 237 75
735 247 713 247 745 251 722 251 48
730 272 704 273 743 279 711 279 208
735 269 706 269 745 275 714 275 138
733 278 701 278 745 285 711 285 209
735 274 704 274 747 281 714 281 221
734 279 702 279 747 287 713 287 173
731 294 695 293 745 303 706 303 81
733 295 697 295 747 305 708 305 72
730 301 691 302 745 313 702 313 58
728 305 688 305 743 317 699 317 36
740 38 702 40 753 29 714 30 156
743 230 722 230 753 233 731 233 14
741 254 717 254 753 259 728 259 109
739 288 704 288 753 297 713 295 156
747 93 713 97 759 91 722 93 128
747 209 724 210 755 211 731 209 50
749 237 728 236 759 241 737 240 7
749 245 727 245 759 249 736 249 39
745 256 721 256 757 261 731 261 94
745 265 717 265 757 271 727 271 150
740 284 706 284 755 293 718 293 164
745 292 709 292 759 301 722 302 176
750 80 718 79 765 73 730 73 101
756 130 741 129 765 129 750 128 70
754 159 735 157 763 159 743 157 284
753 236 731 235 763 239 741 238 10
750 276 715 275 763 283 726 282 139
751 281 717 281 765 289 729 289 98
746 307 705 307 763 319 718 319 116
748 305 708 305 765 317 721 317 126
753 28 718 28 769 17 731 17 153
755 43 721 42 771 33 733 33 163
752 85 720 85 767 79 732 78 77
755 92 723 92 771 87 736 87 88
760 168 745 165 769 169 754 167 35
756 249 734 249 767 253 744 253 69
757 256 730 255 769 261 741 260 119
757 260 729 259 769 265 741 265 110
752 286 716 286 767 295 729 295 117
762 87 728 85 777 81 741 80 104
760 97 727 96 775 91 740 91 129
766 167 751 166 775 167 760 167 28
764 217 748 217 773 219 757 219 17
765 243 744 243 777 247 755 246 27
759 274 724 273 775 281 737 281 80
760 296 722 296 777 307 735 307 147
760 302 720 301 777 313 733 312 163
757 312 715 312 775 325 728 324 114
772 167 756 166 781 167 765 167 29
772 176 755 176 781 177 765 176 15
772 172 756 173 781 173 765 173 32
769 207 754 207 779 209 764 209 16
772 219 756 217 781 221 765 220 13
771 238 749 239 783 241 760 239 15
768 241 747 241 781 245 758 245 22
767 272 731 271 783 279 745 279 128
763 273 727 274 779 281 740 281 116
763 277 727 277 779 285 740 285 101
764 300 725 300 781 311 738 311 231
762 316 721 318 781 329 734 329 61
769 95 736 95 785 89 750 89 96
770 98 737 98 787 93 751 92 93
775 248 753 248 787 251 765 252 52
768 292 729 292 785 303 743 303 81
771 296 733 297 789 307 747 307 108
770 314 727 314 789 327 743 327 102
769 319 725 319 789 333 740 333 72
777 54 742 53 795 45 757 44 101
773 58 738 58 791 49 752 48 120
777 58 742 58 795 49 757 48 129
784 156 767 156 795 155 777 153 42
781 205 765 205 795 207 771 206 15
775 225 759 225 791 229 774 228 24
774 258 740 258 791 265 754 265 136
775 276 739 276 793 285 754 285 61
775 287 737 287 793 297 751 297 95
772 283 734 283 791 293 749 293 61
772 316 729 316 791 329 744 329 137
783 51 747 47 799 41 760 40 91
784 108 750 107 801 103 766 104 53
790 167 773 163 801 167 783 166 66
787 176 770 176 799 177 781 177 51
780 255 746 254 797 261 760 261 39
783 273 746 273 801 281 761 281 61
786 108 754 109 805 105 767 103 69
789 113 755 112 807 109 771 109 85
785 117 750 116 803 113 767 113 105
786 269 750 269 805 277 765 277 55
783 288 743 288 803 299 760 299 67
787 292 746 293 807 303 763 303 58
786 299 744 298 807 311 762 311 66
784 306 743 306 805 319 759 319 226
783 312 740 312 803 325 756 325 110
783 318 739 318 805 333 757 334 205
781 322 736 322 803 337 754 337 128
781 329 734 329 803 345 751 345 113
794 41 761 40 813 31 776 30 122
792 65 756 65 811 57 771 56 133
795 60 761 59 813 53 777 51 76
790 62 755 62 809 53 771 52 102
794 234 777 235 813 239 795 241 140
795 250 760 250 813 257 776 257 38
792 284 751 284 813 295 768 295 92
791 297 749 297 813 309 767 309 54
786 314 744 315 809 329 763 331 156
799 75 764 74 819 67 780 66 88
799 89 764 89 819 83 781 83 96
797 103 759 101 815 99 777 97 65
799 234 765 233 819 239 784 237 46
800 242 764 242 819 247 781 247 45
800 254 764 254 819 261 781 261 42
796 260 761 259 815 267 777 267 60
799 264 763 264 819 271 780 271 54
799 273 759 269 819 281 778 281 82
794 281 754 282 815 291 771 292 60
796 278 756 276 817 287 775 287 59
798 285 757 286 819 295 775 296 70
795 299 753 298 817 311 770 311 61
793 308 751 308 815 321 768 321 101
801 77 765 76 821 69 782 68 105
804 75 768 74 825 67 786 66 139
801 87 765 87 821 81 783 80 89
805 91 769 91 825 85 787 84 174
806 236 770 235 825 241 787 240 49
805 245 770 245 825 251 787 251 32
804 256 768 256 823 263 785 263 60
802 268 764 269 823 277 781 276 70
802 276 764 276 823 285 781 285 78
800 276 762 276 821 285 779 285 79
801 282 761 282 823 293 779 292 66
799 301 757 301 821 313 774 313 65
800 312 756 312 823 325 775 325 74
810 79 775 79 831 73 792 72 237
808 94 773 94 829 89 791 89 184
807 136 772 135 827 133 790 133 130
811 245 776 245 831 251 793 251 36
807 253 772 253 827 259 789 259 56
807 257 772 257 827 265 788 265 76
808 270 770 270 829 279 788 278 58
805 267 767 267 827 275 785 275 72
806 272 768 272 827 281 785 281 74
805 279 767 279 827 289 785 289 93
804 287 767 286 827 297 781 298 73
807 299 764 299 831 311 784 311 69
807 313 763 313 831 327 783 327 89
804 317 759 317 827 331 777 331 133
803 332 754 331 829 349 775 349 215
812 71 776 70 833 63 794 62 208
813 243 778 244 833 249 795 249 70
814 256 777 255 835 263 795 263 86
814 283 772 283 837 293 792 294 76
811 289 768 289 835 301 788 301 65
810 293 767 294 833 305 786 305 51
811 295 768 295 835 307 788 307 105
813 304 769 304 837 317 789 317 90
812 309 769 313 837 323 789 323 108
822 154 786 154 843 153 804 152 49
818 150 782 150 839 149 801 148 67
818 163 782 163 839 163 801 162 79
820 167 784 167 841 167 803 166 72
820 173 784 173 841 173 803 173 68
817 181 784 184 839 185 801 185 68
822 210 787 210 843 213 805 213 107
820 206 785 206 841 209 803 209 84
818 217 782 217 839 221 801 221 126
820 234 785 234 841 239 803 239 98
817 269 779 269 839 277 798 277 87
815 278 775 278 841 291 796 291 89
821 278 781 277 843 287 799 287 65
815 294 772 293 839 305 792 305 107
816 312 772 312 841 325 793 325 55
824 32 785 31 847 21 805 21 187
825 119 790 119 847 113 809 115 636
823 158 788 157 845 157 806 157 56
825 163 790 162 847 163 808 163 63
827 182 791 182 849 183 810 183 42
827 203 792 203 849 205 811 206 100
827 209 792 210 849 213 811 214 82
826 208 790 207 847 211 809 211 82
826 214 791 213 847 217 809 217 93
826 222 790 221 847 225 809 225 101
826 234 791 233 847 239 810 238 128
827 239 791 239 849 245 810 244 61
823 252 787 253 845 259 805 259 63
823 263 786 263 845 271 805 271 71
824 267 786 267 847 275 805 275 98
824 302 780 303 849 315 806 315 163
822 307 778 307 847 321 799 321 67
820 306 776 306 845 319 797 319 109
820 312 776 312 845 325 796 325 81
821 318 775 318 847 333 797 333 94
820 322 773 321 847 337 795 337 73
832 152 796 152 855 151 816 151 100
829 173 793 172 851 173 813 173 71
829 195 794 195 851 197 812 196 33
831 208 796 209 853 211 815 212 40
833 210 797 209 855 213 817 213 61
829 245 793 244 851 251 812 251 80
830 256 793 256 853 263 813 263 78
830 281 787 280 855 291 809 291 65
826 293 782 293 851 305 803 305 47
834 132 798 131 857 129 818 128 379
834 158 798 158 857 157 818 157 99
836 167 800 167 859 167 820 167 112
837 186 801 186 859 187 820 186 72
835 198 799 198 857 201 819 200 73
836 208 801 208 859 211 820 211 67
839 211 803 211 861 215 823 214 69
839 217 803 217 861 221 823 220 106
835 219 799 219 857 223 818 223 52
835 225 799 224 857 229 818 229 58
838 238 803 238 861 243 822 243 78
836 245 800 244 859 251 820 250 81
838 250 800 251 861 257 819 257 114
835 280 793 280 861 291 815 291 63
831 284 788 285 857 295 809 295 81
832 293 788 293 859 305 811 305 44
834 295 791 295 861 307 813 307 44
830 299 787 299 857 311 808 311 67
834 309 790 309 861 323 813 323 55
834 318 789 318 861 333 811 333 63
830 316 785 316 857 331 807 331 61
833 323 786 323 861 339 809 339 153
843 63 815 61 867 55 825 53 383
845 126 810 126 867 125 830 123 309
844 145 808 145 867 143 828 144 322
844 152 808 152 867 151 829 151 213
842 167 806 167 865 167 826 166 82
844 171 809 170 867 171 829 170 47
840 183 805 184 863 185 825 185 34
842 201 807 201 865 203 827 203 114
844 219 809 219 867 223 829 223 83
841 219 805 219 863 223 825 223 61
840 252 803 253 863 259 823 259 101
838 286 799 286 865 297 822 297 101
837 282 794 282 863 293 816 293 60
840 290 796 289 867 301 819 301 38
836 291 792 291 863 303 815 303 93
838 304 794 304 865 317 816 317 59
838 311 794 311 865 325 816 325 48
834 314 788 313 863 329 814 329 119
837 320 791 320 865 335 814 335 87
834 332 784 332 865 351 809 351 70
849 84 812 82 873 77 833 77 382
847 103 812 103 869 101 832 99 406
849 115 813 116 873 111 835 112 419
849 123 814 123 873 119 835 119 218
849 136 814 135 873 133 835 132 302
848 148 813 148 871 147 833 146 302
850 150 815 150 873 149 835 149 304
848 155 815 154 871 155 833 154 225
846 200 811 200 869 203 831 202 65
848 209 814 209 873 211 834 211 83
847 206 812 206 871 209 831 207 126
847 214 812 213 871 219 832 217 91
850 234 815 234 873 237 835 238 74
849 254 815 257 873 261 832 260 80
843 284 800 284 871 295 823 295 57
842 300 798 300 869 313 820 313 83
843 304 799 304 871 317 822 317 104
855 118 820 116 879 113 841 112 195
855 132 820 132 879 129 841 129 350
854 138 818 140 877 137 839 136 169
852 143 817 143 875 143 837 143 208
857 244 820 243 879 249 840 248 103
852 251 815 251 875 257 836 257 105
847 279 803 279 875 289 827 289 53
847 295 802 295 875 307 826 307 80
846 300 802 300 875 313 826 313 96
847 306 802 306 875 319 826 319 93
847 321 800 321 877 337 825 337 204
849 323 802 323 879 339 827 339 218
857 73 823 73 883 63 846 63 398
857 81 823 81 883 73 844 74 374
859 104 824 103 883 99 845 99 431
857 119 822 118 881 115 843 114 248
869 149 848 149 885 149 863 148 135
852 289 807 289 881 301 832 301 78
868 98 835 97 891 93 856 92 397
874 132 853 132 891 131 869 131 137
874 144 854 143 891 143 869 143 122
875 149 854 149 891 149 869 149 138
877 231 843 232 891 235 855 236 46
863 265 817 263 891 273 843 273 85
861 272 817 272 891 283 843 282 109
869 35 836 34 893 25 858 24 375
868 57 832 55 893 49 855 48 460
876 119 856 118 893 117 871 117 110
877 157 855 157 893 157 871 157 161
864 271 820 271 893 281 845 281 86
882 119 861 118 899 117 877 117 94
882 124 861 124 899 123 877 123 108
886 128 858 127 903 127 874 128 442
884 134 853 137 901 133 867 133 460
884 64 850 63 909 57 872 56 633
888 151 867 150 905 151 883 150 104
887 159 865 159 905 159 883 159 99
877 255 834 255 907 263 860 263 63
884 43 848 43 911 33 872 32 321
894 159 871 159 911 159 891 158 83
886 195 853 195 911 197 875 196 9
881 251 839 252 911 259 865 260 66
880 256 838 257 911 265 863 264 93
882 266 839 265 913 275 868 273 137
886 255 844 255 917 263 871 263 86
897 31 860 30 923 21 885 19 600
907 211 882 211 925 213 901 212 27
891 249 849 249 923 257 877 257 74
903 71 869 70 931 63 893 62 206
912 201 890 202 931 205 907 204 18
910 205 889 204 929 207 907 207 37
910 207 888 206 929 209 906 209 16
914 210 892 210 933 213 910 214 21
910 211 888 210 929 213 906 213 34
912 223 890 223 931 229 908 227 34
911 54 877 53 939 45 902 44 459
916 190 896 190 939 193 912 193 9
920 201 898 202 939 205 916 203 15
916 207 894 206 935 209 912 209 22
920 213 898 213 939 213 916 215 19
920 227 898 227 939 229 916 229 31
920 233 898 233 939 237 916 237 50
924 151 903 151 943 151 921 151 95
923 207 902 206 943 209 920 209 16
924 229 902 229 943 233 920 233 62
932 141 911 141 951 141 928 142 83
928 153 907 153 947 153 925 153 84
931 201 909 200 951 203 932 202 21
929 211 907 211 949 213 925 213 20
941 136 921 135 961 135 940 134 117
939 138 920 136 959 137 939 135 130
941 142 921 141 961 141 938 141 147
939 49 919 49 969 39 948 38 665
951 208 921 208 969 209 937 209 63
954 151 932 149 975 151 953 151 455
957 138 933 135 977 137 954 136 573
957 144 933 146 977 145 955 144 592
958 144 935 145 979 143 957 142 562
958 149 935 151 979 149 957 149 513
969 151 949 149 991 151 961 149 477
980 151 961 150 1003 151 973 150 439
995 152 968 152 1011 153 989 152 490
995 126 975 127 1017 125 996 125 625
998 143 975 142 1017 143 996 142 411
999 155 972 154 1015 155 993 154 380
998 128 978 127 1021 127 999 126 527
997 139 976 139 1019 139 997 138 477
1003 116 982 116 1025 115 1005 113 554
1008 143 987 142 1025 143 1009 142 458
1011 147 991 146 1029 147 1013 146 472
1010 152 990 152 1027 153 1012 152 372
1013 154 992 154 1031 153 1014 154 490
1017 99 996 98 1041 97 1019 96 331
1019 104 998 103 1043 101 1021 100 263
1023 149 1003 148 1047 149 1025 148 189
1026 94 1005 91 1051 91 1029 89 92
1027 145 1003 144 1051 145 1019 145 349
1025 155 1008 154 1051 155 1031 154 171
1031 149 1011 148 1055 149 1033 148 168
1037 103 1016 103 1063 101 1040 100 158
1040 134 1020 132 1065 133 1043 132 274
1041 165 1020 162 1065 163 1044 164 173
1036 189 1014 189 1061 191 1039 189 24
1043 93 1019 91 1069 91 1046 90 104
1043 99 1021 99 1069 97 1046 96 191
1044 111 1024 110 1069 109 1047 108 217
1046 111 1025 110 1071 109 1049 108 207
1042 149 1022 148 1067 149 1045 148 189
1043 170 1021 170 1069 171 1044 172 131
1050 107 1029 106 1075 105 1053 104 184
1057 187 1031 187 1083 189 1053 189 51
1055 197 1033 196 1081 199 1059 198 31
1054 201 1033 200 1081 203 1059 202 93
1060 111 1038 110 1087 109 1064 108 131
1063 187 1041 187 1089 189 1066 188 21
1062 200 1040 200 1089 203 1066 203 95
1066 101 1044 101 1093 99 1070 98 213
1066 107 1044 106 1093 105 1070 104 180
1068 111 1046 110 1095 109 1072 108 184
1068 203 1047 203 1095 205 1072 206 109
1072 125 1053 127 1097 121 1077 122 127
1072 139 1052 139 1097 141 1077 139 117
1071 147 1051 146 1097 147 1076 147 100
1070 189 1048 189 1097 191 1075 191 30
1072 200 1051 200 1099 203 1076 203 88
1079 167 1057 169 1105 169 1084 169 55
1082 196 1061 196 1111 199 1087 198 32
1088 111 1067 110 1115 109 1094 108 382
1087 170 1066 170 1115 171 1093 170 19
1087 193 1067 192 1115 195 1093 194 19
1105 155 1075 155 1143 157 1111 155 163
1106 131 1076 127 1145 129 1113 127 208
1108 147 1078 147 1147 147 1115 147 213
1110 149 1080 149 1149 149 1117 149 232
1112 127 1082 127 1151 129 1120 131 196
1113 143 1084 141 1153 143 1121 141 274
1170 166 1137 165 1219 169 1183 167 14
1173 186 1140 186 1221 187 1185 187 12
1171 184 1138 183 1219 185 1183 185 18
