43 165 31 168 35 163 25 163 980
62 117 52 117 51 115 41 115 418
66 107 55 107 55 105 45 106 238
73 99 63 99 63 97 52 97 146
71 117 62 117 61 115 51 115 158
71 161 62 161 61 159 51 158 342
75 144 66 144 65 143 55 143 267
90 65 74 65 75 61 61 62 116
85 97 74 97 75 95 66 96 75
121 259 77 258 73 267 22 267 54
124 254 76 255 73 263 19 265 56
128 309 79 308 73 325 17 324 59
88 105 80 105 79 103 68 104 113
130 260 86 260 81 269 30 269 73
138 340 86 339 81 361 22 360 67
96 53 83 54 83 49 69 50 95
92 142 83 142 83 141 74 141 201
95 150 85 150 85 149 71 149 128
101 158 86 158 85 157 70 157 110
136 254 91 254 87 263 39 262 56
141 318 91 317 87 335 31 334 40
142 325 91 323 87 343 29 342 60
142 339 89 338 85 359 26 358 107
103 64 91 65 91 61 78 62 152
96 137 89 136 89 135 78 136 295
104 160 90 160 89 159 74 159 100
107 164 93 164 93 163 78 163 162
135 249 95 248 93 255 50 254 41
135 260 91 259 91 267 43 266 43
110 49 97 50 97 45 83 46 173
107 76 95 77 95 73 82 74 171
113 146 99 145 99 143 86 143 276
111 156 97 156 97 155 82 155 204
141 260 97 260 99 269 50 269 40
154 337 102 336 99 357 40 356 87
113 152 101 152 101 151 88 152 161
115 154 103 154 103 153 90 154 214
119 165 104 165 105 165 90 165 215
117 169 102 169 103 169 88 169 176
119 177 102 177 103 177 88 177 153
150 285 107 283 105 295 75 295 144
159 331 106 331 105 351 45 350 101
121 43 109 44 109 39 91 37 430
121 165 107 165 107 165 93 165 188
151 256 107 259 109 263 63 262 30
130 74 118 74 119 71 104 71 390
133 76 122 77 123 73 107 74 292
153 245 121 245 123 251 88 250 29
166 278 119 277 119 289 83 287 154
141 147 128 145 129 143 111 141 367
149 152 133 153 135 151 106 152 371
162 231 130 231 131 235 103 234 78
178 284 131 284 135 295 87 293 65
152 99 139 100 141 97 128 97 71
153 105 140 106 141 103 127 103 242
162 112 141 112 139 109 117 109 288
162 124 137 124 139 121 116 121 378
162 126 140 126 141 123 118 123 381
161 128 138 128 139 125 116 125 420
162 131 139 133 141 131 118 131 352
168 228 136 229 137 233 107 232 74
180 263 137 263 139 271 104 270 10
159 101 145 102 147 99 134 99 162
157 97 143 97 147 95 135 95 45
167 114 145 115 147 111 124 111 287
167 122 145 122 147 119 123 119 212
167 55 151 55 153 51 138 52 72
162 99 149 100 151 97 136 97 62
164 105 147 106 151 103 138 103 239
165 165 152 165 153 165 139 165 100
164 169 151 169 153 169 140 169 189
162 167 150 167 151 167 138 167 162
162 173 149 173 151 173 138 173 194
168 33 155 34 157 29 143 30 51
168 39 155 40 157 35 144 36 31
167 109 147 110 155 107 136 107 267
172 132 156 133 159 131 147 131 291
169 138 158 138 159 137 145 137 485
168 161 155 161 155 161 141 161 155
171 167 158 167 159 167 145 167 262
170 187 155 187 157 187 142 187 109
193 261 155 261 157 269 113 268 27
173 20 161 21 163 17 149 17 37
171 31 159 32 161 27 142 25 89
174 33 161 34 163 29 150 30 39
174 39 161 40 163 35 149 36 40
176 101 163 102 165 99 153 99 87
174 177 159 177 161 177 146 177 190
172 173 159 173 161 173 147 173 179
176 181 163 181 165 181 151 181 150
173 194 159 193 161 195 144 194 134
199 247 160 246 163 253 121 253 30
205 289 159 288 163 301 112 300 61
185 105 172 106 171 103 159 103 74
181 132 169 132 167 131 155 131 260
182 154 169 154 171 153 157 153 141
178 150 165 150 167 149 153 149 235
181 168 167 167 169 167 156 167 149
178 177 165 177 167 177 152 177 103
180 173 167 173 169 173 155 173 292
178 187 164 187 167 187 153 187 104
182 185 168 185 171 185 157 185 154
183 190 168 191 171 191 157 191 123
204 239 164 239 169 245 126 244 42
204 245 166 245 169 251 128 251 33
201 249 163 248 167 255 125 255 34
185 35 172 36 175 31 161 32 26
186 47 173 47 177 43 163 44 28
186 101 172 102 175 99 161 99 63
186 137 172 136 175 135 161 135 211
187 138 174 138 177 137 163 137 314
184 150 170 150 173 149 158 149 152
185 158 171 158 173 157 158 157 187
189 160 174 160 177 159 162 159 268
186 183 173 183 175 183 161 183 95
208 241 168 241 173 247 130 247 45
211 245 173 244 177 251 135 250 34
211 281 172 281 177 291 134 291 112
214 296 168 295 173 309 122 308 69
192 55 180 55 183 51 167 52 63
191 132 178 132 181 131 167 131 140
194 132 181 132 183 131 169 131 268
194 138 181 138 183 137 169 137 272
194 150 180 150 183 149 168 149 295
192 162 179 162 181 161 166 161 186
193 179 179 179 181 179 167 179 213
191 187 176 187 179 187 168 186 132
212 206 175 206 179 209 138 209 29
215 225 178 224 183 229 142 228 47
216 230 178 230 183 235 141 235 45
217 276 178 276 183 285 141 285 129
213 278 174 278 179 287 137 287 245
221 292 176 292 181 305 130 304 95
220 298 174 297 179 311 129 310 57
221 305 174 304 181 319 129 318 48
218 309 174 308 179 323 127 322 49
201 48 186 49 189 45 176 45 36
198 47 184 47 187 43 167 42 45
200 97 186 98 189 95 173 95 74
200 105 187 106 189 103 174 103 72
196 110 180 112 185 109 169 110 87
199 129 187 129 189 129 175 127 139
198 136 184 137 187 135 173 135 181
197 142 183 142 185 141 171 141 253
198 166 184 165 187 165 173 165 161
195 169 182 169 185 169 171 169 153
199 175 186 175 189 175 175 175 99
198 191 184 190 187 191 170 191 156
222 224 184 224 189 229 148 229 57
218 228 180 228 185 233 143 233 75
223 230 184 230 189 235 147 234 40
220 236 182 235 187 241 144 241 46
222 239 184 239 189 245 145 245 47
218 250 179 250 185 257 142 256 41
223 268 184 268 189 277 147 276 147
220 285 182 285 187 295 145 294 155
229 335 179 333 187 353 131 352 174
202 101 188 102 191 99 177 99 72
205 150 191 150 195 149 180 149 224
202 150 187 150 191 149 176 149 297
206 158 192 158 195 157 181 157 121
202 160 188 160 191 159 177 159 267
201 177 188 177 191 177 176 177 115
205 194 188 194 191 195 162 195 181
227 223 189 224 195 229 153 227 35
227 262 189 261 195 269 158 269 207
224 270 185 270 191 279 149 278 167
228 267 189 266 195 275 153 274 151
226 276 187 276 193 285 150 284 204
224 283 185 283 191 293 148 293 194
208 29 193 30 199 25 185 26 28
210 35 197 36 199 31 186 31 19
211 52 197 53 201 49 187 49 49
213 137 201 138 201 135 187 135 367
211 142 198 142 201 141 187 141 234
207 146 194 146 197 145 183 145 307
211 148 198 148 201 147 187 147 325
209 152 195 152 199 151 184 151 154
209 158 196 158 199 157 184 157 152
211 162 197 162 201 161 187 161 150
212 177 198 177 201 177 187 177 91
210 179 196 179 199 179 184 179 93
234 206 198 206 199 209 160 209 46
231 226 193 226 199 231 157 231 43
234 265 197 265 201 273 157 272 116
233 278 195 278 201 287 158 286 217
238 293 194 292 201 305 152 304 112
236 296 192 296 199 309 150 308 51
235 295 190 294 197 307 148 306 90
238 302 194 301 201 315 151 314 63
215 66 202 67 205 63 191 64 188
217 163 204 164 207 163 192 163 184
213 162 200 162 203 161 189 161 173
217 183 204 183 207 183 193 183 112
217 189 204 189 207 189 194 188 171
236 274 196 274 203 283 161 282 216
244 311 198 310 207 325 157 324 68
219 72 205 72 209 69 194 68 151
219 134 206 134 209 133 195 133 123
219 140 206 140 209 139 195 139 141
224 160 209 160 213 159 198 159 236
249 309 205 308 213 323 163 322 66
224 33 211 34 215 29 201 30 52
225 59 211 59 215 55 201 55 56
227 65 213 65 217 63 203 64 101
225 154 211 154 215 153 201 153 90
229 158 216 159 219 157 205 158 105
229 166 215 165 219 165 204 165 159
225 171 212 171 215 171 201 171 219
229 175 216 175 219 175 205 175 77
225 177 211 177 215 177 200 177 105
225 179 212 179 215 179 201 179 102
249 207 209 206 215 209 177 209 47
246 250 208 250 215 257 175 258 117
249 251 209 250 219 259 177 259 125
247 264 205 261 215 271 172 270 69
237 29 221 30 225 25 212 26 86
233 33 219 34 223 29 210 30 76
232 43 219 43 223 39 209 40 23
233 57 219 57 223 53 209 54 27
233 152 219 152 223 151 207 153 106
233 160 219 160 223 159 208 159 90
233 169 219 169 223 169 208 169 160
235 171 221 171 225 171 211 171 116
232 190 217 191 221 191 206 191 365
251 201 212 201 221 203 179 203 164
237 37 223 38 227 33 213 34 32
238 67 227 68 227 63 225 63 70
245 146 231 146 231 145 217 144 20
236 181 223 181 227 181 213 181 203
241 189 227 189 231 189 216 189 216
260 291 218 291 227 303 181 302 87
264 315 221 314 231 329 182 328 112
246 33 233 34 237 29 224 31 38
241 34 228 36 233 31 217 31 55
244 57 231 57 235 53 219 54 26
239 70 228 70 235 67 217 67 73
241 157 227 157 233 157 217 155 39
244 162 231 162 235 161 221 161 51
265 208 227 208 237 211 196 211 48
266 211 227 210 237 213 196 213 67
268 277 224 277 235 287 192 286 47
266 302 223 301 233 315 186 314 96
268 327 223 326 233 343 183 342 84
250 25 237 26 241 21 227 22 67
250 35 237 36 241 31 227 32 50
248 47 234 47 239 43 223 41 25
242 68 228 69 239 65 229 65 91
245 74 234 75 243 71 232 71 54
270 197 233 197 243 199 203 199 283
271 201 234 201 243 203 202 203 139
269 201 232 201 241 203 201 203 132
269 206 232 206 241 209 200 209 66
269 225 231 226 241 231 199 230 29
267 225 228 227 239 231 195 230 31
275 261 234 261 241 269 204 268 27
274 273 231 273 239 283 197 282 24
271 291 230 291 241 303 196 303 96
258 21 245 21 249 17 236 16 89
255 33 241 35 247 29 231 31 44
256 51 247 51 247 47 232 48 30
273 211 235 210 245 215 203 213 73
280 312 237 311 249 325 202 325 132
281 318 237 318 249 333 201 332 112
263 53 249 53 251 49 236 49 34
264 189 233 190 255 189 221 191 218
260 191 229 191 251 193 218 191 241
262 193 233 193 253 195 221 194 222
265 22 252 22 257 17 243 17 60
270 50 256 51 261 47 247 47 28
266 68 251 69 257 65 243 65 109
271 188 256 189 261 189 246 189 202
286 221 247 220 259 225 217 224 81
287 229 248 228 259 231 216 229 122
286 246 247 245 259 251 217 251 134
287 251 248 249 261 259 219 259 93
286 267 249 267 259 275 218 274 23
286 272 248 272 259 281 217 281 27
281 299 245 298 259 309 217 309 98
296 342 245 341 259 363 201 362 30
274 34 261 35 265 29 251 29 22
271 72 258 73 263 69 249 69 152
271 78 258 78 263 75 249 75 171
275 95 262 96 267 93 253 93 162
275 101 262 102 267 99 253 99 161
275 142 262 142 267 141 253 141 127
274 140 260 140 265 139 251 139 113
273 146 260 146 265 145 251 145 104
275 177 259 177 265 177 249 177 76
293 215 256 216 267 219 226 219 82
292 233 253 234 265 239 223 239 163
289 236 251 236 263 241 221 241 191
292 284 257 284 267 293 233 292 82
301 339 250 338 265 359 208 358 29
280 53 266 53 271 49 257 49 43
277 91 265 92 271 89 255 87 221
279 97 266 98 271 95 257 95 325
283 103 268 104 273 101 261 101 109
278 148 264 148 269 147 254 147 133
278 160 264 160 269 159 254 159 182
278 175 264 175 269 175 254 175 102
281 183 268 183 273 183 259 183 128
280 179 266 179 271 179 256 179 132
278 179 264 179 269 179 254 179 121
295 199 262 199 273 201 239 201 258
296 203 261 203 273 205 235 205 231
298 224 262 225 273 229 232 229 115
297 239 259 239 271 245 229 245 130
298 252 259 252 271 259 229 259 103
297 293 261 292 273 303 233 302 62
287 33 274 34 279 29 265 30 60
283 51 269 51 275 47 261 48 22
283 95 270 96 275 93 261 93 243
287 99 273 101 279 97 265 97 163
283 101 269 102 275 99 261 99 223
284 152 270 152 275 151 260 151 175
286 160 272 160 277 159 262 159 195
284 162 269 162 275 161 260 161 159
286 166 271 166 277 165 262 165 210
284 196 272 195 277 195 261 196 266
301 227 263 226 275 231 234 231 108
301 236 263 236 275 241 233 241 144
302 260 264 260 277 267 234 267 73
289 29 276 30 281 25 268 26 21
290 37 275 38 281 33 263 34 109
289 42 276 43 281 39 266 38 32
289 55 276 55 281 51 266 52 22
293 70 278 71 281 67 267 67 136
289 78 279 78 281 75 270 75 117
290 95 278 96 283 93 269 93 148
291 101 277 102 283 99 269 99 140
292 140 276 140 283 139 266 139 211
291 157 275 156 281 155 266 156 157
289 179 275 179 281 179 266 179 180
289 189 275 189 281 189 267 189 133
307 209 273 209 285 211 248 211 59
309 227 272 227 285 231 245 231 94
307 247 270 246 281 253 242 252 84
306 256 268 256 281 263 239 263 38
310 258 272 258 285 265 243 265 36
309 267 272 265 285 273 244 273 46
307 291 270 291 283 301 242 301 63
309 295 272 295 285 305 244 305 69
311 305 271 305 285 317 241 317 83
295 25 285 26 287 21 277 20 30
299 51 286 51 291 47 277 47 17
299 57 285 57 291 53 275 54 34
298 72 285 73 291 69 277 69 214
295 74 281 74 287 71 273 71 96
295 97 281 98 287 95 273 95 147
299 101 285 102 291 99 277 99 110
295 103 282 104 287 101 273 101 86
298 135 283 135 289 133 273 133 127
300 150 284 150 291 149 275 149 290
296 151 281 153 287 151 270 149 368
296 159 281 160 287 159 271 159 162
299 185 285 185 291 185 277 185 97
308 217 273 217 287 223 249 223 139
315 287 281 286 291 297 251 297 99
315 307 276 306 289 319 246 318 41
300 45 287 45 293 41 283 39 35
303 55 289 55 295 51 280 51 22
304 68 290 67 297 65 283 65 98
300 72 288 73 293 69 279 69 154
304 129 286 129 295 127 278 127 54
304 137 289 137 295 135 279 135 110
304 134 289 135 295 133 279 133 136
303 160 288 160 295 159 279 159 132
304 166 289 166 297 165 281 165 125
302 166 287 166 295 165 279 165 125
305 175 290 175 297 175 281 175 157
304 173 289 173 295 173 279 173 93
303 179 289 179 295 179 279 179 138
317 223 281 223 295 227 256 227 118
320 238 284 238 297 243 258 243 184
321 300 283 300 297 311 254 311 95
319 302 280 302 295 313 254 312 91
306 23 293 24 299 19 288 18 18
309 45 295 44 301 41 287 42 56
311 55 295 55 303 51 289 52 23
308 133 293 133 299 131 283 131 76
310 148 297 148 303 147 289 147 144
309 152 295 152 301 151 285 151 188
308 158 292 158 299 157 283 157 127
309 163 294 163 301 163 285 163 142
308 169 293 169 299 169 283 169 121
307 183 292 183 299 183 283 183 99
309 181 294 179 301 181 285 181 117
307 190 292 189 299 191 284 191 102
311 193 296 193 303 195 287 193 135
311 189 297 193 303 191 287 189 182
322 220 288 219 301 223 265 222 146
321 232 286 232 299 237 259 237 219
323 229 287 229 301 233 263 233 145
325 243 289 243 301 249 261 249 122
320 253 285 254 299 261 259 261 34
324 251 287 251 303 259 263 258 85
324 302 287 301 301 313 260 312 43
316 41 302 41 309 37 294 37 15
315 49 301 49 307 45 293 45 21
313 142 299 142 305 141 290 141 130
313 154 299 154 305 153 290 153 144
315 152 301 152 307 151 292 151 148
314 163 299 163 305 163 289 163 357
317 169 302 169 309 169 293 169 147
315 177 300 177 307 177 292 177 111
315 189 300 189 307 189 291 189 82
327 217 297 217 309 219 273 220 244
326 237 291 236 305 241 267 241 203
328 234 293 234 307 239 269 239 208
328 240 293 240 307 245 269 245 231
327 257 290 257 307 263 267 263 36
326 276 294 275 307 283 274 283 266
324 280 293 280 305 287 271 287 178
327 293 290 293 305 303 267 302 135
323 304 289 302 305 313 262 313 71
322 25 309 25 315 21 301 21 35
318 49 304 49 311 45 297 45 22
318 61 305 61 311 57 301 57 39
321 142 306 143 313 141 298 141 118
319 144 305 144 311 143 297 143 114
319 166 304 166 311 165 295 165 137
323 169 308 169 315 169 299 168 99
323 189 309 188 315 189 300 189 78
321 185 306 185 313 185 298 185 111
323 195 308 195 315 195 300 195 101
328 215 302 215 313 217 285 217 181
330 220 303 221 313 223 284 223 166
331 227 297 227 311 231 275 231 127
325 49 310 49 317 45 302 45 25
329 55 314 55 321 51 305 51 21
324 138 311 139 317 137 303 137 121
324 148 311 148 317 147 301 149 169
326 150 313 150 319 149 305 149 77
326 156 312 156 319 155 303 156 90
329 162 314 162 321 161 306 161 95
329 177 314 177 321 177 306 177 87
325 173 310 173 317 173 302 173 103
325 193 311 192 317 193 302 193 65
338 249 305 249 319 255 287 253 238
332 37 319 37 325 33 311 32 28
332 68 319 68 325 65 311 65 65
334 138 320 138 327 137 312 137 151
330 142 316 142 323 141 308 141 138
333 160 318 160 325 159 310 159 134
331 164 316 164 323 163 308 163 100
335 172 320 171 327 171 312 171 65
332 177 318 177 325 177 310 177 86
330 181 316 181 323 181 308 181 61
332 185 318 185 325 185 310 185 50
331 198 316 198 323 199 308 199 69
334 206 320 206 327 207 312 207 65
343 239 314 239 327 243 296 242 106
340 265 310 265 323 271 291 271 189
341 273 311 273 325 279 293 279 140
343 288 308 288 323 297 285 297 156
346 290 311 290 327 299 289 299 87
354 339 304 337 325 359 267 358 40
353 342 301 342 323 363 263 364 37
339 68 326 67 333 65 317 65 95
337 136 322 136 329 135 314 135 108
340 140 326 140 333 139 318 139 161
337 142 322 142 329 141 315 141 186
336 148 322 148 329 147 314 147 206
340 146 326 146 333 145 318 145 255
338 152 324 152 331 151 316 151 214
340 150 326 150 333 149 319 149 206
338 167 324 167 331 167 316 167 112
336 177 322 177 329 177 314 177 57
340 173 326 173 333 173 318 173 156
336 183 322 183 329 183 314 183 75
344 233 316 233 329 237 299 237 83
346 255 318 255 331 261 300 259 97
350 288 315 288 331 297 293 297 58
344 46 329 45 337 41 322 41 33
341 49 327 48 335 45 320 45 35
343 63 330 64 337 61 323 60 85
345 74 332 75 339 71 325 71 126
343 142 330 142 337 141 322 141 236
344 148 330 148 337 147 322 147 265
344 152 330 152 337 151 322 151 254
345 157 332 158 339 157 325 157 196
345 183 332 183 339 183 325 183 113
344 215 329 216 337 217 322 217 170
350 256 322 255 335 261 304 261 60
351 280 318 279 337 287 297 287 89
353 283 319 283 335 291 298 291 70
357 281 323 281 339 289 302 289 86
352 280 321 279 335 287 301 286 124
358 286 324 286 339 295 302 295 55
347 43 334 44 341 39 327 39 25
347 70 334 70 341 67 327 67 140
349 142 336 142 343 141 329 141 154
351 141 338 143 345 141 331 139 288
348 146 334 146 341 145 326 145 286
351 148 338 148 345 147 332 148 183
349 150 336 150 343 149 329 149 229
347 164 334 163 341 163 326 163 177
351 165 338 166 345 165 331 166 151
349 162 336 161 343 161 329 160 266
350 171 336 172 343 171 329 171 238
349 181 336 181 343 181 329 181 214
347 179 334 179 341 179 327 179 195
347 187 334 187 341 187 327 187 88
351 189 338 189 345 189 331 189 122
351 201 338 200 345 201 331 201 198
347 206 334 206 341 207 327 207 168
349 212 336 212 343 213 329 213 176
347 210 334 210 341 211 327 211 191
359 231 331 231 345 235 315 235 256
356 229 327 230 341 233 311 233 208
355 235 327 235 341 239 311 239 145
358 254 328 254 343 259 312 259 90
364 290 328 290 345 299 308 298 51
363 308 334 307 341 321 308 320 39
367 312 334 310 345 325 311 324 39
354 20 345 22 351 17 340 17 37
357 51 344 51 351 47 337 47 46
358 57 344 57 351 53 338 54 33
353 70 341 70 347 67 334 67 97
355 74 342 74 349 71 335 71 178
355 90 342 90 349 87 335 86 180
353 148 340 148 347 147 334 148 157
357 143 344 145 351 143 337 141 122
355 167 342 168 349 167 335 169 228
357 175 344 175 351 173 337 173 113
353 179 340 179 347 179 334 179 153
353 185 340 185 347 185 333 185 193
353 195 340 195 347 195 333 195 178
355 193 342 193 349 193 335 194 129
357 202 344 202 351 203 337 203 106
355 216 342 216 349 217 335 217 274
365 227 336 227 349 231 318 231 238
362 238 333 237 347 241 317 241 78
365 239 337 239 351 243 321 243 84
363 254 335 254 349 259 319 259 89
361 260 334 260 347 265 318 265 67
362 263 334 263 347 269 311 269 116
367 267 339 267 351 273 319 273 104
365 276 334 276 349 283 315 283 82
368 279 335 279 351 287 317 286 83
372 311 343 311 351 325 313 325 34
363 59 350 59 357 55 343 55 32
359 88 346 88 353 85 340 85 179
361 89 348 90 355 87 342 87 168
363 109 350 110 357 107 344 107 144
361 118 348 121 355 117 342 118 133
359 206 346 206 353 207 339 206 135
359 212 346 211 353 213 339 213 155
362 210 350 210 357 211 343 211 171
370 235 343 235 357 239 327 239 219
371 254 343 254 357 259 327 259 126
369 274 338 274 353 281 320 281 80
365 23 355 22 361 19 351 19 90
367 36 357 37 363 33 351 33 64
367 42 356 43 363 39 352 40 78
366 41 353 40 361 37 351 39 67
367 66 353 67 361 63 347 64 27
367 68 353 69 361 65 347 65 49
368 78 356 78 363 75 350 75 143
368 88 356 88 363 85 350 85 194
365 111 352 111 359 109 346 109 116
369 129 357 129 363 127 350 127 74
368 193 355 193 363 193 350 193 123
369 199 357 199 363 199 351 199 115
372 237 345 237 359 241 329 241 172
374 245 346 245 361 249 330 249 90
373 254 345 254 359 259 329 259 78
371 260 343 260 359 265 329 265 137
375 264 348 264 363 269 334 269 139
377 287 345 285 363 295 323 295 61
377 297 340 296 359 307 318 306 30
369 38 359 39 365 35 353 35 61
371 46 361 47 367 43 354 43 89
374 91 362 91 369 89 356 89 207
370 93 358 94 365 91 352 91 170
374 111 362 111 369 109 356 109 78
372 115 360 115 367 113 354 113 240
370 124 358 125 365 123 352 123 84
372 142 360 142 367 141 354 141 171
372 148 360 148 367 147 354 147 161
372 152 360 154 367 153 354 154 88
373 199 359 198 367 199 355 199 94
374 205 362 204 369 205 356 205 98
382 243 354 243 369 247 340 247 130
380 245 353 244 367 249 338 249 145
379 249 353 249 367 253 339 253 147
382 271 352 271 369 277 337 277 121
376 30 366 30 373 27 362 26 53
377 44 367 45 373 41 361 41 88
377 80 364 80 371 77 358 77 82
376 82 364 82 371 79 358 79 140
378 95 366 95 373 93 361 93 153
378 107 365 107 373 105 360 105 93
378 113 366 113 373 111 361 111 99
380 109 368 109 375 107 363 107 103
378 126 366 126 373 125 360 125 171
378 130 366 130 373 129 360 129 127
379 126 368 127 375 125 363 125 213
379 140 367 140 373 139 360 139 308
378 146 366 146 373 145 361 145 207
380 154 368 152 375 153 363 151 99
376 160 364 161 371 159 358 160 67
376 165 365 165 371 165 359 165 50
378 169 366 170 373 169 360 169 60
376 171 364 171 371 171 359 171 46
376 202 364 202 371 203 359 203 283
380 204 368 204 375 205 363 205 122
382 225 357 226 371 229 344 229 238
384 238 359 237 373 241 345 241 155
387 242 361 241 375 245 347 244 124
383 247 358 246 371 251 344 250 100
385 253 359 252 373 257 346 257 160
388 265 360 265 375 271 344 271 131
388 269 359 269 375 275 344 275 134
387 274 357 274 373 281 340 281 83
391 289 354 289 373 299 335 298 51
390 295 353 295 373 305 333 305 39
380 20 371 20 377 17 368 17 105
381 29 373 30 379 27 368 25 61
380 35 371 35 377 31 367 31 110
382 88 370 88 377 85 364 85 168
383 93 371 93 379 91 367 91 198
382 117 370 117 377 115 365 115 201
385 115 374 115 381 113 369 113 95
385 130 373 130 381 129 369 129 137
380 132 369 132 377 131 365 131 95
385 142 373 142 381 141 369 141 205
385 148 374 148 381 147 369 147 187
384 150 372 150 379 149 367 149 158
384 171 372 171 379 171 367 171 65
382 171 370 171 377 171 365 171 56
385 175 373 175 381 175 369 175 51
381 179 369 179 379 179 365 179 30
383 195 371 195 379 195 367 195 69
379 191 365 191 377 191 362 191 236
381 201 370 200 377 201 365 201 127
381 211 370 211 377 211 367 211 116
390 246 369 246 381 249 357 249 121
392 263 364 263 379 269 351 268 110
392 267 363 267 379 273 348 273 157
395 293 360 293 379 303 340 303 62
396 297 356 296 379 307 337 307 41
390 25 381 24 387 21 378 21 158
391 40 380 41 387 37 376 37 167
391 48 380 48 387 45 376 45 180
389 58 378 58 385 55 374 56 140
390 87 379 88 387 85 376 86 88
389 113 378 113 385 111 373 111 298
387 115 376 115 383 113 371 113 110
389 128 378 129 385 127 373 127 209
390 172 379 172 385 171 373 171 43
389 177 378 177 385 177 373 177 34
393 235 381 235 385 237 366 237 107
395 265 367 265 383 271 353 271 150
400 273 369 273 387 279 354 279 113
400 283 363 284 383 293 344 294 131
400 290 365 290 383 299 345 299 70
403 298 365 298 387 309 346 309 99
395 52 384 52 391 49 380 49 195
397 66 386 66 393 63 381 63 98
395 89 384 89 391 87 380 87 80
395 97 384 97 391 95 379 95 190
393 123 382 127 389 123 377 121 80
397 153 386 152 393 151 382 152 125
395 203 381 204 389 205 375 205 153
396 216 383 216 391 217 377 217 257
396 224 382 224 391 225 375 225 136
400 227 384 227 393 229 377 229 64
397 229 381 229 391 231 375 231 74
396 231 380 231 389 233 372 233 71
399 253 374 253 389 257 362 257 82
400 264 373 263 389 269 359 269 94
403 271 371 271 391 277 359 277 141
406 278 373 278 393 285 358 285 147
399 48 388 48 395 45 384 45 202
400 50 390 50 397 47 386 47 150
398 62 388 62 395 59 384 59 118
401 64 390 64 397 61 386 61 109
399 95 388 95 395 93 384 94 207
401 101 390 101 397 99 386 99 198
401 107 390 107 397 105 386 105 202
401 119 390 119 397 117 385 117 159
401 123 391 123 397 121 385 121 144
404 125 393 125 399 123 388 123 90
403 148 392 148 399 147 388 147 213
399 146 388 146 395 145 384 145 143
399 152 388 152 395 151 384 152 162
403 164 392 164 399 163 388 163 172
399 168 388 166 395 167 384 168 87
401 173 390 173 397 173 386 172 94
401 199 390 198 397 199 386 199 250
402 210 388 210 397 211 383 211 186
400 224 385 224 395 225 379 225 97
404 226 389 226 399 227 383 227 92
403 231 387 231 397 233 380 233 52
407 249 382 249 399 253 375 253 61
407 257 382 256 397 261 370 261 74
407 253 382 253 397 257 371 257 87
408 262 381 262 397 267 368 267 125
413 277 381 276 399 283 366 283 204
414 286 379 286 399 295 360 295 125
413 290 379 289 399 299 358 299 112
405 29 398 29 403 27 395 26 176
401 36 398 39 401 35 396 37 123
403 76 394 77 403 75 391 75 66
402 90 393 91 401 89 390 89 98
408 99 398 99 405 97 394 97 208
405 111 394 111 401 109 390 109 169
408 121 397 121 403 119 392 119 148
405 144 397 144 401 143 390 143 175
404 195 394 195 401 195 390 195 131
410 202 396 202 405 203 390 203 284
406 220 392 220 401 221 387 221 119
411 258 385 258 401 263 373 263 132
413 262 387 262 403 267 375 267 208
414 272 384 272 403 279 371 279 127
416 269 387 269 405 275 373 275 113
414 271 383 270 401 277 369 277 125
419 294 381 294 403 305 362 305 115
417 298 378 298 401 309 359 309 68
418 308 376 308 401 321 355 320 40
408 31 402 31 407 29 400 29 52
412 46 404 46 409 43 401 43 249
412 50 402 50 409 47 398 47 199
412 70 402 69 409 67 399 67 180
410 81 401 82 407 79 396 79 70
410 103 400 103 407 101 396 101 122
417 106 404 105 411 103 400 103 147
409 118 401 119 407 117 397 117 127
410 124 400 125 407 123 397 123 92
414 140 404 140 411 139 401 139 156
410 146 400 146 407 145 396 145 334
412 152 402 152 409 151 399 150 201
410 152 400 152 407 151 397 150 341
414 171 404 171 411 171 400 170 138
411 206 398 206 407 207 393 207 189
415 204 402 204 411 205 397 205 261
416 211 402 210 411 211 397 211 217
413 218 400 218 409 219 395 219 109
412 226 397 226 407 227 391 227 69
415 231 399 231 409 233 392 233 59
414 240 395 240 407 243 387 242 107
420 271 392 270 409 277 377 277 118
423 293 387 292 409 303 367 303 108
426 298 388 298 411 309 369 309 55
414 40 409 43 413 39 406 40 146
414 47 406 47 413 45 403 44 265
417 75 407 75 415 73 405 73 246
416 101 406 101 413 99 402 99 121
420 107 410 107 417 105 407 105 228
418 114 408 115 415 113 405 113 243
420 127 410 126 417 125 407 125 274
420 139 410 138 417 137 407 137 170
418 151 408 150 415 149 405 150 228
418 163 408 163 415 163 405 163 181
420 178 410 177 417 177 407 177 172
418 187 408 187 415 187 405 187 334
417 206 404 206 413 207 399 207 295
421 204 408 205 417 205 403 205 281
416 230 403 229 413 231 396 231 57
421 233 405 233 415 235 398 234 52
426 246 403 246 417 249 393 249 142
429 301 388 301 413 313 371 311 68
427 37 423 36 423 37 417 37 189
422 55 415 56 421 53 414 54 299
426 63 416 64 423 61 414 61 321
421 77 411 77 419 75 409 75 102
423 73 414 73 421 71 411 71 134
425 75 416 75 423 73 413 73 217
429 100 417 99 423 97 413 97 123
422 103 412 103 419 101 409 101 169
426 109 416 109 423 107 413 107 263
424 112 414 112 421 111 411 111 243
422 117 412 117 419 115 409 115 194
422 134 412 134 419 133 409 133 207
426 140 416 140 423 139 413 139 162
426 153 416 152 423 151 413 151 138
424 158 414 158 421 157 411 157 203
426 165 416 165 423 165 413 164 151
426 167 416 167 423 167 413 167 196
424 173 414 173 421 173 411 173 129
422 179 412 179 419 179 409 179 200
425 195 414 193 421 195 407 195 282
427 201 413 201 423 201 409 201 165
423 206 410 207 419 207 405 207 181
426 226 411 225 421 227 405 227 109
429 251 405 251 421 255 395 255 115
429 259 403 259 423 263 395 263 178
431 281 398 281 419 289 383 289 101
431 286 396 286 419 295 381 295 167
437 293 399 293 423 303 382 303 85
433 296 395 296 419 307 377 307 94
430 35 424 35 429 33 423 33 90
428 49 422 49 427 47 421 47 242
428 55 422 56 427 53 420 54 227
431 61 422 62 429 59 419 59 189
429 85 419 85 427 83 416 83 125
431 113 422 113 429 111 420 110 134
429 122 420 119 427 121 417 121 199
427 124 418 124 425 123 415 123 243
431 126 422 126 429 125 420 125 124
427 130 418 130 425 129 415 129 132
430 148 420 148 427 147 417 147 111
431 150 422 150 429 149 420 149 180
431 158 422 157 429 157 420 157 238
427 161 418 161 425 161 415 159 217
428 171 418 172 425 171 415 171 126
427 181 418 181 425 181 415 181 233
429 199 415 199 425 199 411 199 149
432 225 417 225 427 227 411 227 105
433 249 410 249 425 253 401 253 103
433 253 409 253 425 257 399 257 86
434 258 409 258 425 263 398 263 113
439 271 408 270 427 277 395 277 95
440 274 409 274 427 281 394 281 81
439 288 405 287 429 297 387 297 204
440 298 402 298 427 309 384 309 51
440 304 399 304 425 317 379 317 49
434 19 428 20 433 17 427 17 51
432 27 426 27 431 25 425 26 97
433 71 424 71 431 69 422 69 174
436 93 424 92 433 91 421 90 149
437 106 427 106 435 105 424 104 102
433 111 424 111 431 109 422 109 153
433 154 424 154 431 153 422 153 235
437 157 428 158 435 157 426 157 146
437 197 423 197 435 197 421 197 130
439 203 425 203 435 203 421 203 141
438 214 424 214 433 215 418 215 197
439 220 425 220 435 221 420 221 115
438 229 422 230 433 231 415 231 44
440 235 424 235 431 237 413 237 58
440 246 418 245 433 249 410 249 153
441 253 417 253 433 257 408 257 92
438 23 432 23 437 21 431 21 70
442 33 436 33 441 31 435 31 109
442 54 428 54 439 51 427 50 325
439 97 429 97 437 95 426 95 68
439 112 430 113 437 111 428 111 199
443 152 434 152 441 151 432 151 334
441 158 432 157 439 157 430 157 265
443 158 434 157 441 157 432 157 349
439 161 430 161 437 161 428 161 266
443 175 434 175 441 175 432 175 231
441 177 432 177 439 177 430 177 237
440 187 428 187 437 187 423 187 305
445 223 428 223 439 225 423 225 85
442 225 426 225 437 227 421 227 110
444 229 428 229 439 231 423 231 56
443 234 426 234 437 235 419 235 50
447 246 425 246 439 249 416 249 101
444 249 421 249 437 253 413 253 134
446 262 419 262 439 267 409 267 127
448 269 418 269 437 275 406 275 108
453 293 415 293 441 303 399 303 88
450 294 412 294 437 305 395 305 110
450 299 411 300 437 311 393 311 69
450 58 438 58 447 55 435 55 84
446 68 434 68 443 65 430 66 139
445 114 436 114 443 113 434 114 202
445 116 435 116 443 115 433 115 314
445 154 436 154 443 153 434 153 454
449 150 440 150 447 149 437 149 638
445 169 436 170 443 169 435 168 237
447 173 438 173 445 173 436 173 307
445 181 436 181 443 181 434 181 204
446 193 433 193 443 193 429 193 154
452 220 437 220 447 221 433 221 103
451 268 422 268 443 275 411 274 55
453 274 422 274 443 281 409 281 76
456 283 421 283 447 291 409 291 105
458 296 419 296 445 307 402 307 74
454 35 448 35 453 33 447 33 69
450 41 444 41 449 39 443 39 110
452 82 440 81 449 79 437 79 103
456 80 444 80 453 77 441 77 79
454 82 442 82 451 79 439 79 99
454 86 442 86 451 83 439 83 91
456 95 445 95 453 93 441 93 58
456 99 444 99 453 97 441 97 60
451 150 441 150 449 149 438 148 345
451 157 441 159 449 157 439 159 411
453 161 443 162 451 161 441 163 508
455 181 445 181 453 181 442 181 211
456 187 443 187 453 187 439 187 192
453 193 440 193 451 193 437 193 107
454 191 441 191 451 191 437 192 137
451 214 437 214 451 215 437 215 123
455 224 441 223 451 225 435 225 77
453 227 437 227 449 229 438 228 56
460 251 435 251 453 255 427 255 45
455 298 415 298 449 307 406 307 117
457 33 453 33 457 31 451 31 149
457 37 450 37 455 35 449 35 209
460 60 448 60 457 57 445 57 86
462 63 450 64 459 61 447 61 90
462 70 450 70 459 67 447 67 79
460 77 448 77 457 75 445 75 89
461 74 450 73 459 71 447 71 92
457 103 447 103 455 101 443 101 167
457 122 447 122 455 121 444 120 264
461 142 451 142 459 141 448 142 536
459 162 448 161 457 163 446 163 533
459 177 449 179 457 179 446 179 262
457 183 447 183 455 183 444 183 226
459 197 446 197 457 197 442 197 93
460 200 446 200 457 201 443 201 121
460 210 446 210 457 211 443 211 189
461 222 446 221 457 223 441 223 95
460 228 445 228 457 229 440 229 47
463 240 443 240 457 243 437 242 72
463 249 439 249 457 253 433 253 53
467 265 438 265 459 271 428 271 29
465 269 434 269 457 275 425 275 52
467 275 434 275 457 283 422 283 44
465 279 431 279 455 287 417 287 63
467 279 432 279 457 287 419 287 61
467 284 432 284 457 293 419 293 121
464 35 458 35 463 33 457 33 45
462 35 456 35 461 33 455 33 95
465 60 454 60 463 57 451 56 85
464 78 452 78 461 75 449 75 76
467 81 455 81 465 79 453 79 66
466 88 454 88 463 85 451 85 56
466 95 455 95 463 93 451 94 77
466 103 454 103 463 101 451 101 36
464 105 452 105 461 103 449 103 46
464 109 452 109 461 107 449 107 104
465 153 454 155 463 153 452 154 421
467 171 457 172 465 171 454 171 385
464 183 452 183 461 183 449 183 268
467 202 453 202 463 203 449 203 309
465 211 451 213 463 209 449 209 349
471 238 447 239 465 241 441 241 72
466 244 444 244 461 247 438 247 63
470 263 442 263 463 269 433 269 36
473 279 440 279 463 287 427 287 59
471 283 436 282 461 291 423 291 112
472 285 438 284 463 293 425 293 111
472 291 435 291 463 301 422 301 90
473 295 434 295 463 305 420 305 58
476 300 436 299 465 311 421 311 60
473 60 469 59 471 57 466 58 215
469 62 458 63 467 59 455 59 94
469 81 458 82 467 79 455 79 78
469 85 458 86 467 83 455 83 55
473 88 462 87 471 85 459 85 40
469 95 458 95 467 93 455 93 56
473 97 461 97 471 95 459 95 72
471 124 461 124 469 123 458 123 385
471 134 461 133 469 133 458 134 442
472 191 458 190 469 191 455 191 230
474 193 460 192 471 193 457 193 222
471 199 457 200 467 201 453 201 228
474 207 460 206 471 207 457 207 311
470 212 457 213 467 213 453 213 217
473 233 454 233 469 235 450 235 56
477 255 452 255 471 259 444 259 46
477 258 451 258 471 263 443 263 53
478 265 449 265 471 271 441 270 40
480 283 445 282 471 291 433 291 60
479 83 468 83 477 81 465 81 47
477 87 466 88 475 85 463 85 74
478 101 466 101 475 99 463 99 63
479 107 468 107 477 105 465 105 83
475 105 464 105 473 103 461 103 70
476 128 468 130 475 127 469 129 500
474 170 467 170 473 169 466 170 342
474 175 467 175 473 175 465 175 339
478 173 471 173 477 173 468 172 288
476 187 463 188 473 187 459 187 308
477 202 464 202 475 203 461 203 256
477 208 464 208 475 209 461 209 208
476 220 461 220 473 221 459 221 94
476 226 461 226 473 227 457 227 130
483 240 463 240 477 243 456 243 75
479 236 459 235 475 239 453 238 50
481 251 456 251 475 255 449 255 39
483 274 451 274 475 281 441 281 57
485 276 453 275 477 283 442 283 49
482 279 449 279 473 287 438 287 68
482 293 444 293 473 303 431 303 61
484 293 446 293 475 303 434 303 48
485 301 444 301 475 313 430 312 70
483 53 478 53 483 51 477 51 114
481 80 470 80 479 77 467 77 49
485 85 474 86 483 83 471 83 42
484 89 473 89 483 87 471 87 45
483 87 471 87 481 85 469 85 40
484 95 473 95 481 93 470 93 79
481 97 470 97 479 95 468 95 49
483 105 471 105 481 103 469 103 85
480 177 473 177 479 177 472 177 289
486 185 472 184 483 185 469 184 454
481 204 468 204 479 205 465 205 289
484 208 470 208 481 209 467 209 318
484 218 470 218 481 219 466 219 122
487 236 467 236 483 239 463 239 64
484 247 461 248 479 251 455 251 50
489 248 466 248 483 251 457 250 45
488 272 457 272 481 279 447 279 57
491 276 458 275 483 283 448 283 73
487 279 453 279 479 287 442 287 60
490 285 456 283 481 295 443 294 61
488 289 451 289 479 299 439 299 74
491 301 450 301 481 313 437 313 47
487 50 482 50 487 49 482 49 106
486 87 475 87 485 85 473 85 40
489 94 478 93 487 91 476 91 43
487 97 476 97 485 95 473 95 52
487 107 476 107 485 105 473 105 95
489 103 478 103 487 101 475 101 67
489 109 478 109 487 107 476 107 82
491 132 479 134 489 131 477 133 420
487 136 474 137 485 135 470 135 504
489 175 482 176 487 177 481 176 310
487 199 474 199 485 199 471 199 210
488 206 474 206 485 207 471 206 295
491 220 477 220 489 221 474 221 136
488 227 472 227 485 229 467 229 93
492 234 472 234 487 237 465 237 59
493 240 473 240 489 243 467 243 81
492 244 470 244 487 247 464 247 75
495 279 462 279 487 287 451 287 47
498 287 461 287 489 297 449 297 64
497 293 459 293 489 303 447 303 60
493 81 481 82 491 79 479 79 62
493 105 482 105 491 103 479 104 96
495 115 484 115 493 113 481 113 101
495 185 483 185 493 185 481 184 255
493 199 480 198 491 199 478 199 218
495 203 483 203 493 203 480 203 168
497 210 485 210 495 211 482 211 112
493 208 481 208 491 209 478 209 157
495 212 483 212 493 213 480 213 167
498 226 482 225 495 227 479 227 146
501 251 475 251 495 255 468 255 32
500 284 465 284 493 293 454 293 59
503 288 466 288 495 297 455 297 61
500 289 463 289 491 299 451 299 83
503 293 466 292 495 303 453 303 103
503 91 491 91 501 89 489 89 43
500 93 489 93 499 91 487 91 99
499 99 487 99 497 97 485 97 50
501 97 489 97 499 95 487 95 44
503 107 491 107 501 105 489 105 71
501 107 489 107 499 105 487 105 68
501 103 489 103 499 101 487 101 36
502 111 491 111 501 109 489 109 48
500 111 489 111 499 109 487 109 29
498 119 488 118 497 117 485 117 71
502 121 492 121 501 119 489 121 111
502 134 494 134 501 133 493 133 210
498 132 487 133 497 131 487 130 207
502 148 494 147 501 147 493 147 373
502 155 494 155 501 155 492 156 521
500 162 492 162 499 161 491 161 252
500 185 489 184 499 185 487 184 263
500 193 488 193 499 193 486 193 243
503 218 489 218 501 219 486 219 85
499 214 487 214 499 215 487 215 177
500 236 481 236 497 239 476 239 105
501 247 478 247 497 251 473 251 42
504 254 479 255 499 259 471 259 29
506 304 464 304 497 317 451 317 41
504 66 499 66 503 63 498 64 241
507 71 497 72 507 69 495 68 123
508 84 497 84 507 81 495 81 51
504 101 493 101 503 99 491 98 34
506 97 495 97 505 95 493 95 35
506 103 495 103 505 101 493 101 42
506 109 495 109 505 107 493 107 45
508 119 498 118 507 117 496 117 62
504 132 496 132 503 131 494 131 167
504 138 496 138 503 137 495 137 237
508 154 500 153 507 153 499 152 329
506 158 498 157 505 157 497 156 236
505 194 492 196 503 195 490 195 70
507 204 495 204 505 205 493 205 107
509 202 497 202 507 203 495 203 110
507 222 493 222 505 223 490 223 122
506 233 486 233 503 235 482 235 52
507 238 487 238 503 241 482 241 64
509 251 484 251 505 255 479 255 40
512 277 477 277 505 285 468 285 47
509 287 475 287 503 297 463 297 188
510 296 473 295 503 307 460 307 69
514 300 473 300 507 311 462 311 59
514 305 472 304 507 317 460 317 61
512 93 501 93 511 91 499 91 58
512 107 501 107 511 105 499 105 75
514 111 503 111 513 109 501 109 81
510 121 499 121 509 119 498 119 59
512 130 503 130 511 129 502 129 175
513 153 506 152 513 153 506 153 236
509 171 504 171 509 171 503 171 275
512 189 501 189 511 189 499 189 180
514 199 503 199 513 199 501 199 136
514 204 503 204 513 205 502 204 130
512 208 501 208 511 209 500 209 210
515 235 496 235 513 237 493 237 49
516 240 495 240 513 243 491 243 58
517 259 489 259 513 265 483 265 55
511 258 485 258 509 263 479 263 51
516 267 487 267 511 273 479 273 81
518 271 488 271 513 277 480 277 46
515 279 481 279 509 287 472 287 44
516 60 505 60 515 57 503 57 96
520 62 509 62 519 59 508 59 72
520 72 509 72 519 69 508 69 80
518 82 507 82 517 79 505 79 89
520 85 509 85 519 83 507 83 68
518 89 507 89 517 87 505 87 98
520 113 509 113 519 111 508 111 81
516 115 505 115 515 113 504 113 51
520 118 509 119 519 117 508 117 91
519 140 513 139 519 139 512 138 234
517 177 514 177 517 177 513 177 381
519 181 512 182 519 181 509 181 288
516 193 505 193 515 193 503 193 132
517 212 506 212 515 213 503 213 100
520 235 501 235 517 237 497 237 127
519 256 492 256 515 261 486 261 45
520 263 487 263 515 269 483 269 99
522 269 491 269 517 275 485 275 35
523 277 489 277 517 285 481 285 41
523 280 488 280 517 289 479 289 60
526 303 484 303 519 315 474 315 98
526 66 515 66 525 63 514 63 86
524 95 513 95 523 93 512 93 124
524 109 513 109 523 107 512 107 85
524 113 513 113 523 111 512 111 82
522 134 514 133 521 133 513 132 125
521 146 515 145 521 145 515 144 296
523 153 517 153 523 153 517 153 342
525 170 520 169 525 169 520 169 366
521 171 516 171 521 171 515 170 221
524 187 514 187 523 187 513 187 168
525 195 516 195 525 195 515 195 107
524 201 514 201 523 201 513 202 90
522 206 511 206 521 207 510 207 100
524 212 512 212 523 213 510 213 148
523 225 507 225 521 227 504 227 101
525 235 505 235 523 237 502 237 86
524 240 503 240 521 243 499 243 53
528 251 503 251 525 255 498 255 33
530 277 496 277 525 285 488 285 35
528 284 491 284 523 293 484 293 50
527 298 487 298 521 309 477 309 110
528 301 486 301 521 313 488 315 334
529 304 487 304 523 317 476 317 129
531 341 491 340 523 363 473 365 330
530 68 519 68 529 65 518 65 72
530 78 519 78 529 75 518 75 70
529 85 519 86 529 83 518 83 79
529 95 519 95 529 93 518 93 153
528 99 517 99 527 97 516 97 102
529 115 521 114 529 113 519 112 118
530 122 520 122 529 121 519 120 153
531 128 523 128 531 127 522 127 178
527 148 521 148 527 147 521 147 202
529 154 524 154 529 153 524 154 281
529 172 524 171 529 171 515 171 590
529 187 521 187 529 187 521 187 208
531 233 512 233 529 235 509 235 78
529 237 510 237 527 239 506 239 57
535 260 506 260 531 265 500 265 23
533 279 499 279 529 287 492 287 49
535 294 497 294 531 305 489 305 135
538 66 527 66 537 63 526 63 72
534 70 523 70 533 67 522 67 88
537 72 527 72 537 69 526 69 74
537 93 527 93 537 91 527 91 151
535 107 526 107 535 105 526 105 225
533 119 525 118 533 117 525 116 148
537 138 532 138 537 137 532 137 244
533 148 527 148 533 147 527 148 148
536 167 532 167 537 167 533 167 148
533 176 528 175 533 175 528 174 450
535 193 527 193 535 193 525 193 130
533 206 523 206 533 207 522 207 175
539 235 520 235 537 237 517 237 47
534 237 514 237 533 239 512 239 45
539 244 515 243 537 247 512 247 57
535 247 511 247 533 251 504 250 53
533 251 511 251 533 255 501 255 51
540 255 513 255 537 259 509 259 19
537 267 507 267 533 273 500 273 31
539 267 507 265 535 273 501 273 23
533 273 498 271 533 281 495 280 43
537 277 503 277 533 285 496 285 54
540 291 502 291 535 301 493 301 94
538 289 500 288 533 299 491 299 145
540 68 529 68 539 65 528 65 93
542 73 531 73 541 71 530 71 106
539 87 529 87 539 85 528 85 82
539 95 529 95 539 93 528 93 169
541 106 537 107 541 105 536 105 195
539 140 534 140 539 139 534 139 211
539 197 531 197 539 197 530 197 91
540 203 530 203 539 203 529 203 53
539 208 529 209 539 209 528 209 71
542 231 524 231 541 233 521 233 135
541 236 523 237 541 239 520 240 37
542 263 512 263 539 269 507 269 26
546 272 513 272 543 279 507 279 30
546 276 512 276 541 283 504 283 87
545 76 535 76 545 73 534 73 214
549 79 539 80 549 77 538 77 142
547 82 537 81 547 79 536 79 137
545 91 535 91 545 89 534 89 254
548 175 545 175 549 175 545 174 275
545 181 539 181 545 181 539 181 391
547 179 541 179 547 179 541 179 451
549 189 541 189 549 189 541 189 143
545 191 536 190 545 191 537 191 199
549 203 539 203 549 203 540 203 80
549 285 512 285 545 295 506 294 67
551 298 511 298 547 309 503 309 137
549 296 509 296 545 307 501 307 177
549 301 508 301 545 313 500 313 148
555 82 545 81 555 79 544 79 79
553 83 543 83 553 81 542 81 118
553 87 543 87 553 85 541 86 64
551 93 541 93 551 91 541 91 222
552 130 548 129 553 129 548 129 50
551 144 546 143 551 143 546 143 188
553 153 548 153 553 153 548 151 258
553 164 548 163 553 163 548 162 624
555 177 550 177 555 177 551 176 437
553 179 547 179 553 179 547 179 412
553 187 545 187 553 187 545 187 174
555 193 547 193 555 193 547 193 138
555 211 544 210 555 211 543 211 58
552 249 525 248 551 253 525 253 28
555 253 527 253 553 257 525 257 23
557 268 526 268 555 275 521 275 22
556 285 519 285 553 295 513 295 46
554 294 515 294 551 305 508 305 123
557 302 515 302 553 315 507 315 144
559 306 515 306 555 319 506 319 134
557 320 508 318 553 337 498 335 116
556 335 504 335 551 355 492 355 88
556 126 552 126 557 125 552 125 80
557 132 552 132 557 131 552 131 44
558 154 554 153 559 153 554 153 183
560 162 557 160 561 161 557 160 216
556 169 553 170 557 169 553 170 457
560 172 557 171 561 171 557 171 470
558 183 553 183 559 183 553 183 355
561 199 553 199 561 199 553 199 103
559 201 551 201 559 201 551 201 64
559 208 549 207 559 209 547 209 67
562 232 542 232 561 235 541 235 43
558 230 541 230 557 233 537 233 47
563 244 540 244 561 247 537 247 39
561 244 538 244 559 247 535 247 45
563 251 537 251 561 255 534 255 27
560 247 536 247 559 251 534 251 46
561 261 531 261 559 267 527 267 26
563 263 533 263 561 269 529 269 26
562 267 531 267 559 273 526 273 46
561 272 529 272 559 279 525 279 23
560 275 527 275 559 283 523 283 38
565 282 533 282 561 291 523 291 56
560 291 521 291 557 301 515 301 96
562 304 520 304 559 317 512 317 102
562 309 519 309 559 323 511 323 96
563 314 517 314 559 329 508 329 66
566 118 562 117 567 117 562 117 70
566 126 561 126 567 125 562 125 61
564 142 560 142 565 141 560 141 96
562 140 557 141 563 139 558 139 114
566 160 562 161 567 159 564 157 340
564 167 561 168 565 167 561 166 216
564 173 561 172 565 173 561 172 655
562 187 557 187 563 187 557 187 161
563 206 552 206 563 207 552 207 97
562 213 552 212 563 213 550 213 52
564 232 545 232 563 235 542 235 40
565 237 544 237 565 239 543 239 41
564 240 542 240 563 243 540 243 28
566 254 544 253 565 259 536 259 39
568 258 540 257 567 263 537 263 42
566 267 535 267 565 273 531 273 26
566 277 531 277 563 285 527 286 53
566 273 533 273 565 281 529 281 34
569 275 535 276 567 283 531 283 30
569 287 532 287 567 297 526 297 34
570 130 566 130 571 129 566 129 62
570 132 566 132 571 131 566 131 52
568 141 564 142 569 141 564 141 77
570 160 567 158 571 159 568 157 172
572 166 569 165 573 165 570 164 390
570 168 567 167 571 167 567 167 201
570 183 565 183 571 183 565 183 251
570 193 565 193 571 193 565 193 106
570 203 562 203 571 203 562 203 65
572 208 561 208 573 209 562 209 46
569 221 551 219 569 223 553 221 61
574 231 555 230 573 233 553 233 49
572 242 549 242 571 245 548 245 54
574 249 551 249 573 253 549 253 26
574 259 545 259 573 265 542 265 54
570 269 540 269 569 275 535 275 22
573 289 535 289 571 299 528 298 40
571 303 530 303 569 315 523 315 64
575 309 531 309 573 323 524 323 48
573 315 525 317 569 333 517 333 32
575 320 528 321 573 337 519 338 39
574 331 523 331 571 351 522 350 78
575 116 570 116 575 115 571 115 58
574 122 570 122 575 121 570 121 67
574 130 570 130 575 129 570 129 50
574 150 570 149 575 149 571 149 80
574 174 571 173 575 173 572 173 617
574 187 570 187 575 187 570 187 167
577 204 568 204 577 205 566 205 57
580 217 565 218 577 219 562 219 45
575 223 559 223 575 225 558 225 60
579 231 561 230 579 233 559 233 51
575 245 552 245 575 249 550 249 44
575 261 546 261 575 267 543 267 20
578 277 544 277 577 285 540 285 30
577 300 536 300 575 313 530 312 55
582 120 578 120 583 119 579 119 76
582 126 577 126 583 125 578 125 69
581 141 578 140 581 141 576 141 101
580 153 577 153 581 153 577 153 111
584 157 581 157 585 157 582 157 114
584 169 582 170 585 169 582 169 308
580 167 578 166 581 167 579 166 228
584 185 580 185 585 185 580 185 127
580 185 576 185 581 185 576 185 350
584 195 578 195 585 195 579 195 118
580 197 573 197 581 197 574 197 89
585 201 576 201 585 201 577 201 52
583 235 563 235 583 237 562 237 71
584 250 559 250 583 255 555 254 42
582 249 556 249 581 253 555 253 26
582 254 554 254 581 259 552 259 30
581 284 545 284 581 293 541 293 56
582 298 542 298 581 309 537 309 59
582 312 537 312 581 327 530 327 25
584 309 540 309 583 323 534 323 45
590 126 584 124 591 125 587 125 50
586 161 583 161 587 161 584 161 227
588 165 585 165 589 165 587 165 315
586 163 583 163 587 163 584 163 288
588 177 584 177 589 177 585 177 232
588 173 586 173 589 173 587 173 175
586 175 585 175 587 175 585 175 258
586 189 582 189 587 189 582 189 83
587 231 567 230 587 233 567 233 99
589 233 569 233 589 235 569 235 98
589 256 561 256 589 261 560 261 46
591 258 563 258 591 263 561 263 43
591 263 559 261 591 269 559 269 55
591 267 560 267 591 273 558 273 52
587 272 556 270 589 277 554 277 44
590 277 559 278 591 285 553 285 50
590 275 556 275 589 283 552 283 36
591 282 555 282 591 291 552 291 46
588 289 551 288 589 299 547 299 52
591 304 548 304 591 317 543 317 72
590 322 542 321 589 339 535 339 103
596 130 592 129 597 129 593 129 90
594 134 590 134 595 133 591 133 76
592 138 588 137 593 137 589 137 76
592 163 590 163 593 163 591 162 145
592 175 589 175 593 175 590 175 222
592 183 589 183 593 183 589 183 167
594 179 591 179 595 179 592 179 213
596 191 591 191 597 191 589 191 114
596 195 589 195 597 195 590 195 81
592 197 586 197 593 197 586 197 70
596 235 577 234 597 237 576 237 107
596 242 573 242 597 245 573 245 70
593 273 560 273 593 281 557 281 47
597 282 561 282 597 291 558 291 48
593 293 554 293 593 303 550 303 89
597 309 552 310 597 325 547 325 144
595 323 546 323 595 341 540 341 146
600 143 599 144 601 143 600 143 103
602 161 600 161 603 161 601 161 101
602 171 600 171 603 171 601 170 219
598 177 595 177 599 177 596 177 221
600 181 597 181 601 181 598 181 142
602 185 600 185 603 185 600 185 171
602 201 593 200 603 201 594 200 62
600 210 589 209 601 211 590 209 87
598 208 587 208 599 209 587 209 78
600 247 576 247 601 251 575 251 51
600 260 572 260 601 265 570 265 38
601 286 565 286 601 295 562 295 67
598 305 555 306 599 321 551 320 141
602 311 559 309 603 325 555 323 196
603 123 598 124 609 125 601 124 39
602 152 603 153 605 153 604 153 124
606 157 605 157 607 157 606 157 55
606 168 605 167 607 167 606 167 98
608 193 602 193 609 193 602 193 69
604 195 596 195 605 195 598 195 82
606 197 598 197 607 197 599 197 55
605 203 595 203 605 205 595 204 96
604 220 589 220 605 221 589 221 64
609 233 587 233 607 235 586 235 67
608 260 579 259 609 265 578 265 50
605 272 573 272 607 279 572 279 32
604 275 570 275 605 283 569 283 28
608 278 573 279 609 287 571 287 26
608 285 571 285 609 295 568 296 53
608 304 565 304 609 317 562 317 170
606 318 558 319 607 335 554 335 183
608 328 557 328 609 347 551 347 188
606 338 551 339 607 359 546 359 175
614 165 613 165 615 165 614 165 150
612 183 608 183 613 183 609 183 161
614 189 609 189 615 189 611 188 109
615 219 601 219 615 219 600 219 38
613 239 591 239 615 241 592 241 90
609 247 585 247 611 251 585 251 66
612 255 584 256 613 261 583 260 80
613 267 582 267 615 273 582 273 38
611 263 581 263 613 269 580 269 42
613 278 578 278 615 285 577 286 36
611 294 571 294 613 305 569 305 90
612 301 568 300 613 313 567 313 124
611 341 557 340 613 363 551 363 129
616 130 612 129 621 131 615 129 79
616 150 616 150 619 149 617 150 113
616 161 616 161 617 161 616 161 98
615 171 615 171 617 171 615 171 173
620 178 615 178 621 177 616 177 153
620 197 612 197 621 197 614 197 82
616 201 608 201 617 201 608 201 74
621 204 610 205 621 205 611 205 69
617 220 607 220 617 221 601 221 49
618 245 594 245 621 249 596 249 68
615 259 586 259 617 265 586 265 51
615 263 585 263 617 269 585 269 68
615 274 582 273 617 281 581 281 40
617 276 583 275 619 283 582 283 43
619 290 583 288 621 301 579 301 62
619 296 579 296 621 307 577 307 55
619 317 573 316 621 333 570 332 136
617 322 568 323 619 339 565 339 158
618 328 568 329 621 349 564 347 83
617 336 563 338 619 359 558 360 95
625 109 619 109 627 111 620 111 90
626 141 623 141 627 141 624 141 134
625 193 619 193 627 193 620 193 81
623 201 614 201 625 201 615 201 56
624 214 611 214 625 215 612 215 36
625 242 602 242 627 245 603 245 72
621 261 592 261 623 267 592 267 49
624 265 594 265 627 271 594 271 42
623 272 590 273 625 279 590 279 45
625 277 590 277 627 285 590 285 37
623 299 582 299 625 311 580 311 62
621 299 580 299 623 311 578 311 90
621 304 578 305 623 317 576 317 87
624 305 581 305 627 317 579 319 99
631 104 625 104 633 103 626 103 109
628 106 621 106 629 105 622 105 93
630 111 623 109 631 109 624 107 116
631 123 625 123 633 123 627 123 116
629 127 623 127 631 127 625 127 104
632 140 628 140 633 139 629 139 99
632 149 629 149 633 149 630 148 124
629 153 627 154 631 153 628 153 145
632 158 630 158 633 157 631 158 90
628 170 627 169 629 169 627 168 138
628 181 623 181 629 181 624 181 150
628 197 619 197 629 197 621 197 97
634 207 625 207 633 207 629 207 123
628 203 618 202 629 203 620 203 46
631 211 619 210 633 211 621 211 52
631 211 621 211 631 211 621 211 76
630 254 604 254 633 259 604 259 71
629 261 600 261 633 267 602 267 62
628 258 601 258 631 263 601 263 60
626 265 596 265 629 271 596 271 44
630 270 599 270 633 277 599 277 40
627 284 591 284 629 293 590 293 53
629 294 589 294 633 305 591 305 101
628 341 575 340 633 363 571 362 43
638 100 631 100 639 99 632 99 70
636 106 629 106 637 105 631 105 104
635 128 629 128 637 127 631 127 93
636 138 632 137 637 137 633 137 180
638 147 636 145 639 147 635 147 89
638 171 636 171 639 171 637 171 167
636 185 634 186 637 185 634 185 77
635 229 616 229 637 231 617 231 75
632 234 612 234 635 237 614 237 128
634 258 607 258 637 263 607 263 103
634 263 605 263 637 269 605 269 78
633 268 601 268 637 275 603 275 47
633 279 598 279 639 287 600 287 64
635 284 599 284 639 293 600 293 97
634 297 593 297 637 309 592 309 94
631 294 591 294 635 305 591 305 74
633 303 590 303 637 315 591 315 58
635 313 589 313 639 329 588 329 64
635 319 587 319 639 335 586 335 49
634 324 585 324 639 343 583 342 43
629 326 580 325 635 345 579 344 45
634 328 583 329 639 347 582 347 29
631 332 581 331 637 351 579 351 30
639 108 633 107 641 107 635 105 61
641 142 637 141 643 141 638 141 145
642 193 634 193 645 193 638 193 116
642 200 634 200 645 201 636 201 90
641 207 631 207 643 207 633 207 74
643 212 630 212 645 213 631 213 91
641 218 621 219 641 221 623 221 68
639 220 623 220 643 221 626 221 48
640 225 624 225 643 227 625 227 90
639 231 620 231 641 233 621 233 72
642 245 619 245 645 249 620 249 124
640 253 614 253 643 257 615 257 85
638 256 610 256 641 261 612 261 112
641 260 613 260 643 265 612 265 162
638 267 607 267 641 273 608 273 88
636 278 601 278 643 287 604 287 79
641 282 605 282 645 291 606 291 44
640 296 599 296 643 307 599 307 77
638 301 597 301 643 313 598 313 57
640 304 597 304 645 317 597 317 71
640 311 595 310 645 325 595 324 65
649 138 644 138 651 137 645 137 45
647 140 642 141 649 139 643 140 69
646 168 643 170 647 169 644 170 205
646 167 643 169 647 167 645 169 286
646 176 643 174 647 175 644 174 172
647 191 642 191 649 191 643 191 44
647 197 641 197 649 197 642 197 74
645 202 635 202 647 203 637 203 63
644 223 628 223 647 225 630 225 62
648 220 633 221 651 221 635 221 81
644 227 627 227 647 229 633 229 96
644 251 617 250 647 255 619 255 99
644 271 611 270 647 277 614 277 67
642 275 609 275 647 283 611 283 46
644 279 609 279 649 287 611 287 63
646 284 611 284 651 293 613 293 63
647 292 607 292 651 303 608 303 59
644 302 602 302 649 315 602 315 71
645 312 600 312 651 327 601 326 73
643 319 596 319 649 335 595 335 70
643 333 591 334 649 353 591 354 49
653 102 647 102 655 101 649 101 90
655 112 648 113 657 111 649 111 52
652 108 645 108 653 107 647 107 98
654 171 651 172 655 171 652 172 234
652 175 649 176 653 175 650 176 186
653 187 647 187 655 187 648 186 37
649 207 640 206 653 207 641 207 84
653 211 641 210 655 211 643 211 65
652 216 638 215 655 217 640 217 100
653 227 636 227 657 229 638 229 49
653 251 627 251 657 255 629 255 76
649 254 623 254 653 259 625 259 163
651 270 621 270 653 277 620 277 56
650 308 603 309 655 323 606 323 74
649 314 603 315 655 329 606 331 80
647 322 599 322 653 339 599 339 70
661 91 655 90 663 89 656 89 71
657 94 651 94 659 93 652 93 51
659 102 653 102 661 101 654 101 56
659 114 651 114 661 113 653 113 45
661 125 653 125 663 123 655 123 35
661 168 653 167 663 169 657 167 123
657 183 651 183 659 183 653 182 88
659 181 653 181 661 181 655 180 77
659 187 653 187 661 187 654 187 70
661 191 654 191 663 191 655 191 72
659 195 652 195 661 195 654 195 53
657 207 645 206 659 207 647 207 52
660 223 643 223 663 225 646 225 68
656 229 638 229 659 231 640 231 57
656 256 629 256 661 261 631 260 150
658 261 630 261 663 267 632 267 105
654 258 626 258 659 263 629 263 116
656 261 628 261 661 267 630 267 103
658 265 628 265 663 271 630 271 64
656 267 625 267 661 273 628 273 63
655 281 621 282 663 291 624 291 23
664 110 656 110 667 109 659 109 130
667 128 658 127 669 127 660 126 62
663 199 655 199 665 199 656 199 58
662 227 644 227 665 229 646 229 60
665 225 647 225 669 227 651 227 62
665 231 647 231 669 233 650 233 36
663 253 637 253 667 257 639 257 136
665 269 633 269 669 275 636 275 65
657 273 623 273 665 281 625 281 31
669 118 660 118 671 117 662 116 37
673 120 664 120 675 119 666 118 34
669 138 664 139 671 137 666 139 50
669 183 659 184 671 183 661 184 59
669 193 660 193 671 193 662 193 67
668 210 657 211 671 211 659 211 88
664 248 639 248 671 253 644 253 74
664 336 611 336 673 357 614 357 66
675 107 666 106 677 105 669 105 140
678 120 670 120 681 119 672 119 27
677 169 670 169 679 169 673 169 78
679 180 670 180 681 181 672 180 83
675 178 666 178 677 179 668 178 101
678 197 667 197 681 197 669 197 71
675 204 665 204 679 205 669 205 108
676 221 660 221 679 223 662 223 66
675 231 655 231 679 235 659 233 21
669 266 637 266 677 273 643 273 141
669 271 640 271 677 277 641 277 37
674 268 644 269 681 275 648 275 58
683 105 673 105 685 103 676 104 250
685 103 677 105 687 101 680 103 159
682 118 674 118 685 117 676 117 89
684 124 676 124 687 123 678 123 88
682 128 674 128 685 127 676 126 34
684 171 679 171 687 171 681 171 97
682 183 671 183 685 183 673 183 101
680 185 670 185 683 185 673 184 103
682 193 671 192 685 193 673 193 106
682 203 670 203 685 203 673 203 93
681 210 667 210 683 211 671 211 164
680 219 665 219 683 221 667 219 130
681 258 653 258 687 263 657 263 89
680 281 645 281 687 289 649 289 29
673 337 619 337 683 359 621 358 47
687 76 682 75 689 75 683 75 88
689 108 680 108 691 107 682 107 101
687 112 678 112 689 111 680 110 97
691 114 682 113 693 113 683 113 93
688 152 683 150 691 151 685 149 98
691 159 685 159 693 159 687 158 89
690 183 677 183 693 183 680 183 103
686 187 674 187 689 187 677 187 146
689 210 677 210 693 211 680 211 165
689 216 676 216 693 217 679 217 155
681 226 669 226 691 227 672 227 83
684 269 654 269 691 275 657 275 84
683 282 647 283 691 291 652 291 11
681 336 625 336 693 357 632 357 68
697 68 690 70 699 67 692 68 104
693 68 685 71 695 67 690 65 80
695 82 689 82 697 81 690 82 120
697 86 691 86 699 85 693 85 73
692 138 684 138 695 137 686 137 111
696 138 689 138 699 137 692 137 182
692 175 683 175 695 175 686 175 154
694 185 682 184 697 185 685 184 148
695 208 683 208 699 209 686 209 99
693 218 681 218 699 219 685 219 185
691 214 678 214 695 215 681 215 135
690 261 662 262 697 267 666 267 68
688 265 658 265 695 271 662 271 108
687 280 652 280 695 289 656 289 41
687 341 633 341 699 363 637 363 58
703 62 696 63 705 61 699 60 215
701 65 694 65 703 63 697 62 172
701 74 694 74 703 73 696 73 319
700 73 694 72 703 71 696 71 140
701 84 694 86 703 83 696 84 163
701 95 694 93 703 93 696 91 171
703 99 696 98 705 97 699 97 159
702 111 696 110 705 109 698 109 124
701 150 694 150 703 149 696 149 186
702 177 696 176 705 177 698 176 169
697 183 685 182 701 183 688 182 132
697 189 685 189 701 189 688 189 111
707 55 701 54 709 53 703 52 144
704 76 697 76 707 73 700 73 187
706 89 699 90 709 89 702 89 275
706 113 699 113 709 111 702 110 205
708 112 701 111 711 109 704 108 198
706 134 699 134 709 133 702 133 230
708 136 701 135 711 135 704 135 287
707 167 700 166 709 167 702 165 123
703 197 691 197 707 197 694 197 111
707 208 694 208 711 209 695 209 114
699 224 686 224 707 225 692 225 91
699 336 641 335 711 357 647 356 36
693 339 637 339 707 361 645 361 69
711 43 698 43 715 39 702 39 168
712 57 706 56 715 55 708 54 150
710 71 703 71 713 69 706 68 176
714 91 706 90 717 89 709 88 223
710 95 704 97 713 93 706 94 340
712 146 705 146 715 145 708 145 159
714 177 705 177 717 177 707 177 138
710 189 697 189 715 189 702 189 106
713 193 700 193 717 193 703 193 77
711 195 698 195 715 195 702 195 95
704 270 674 270 713 277 679 277 17
701 330 647 330 715 349 657 349 32
721 23 714 25 721 21 721 20 7
714 39 702 39 719 35 708 35 110
719 61 710 61 721 59 713 59 114
718 95 710 94 721 93 713 93 350
718 146 710 146 721 145 713 145 209
718 173 708 174 721 173 713 173 129
718 179 708 179 721 179 711 179 167
717 185 704 185 723 185 708 185 137
713 197 697 197 719 197 703 197 166
719 199 706 198 723 199 709 199 141
717 212 704 212 721 213 708 213 130
716 221 701 221 721 223 704 223 129
715 245 691 245 723 249 697 250 11
723 40 708 39 725 35 715 35 149
723 78 713 78 725 77 716 76 230
724 102 715 102 727 101 718 100 207
723 115 715 115 727 115 718 114 146
722 132 714 132 725 131 717 131 220
724 164 716 163 727 163 719 162 51
721 189 708 189 725 189 712 189 145
724 193 712 193 729 193 716 194 121
720 195 708 195 725 195 712 195 121
722 197 710 197 727 197 714 197 191
725 218 710 218 729 219 714 219 142
717 241 692 239 725 245 697 244 10
732 66 723 66 735 65 726 64 352
729 97 721 96 733 95 724 94 139
730 102 721 103 733 101 724 101 133
730 187 719 187 735 187 721 186 114
730 206 718 206 735 207 722 207 147
733 219 719 219 735 221 718 221 154
726 224 713 224 731 225 715 225 78
738 21 732 23 741 19 734 17 53
735 35 729 34 737 33 732 31 184
737 93 725 91 741 91 730 91 203
733 97 724 96 737 95 727 93 142
734 136 721 135 739 135 725 134 233
732 193 720 193 737 193 724 193 90
735 204 722 204 739 205 726 205 173
730 231 711 231 737 233 714 233 21
733 239 710 242 741 245 715 244 11
743 42 734 41 747 39 737 39 180
738 54 724 53 743 51 729 50 218
740 89 733 89 745 89 731 87 255
740 133 726 133 745 131 731 129 277
740 134 726 134 745 133 731 132 192
740 144 725 144 745 143 729 143 129
740 155 726 153 745 153 729 155 146
739 166 729 164 743 165 733 165 357
742 179 728 179 747 179 733 179 189
742 202 728 201 747 203 733 201 129
741 204 728 204 747 205 733 205 181
739 208 727 208 745 209 732 209 277
737 224 721 224 743 225 727 225 79
728 328 678 328 745 347 683 345 11
748 25 741 25 751 23 744 23 226
746 27 740 26 749 25 742 25 157
749 87 739 87 753 85 743 84 225
746 125 733 121 751 121 738 123 227
746 171 740 167 751 169 743 167 333
748 182 735 179 753 179 739 177 209
748 204 735 204 753 205 739 205 191
748 212 734 212 753 213 739 213 194
746 218 731 218 751 219 736 219 150
741 248 717 248 749 251 724 252 11
754 27 744 29 759 23 748 25 223
751 46 743 46 759 43 748 42 216
751 89 740 89 755 87 744 87 147
754 87 744 87 759 85 748 85 105
749 140 736 140 755 139 741 138 169
754 144 740 144 759 143 745 143 171
755 155 745 154 759 155 749 154 196
755 163 745 163 759 163 749 162 185
754 169 744 169 759 169 748 169 185
752 175 743 175 759 177 747 177 155
750 202 737 202 755 203 741 203 138
751 224 736 224 757 225 741 225 126
756 38 745 38 761 35 750 35 95
759 118 749 118 765 115 754 114 30
756 148 746 147 761 147 750 146 151
758 185 747 185 763 185 752 184 86
755 238 733 238 763 241 739 241 32
762 86 751 87 767 85 755 85 100
764 111 753 111 769 109 757 109 55
764 136 753 136 769 135 757 135 119
766 141 755 141 771 139 759 139 130
764 152 752 152 769 151 757 151 106
764 171 753 171 769 171 757 171 57
763 183 751 183 769 183 756 183 36
766 181 754 181 771 181 759 181 48
766 191 754 190 771 191 759 191 53
760 254 751 255 771 259 761 261 55
749 325 699 325 769 343 713 343 14
771 70 759 70 777 67 764 67 134
770 127 761 125 777 125 764 125 96
770 156 758 156 775 155 763 156 75
770 179 758 178 775 179 763 178 32
770 188 758 189 775 189 763 188 39
757 327 707 327 777 345 720 346 17
777 29 765 28 783 25 770 24 65
773 43 762 41 779 39 767 37 95
777 44 766 43 783 41 771 39 189
777 66 764 66 783 63 769 63 123
772 118 761 116 779 113 763 111 96
775 125 764 123 783 123 770 122 170
775 157 763 157 781 157 768 157 149
773 174 762 171 779 173 767 171 86
777 195 764 194 783 195 779 194 138
781 105 768 102 787 99 773 99 231
779 127 766 126 785 125 772 125 151
779 132 766 132 785 131 772 130 149
779 137 766 137 785 135 772 135 233
779 169 766 170 785 169 772 169 151
779 178 766 179 785 179 772 177 82
789 20 775 19 793 17 780 15 82
785 38 771 37 791 33 777 32 129
787 51 773 50 793 47 779 46 232
787 171 774 171 793 171 780 171 254
788 178 776 176 795 177 781 177 184
792 28 779 27 799 23 785 22 59
794 152 781 152 801 151 788 149 286
792 154 779 154 799 153 786 152 321
792 167 780 168 799 167 786 167 220
790 181 777 181 797 181 783 181 178
800 23 787 23 807 19 793 18 130
800 47 787 46 807 43 793 42 148
800 146 787 146 807 145 793 145 238
798 158 785 157 805 157 792 158 236
798 175 784 175 805 173 791 172 145
800 179 786 179 807 179 793 178 135
789 282 751 282 807 291 767 291 16
784 285 747 285 803 295 761 294 13
806 51 793 51 813 47 799 46 167
802 66 789 66 809 61 795 61 258
806 98 793 97 813 95 800 97 255
806 115 793 114 813 113 800 112 222
804 175 791 175 811 175 798 175 139
797 200 766 199 813 201 779 200 227
798 214 769 214 813 217 780 217 123
795 269 759 268 811 277 773 276 14
796 277 762 277 813 285 772 283 39
808 60 795 60 815 57 801 56 297
808 63 795 62 815 59 801 58 299
808 86 795 86 815 83 801 82 388
810 125 797 124 817 123 803 122 259
808 140 795 137 815 139 801 137 248
811 144 798 144 819 143 805 143 188
807 171 794 171 815 171 802 173 77
805 211 774 211 819 213 787 214 183
803 220 772 221 815 223 785 224 152
800 231 765 231 817 235 780 235 87
800 240 764 239 817 245 780 245 41
802 253 767 252 819 259 781 258 24
799 278 764 278 817 287 779 287 15
797 288 761 288 815 297 774 297 13
814 57 801 56 821 53 807 52 113
817 148 804 148 825 147 811 147 158
817 164 803 163 825 163 811 163 43
817 169 803 169 825 169 811 168 79
803 223 770 224 821 227 784 227 104
803 234 768 235 821 239 783 239 57
805 284 768 283 823 293 784 293 18
823 82 811 81 831 79 816 78 245
821 133 808 132 829 131 815 131 211
819 152 805 151 827 151 812 150 88
821 168 807 167 829 167 815 167 42
823 177 809 177 831 177 817 177 181
813 248 777 248 831 253 792 254 32
811 260 775 260 829 267 790 267 46
812 267 776 268 831 275 792 275 28
829 135 816 134 837 133 823 133 121
829 160 815 159 837 159 823 159 44
829 171 815 171 837 171 823 170 89
825 171 811 171 833 171 819 170 80
826 168 813 167 835 167 820 167 51
827 175 813 175 835 175 821 175 135
816 262 779 262 835 269 795 269 32
833 144 819 144 841 143 826 143 113
824 225 788 225 843 229 805 229 49
823 249 786 249 843 255 800 255 22
836 165 822 165 845 163 831 162 167
840 173 827 171 849 171 835 170 85
827 210 791 209 847 213 808 212 62
827 221 789 221 845 225 806 225 48
825 240 788 240 845 245 805 245 35
827 243 789 243 849 249 807 249 16
821 288 783 289 845 299 803 299 22
844 54 831 53 853 49 839 49 121
842 65 829 64 851 61 837 60 130
844 135 832 134 853 133 839 133 188
842 143 829 142 851 141 837 141 266
844 144 831 145 853 145 839 145 175
847 171 833 171 855 171 840 171 80
842 175 829 175 851 175 837 175 81
829 223 791 222 851 227 807 226 36
833 269 793 271 853 277 809 278 9
848 61 835 60 857 57 843 56 248
852 135 840 134 861 133 847 132 193
851 144 838 144 859 143 846 142 370
852 160 839 159 861 159 847 158 113
850 162 836 161 859 161 845 161 184
848 175 835 175 857 175 843 175 122
850 179 837 178 859 179 845 178 126
848 180 835 180 857 181 843 181 216
835 216 797 216 857 219 813 220 34
835 219 799 218 857 223 817 222 33
838 237 799 237 861 243 818 243 21
836 239 799 239 861 245 822 245 27
833 305 793 306 859 319 811 319 6
830 309 784 310 857 325 805 324 11
833 317 789 318 861 333 811 334 8
854 164 840 163 863 163 849 163 117
840 223 800 222 863 227 820 226 27
842 236 803 235 865 241 822 241 18
845 246 807 246 865 253 822 253 13
842 250 804 250 867 257 824 256 9
860 111 811 111 869 109 818 109 63
860 158 848 157 869 157 856 156 180
849 221 810 221 873 225 830 225 32
846 217 807 217 869 221 826 221 51
846 225 807 224 869 229 827 229 44
846 223 807 223 869 227 826 227 23
845 237 806 237 869 243 826 243 14
842 273 802 275 869 283 823 282 11
845 293 802 295 871 307 824 305 5
841 308 797 308 869 323 815 325 11
845 315 797 315 873 331 821 331 9
867 65 819 65 877 61 830 61 114
853 224 818 224 875 229 837 229 41
852 246 815 246 875 253 833 253 15
853 265 811 266 879 275 834 276 11
876 156 863 155 885 155 872 154 155
872 160 860 159 881 159 868 158 116
851 317 802 317 881 335 828 335 7
881 111 835 111 891 109 843 109 49
880 158 867 157 889 157 876 156 134
858 312 811 312 887 329 833 329 10
857 322 807 321 887 339 831 338 11
883 61 831 61 893 57 839 57 115
844 83 831 82 893 79 879 78 267
887 130 835 131 897 129 843 129 178
885 127 836 127 895 125 844 125 189
885 142 872 142 895 141 881 140 230
875 194 842 194 895 195 861 195 65
869 232 831 233 895 237 852 237 29
865 262 825 259 893 271 846 271 16
866 269 822 271 893 281 844 281 8
864 278 822 277 893 289 846 289 10
866 295 819 297 895 309 844 308 6
889 61 837 61 899 57 845 57 131
891 65 838 64 901 61 846 61 172
891 80 839 79 901 77 887 76 158
876 234 837 234 903 239 861 239 32
874 270 830 270 903 279 855 279 8
872 266 831 265 899 275 852 275 13
895 111 853 111 905 109 862 109 107
897 117 857 117 907 115 865 115 132
895 117 855 117 905 115 863 114 98
884 241 848 241 909 247 870 247 12
877 271 836 271 907 281 860 281 11
884 215 845 215 911 219 868 219 39
888 212 849 211 915 215 872 215 40
888 217 849 218 915 221 873 221 83
889 242 853 242 915 249 875 249 12
886 244 848 247 911 251 871 249 11
877 323 826 322 913 341 855 341 15
874 327 823 327 911 347 851 346 16
904 107 883 103 919 101 897 100 161
903 118 883 116 919 115 897 114 289
905 125 885 125 921 123 899 123 201
905 133 885 132 921 131 899 131 200
890 214 851 214 917 217 874 217 42
893 228 854 228 921 233 878 233 45
889 230 850 230 917 235 873 235 48
895 241 859 241 919 247 882 246 12
897 243 864 242 921 249 884 250 12
883 324 832 324 919 343 856 341 14
907 142 887 142 923 141 902 141 286
910 162 888 162 927 161 903 161 135
909 166 888 166 927 165 904 165 177
906 181 883 178 925 179 892 178 359
893 209 857 209 923 211 885 211 55
899 221 858 221 927 225 883 225 31
896 224 857 224 925 229 882 229 38
894 232 855 232 923 237 880 237 40
896 230 858 230 925 235 882 235 48
888 336 834 336 927 357 865 357 10
912 97 890 97 929 91 906 91 245
916 131 894 130 933 129 910 128 456
914 152 892 151 931 149 908 151 179
914 158 893 158 931 157 919 155 390
912 158 890 157 929 157 903 156 225
916 166 894 165 933 165 910 165 206
901 261 855 259 931 269 881 268 8
918 117 896 116 935 115 912 113 294
918 125 897 125 935 123 912 123 444
918 133 896 133 935 131 912 131 433
920 162 898 161 937 161 914 160 298
906 223 867 222 935 227 892 227 31
905 230 867 230 935 235 892 235 26
916 207 879 206 945 211 904 209 157
920 215 881 215 951 219 907 219 70
921 265 874 265 951 273 909 275 13
922 226 883 227 953 231 909 229 10
925 235 885 234 955 239 911 238 14
921 239 875 239 953 247 903 245 13
930 227 892 227 961 231 918 230 19
928 230 889 229 959 235 916 234 8
937 230 897 229 969 235 925 235 22
932 334 874 333 981 355 914 355 10
961 331 903 331 1013 353 947 354 12
976 203 927 203 1021 207 966 206 9
977 209 928 209 1023 213 965 213 8
981 148 931 147 1029 145 972 143 6
981 152 931 150 1027 149 972 147 10
980 170 931 170 1027 169 971 169 12
982 191 932 191 1029 193 974 192 8
983 198 933 198 1029 201 973 201 7
985 95 935 94 1033 85 976 84 15
988 184 938 184 1035 185 980 184 9
991 102 942 100 1041 91 982 93 11
989 145 938 145 1037 141 980 139 8
989 155 939 155 1037 153 981 152 9
989 177 940 177 1037 177 982 176 8
990 216 940 215 1037 221 981 221 9
990 230 942 229 1039 235 985 234 7
996 95 944 98 1045 87 987 88 12
998 164 948 164 1047 163 991 163 11
996 169 944 168 1043 167 988 168 11
996 193 947 192 1043 195 989 195 8
994 235 944 234 1043 241 987 241 11
1000 139 949 138 1049 135 993 134 8
1003 163 952 163 1051 161 995 161 18
1001 175 952 174 1051 175 995 174 14
1003 207 954 207 1053 211 997 212 12
999 215 951 214 1049 219 994 218 12
1006 202 958 201 1057 207 999 205 20
1011 171 962 171 1061 171 1006 170 36
1049 145 1018 144 1089 141 1049 141 37
1055 127 1020 127 1093 123 1056 122 45
1053 133 1018 133 1091 129 1054 129 44
1058 141 1024 141 1097 137 1059 138 27
1112 99 1074 99 1163 93 1119 91 33
1116 136 1076 135 1165 131 1122 131 22
1131 135 1091 134 1183 131 1137 130 25
1137 115 1096 114 1189 109 1145 108 34
1137 130 1097 129 1189 125 1140 125 29
1139 133 1099 132 1191 129 1147 128 25
1167 123 1125 121 1227 117 1181 117 61
